315.000000 0.115950
316.000000 0.117384
317.000000 0.118176
318.000000 0.119444
319.000000 0.121325
320.000000 0.122873
321.000000 0.123917
322.000000 0.124983
323.000000 0.127180
324.000000 0.129311
325.000000 0.131119
326.000000 0.133261
327.000000 0.134823
328.000000 0.136418
329.000000 0.138384
330.000000 0.139842
331.000000 0.141136
332.000000 0.142722
333.000000 0.144554
334.000000 0.146775
335.000000 0.149426
336.000000 0.152154
337.000000 0.154651
338.000000 0.156516
339.000000 0.158198
340.000000 0.160310
341.000000 0.162871
342.000000 0.165228
343.000000 0.167366
344.000000 0.169653
345.000000 0.172044
346.000000 0.174242
347.000000 0.176002
348.000000 0.177622
349.000000 0.178915
350.000000 0.179827
351.000000 0.180460
352.000000 0.180722
353.000000 0.180740
354.000000 0.180625
355.000000 0.180365
356.000000 0.179778
357.000000 0.179061
358.000000 0.178265
359.000000 0.177292
360.000000 0.176267
361.000000 0.175331
362.000000 0.174506
363.000000 0.173388
364.000000 0.172211
365.000000 0.171365
366.000000 0.170403
367.000000 0.169204
368.000000 0.168112
369.000000 0.166921
370.000000 0.165900
371.000000 0.164740
372.000000 0.162945
373.000000 0.161216
374.000000 0.159151
375.000000 0.156696
376.000000 0.154446
377.000000 0.152726
378.000000 0.150811
379.000000 0.148418
380.000000 0.145961
381.000000 0.143468
382.000000 0.141463
383.000000 0.139336
384.000000 0.137308
385.000000 0.135805
386.000000 0.134389
387.000000 0.133116
388.000000 0.132129
389.000000 0.131311
390.000000 0.130404
391.000000 0.129819
392.000000 0.129848
393.000000 0.130084
394.000000 0.130561
395.000000 0.131147
396.000000 0.131332
397.000000 0.131614
398.000000 0.132019
399.000000 0.132506
400.000000 0.133332
401.000000 0.134165
402.000000 0.135042
403.000000 0.135926
404.000000 0.136713
405.000000 0.137401
406.000000 0.138081
407.000000 0.138834
408.000000 0.139512
409.000000 0.140057
410.000000 0.140653
411.000000 0.141294
412.000000 0.141776
413.000000 0.142356
414.000000 0.143322
415.000000 0.144344
416.000000 0.145336
417.000000 0.146691
418.000000 0.148413
419.000000 0.150243
420.000000 0.152530
421.000000 0.155392
422.000000 0.158516
423.000000 0.161956
424.000000 0.165626
425.000000 0.169484
426.000000 0.173679
427.000000 0.177740
428.000000 0.181260
429.000000 0.184412
430.000000 0.187011
431.000000 0.188726
432.000000 0.189624
433.000000 0.189696
434.000000 0.188841
435.000000 0.186941
436.000000 0.184098
437.000000 0.180549
438.000000 0.176262
439.000000 0.171403
440.000000 0.165915
441.000000 0.160314
442.000000 0.154963
443.000000 0.149292
444.000000 0.143576
445.000000 0.138118
446.000000 0.132613
447.000000 0.127387
448.000000 0.122477
449.000000 0.117758
450.000000 0.113442
451.000000 0.109331
452.000000 0.105418
453.000000 0.101859
454.000000 0.098472
455.000000 0.095203
456.000000 0.092169
457.000000 0.089345
458.000000 0.086748
459.000000 0.084325
460.000000 0.081979
461.000000 0.079801
462.000000 0.077754
463.000000 0.075810
464.000000 0.073760
465.000000 0.071740
466.000000 0.070070
467.000000 0.068371
468.000000 0.066646
469.000000 0.065051
470.000000 0.063526
471.000000 0.062079
472.000000 0.060632
473.000000 0.059193
474.000000 0.057841
475.000000 0.056568
476.000000 0.055333
477.000000 0.054175
478.000000 0.053089
479.000000 0.052025
480.000000 0.051069
481.000000 0.050199
482.000000 0.049389
483.000000 0.048661
484.000000 0.047973
485.000000 0.047378
486.000000 0.046845
487.000000 0.046321
488.000000 0.045830
489.000000 0.045913
490.000000 0.046433
491.000000 0.046696
492.000000 0.046640
493.000000 0.046518
494.000000 0.046732
495.000000 0.046891
496.000000 0.046777
497.000000 0.047007
498.000000 0.047393
499.000000 0.047850
500.000000 0.048308
501.000000 0.049058
502.000000 0.049989
503.000000 0.050586
504.000000 0.051559
505.000000 0.052468
506.000000 0.053441
507.000000 0.054693
508.000000 0.055597
509.000000 0.056717
510.000000 0.058109
511.000000 0.059476
512.000000 0.060967
513.000000 0.062514
514.000000 0.064053
515.000000 0.065614
516.000000 0.067218
517.000000 0.068891
518.000000 0.070528
519.000000 0.071975
520.000000 0.073274
521.000000 0.074720
522.000000 0.076125
523.000000 0.076987
524.000000 0.077752
525.000000 0.078533
526.000000 0.079254
527.000000 0.079904
528.000000 0.080484
529.000000 0.081074
530.000000 0.081430
531.000000 0.081786
532.000000 0.082322
533.000000 0.083009
534.000000 0.083467
535.000000 0.083974
536.000000 0.084752
537.000000 0.085924
538.000000 0.087479
539.000000 0.088828
540.000000 0.090548
541.000000 0.092740
542.000000 0.095026
543.000000 0.097858
544.000000 0.101235
545.000000 0.105085
546.000000 0.109275
547.000000 0.113303
548.000000 0.117400
549.000000 0.121594
550.000000 0.125788
551.000000 0.130255
552.000000 0.134820
553.000000 0.139071
554.000000 0.143110
555.000000 0.146981
556.000000 0.150371
557.000000 0.153459
558.000000 0.156339
559.000000 0.158385
560.000000 0.159686
561.000000 0.160406
562.000000 0.160429
563.000000 0.159697
564.000000 0.158205
565.000000 0.156204
566.000000 0.153671
567.000000 0.150439
568.000000 0.146730
569.000000 0.142717
570.000000 0.138426
571.000000 0.133919
572.000000 0.129509
573.000000 0.125137
574.000000 0.120619
575.000000 0.116463
576.000000 0.112520
577.000000 0.108808
578.000000 0.105361
579.000000 0.102157
580.000000 0.099326
581.000000 0.096909
582.000000 0.094947
583.000000 0.093337
584.000000 0.092310
585.000000 0.091554
586.000000 0.090938
587.000000 0.090723
588.000000 0.090775
589.000000 0.090976
590.000000 0.091431
591.000000 0.092210
592.000000 0.093170
593.000000 0.094362
594.000000 0.095674
595.000000 0.097016
596.000000 0.098404
597.000000 0.099875
598.000000 0.101451
599.000000 0.103086
600.000000 0.104944
601.000000 0.106937
602.000000 0.108958
603.000000 0.110893
604.000000 0.112778
605.000000 0.114709
606.000000 0.116744
607.000000 0.119041
608.000000 0.121417
609.000000 0.123888
610.000000 0.126554
611.000000 0.129170
612.000000 0.131898
613.000000 0.134864
614.000000 0.137960
615.000000 0.141315
616.000000 0.144695
617.000000 0.148318
618.000000 0.152561
619.000000 0.156904
620.000000 0.161461
621.000000 0.166500
622.000000 0.171643
623.000000 0.177131
624.000000 0.183207
625.000000 0.189497
626.000000 0.196161
627.000000 0.203451
628.000000 0.210877
629.000000 0.218614
630.000000 0.227107
631.000000 0.236149
632.000000 0.245210
633.000000 0.254516
634.000000 0.264592
635.000000 0.274767
636.000000 0.285154
637.000000 0.296150
638.000000 0.307038
639.000000 0.317924
640.000000 0.329218
641.000000 0.340659
642.000000 0.351520
643.000000 0.362086
644.000000 0.373089
645.000000 0.383700
646.000000 0.393880
647.000000 0.404013
648.000000 0.413875
649.000000 0.423071
650.000000 0.431684
651.000000 0.440064
652.000000 0.448043
653.000000 0.455288
654.000000 0.461925
655.000000 0.468210
656.000000 0.474013
657.000000 0.479095
658.000000 0.483680
659.000000 0.488085
660.000000 0.492102
661.000000 0.495734
662.000000 0.499173
663.000000 0.502556
664.000000 0.505920
665.000000 0.509228
666.000000 0.512714
667.000000 0.516547
668.000000 0.520670
669.000000 0.525029
670.000000 0.529787
671.000000 0.535199
672.000000 0.541261
673.000000 0.548205
674.000000 0.555588
675.000000 0.563726
676.000000 0.573342
677.000000 0.584133
678.000000 0.595983
679.000000 0.608304
680.000000 0.621550
681.000000 0.636604
682.000000 0.653236
683.000000 0.671547
684.000000 0.690736
685.000000 0.710890
686.000000 0.733084
687.000000 0.757060
688.000000 0.782462
689.000000 0.809073
690.000000 0.835872
691.000000 0.863466
692.000000 0.893256
693.000000 0.924447
694.000000 0.956613
695.000000 0.989705
696.000000 1.022144
697.000000 1.054204
698.000000 1.087350
699.000000 1.120895
700.000000 1.154445
701.000000 1.187377
702.000000 1.218197
703.000000 1.247330
704.000000 1.276191
705.000000 1.303927
706.000000 1.329662
707.000000 1.352960
708.000000 1.373748
709.000000 1.391673
710.000000 1.406006
711.000000 1.416899
712.000000 1.424860
713.000000 1.429372
714.000000 1.430126
715.000000 1.427092
716.000000 1.420187
717.000000 1.409275
718.000000 1.394628
719.000000 1.377755
720.000000 1.358159
721.000000 1.334710
722.000000 1.308182
723.000000 1.279355
724.000000 1.248575
725.000000 1.216247
726.000000 1.182577
727.000000 1.147477
728.000000 1.111135
729.000000 1.073963
730.000000 1.036169
731.000000 1.000358
732.000000 0.965331
733.000000 0.929016
734.000000 0.892657
735.000000 0.856534
736.000000 0.820869
737.000000 0.785926
738.000000 0.751757
739.000000 0.718262
740.000000 0.685590
741.000000 0.654043
742.000000 0.623733
743.000000 0.594527
744.000000 0.566396
745.000000 0.539362
746.000000 0.513179
747.000000 0.487666
748.000000 0.463090
749.000000 0.439413
750.000000 0.416776
751.000000 0.395105
752.000000 0.374236
753.000000 0.354162
754.000000 0.334847
755.000000 0.316318
756.000000 0.298600
757.000000 0.281725
758.000000 0.265540
759.000000 0.249943
760.000000 0.234966
761.000000 0.220681
762.000000 0.207086
763.000000 0.194078
764.000000 0.181675
765.000000 0.169835
766.000000 0.158369
767.000000 0.147363
768.000000 0.137066
769.000000 0.127362
770.000000 0.118145
771.000000 0.109476
772.000000 0.101337
773.000000 0.093668
774.000000 0.086343
775.000000 0.079371
776.000000 0.072422
777.000000 0.065762
778.000000 0.059853
779.000000 0.054449
780.000000 0.049355
781.000000 0.044537
782.000000 0.040055
783.000000 0.035886
784.000000 0.032089
785.000000 0.028549
786.000000 0.025204
787.000000 0.022110
788.000000 0.019154
789.000000 0.016462
790.000000 0.013993
791.000000 0.011726
792.000000 0.009646
793.000000 0.007733
794.000000 0.005972
795.000000 0.004302
796.000000 0.002871
797.000000 0.001584
798.000000 0.000319
799.000000 -0.000826
800.000000 -0.001867
801.000000 -0.002820
802.000000 -0.003601
803.000000 -0.004280
804.000000 -0.004965
805.000000 -0.005561
806.000000 -0.005990
807.000000 -0.006464
808.000000 -0.007015
809.000000 -0.007471
810.000000 -0.007834
811.000000 -0.008196
812.000000 -0.008544
813.000000 -0.008840
814.000000 -0.009109
815.000000 -0.009379
816.000000 -0.009625
817.000000 -0.009837
818.000000 -0.010056
819.000000 -0.010258
820.000000 -0.010453
821.000000 -0.010700
822.000000 -0.010932
823.000000 -0.011106
824.000000 -0.011247
825.000000 -0.011387
826.000000 -0.011553
827.000000 -0.011731
828.000000 -0.011898
829.000000 -0.011977
830.000000 -0.012075
831.000000 -0.012281
832.000000 -0.012473
833.000000 -0.012649
834.000000 -0.012825
835.000000 -0.012941
836.000000 -0.013080
837.000000 -0.013248
838.000000 -0.013374
839.000000 -0.013498
840.000000 -0.013638
841.000000 -0.013749
842.000000 -0.013859
843.000000 -0.013995
844.000000 -0.014109
845.000000 -0.014228
846.000000 -0.014371
847.000000 -0.014497
848.000000 -0.014589
849.000000 -0.014703
850.000000 -0.014847
851.000000 -0.014965
852.000000 -0.015081
853.000000 -0.015186
854.000000 -0.015281
855.000000 -0.015398
856.000000 -0.015489
857.000000 -0.015530
858.000000 -0.015556
859.000000 -0.015610
860.000000 -0.015632
861.000000 -0.015706
862.000000 -0.015838
863.000000 -0.015927
864.000000 -0.016011
865.000000 -0.016072
866.000000 -0.016124
867.000000 -0.016158
868.000000 -0.016169
869.000000 -0.016187
870.000000 -0.016095
871.000000 -0.016079
872.000000 -0.016214
873.000000 -0.016276
874.000000 -0.016296
875.000000 -0.016342
876.000000 -0.016370
877.000000 -0.016362
878.000000 -0.016363
879.000000 -0.016336
880.000000 -0.016331
881.000000 -0.016402
882.000000 -0.016447
883.000000 -0.016476
884.000000 -0.016518
885.000000 -0.016513
886.000000 -0.016508
887.000000 -0.016547
888.000000 -0.016552
889.000000 -0.016538
890.000000 -0.016568
891.000000 -0.016588
892.000000 -0.016593
893.000000 -0.016620
894.000000 -0.016661
895.000000 -0.016672
896.000000 -0.016687
897.000000 -0.016708
898.000000 -0.016701
899.000000 -0.016697
900.000000 -0.016708
