315.000000 0.132694
316.000000 0.132964
317.000000 0.133785
318.000000 0.135342
319.000000 0.136886
320.000000 0.138323
321.000000 0.140190
322.000000 0.142871
323.000000 0.146145
324.000000 0.148175
325.000000 0.149750
326.000000 0.151549
327.000000 0.152739
328.000000 0.153590
329.000000 0.154653
330.000000 0.156287
331.000000 0.157865
332.000000 0.159295
333.000000 0.160666
334.000000 0.162112
335.000000 0.164164
336.000000 0.166345
337.000000 0.168160
338.000000 0.169455
339.000000 0.170701
340.000000 0.172390
341.000000 0.174198
342.000000 0.175797
343.000000 0.177176
344.000000 0.178299
345.000000 0.179331
346.000000 0.180227
347.000000 0.180868
348.000000 0.181371
349.000000 0.181259
350.000000 0.180865
351.000000 0.180666
352.000000 0.179891
353.000000 0.178842
354.000000 0.178063
355.000000 0.177048
356.000000 0.175620
357.000000 0.174113
358.000000 0.172666
359.000000 0.171247
360.000000 0.169825
361.000000 0.168596
362.000000 0.167446
363.000000 0.166100
364.000000 0.164814
365.000000 0.163818
366.000000 0.162939
367.000000 0.161863
368.000000 0.160777
369.000000 0.159914
370.000000 0.159110
371.000000 0.158240
372.000000 0.157107
373.000000 0.155659
374.000000 0.154183
375.000000 0.152870
376.000000 0.151584
377.000000 0.150444
378.000000 0.149264
379.000000 0.147971
380.000000 0.146611
381.000000 0.145478
382.000000 0.144602
383.000000 0.143678
384.000000 0.143093
385.000000 0.142956
386.000000 0.142788
387.000000 0.142712
388.000000 0.142942
389.000000 0.143026
390.000000 0.142926
391.000000 0.143229
392.000000 0.144153
393.000000 0.144857
394.000000 0.145652
395.000000 0.146799
396.000000 0.147805
397.000000 0.148976
398.000000 0.150222
399.000000 0.151525
400.000000 0.152944
401.000000 0.154193
402.000000 0.155508
403.000000 0.156986
404.000000 0.158419
405.000000 0.159690
406.000000 0.160892
407.000000 0.162180
408.000000 0.163546
409.000000 0.164780
410.000000 0.165832
411.000000 0.166815
412.000000 0.167718
413.000000 0.168951
414.000000 0.170673
415.000000 0.172337
416.000000 0.173877
417.000000 0.175595
418.000000 0.177490
419.000000 0.179544
420.000000 0.182210
421.000000 0.185163
422.000000 0.188147
423.000000 0.191446
424.000000 0.194815
425.000000 0.198172
426.000000 0.201594
427.000000 0.204691
428.000000 0.207249
429.000000 0.209397
430.000000 0.210872
431.000000 0.211611
432.000000 0.211385
433.000000 0.210162
434.000000 0.208293
435.000000 0.205508
436.000000 0.201944
437.000000 0.197777
438.000000 0.193158
439.000000 0.188362
440.000000 0.183096
441.000000 0.177806
442.000000 0.172783
443.000000 0.167554
444.000000 0.162458
445.000000 0.157651
446.000000 0.152770
447.000000 0.148160
448.000000 0.143793
449.000000 0.139550
450.000000 0.135685
451.000000 0.132017
452.000000 0.128418
453.000000 0.125072
454.000000 0.121891
455.000000 0.118833
456.000000 0.116022
457.000000 0.113415
458.000000 0.111123
459.000000 0.108972
460.000000 0.106884
461.000000 0.105059
462.000000 0.103355
463.000000 0.101756
464.000000 0.100226
465.000000 0.098802
466.000000 0.097631
467.000000 0.096479
468.000000 0.095331
469.000000 0.094359
470.000000 0.093466
471.000000 0.092625
472.000000 0.091844
473.000000 0.091081
474.000000 0.090406
475.000000 0.089787
476.000000 0.089246
477.000000 0.088839
478.000000 0.088438
479.000000 0.088049
480.000000 0.087810
481.000000 0.087651
482.000000 0.087526
483.000000 0.087439
484.000000 0.087420
485.000000 0.087472
486.000000 0.087603
487.000000 0.087826
488.000000 0.088101
489.000000 0.089032
490.000000 0.090464
491.000000 0.091637
492.000000 0.092423
493.000000 0.093211
494.000000 0.094221
495.000000 0.095001
496.000000 0.095937
497.000000 0.097342
498.000000 0.098696
499.000000 0.099898
500.000000 0.101226
501.000000 0.102949
502.000000 0.104874
503.000000 0.106809
504.000000 0.109169
505.000000 0.111595
506.000000 0.114040
507.000000 0.116860
508.000000 0.119740
509.000000 0.123002
510.000000 0.126231
511.000000 0.129345
512.000000 0.132797
513.000000 0.136316
514.000000 0.139854
515.000000 0.143395
516.000000 0.146839
517.000000 0.150326
518.000000 0.153500
519.000000 0.156343
520.000000 0.159181
521.000000 0.161800
522.000000 0.164339
523.000000 0.166617
524.000000 0.168394
525.000000 0.169869
526.000000 0.171194
527.000000 0.172317
528.000000 0.173129
529.000000 0.173963
530.000000 0.174926
531.000000 0.175617
532.000000 0.176063
533.000000 0.176677
534.000000 0.177425
535.000000 0.178191
536.000000 0.179271
537.000000 0.181043
538.000000 0.183476
539.000000 0.185899
540.000000 0.188948
541.000000 0.192849
542.000000 0.197318
543.000000 0.202693
544.000000 0.208743
545.000000 0.215466
546.000000 0.222610
547.000000 0.230038
548.000000 0.237902
549.000000 0.246164
550.000000 0.254532
551.000000 0.263095
552.000000 0.271757
553.000000 0.280059
554.000000 0.287835
555.000000 0.294943
556.000000 0.301106
557.000000 0.306288
558.000000 0.310816
559.000000 0.314005
560.000000 0.315705
561.000000 0.316063
562.000000 0.314783
563.000000 0.311915
564.000000 0.307511
565.000000 0.301866
566.000000 0.294929
567.000000 0.286441
568.000000 0.277109
569.000000 0.267044
570.000000 0.256417
571.000000 0.245388
572.000000 0.234431
573.000000 0.223508
574.000000 0.212187
575.000000 0.201612
576.000000 0.191518
577.000000 0.181765
578.000000 0.172541
579.000000 0.163761
580.000000 0.155629
581.000000 0.147876
582.000000 0.140652
583.000000 0.134125
584.000000 0.128655
585.000000 0.123854
586.000000 0.119318
587.000000 0.115555
588.000000 0.112513
589.000000 0.109755
590.000000 0.107383
591.000000 0.105455
592.000000 0.103838
593.000000 0.102517
594.000000 0.101439
595.000000 0.100508
596.000000 0.099652
597.000000 0.099115
598.000000 0.098817
599.000000 0.098584
600.000000 0.098626
601.000000 0.098832
602.000000 0.099054
603.000000 0.099246
604.000000 0.099540
605.000000 0.100066
606.000000 0.100687
607.000000 0.101360
608.000000 0.102121
609.000000 0.103051
610.000000 0.104161
611.000000 0.105320
612.000000 0.106565
613.000000 0.107970
614.000000 0.109568
615.000000 0.111399
616.000000 0.113293
617.000000 0.115390
618.000000 0.117824
619.000000 0.120385
620.000000 0.123123
621.000000 0.126180
622.000000 0.129383
623.000000 0.132812
624.000000 0.136624
625.000000 0.140606
626.000000 0.144823
627.000000 0.149479
628.000000 0.154240
629.000000 0.159185
630.000000 0.164697
631.000000 0.170584
632.000000 0.176459
633.000000 0.182553
634.000000 0.189130
635.000000 0.195679
636.000000 0.202386
637.000000 0.209523
638.000000 0.216591
639.000000 0.223652
640.000000 0.230947
641.000000 0.238366
642.000000 0.245343
643.000000 0.252105
644.000000 0.259157
645.000000 0.265942
646.000000 0.272515
647.000000 0.279046
648.000000 0.285356
649.000000 0.291182
650.000000 0.296617
651.000000 0.301954
652.000000 0.307079
653.000000 0.311689
654.000000 0.315871
655.000000 0.319867
656.000000 0.323638
657.000000 0.327008
658.000000 0.330089
659.000000 0.333021
660.000000 0.335730
661.000000 0.338233
662.000000 0.340611
663.000000 0.342993
664.000000 0.345415
665.000000 0.347839
666.000000 0.350405
667.000000 0.353264
668.000000 0.356354
669.000000 0.359572
670.000000 0.363075
671.000000 0.367076
672.000000 0.371565
673.000000 0.376684
674.000000 0.382038
675.000000 0.387822
676.000000 0.394604
677.000000 0.402228
678.000000 0.410626
679.000000 0.419441
680.000000 0.428896
681.000000 0.439493
682.000000 0.451103
683.000000 0.463737
684.000000 0.476929
685.000000 0.490861
686.000000 0.506146
687.000000 0.522549
688.000000 0.539839
689.000000 0.557855
690.000000 0.575898
691.000000 0.594338
692.000000 0.614118
693.000000 0.634793
694.000000 0.656010
695.000000 0.677770
696.000000 0.698889
697.000000 0.719664
698.000000 0.741243
699.000000 0.762854
700.000000 0.784241
701.000000 0.805128
702.000000 0.824621
703.000000 0.842969
704.000000 0.860800
705.000000 0.877652
706.000000 0.892990
707.000000 0.906798
708.000000 0.919257
709.000000 0.929718
710.000000 0.937601
711.000000 0.943345
712.000000 0.947201
713.000000 0.948704
714.000000 0.947792
715.000000 0.944613
716.000000 0.939176
717.000000 0.931383
718.000000 0.921217
719.000000 0.909521
720.000000 0.896191
721.000000 0.880601
722.000000 0.863114
723.000000 0.844015
724.000000 0.823728
725.000000 0.802574
726.000000 0.780668
727.000000 0.757855
728.000000 0.734041
729.000000 0.709681
730.000000 0.685119
731.000000 0.661897
732.000000 0.639205
733.000000 0.615564
734.000000 0.591738
735.000000 0.568050
736.000000 0.544661
737.000000 0.521645
738.000000 0.499076
739.000000 0.476996
740.000000 0.455479
741.000000 0.434623
742.000000 0.414520
743.000000 0.395139
744.000000 0.376449
745.000000 0.358392
746.000000 0.340998
747.000000 0.324134
748.000000 0.307732
749.000000 0.291882
750.000000 0.276697
751.000000 0.262100
752.000000 0.248128
753.000000 0.234747
754.000000 0.221828
755.000000 0.209428
756.000000 0.197523
757.000000 0.186156
758.000000 0.175284
759.000000 0.164828
760.000000 0.154785
761.000000 0.145224
762.000000 0.136146
763.000000 0.127414
764.000000 0.119040
765.000000 0.110992
766.000000 0.103227
767.000000 0.095903
768.000000 0.089138
769.000000 0.082697
770.000000 0.076529
771.000000 0.070753
772.000000 0.065338
773.000000 0.060250
774.000000 0.055386
775.000000 0.050767
776.000000 0.046205
777.000000 0.041822
778.000000 0.037913
779.000000 0.034341
780.000000 0.030991
781.000000 0.027853
782.000000 0.024989
783.000000 0.022364
784.000000 0.019949
785.000000 0.017642
786.000000 0.015422
787.000000 0.013389
788.000000 0.011495
789.000000 0.009760
790.000000 0.008159
791.000000 0.006712
792.000000 0.005397
793.000000 0.004220
794.000000 0.003164
795.000000 0.002147
796.000000 0.001260
797.000000 0.000465
798.000000 -0.000286
799.000000 -0.000946
800.000000 -0.001597
801.000000 -0.002213
802.000000 -0.002718
803.000000 -0.003136
804.000000 -0.003495
805.000000 -0.003850
806.000000 -0.004169
807.000000 -0.004436
808.000000 -0.004661
809.000000 -0.004846
810.000000 -0.005063
811.000000 -0.005345
812.000000 -0.005587
813.000000 -0.005789
814.000000 -0.005978
815.000000 -0.006138
816.000000 -0.006319
817.000000 -0.006479
818.000000 -0.006641
819.000000 -0.006811
820.000000 -0.006968
821.000000 -0.007128
822.000000 -0.007289
823.000000 -0.007471
824.000000 -0.007637
825.000000 -0.007796
826.000000 -0.007962
827.000000 -0.008170
828.000000 -0.008421
829.000000 -0.008607
830.000000 -0.008787
831.000000 -0.009000
832.000000 -0.009177
833.000000 -0.009411
834.000000 -0.009652
835.000000 -0.009836
836.000000 -0.010097
837.000000 -0.010376
838.000000 -0.010607
839.000000 -0.010827
840.000000 -0.011006
841.000000 -0.011177
842.000000 -0.011353
843.000000 -0.011540
844.000000 -0.011748
845.000000 -0.011959
846.000000 -0.012183
847.000000 -0.012363
848.000000 -0.012504
849.000000 -0.012647
850.000000 -0.012798
851.000000 -0.012992
852.000000 -0.013187
853.000000 -0.013362
854.000000 -0.013552
855.000000 -0.013755
856.000000 -0.013904
857.000000 -0.013989
858.000000 -0.014107
859.000000 -0.014239
860.000000 -0.014305
861.000000 -0.014370
862.000000 -0.014509
863.000000 -0.014672
864.000000 -0.014817
865.000000 -0.014950
866.000000 -0.015063
867.000000 -0.015146
868.000000 -0.015220
869.000000 -0.015271
870.000000 -0.015188
871.000000 -0.015218
872.000000 -0.015408
873.000000 -0.015496
874.000000 -0.015550
875.000000 -0.015618
876.000000 -0.015656
877.000000 -0.015666
878.000000 -0.015693
879.000000 -0.015720
880.000000 -0.015762
881.000000 -0.015815
882.000000 -0.015852
883.000000 -0.015921
884.000000 -0.016008
885.000000 -0.016028
886.000000 -0.016020
887.000000 -0.016040
888.000000 -0.016064
889.000000 -0.016102
890.000000 -0.016139
891.000000 -0.016149
892.000000 -0.016165
893.000000 -0.016201
894.000000 -0.016219
895.000000 -0.016215
896.000000 -0.016216
897.000000 -0.016244
898.000000 -0.016253
899.000000 -0.016248
900.000000 -0.016262
