315.000000 0.171014
316.000000 0.172144
317.000000 0.173384
318.000000 0.175375
319.000000 0.177577
320.000000 0.179518
321.000000 0.181059
322.000000 0.183117
323.000000 0.185839
324.000000 0.187786
325.000000 0.189729
326.000000 0.192123
327.000000 0.193942
328.000000 0.195264
329.000000 0.196501
330.000000 0.197996
331.000000 0.199484
332.000000 0.201192
333.000000 0.202627
334.000000 0.203564
335.000000 0.204881
336.000000 0.206534
337.000000 0.207820
338.000000 0.208695
339.000000 0.209591
340.000000 0.210731
341.000000 0.212144
342.000000 0.213393
343.000000 0.214254
344.000000 0.215016
345.000000 0.215864
346.000000 0.216359
347.000000 0.216368
348.000000 0.216388
349.000000 0.216243
350.000000 0.215955
351.000000 0.215873
352.000000 0.215482
353.000000 0.215003
354.000000 0.214658
355.000000 0.213846
356.000000 0.212667
357.000000 0.211518
358.000000 0.210345
359.000000 0.208998
360.000000 0.207540
361.000000 0.206252
362.000000 0.205137
363.000000 0.203898
364.000000 0.202809
365.000000 0.201871
366.000000 0.200753
367.000000 0.199640
368.000000 0.198569
369.000000 0.197407
370.000000 0.196309
371.000000 0.194944
372.000000 0.193633
373.000000 0.192478
374.000000 0.190918
375.000000 0.190231
376.000000 0.189730
377.000000 0.188665
378.000000 0.187694
379.000000 0.186697
380.000000 0.185576
381.000000 0.184508
382.000000 0.183664
383.000000 0.182618
384.000000 0.181610
385.000000 0.181173
386.000000 0.181027
387.000000 0.180903
388.000000 0.181029
389.000000 0.181073
390.000000 0.180966
391.000000 0.181200
392.000000 0.182139
393.000000 0.183182
394.000000 0.184222
395.000000 0.185289
396.000000 0.186182
397.000000 0.187238
398.000000 0.188366
399.000000 0.189341
400.000000 0.190362
401.000000 0.191582
402.000000 0.192810
403.000000 0.194133
404.000000 0.195316
405.000000 0.196383
406.000000 0.197558
407.000000 0.198688
408.000000 0.199675
409.000000 0.200621
410.000000 0.201526
411.000000 0.202366
412.000000 0.203072
413.000000 0.204074
414.000000 0.205342
415.000000 0.206419
416.000000 0.207277
417.000000 0.207910
418.000000 0.208569
419.000000 0.209302
420.000000 0.210153
421.000000 0.210990
422.000000 0.211956
423.000000 0.212917
424.000000 0.213605
425.000000 0.214304
426.000000 0.215050
427.000000 0.215728
428.000000 0.216278
429.000000 0.216675
430.000000 0.216782
431.000000 0.216644
432.000000 0.216291
433.000000 0.215637
434.000000 0.214768
435.000000 0.213633
436.000000 0.212272
437.000000 0.210666
438.000000 0.208872
439.000000 0.206956
440.000000 0.204708
441.000000 0.202190
442.000000 0.199541
443.000000 0.196696
444.000000 0.193761
445.000000 0.190787
446.000000 0.187505
447.000000 0.184066
448.000000 0.180575
449.000000 0.176913
450.000000 0.173147
451.000000 0.169210
452.000000 0.165140
453.000000 0.161187
454.000000 0.157100
455.000000 0.153010
456.000000 0.149049
457.000000 0.145014
458.000000 0.141084
459.000000 0.137155
460.000000 0.133322
461.000000 0.129753
462.000000 0.126166
463.000000 0.122607
464.000000 0.119065
465.000000 0.115571
466.000000 0.112419
467.000000 0.109331
468.000000 0.106317
469.000000 0.103445
470.000000 0.100637
471.000000 0.098065
472.000000 0.095549
473.000000 0.092961
474.000000 0.090546
475.000000 0.088440
476.000000 0.086508
477.000000 0.084651
478.000000 0.082899
479.000000 0.081259
480.000000 0.079767
481.000000 0.078422
482.000000 0.077204
483.000000 0.076069
484.000000 0.075023
485.000000 0.074089
486.000000 0.073299
487.000000 0.072626
488.000000 0.072076
489.000000 0.072034
490.000000 0.072349
491.000000 0.072563
492.000000 0.072561
493.000000 0.072444
494.000000 0.072536
495.000000 0.072659
496.000000 0.072794
497.000000 0.073149
498.000000 0.073615
499.000000 0.074148
500.000000 0.074748
501.000000 0.075640
502.000000 0.076443
503.000000 0.077100
504.000000 0.078189
505.000000 0.079299
506.000000 0.080328
507.000000 0.081629
508.000000 0.083155
509.000000 0.084769
510.000000 0.086225
511.000000 0.087761
512.000000 0.089490
513.000000 0.091242
514.000000 0.092694
515.000000 0.094064
516.000000 0.095613
517.000000 0.097273
518.000000 0.099013
519.000000 0.100674
520.000000 0.102191
521.000000 0.103774
522.000000 0.105324
523.000000 0.106246
524.000000 0.106851
525.000000 0.107583
526.000000 0.108447
527.000000 0.109215
528.000000 0.109895
529.000000 0.110462
530.000000 0.110962
531.000000 0.111211
532.000000 0.111189
533.000000 0.111524
534.000000 0.112206
535.000000 0.112824
536.000000 0.113407
537.000000 0.114323
538.000000 0.115436
539.000000 0.116546
540.000000 0.118103
541.000000 0.119870
542.000000 0.121910
543.000000 0.124606
544.000000 0.127636
545.000000 0.131017
546.000000 0.134770
547.000000 0.138671
548.000000 0.142874
549.000000 0.147166
550.000000 0.151411
551.000000 0.155952
552.000000 0.160536
553.000000 0.164907
554.000000 0.169009
555.000000 0.172895
556.000000 0.176243
557.000000 0.179054
558.000000 0.181636
559.000000 0.183777
560.000000 0.185229
561.000000 0.185700
562.000000 0.185255
563.000000 0.184059
564.000000 0.182158
565.000000 0.179618
566.000000 0.176400
567.000000 0.172383
568.000000 0.167855
569.000000 0.162723
570.000000 0.156971
571.000000 0.150943
572.000000 0.144982
573.000000 0.138924
574.000000 0.132503
575.000000 0.126361
576.000000 0.120406
577.000000 0.114680
578.000000 0.109252
579.000000 0.103898
580.000000 0.098578
581.000000 0.093379
582.000000 0.088652
583.000000 0.084380
584.000000 0.080612
585.000000 0.077132
586.000000 0.073816
587.000000 0.070824
588.000000 0.068138
589.000000 0.065732
590.000000 0.063627
591.000000 0.061774
592.000000 0.060060
593.000000 0.058505
594.000000 0.057147
595.000000 0.055879
596.000000 0.054715
597.000000 0.053899
598.000000 0.053112
599.000000 0.052303
600.000000 0.051767
601.000000 0.051376
602.000000 0.051089
603.000000 0.050819
604.000000 0.050545
605.000000 0.050389
606.000000 0.050349
607.000000 0.050418
608.000000 0.050521
609.000000 0.050663
610.000000 0.050911
611.000000 0.051191
612.000000 0.051587
613.000000 0.052101
614.000000 0.052699
615.000000 0.053468
616.000000 0.054301
617.000000 0.055170
618.000000 0.056214
619.000000 0.057390
620.000000 0.058579
621.000000 0.059833
622.000000 0.061221
623.000000 0.062784
624.000000 0.064541
625.000000 0.066333
626.000000 0.068183
627.000000 0.070198
628.000000 0.072278
629.000000 0.074477
630.000000 0.076895
631.000000 0.079450
632.000000 0.081962
633.000000 0.084504
634.000000 0.087233
635.000000 0.089910
636.000000 0.092590
637.000000 0.095428
638.000000 0.098182
639.000000 0.100891
640.000000 0.103723
641.000000 0.106545
642.000000 0.109119
643.000000 0.111592
644.000000 0.114165
645.000000 0.116660
646.000000 0.119046
647.000000 0.121339
648.000000 0.123540
649.000000 0.125608
650.000000 0.127490
651.000000 0.129354
652.000000 0.131180
653.000000 0.132837
654.000000 0.134424
655.000000 0.135996
656.000000 0.137514
657.000000 0.138883
658.000000 0.140169
659.000000 0.141409
660.000000 0.142710
661.000000 0.144085
662.000000 0.145460
663.000000 0.146893
664.000000 0.148375
665.000000 0.149886
666.000000 0.151578
667.000000 0.153513
668.000000 0.155587
669.000000 0.157695
670.000000 0.159938
671.000000 0.162432
672.000000 0.165107
673.000000 0.168109
674.000000 0.171203
675.000000 0.174516
676.000000 0.178341
677.000000 0.182515
678.000000 0.186999
679.000000 0.191591
680.000000 0.196374
681.000000 0.201618
682.000000 0.207202
683.000000 0.213181
684.000000 0.219374
685.000000 0.225764
686.000000 0.232602
687.000000 0.239830
688.000000 0.247350
689.000000 0.255014
690.000000 0.262474
691.000000 0.269922
692.000000 0.277682
693.000000 0.285530
694.000000 0.293407
695.000000 0.301275
696.000000 0.308720
697.000000 0.315767
698.000000 0.322688
699.000000 0.329368
700.000000 0.335725
701.000000 0.341595
702.000000 0.346745
703.000000 0.351344
704.000000 0.355626
705.000000 0.359351
706.000000 0.362322
707.000000 0.364485
708.000000 0.365860
709.000000 0.366535
710.000000 0.366562
711.000000 0.365926
712.000000 0.364600
713.000000 0.362494
714.000000 0.359656
715.000000 0.356194
716.000000 0.352111
717.000000 0.347406
718.000000 0.342061
719.000000 0.336448
720.000000 0.330554
721.000000 0.324102
722.000000 0.317222
723.000000 0.310003
724.000000 0.302478
725.000000 0.294717
726.000000 0.286860
727.000000 0.278889
728.000000 0.270748
729.000000 0.262484
730.000000 0.254144
731.000000 0.246235
732.000000 0.238544
733.000000 0.230515
734.000000 0.222359
735.000000 0.214226
736.000000 0.206143
737.000000 0.198099
738.000000 0.190131
739.000000 0.182231
740.000000 0.174448
741.000000 0.166833
742.000000 0.159409
743.000000 0.152156
744.000000 0.145041
745.000000 0.138098
746.000000 0.131354
747.000000 0.124775
748.000000 0.118289
749.000000 0.111931
750.000000 0.105849
751.000000 0.099977
752.000000 0.094315
753.000000 0.088838
754.000000 0.083494
755.000000 0.078304
756.000000 0.073317
757.000000 0.068586
758.000000 0.064035
759.000000 0.059643
760.000000 0.055458
761.000000 0.051514
762.000000 0.047699
763.000000 0.043962
764.000000 0.040378
765.000000 0.036985
766.000000 0.033736
767.000000 0.030622
768.000000 0.027723
769.000000 0.025021
770.000000 0.022453
771.000000 0.020059
772.000000 0.017838
773.000000 0.015749
774.000000 0.013769
775.000000 0.011883
776.000000 0.010036
777.000000 0.008282
778.000000 0.006693
779.000000 0.005245
780.000000 0.003910
781.000000 0.002640
782.000000 0.001496
783.000000 0.000469
784.000000 -0.000412
785.000000 -0.001214
786.000000 -0.002023
787.000000 -0.002763
788.000000 -0.003446
789.000000 -0.004032
790.000000 -0.004574
791.000000 -0.005065
792.000000 -0.005542
793.000000 -0.006000
794.000000 -0.006373
795.000000 -0.006735
796.000000 -0.007060
797.000000 -0.007306
798.000000 -0.007539
799.000000 -0.007805
800.000000 -0.008074
801.000000 -0.008262
802.000000 -0.008380
803.000000 -0.008552
804.000000 -0.008710
805.000000 -0.008772
806.000000 -0.008826
807.000000 -0.008918
808.000000 -0.009016
809.000000 -0.009067
810.000000 -0.009092
811.000000 -0.009164
812.000000 -0.009250
813.000000 -0.009314
814.000000 -0.009335
815.000000 -0.009357
816.000000 -0.009405
817.000000 -0.009457
818.000000 -0.009542
819.000000 -0.009619
820.000000 -0.009682
821.000000 -0.009795
822.000000 -0.009885
823.000000 -0.009937
824.000000 -0.009966
825.000000 -0.009994
826.000000 -0.010071
827.000000 -0.010212
828.000000 -0.010390
829.000000 -0.010484
830.000000 -0.010553
831.000000 -0.010685
832.000000 -0.010770
833.000000 -0.010850
834.000000 -0.010981
835.000000 -0.011078
836.000000 -0.011219
837.000000 -0.011417
838.000000 -0.011573
839.000000 -0.011678
840.000000 -0.011777
841.000000 -0.011893
842.000000 -0.012006
843.000000 -0.012089
844.000000 -0.012158
845.000000 -0.012281
846.000000 -0.012446
847.000000 -0.012561
848.000000 -0.012669
849.000000 -0.012797
850.000000 -0.012935
851.000000 -0.013092
852.000000 -0.013253
853.000000 -0.013394
854.000000 -0.013517
855.000000 -0.013660
856.000000 -0.013739
857.000000 -0.013806
858.000000 -0.013926
859.000000 -0.014033
860.000000 -0.014131
861.000000 -0.014236
862.000000 -0.014371
863.000000 -0.014488
864.000000 -0.014551
865.000000 -0.014618
866.000000 -0.014717
867.000000 -0.014824
868.000000 -0.014906
869.000000 -0.014947
870.000000 -0.014860
871.000000 -0.014915
872.000000 -0.015138
873.000000 -0.015248
874.000000 -0.015311
875.000000 -0.015389
876.000000 -0.015433
877.000000 -0.015453
878.000000 -0.015512
879.000000 -0.015536
880.000000 -0.015580
881.000000 -0.015692
882.000000 -0.015762
883.000000 -0.015799
884.000000 -0.015837
885.000000 -0.015864
886.000000 -0.015899
887.000000 -0.015953
888.000000 -0.016020
889.000000 -0.016046
890.000000 -0.016054
891.000000 -0.016096
892.000000 -0.016155
893.000000 -0.016220
894.000000 -0.016271
895.000000 -0.016286
896.000000 -0.016320
897.000000 -0.016369
898.000000 -0.016391
899.000000 -0.016382
900.000000 -0.016365
