315.000000 0.125568
316.000000 0.125307
317.000000 0.125164
318.000000 0.125279
319.000000 0.125766
320.000000 0.126947
321.000000 0.127876
322.000000 0.128196
323.000000 0.128639
324.000000 0.128910
325.000000 0.129703
326.000000 0.130628
327.000000 0.130737
328.000000 0.131007
329.000000 0.132026
330.000000 0.133133
331.000000 0.134225
332.000000 0.135036
333.000000 0.136208
334.000000 0.137471
335.000000 0.137930
336.000000 0.138393
337.000000 0.139405
338.000000 0.140832
339.000000 0.141853
340.000000 0.143045
341.000000 0.144677
342.000000 0.146019
343.000000 0.147496
344.000000 0.149242
345.000000 0.150796
346.000000 0.152374
347.000000 0.154288
348.000000 0.156184
349.000000 0.158127
350.000000 0.159964
351.000000 0.161622
352.000000 0.163467
353.000000 0.165530
354.000000 0.167715
355.000000 0.169716
356.000000 0.171904
357.000000 0.174459
358.000000 0.177000
359.000000 0.179619
360.000000 0.182287
361.000000 0.184734
362.000000 0.187121
363.000000 0.189847
364.000000 0.192759
365.000000 0.195558
366.000000 0.198358
367.000000 0.201490
368.000000 0.204560
369.000000 0.207287
370.000000 0.210379
371.000000 0.213656
372.000000 0.216384
373.000000 0.219103
374.000000 0.222492
375.000000 0.225650
376.000000 0.228466
377.000000 0.231519
378.000000 0.234817
379.000000 0.238531
380.000000 0.242086
381.000000 0.245273
382.000000 0.248618
383.000000 0.251617
384.000000 0.254044
385.000000 0.256430
386.000000 0.258919
387.000000 0.261335
388.000000 0.263475
389.000000 0.265469
390.000000 0.267653
391.000000 0.270140
392.000000 0.272329
393.000000 0.274107
394.000000 0.275642
395.000000 0.277055
396.000000 0.278636
397.000000 0.280011
398.000000 0.281359
399.000000 0.282912
400.000000 0.284185
401.000000 0.285250
402.000000 0.286479
403.000000 0.287728
404.000000 0.288651
405.000000 0.289637
406.000000 0.290692
407.000000 0.291335
408.000000 0.291818
409.000000 0.292216
410.000000 0.292232
411.000000 0.292233
412.000000 0.292478
413.000000 0.292492
414.000000 0.292396
415.000000 0.292240
416.000000 0.291857
417.000000 0.291405
418.000000 0.290739
419.000000 0.290021
420.000000 0.289309
421.000000 0.288429
422.000000 0.287726
423.000000 0.286978
424.000000 0.285991
425.000000 0.284789
426.000000 0.283507
427.000000 0.282537
428.000000 0.281569
429.000000 0.280366
430.000000 0.279065
431.000000 0.277816
432.000000 0.276610
433.000000 0.275220
434.000000 0.273682
435.000000 0.272338
436.000000 0.271026
437.000000 0.269567
438.000000 0.268123
439.000000 0.266746
440.000000 0.265227
441.000000 0.263635
442.000000 0.262213
443.000000 0.260772
444.000000 0.259222
445.000000 0.257628
446.000000 0.255891
447.000000 0.254106
448.000000 0.252374
449.000000 0.250567
450.000000 0.248763
451.000000 0.247029
452.000000 0.245265
453.000000 0.243454
454.000000 0.241564
455.000000 0.239633
456.000000 0.237680
457.000000 0.235669
458.000000 0.233685
459.000000 0.231620
460.000000 0.229456
461.000000 0.227276
462.000000 0.224968
463.000000 0.222521
464.000000 0.219929
465.000000 0.217328
466.000000 0.214914
467.000000 0.212440
468.000000 0.209782
469.000000 0.207018
470.000000 0.204280
471.000000 0.201691
472.000000 0.199026
473.000000 0.196202
474.000000 0.193231
475.000000 0.190207
476.000000 0.187317
477.000000 0.184453
478.000000 0.181633
479.000000 0.178813
480.000000 0.175951
481.000000 0.173059
482.000000 0.170282
483.000000 0.167660
484.000000 0.164940
485.000000 0.162200
486.000000 0.159497
487.000000 0.156864
488.000000 0.154248
489.000000 0.151395
490.000000 0.148613
491.000000 0.145726
492.000000 0.142877
493.000000 0.140267
494.000000 0.137728
495.000000 0.135152
496.000000 0.132769
497.000000 0.130852
498.000000 0.128765
499.000000 0.126605
500.000000 0.124535
501.000000 0.122412
502.000000 0.120490
503.000000 0.118615
504.000000 0.116609
505.000000 0.114521
506.000000 0.112387
507.000000 0.110182
508.000000 0.108251
509.000000 0.106765
510.000000 0.105172
511.000000 0.103645
512.000000 0.102415
513.000000 0.100844
514.000000 0.099060
515.000000 0.097715
516.000000 0.096521
517.000000 0.095319
518.000000 0.094235
519.000000 0.093299
520.000000 0.092263
521.000000 0.091290
522.000000 0.090667
523.000000 0.090170
524.000000 0.089655
525.000000 0.089240
526.000000 0.088807
527.000000 0.088398
528.000000 0.088058
529.000000 0.087558
530.000000 0.087220
531.000000 0.086955
532.000000 0.086538
533.000000 0.086212
534.000000 0.086320
535.000000 0.086590
536.000000 0.086546
537.000000 0.086633
538.000000 0.086879
539.000000 0.087054
540.000000 0.087199
541.000000 0.087334
542.000000 0.087626
543.000000 0.088027
544.000000 0.088355
545.000000 0.088442
546.000000 0.088426
547.000000 0.088391
548.000000 0.088309
549.000000 0.088224
550.000000 0.088200
551.000000 0.088269
552.000000 0.088283
553.000000 0.088162
554.000000 0.088149
555.000000 0.088194
556.000000 0.088049
557.000000 0.087985
558.000000 0.088019
559.000000 0.088075
560.000000 0.088185
561.000000 0.088272
562.000000 0.088394
563.000000 0.088597
564.000000 0.088897
565.000000 0.089104
566.000000 0.089151
567.000000 0.089343
568.000000 0.089774
569.000000 0.090251
570.000000 0.090642
571.000000 0.090945
572.000000 0.091233
573.000000 0.091553
574.000000 0.091969
575.000000 0.092511
576.000000 0.093111
577.000000 0.093690
578.000000 0.094216
579.000000 0.094794
580.000000 0.095288
581.000000 0.095771
582.000000 0.096324
583.000000 0.096910
584.000000 0.097602
585.000000 0.098395
586.000000 0.099088
587.000000 0.099689
588.000000 0.100275
589.000000 0.101010
590.000000 0.101854
591.000000 0.102542
592.000000 0.103176
593.000000 0.103855
594.000000 0.104579
595.000000 0.105330
596.000000 0.106090
597.000000 0.106810
598.000000 0.107573
599.000000 0.108375
600.000000 0.109047
601.000000 0.109700
602.000000 0.110454
603.000000 0.111226
604.000000 0.112053
605.000000 0.112879
606.000000 0.113748
607.000000 0.114730
608.000000 0.115704
609.000000 0.116640
610.000000 0.117690
611.000000 0.118780
612.000000 0.119918
613.000000 0.121068
614.000000 0.122228
615.000000 0.123503
616.000000 0.124751
617.000000 0.125978
618.000000 0.127315
619.000000 0.128685
620.000000 0.130004
621.000000 0.131407
622.000000 0.132834
623.000000 0.134247
624.000000 0.135799
625.000000 0.137371
626.000000 0.138889
627.000000 0.140446
628.000000 0.141982
629.000000 0.143557
630.000000 0.145195
631.000000 0.146877
632.000000 0.148511
633.000000 0.150034
634.000000 0.151521
635.000000 0.153002
636.000000 0.154426
637.000000 0.155821
638.000000 0.157198
639.000000 0.158540
640.000000 0.159858
641.000000 0.161157
642.000000 0.162444
643.000000 0.163707
644.000000 0.164945
645.000000 0.166112
646.000000 0.167285
647.000000 0.168482
648.000000 0.169687
649.000000 0.170904
650.000000 0.172153
651.000000 0.173455
652.000000 0.174821
653.000000 0.176122
654.000000 0.177412
655.000000 0.178816
656.000000 0.180207
657.000000 0.181544
658.000000 0.182895
659.000000 0.184314
660.000000 0.185774
661.000000 0.187246
662.000000 0.188692
663.000000 0.190218
664.000000 0.191772
665.000000 0.193199
666.000000 0.194582
667.000000 0.195979
668.000000 0.197381
669.000000 0.198675
670.000000 0.199862
671.000000 0.201058
672.000000 0.202233
673.000000 0.203382
674.000000 0.204447
675.000000 0.205379
676.000000 0.206266
677.000000 0.207069
678.000000 0.207782
679.000000 0.208449
680.000000 0.209077
681.000000 0.209684
682.000000 0.210247
683.000000 0.210784
684.000000 0.211255
685.000000 0.211685
686.000000 0.212163
687.000000 0.212683
688.000000 0.213210
689.000000 0.213782
690.000000 0.214401
691.000000 0.215053
692.000000 0.215836
693.000000 0.216724
694.000000 0.217713
695.000000 0.218843
696.000000 0.220056
697.000000 0.221382
698.000000 0.222929
699.000000 0.224688
700.000000 0.226515
701.000000 0.228457
702.000000 0.230540
703.000000 0.232717
704.000000 0.235037
705.000000 0.237568
706.000000 0.240250
707.000000 0.242973
708.000000 0.245766
709.000000 0.248699
710.000000 0.251643
711.000000 0.254543
712.000000 0.257470
713.000000 0.260427
714.000000 0.263387
715.000000 0.266313
716.000000 0.269156
717.000000 0.271904
718.000000 0.274521
719.000000 0.276892
720.000000 0.279085
721.000000 0.281161
722.000000 0.283125
723.000000 0.284896
724.000000 0.286415
725.000000 0.287717
726.000000 0.288791
727.000000 0.289641
728.000000 0.290321
729.000000 0.290817
730.000000 0.291085
731.000000 0.291194
732.000000 0.291143
733.000000 0.290944
734.000000 0.290557
735.000000 0.289892
736.000000 0.288993
737.000000 0.287938
738.000000 0.286692
739.000000 0.285136
740.000000 0.283345
741.000000 0.281405
742.000000 0.279233
743.000000 0.276830
744.000000 0.274171
745.000000 0.271209
746.000000 0.268024
747.000000 0.264684
748.000000 0.261017
749.000000 0.257031
750.000000 0.252891
751.000000 0.248529
752.000000 0.243822
753.000000 0.238978
754.000000 0.234036
755.000000 0.228764
756.000000 0.223274
757.000000 0.217663
758.000000 0.211889
759.000000 0.205925
760.000000 0.199865
761.000000 0.193759
762.000000 0.187554
763.000000 0.181286
764.000000 0.174992
765.000000 0.168620
766.000000 0.162270
767.000000 0.155973
768.000000 0.149850
769.000000 0.143897
770.000000 0.137992
771.000000 0.132194
772.000000 0.126484
773.000000 0.120990
774.000000 0.115690
775.000000 0.110514
776.000000 0.105229
777.000000 0.099995
778.000000 0.095150
779.000000 0.090701
780.000000 0.086583
781.000000 0.082580
782.000000 0.078739
783.000000 0.075087
784.000000 0.071544
785.000000 0.068180
786.000000 0.065031
787.000000 0.062029
788.000000 0.059069
789.000000 0.056250
790.000000 0.053683
791.000000 0.051308
792.000000 0.049067
793.000000 0.046924
794.000000 0.044937
795.000000 0.043060
796.000000 0.041271
797.000000 0.039483
798.000000 0.037722
799.000000 0.036113
800.000000 0.034651
801.000000 0.033326
802.000000 0.032064
803.000000 0.030831
804.000000 0.029564
805.000000 0.028329
806.000000 0.027241
807.000000 0.026283
808.000000 0.025386
809.000000 0.024488
810.000000 0.023628
811.000000 0.022742
812.000000 0.021852
813.000000 0.021072
814.000000 0.020397
815.000000 0.019769
816.000000 0.019115
817.000000 0.018453
818.000000 0.017810
819.000000 0.017216
820.000000 0.016673
821.000000 0.016145
822.000000 0.015641
823.000000 0.015188
824.000000 0.014759
825.000000 0.014284
826.000000 0.013817
827.000000 0.013428
828.000000 0.013047
829.000000 0.012647
830.000000 0.012288
831.000000 0.011953
832.000000 0.011617
833.000000 0.011299
834.000000 0.010982
835.000000 0.010676
836.000000 0.010366
837.000000 0.010064
838.000000 0.009765
839.000000 0.009454
840.000000 0.009148
841.000000 0.008856
842.000000 0.008629
843.000000 0.008440
844.000000 0.008219
845.000000 0.007995
846.000000 0.007837
847.000000 0.007703
848.000000 0.007496
849.000000 0.007285
850.000000 0.007134
851.000000 0.006964
852.000000 0.006770
853.000000 0.006596
854.000000 0.006428
855.000000 0.006272
856.000000 0.006149
857.000000 0.006020
858.000000 0.005855
859.000000 0.005723
860.000000 0.005610
861.000000 0.005494
862.000000 0.005380
863.000000 0.005253
864.000000 0.005152
865.000000 0.005054
866.000000 0.004944
867.000000 0.004845
868.000000 0.004750
869.000000 0.004633
870.000000 0.004527
871.000000 0.004455
872.000000 0.004374
873.000000 0.004290
874.000000 0.004203
875.000000 0.004115
876.000000 0.004041
877.000000 0.003957
878.000000 0.003869
879.000000 0.003770
880.000000 0.003672
881.000000 0.003618
882.000000 0.003595
883.000000 0.003554
884.000000 0.003470
885.000000 0.003387
886.000000 0.003342
887.000000 0.003313
888.000000 0.003270
889.000000 0.003214
890.000000 0.003147
891.000000 0.003067
892.000000 0.002989
893.000000 0.002917
894.000000 0.002858
895.000000 0.002798
896.000000 0.002760
897.000000 0.002738
898.000000 0.002681
899.000000 0.002634
900.000000 0.002626
901.000000 0.002637
902.000000 0.002636
903.000000 0.002596
904.000000 0.002603
905.000000 0.002598
906.000000 0.002540
907.000000 0.002507
908.000000 0.002478
909.000000 0.002443
910.000000 0.002422
911.000000 0.002377
912.000000 0.002306
913.000000 0.002262
914.000000 0.002250
915.000000 0.002254
916.000000 0.002256
917.000000 0.002226
918.000000 0.002159
919.000000 0.002112
920.000000 0.002085
921.000000 0.002042
922.000000 0.002006
923.000000 0.001952
924.000000 0.001867
925.000000 0.001808
926.000000 0.001772
927.000000 0.001769
928.000000 0.001769
929.000000 0.001731
930.000000 0.001689
931.000000 0.001633
932.000000 0.001567
933.000000 0.001525
934.000000 0.001509
935.000000 0.001468
936.000000 0.001442
937.000000 0.001428
938.000000 0.001387
939.000000 0.001359
940.000000 0.001328
941.000000 0.001306
942.000000 0.001336
943.000000 0.001384
944.000000 0.001362
945.000000 0.001290
946.000000 0.001228
947.000000 0.001201
948.000000 0.001191
949.000000 0.001189
950.000000 0.001199
