315.000000 0.100806
316.000000 0.100974
317.000000 0.101678
318.000000 0.103538
319.000000 0.106581
320.000000 0.109668
321.000000 0.112305
322.000000 0.114807
323.000000 0.116845
324.000000 0.119262
325.000000 0.121294
326.000000 0.122954
327.000000 0.125475
328.000000 0.128021
329.000000 0.130266
330.000000 0.132517
331.000000 0.134995
332.000000 0.137646
333.000000 0.140381
334.000000 0.143094
335.000000 0.145812
336.000000 0.148682
337.000000 0.151236
338.000000 0.153713
339.000000 0.156374
340.000000 0.159456
341.000000 0.163016
342.000000 0.166848
343.000000 0.170629
344.000000 0.174129
345.000000 0.177527
346.000000 0.180924
347.000000 0.184106
348.000000 0.187102
349.000000 0.189855
350.000000 0.192134
351.000000 0.194153
352.000000 0.196179
353.000000 0.197963
354.000000 0.199337
355.000000 0.200401
356.000000 0.201335
357.000000 0.201944
358.000000 0.202213
359.000000 0.202362
360.000000 0.202053
361.000000 0.201508
362.000000 0.201088
363.000000 0.200569
364.000000 0.200030
365.000000 0.199596
366.000000 0.199395
367.000000 0.199550
368.000000 0.199861
369.000000 0.200326
370.000000 0.201419
371.000000 0.202760
372.000000 0.204313
373.000000 0.205378
374.000000 0.205993
375.000000 0.207365
376.000000 0.208961
377.000000 0.210439
378.000000 0.211922
379.000000 0.213186
380.000000 0.214796
381.000000 0.216865
382.000000 0.218315
383.000000 0.219681
384.000000 0.221155
385.000000 0.222587
386.000000 0.224343
387.000000 0.225841
388.000000 0.227061
389.000000 0.228396
390.000000 0.229623
391.000000 0.231071
392.000000 0.233027
393.000000 0.235139
394.000000 0.237121
395.000000 0.239385
396.000000 0.241768
397.000000 0.243587
398.000000 0.244880
399.000000 0.245590
400.000000 0.245378
401.000000 0.244092
402.000000 0.241947
403.000000 0.239005
404.000000 0.235528
405.000000 0.231387
406.000000 0.226507
407.000000 0.221529
408.000000 0.216351
409.000000 0.211049
410.000000 0.206231
411.000000 0.201396
412.000000 0.196840
413.000000 0.192752
414.000000 0.188485
415.000000 0.184394
416.000000 0.180763
417.000000 0.177554
418.000000 0.174446
419.000000 0.171565
420.000000 0.168752
421.000000 0.165753
422.000000 0.162955
423.000000 0.160131
424.000000 0.157190
425.000000 0.154316
426.000000 0.151569
427.000000 0.148973
428.000000 0.146571
429.000000 0.144247
430.000000 0.141938
431.000000 0.139754
432.000000 0.137561
433.000000 0.135682
434.000000 0.134209
435.000000 0.132781
436.000000 0.131564
437.000000 0.130658
438.000000 0.129864
439.000000 0.129344
440.000000 0.129149
441.000000 0.129113
442.000000 0.129333
443.000000 0.129852
444.000000 0.130301
445.000000 0.130546
446.000000 0.130814
447.000000 0.131091
448.000000 0.131241
449.000000 0.131242
450.000000 0.131172
451.000000 0.130959
452.000000 0.130591
453.000000 0.130121
454.000000 0.129623
455.000000 0.129304
456.000000 0.129138
457.000000 0.129133
458.000000 0.129428
459.000000 0.130185
460.000000 0.131370
461.000000 0.132919
462.000000 0.135250
463.000000 0.138416
464.000000 0.142447
465.000000 0.147335
466.000000 0.152627
467.000000 0.158700
468.000000 0.165684
469.000000 0.173384
470.000000 0.181531
471.000000 0.189638
472.000000 0.198040
473.000000 0.206356
474.000000 0.214217
475.000000 0.221499
476.000000 0.227707
477.000000 0.232855
478.000000 0.236761
479.000000 0.239394
480.000000 0.240858
481.000000 0.241166
482.000000 0.240429
483.000000 0.238797
484.000000 0.236313
485.000000 0.233153
486.000000 0.229438
487.000000 0.225320
488.000000 0.220957
489.000000 0.216806
490.000000 0.212967
491.000000 0.208830
492.000000 0.204900
493.000000 0.201432
494.000000 0.198022
495.000000 0.194696
496.000000 0.191921
497.000000 0.189475
498.000000 0.186857
499.000000 0.184775
500.000000 0.183578
501.000000 0.182908
502.000000 0.182968
503.000000 0.183770
504.000000 0.184974
505.000000 0.186907
506.000000 0.189688
507.000000 0.193267
508.000000 0.197278
509.000000 0.201614
510.000000 0.206654
511.000000 0.212309
512.000000 0.218389
513.000000 0.224870
514.000000 0.231745
515.000000 0.239244
516.000000 0.246956
517.000000 0.254663
518.000000 0.262428
519.000000 0.270169
520.000000 0.277763
521.000000 0.285030
522.000000 0.292149
523.000000 0.298595
524.000000 0.303863
525.000000 0.308272
526.000000 0.312471
527.000000 0.316458
528.000000 0.319904
529.000000 0.322364
530.000000 0.323851
531.000000 0.324926
532.000000 0.325784
533.000000 0.326406
534.000000 0.327078
535.000000 0.327758
536.000000 0.328220
537.000000 0.328612
538.000000 0.329214
539.000000 0.330349
540.000000 0.332090
541.000000 0.334512
542.000000 0.337171
543.000000 0.340357
544.000000 0.344655
545.000000 0.349865
546.000000 0.356103
547.000000 0.363480
548.000000 0.371961
549.000000 0.381527
550.000000 0.391794
551.000000 0.403090
552.000000 0.415533
553.000000 0.428870
554.000000 0.442951
555.000000 0.457760
556.000000 0.472923
557.000000 0.488444
558.000000 0.505220
559.000000 0.521908
560.000000 0.538453
561.000000 0.554505
562.000000 0.569792
563.000000 0.583927
564.000000 0.596416
565.000000 0.607393
566.000000 0.616391
567.000000 0.623492
568.000000 0.628123
569.000000 0.629736
570.000000 0.628557
571.000000 0.624825
572.000000 0.618854
573.000000 0.610539
574.000000 0.599555
575.000000 0.587449
576.000000 0.574290
577.000000 0.559955
578.000000 0.544784
579.000000 0.529107
580.000000 0.513315
581.000000 0.497362
582.000000 0.482450
583.000000 0.468639
584.000000 0.455888
585.000000 0.444315
586.000000 0.433388
587.000000 0.423562
588.000000 0.415069
589.000000 0.407773
590.000000 0.401316
591.000000 0.395699
592.000000 0.391325
593.000000 0.387869
594.000000 0.385101
595.000000 0.382958
596.000000 0.381189
597.000000 0.379709
598.000000 0.378536
599.000000 0.377670
600.000000 0.377308
601.000000 0.377292
602.000000 0.377209
603.000000 0.377098
604.000000 0.377076
605.000000 0.376904
606.000000 0.376418
607.000000 0.375518
608.000000 0.374114
609.000000 0.372125
610.000000 0.369335
611.000000 0.365805
612.000000 0.361319
613.000000 0.355831
614.000000 0.349243
615.000000 0.341282
616.000000 0.332819
617.000000 0.323546
618.000000 0.312916
619.000000 0.301837
620.000000 0.290142
621.000000 0.277410
622.000000 0.264647
623.000000 0.251919
624.000000 0.238695
625.000000 0.225807
626.000000 0.213053
627.000000 0.200049
628.000000 0.187891
629.000000 0.176311
630.000000 0.164802
631.000000 0.153831
632.000000 0.143850
633.000000 0.134569
634.000000 0.125584
635.000000 0.117468
636.000000 0.110090
637.000000 0.103061
638.000000 0.096825
639.000000 0.091344
640.000000 0.086271
641.000000 0.081683
642.000000 0.077714
643.000000 0.074179
644.000000 0.070882
645.000000 0.068018
646.000000 0.065459
647.000000 0.062980
648.000000 0.060665
649.000000 0.058704
650.000000 0.056957
651.000000 0.055191
652.000000 0.053522
653.000000 0.051983
654.000000 0.050519
655.000000 0.049116
656.000000 0.047685
657.000000 0.046286
658.000000 0.044947
659.000000 0.043558
660.000000 0.042221
661.000000 0.041045
662.000000 0.039929
663.000000 0.038781
664.000000 0.037639
665.000000 0.036596
666.000000 0.035616
667.000000 0.034616
668.000000 0.033650
669.000000 0.032755
670.000000 0.031928
671.000000 0.031139
672.000000 0.030361
673.000000 0.029633
674.000000 0.029007
675.000000 0.028432
676.000000 0.027932
677.000000 0.027494
678.000000 0.027094
679.000000 0.026820
680.000000 0.026603
681.000000 0.026429
682.000000 0.026250
683.000000 0.026129
684.000000 0.026172
685.000000 0.026186
686.000000 0.026153
687.000000 0.026180
688.000000 0.026295
689.000000 0.026482
690.000000 0.026672
691.000000 0.026874
692.000000 0.027139
693.000000 0.027461
694.000000 0.027793
695.000000 0.028137
696.000000 0.028469
697.000000 0.028803
698.000000 0.029192
699.000000 0.029594
700.000000 0.030017
701.000000 0.030445
702.000000 0.030850
703.000000 0.031272
704.000000 0.031707
705.000000 0.032111
706.000000 0.032503
707.000000 0.032900
708.000000 0.033311
709.000000 0.033728
710.000000 0.034108
711.000000 0.034457
712.000000 0.034816
713.000000 0.035201
714.000000 0.035543
715.000000 0.035858
716.000000 0.036137
717.000000 0.036422
718.000000 0.036720
719.000000 0.036928
720.000000 0.037073
721.000000 0.037219
722.000000 0.037414
723.000000 0.037624
724.000000 0.037747
725.000000 0.037836
726.000000 0.037937
727.000000 0.038026
728.000000 0.038119
729.000000 0.038217
730.000000 0.038338
731.000000 0.038449
732.000000 0.038588
733.000000 0.038751
734.000000 0.038888
735.000000 0.039014
736.000000 0.039160
737.000000 0.039357
738.000000 0.039642
739.000000 0.039964
740.000000 0.040266
741.000000 0.040619
742.000000 0.041047
743.000000 0.041482
744.000000 0.041936
745.000000 0.042431
746.000000 0.042964
747.000000 0.043544
748.000000 0.044154
749.000000 0.044802
750.000000 0.045495
751.000000 0.046299
752.000000 0.047164
753.000000 0.048076
754.000000 0.049036
755.000000 0.050036
756.000000 0.051057
757.000000 0.052048
758.000000 0.053075
759.000000 0.054194
760.000000 0.055385
761.000000 0.056617
762.000000 0.057895
763.000000 0.059154
764.000000 0.060484
765.000000 0.061910
766.000000 0.063324
767.000000 0.064754
768.000000 0.066214
769.000000 0.067712
770.000000 0.069222
771.000000 0.070731
772.000000 0.072209
773.000000 0.073660
774.000000 0.075124
775.000000 0.076484
776.000000 0.077896
777.000000 0.079348
778.000000 0.080595
779.000000 0.081708
780.000000 0.082745
781.000000 0.083693
782.000000 0.084540
783.000000 0.085231
784.000000 0.085759
785.000000 0.086103
786.000000 0.086183
787.000000 0.086092
788.000000 0.085811
789.000000 0.085290
790.000000 0.084616
791.000000 0.083794
792.000000 0.082766
793.000000 0.081495
794.000000 0.080023
795.000000 0.078377
796.000000 0.076522
797.000000 0.074409
798.000000 0.072140
799.000000 0.069774
800.000000 0.067315
801.000000 0.064854
802.000000 0.062313
803.000000 0.059685
804.000000 0.056958
805.000000 0.054241
806.000000 0.051684
807.000000 0.049124
808.000000 0.046496
809.000000 0.043903
810.000000 0.041336
811.000000 0.038850
812.000000 0.036583
813.000000 0.034467
814.000000 0.032411
815.000000 0.030421
816.000000 0.028456
817.000000 0.026590
818.000000 0.024936
819.000000 0.023432
820.000000 0.022015
821.000000 0.020629
822.000000 0.019339
823.000000 0.018237
824.000000 0.017282
825.000000 0.016320
826.000000 0.015367
827.000000 0.014573
828.000000 0.013894
829.000000 0.013217
830.000000 0.012541
831.000000 0.011913
832.000000 0.011367
833.000000 0.010899
834.000000 0.010485
835.000000 0.010114
836.000000 0.009758
837.000000 0.009440
838.000000 0.009132
839.000000 0.008826
840.000000 0.008585
841.000000 0.008375
842.000000 0.008174
843.000000 0.007970
844.000000 0.007810
845.000000 0.007674
846.000000 0.007508
847.000000 0.007380
848.000000 0.007299
849.000000 0.007220
850.000000 0.007098
851.000000 0.006977
852.000000 0.006902
853.000000 0.006847
854.000000 0.006786
855.000000 0.006727
856.000000 0.006643
857.000000 0.006549
858.000000 0.006498
859.000000 0.006467
860.000000 0.006422
861.000000 0.006334
862.000000 0.006256
863.000000 0.006237
864.000000 0.006210
865.000000 0.006182
866.000000 0.006169
867.000000 0.006133
868.000000 0.006104
869.000000 0.006097
870.000000 0.006113
871.000000 0.006137
872.000000 0.006168
873.000000 0.006190
874.000000 0.006194
875.000000 0.006191
876.000000 0.006168
877.000000 0.006170
878.000000 0.006209
879.000000 0.006257
880.000000 0.006261
881.000000 0.006219
882.000000 0.006241
883.000000 0.006302
884.000000 0.006336
885.000000 0.006349
886.000000 0.006372
887.000000 0.006412
888.000000 0.006436
889.000000 0.006465
890.000000 0.006499
891.000000 0.006522
892.000000 0.006538
893.000000 0.006554
894.000000 0.006589
895.000000 0.006643
896.000000 0.006729
897.000000 0.006835
898.000000 0.006923
899.000000 0.006990
900.000000 0.007045
901.000000 0.007095
902.000000 0.007138
903.000000 0.007195
904.000000 0.007298
905.000000 0.007437
906.000000 0.007564
907.000000 0.007647
908.000000 0.007712
909.000000 0.007775
910.000000 0.007838
911.000000 0.007868
912.000000 0.007885
913.000000 0.007913
914.000000 0.007927
915.000000 0.007946
916.000000 0.007951
917.000000 0.007979
918.000000 0.008043
919.000000 0.008087
920.000000 0.008149
921.000000 0.008207
922.000000 0.008249
923.000000 0.008283
924.000000 0.008338
925.000000 0.008394
926.000000 0.008383
927.000000 0.008378
928.000000 0.008420
929.000000 0.008481
930.000000 0.008517
931.000000 0.008533
932.000000 0.008574
933.000000 0.008599
934.000000 0.008627
935.000000 0.008678
936.000000 0.008671
937.000000 0.008645
938.000000 0.008660
939.000000 0.008675
940.000000 0.008679
941.000000 0.008690
942.000000 0.008726
943.000000 0.008757
944.000000 0.008771
945.000000 0.008766
946.000000 0.008791
947.000000 0.008838
948.000000 0.008832
949.000000 0.008779
950.000000 0.008707
951.000000 0.008664
952.000000 0.008632
953.000000 0.008606
954.000000 0.008609
955.000000 0.008615
956.000000 0.008594
957.000000 0.008550
958.000000 0.008539
959.000000 0.008535
960.000000 0.008502
961.000000 0.008455
962.000000 0.008424
963.000000 0.008390
964.000000 0.008345
965.000000 0.008314
966.000000 0.008276
967.000000 0.008217
968.000000 0.008174
969.000000 0.008178
970.000000 0.008181
971.000000 0.008189
972.000000 0.008169
973.000000 0.008103
974.000000 0.008049
975.000000 0.008015
976.000000 0.008008
977.000000 0.008016
978.000000 0.008016
979.000000 0.008015
980.000000 0.007995
981.000000 0.007994
982.000000 0.007970
983.000000 0.007923
984.000000 0.007936
985.000000 0.007965
986.000000 0.008000
987.000000 0.008042
988.000000 0.008082
989.000000 0.008104
990.000000 0.008128
991.000000 0.008157
992.000000 0.008183
993.000000 0.008212
994.000000 0.008220
995.000000 0.008219
