315.000000 0.109557
316.000000 0.110669
317.000000 0.112105
318.000000 0.114575
319.000000 0.117820
320.000000 0.120985
321.000000 0.123879
322.000000 0.126758
323.000000 0.129404
324.000000 0.132559
325.000000 0.135286
326.000000 0.137290
327.000000 0.139858
328.000000 0.142588
329.000000 0.145124
330.000000 0.147622
331.000000 0.150854
332.000000 0.154797
333.000000 0.158642
334.000000 0.161568
335.000000 0.163946
336.000000 0.167031
337.000000 0.170400
338.000000 0.173580
339.000000 0.176666
340.000000 0.180012
341.000000 0.183689
342.000000 0.187671
343.000000 0.191487
344.000000 0.194972
345.000000 0.198491
346.000000 0.201765
347.000000 0.205049
348.000000 0.208549
349.000000 0.211805
350.000000 0.214391
351.000000 0.216507
352.000000 0.218801
353.000000 0.220955
354.000000 0.222734
355.000000 0.224353
356.000000 0.225695
357.000000 0.226600
358.000000 0.227262
359.000000 0.227842
360.000000 0.228020
361.000000 0.227938
362.000000 0.227759
363.000000 0.227612
364.000000 0.227683
365.000000 0.227934
366.000000 0.228341
367.000000 0.228893
368.000000 0.229566
369.000000 0.230387
370.000000 0.231498
371.000000 0.232898
372.000000 0.234544
373.000000 0.235959
374.000000 0.237167
375.000000 0.238927
376.000000 0.241038
377.000000 0.242582
378.000000 0.243754
379.000000 0.245285
380.000000 0.246921
381.000000 0.248481
382.000000 0.249692
383.000000 0.250451
384.000000 0.251388
385.000000 0.252449
386.000000 0.253487
387.000000 0.254581
388.000000 0.255676
389.000000 0.256927
390.000000 0.258241
391.000000 0.259703
392.000000 0.261277
393.000000 0.262838
394.000000 0.264387
395.000000 0.265918
396.000000 0.267350
397.000000 0.268559
398.000000 0.269310
399.000000 0.269447
400.000000 0.269000
401.000000 0.267504
402.000000 0.265116
403.000000 0.262026
404.000000 0.258292
405.000000 0.253918
406.000000 0.248986
407.000000 0.244002
408.000000 0.238829
409.000000 0.233561
410.000000 0.228728
411.000000 0.223787
412.000000 0.218945
413.000000 0.214454
414.000000 0.209751
415.000000 0.205051
416.000000 0.200696
417.000000 0.196733
418.000000 0.192863
419.000000 0.189287
420.000000 0.185807
421.000000 0.182271
422.000000 0.178775
423.000000 0.175026
424.000000 0.171372
425.000000 0.167995
426.000000 0.164656
427.000000 0.161368
428.000000 0.158186
429.000000 0.155081
430.000000 0.152106
431.000000 0.149288
432.000000 0.146346
433.000000 0.143659
434.000000 0.141458
435.000000 0.139181
436.000000 0.137065
437.000000 0.135315
438.000000 0.133728
439.000000 0.132413
440.000000 0.131246
441.000000 0.130241
442.000000 0.129540
443.000000 0.128963
444.000000 0.128446
445.000000 0.127942
446.000000 0.127396
447.000000 0.126827
448.000000 0.126155
449.000000 0.125398
450.000000 0.124602
451.000000 0.123763
452.000000 0.122844
453.000000 0.121867
454.000000 0.120930
455.000000 0.120093
456.000000 0.119357
457.000000 0.118827
458.000000 0.118532
459.000000 0.118619
460.000000 0.119167
461.000000 0.120122
462.000000 0.121659
463.000000 0.123796
464.000000 0.126749
465.000000 0.130466
466.000000 0.134561
467.000000 0.139329
468.000000 0.144792
469.000000 0.150934
470.000000 0.157488
471.000000 0.163964
472.000000 0.170722
473.000000 0.177372
474.000000 0.183529
475.000000 0.189241
476.000000 0.194133
477.000000 0.198156
478.000000 0.201188
479.000000 0.203155
480.000000 0.204166
481.000000 0.204217
482.000000 0.203442
483.000000 0.201991
484.000000 0.199768
485.000000 0.196883
486.000000 0.193559
487.000000 0.189956
488.000000 0.186122
489.000000 0.182599
490.000000 0.179295
491.000000 0.175576
492.000000 0.171806
493.000000 0.168489
494.000000 0.165664
495.000000 0.162833
496.000000 0.160369
497.000000 0.158307
498.000000 0.156244
499.000000 0.154637
500.000000 0.153663
501.000000 0.153096
502.000000 0.153051
503.000000 0.153426
504.000000 0.154247
505.000000 0.155919
506.000000 0.158187
507.000000 0.160943
508.000000 0.164340
509.000000 0.168145
510.000000 0.172280
511.000000 0.177250
512.000000 0.182665
513.000000 0.188268
514.000000 0.193932
515.000000 0.199615
516.000000 0.205936
517.000000 0.212617
518.000000 0.219172
519.000000 0.225839
520.000000 0.232598
521.000000 0.238853
522.000000 0.244461
523.000000 0.249942
524.000000 0.254941
525.000000 0.258801
526.000000 0.262151
527.000000 0.265255
528.000000 0.267882
529.000000 0.269984
530.000000 0.271598
531.000000 0.273030
532.000000 0.274135
533.000000 0.274455
534.000000 0.274546
535.000000 0.274851
536.000000 0.275152
537.000000 0.275589
538.000000 0.276208
539.000000 0.277095
540.000000 0.278222
541.000000 0.279725
542.000000 0.281883
543.000000 0.284930
544.000000 0.288627
545.000000 0.293073
546.000000 0.298678
547.000000 0.305104
548.000000 0.312300
549.000000 0.320247
550.000000 0.328770
551.000000 0.338252
552.000000 0.348869
553.000000 0.360538
554.000000 0.372803
555.000000 0.385381
556.000000 0.398029
557.000000 0.411178
558.000000 0.425619
559.000000 0.439870
560.000000 0.453867
561.000000 0.467431
562.000000 0.480260
563.000000 0.492173
564.000000 0.502787
565.000000 0.512112
566.000000 0.519742
567.000000 0.525565
568.000000 0.529294
569.000000 0.530634
570.000000 0.529687
571.000000 0.526516
572.000000 0.521345
573.000000 0.514229
574.000000 0.504983
575.000000 0.494750
576.000000 0.483499
577.000000 0.471397
578.000000 0.458837
579.000000 0.445777
580.000000 0.432484
581.000000 0.419024
582.000000 0.406413
583.000000 0.394685
584.000000 0.383855
585.000000 0.374069
586.000000 0.364841
587.000000 0.356449
588.000000 0.349204
589.000000 0.343050
590.000000 0.337667
591.000000 0.332939
592.000000 0.329072
593.000000 0.325985
594.000000 0.323576
595.000000 0.321710
596.000000 0.320117
597.000000 0.318817
598.000000 0.317924
599.000000 0.317349
600.000000 0.317092
601.000000 0.317026
602.000000 0.316963
603.000000 0.316839
604.000000 0.316700
605.000000 0.316501
606.000000 0.316099
607.000000 0.315377
608.000000 0.314211
609.000000 0.312493
610.000000 0.310033
611.000000 0.306912
612.000000 0.303076
613.000000 0.298432
614.000000 0.292830
615.000000 0.286082
616.000000 0.278862
617.000000 0.270970
618.000000 0.261942
619.000000 0.252534
620.000000 0.242609
621.000000 0.231826
622.000000 0.221091
623.000000 0.210374
624.000000 0.199153
625.000000 0.188229
626.000000 0.177464
627.000000 0.166413
628.000000 0.155997
629.000000 0.146115
630.000000 0.136317
631.000000 0.126852
632.000000 0.118191
633.000000 0.110263
634.000000 0.102634
635.000000 0.095749
636.000000 0.089493
637.000000 0.083576
638.000000 0.078293
639.000000 0.073527
640.000000 0.069118
641.000000 0.065159
642.000000 0.061747
643.000000 0.058686
644.000000 0.055800
645.000000 0.053285
646.000000 0.051002
647.000000 0.048782
648.000000 0.046727
649.000000 0.044973
650.000000 0.043423
651.000000 0.041824
652.000000 0.040253
653.000000 0.038853
654.000000 0.037541
655.000000 0.036269
656.000000 0.034989
657.000000 0.033747
658.000000 0.032518
659.000000 0.031216
660.000000 0.029955
661.000000 0.028811
662.000000 0.027736
663.000000 0.026647
664.000000 0.025556
665.000000 0.024555
666.000000 0.023598
667.000000 0.022655
668.000000 0.021739
669.000000 0.020872
670.000000 0.020095
671.000000 0.019301
672.000000 0.018478
673.000000 0.017717
674.000000 0.017065
675.000000 0.016455
676.000000 0.015877
677.000000 0.015316
678.000000 0.014803
679.000000 0.014351
680.000000 0.013923
681.000000 0.013559
682.000000 0.013253
683.000000 0.013000
684.000000 0.012801
685.000000 0.012580
686.000000 0.012316
687.000000 0.012102
688.000000 0.012001
689.000000 0.011959
690.000000 0.011894
691.000000 0.011788
692.000000 0.011731
693.000000 0.011768
694.000000 0.011836
695.000000 0.011882
696.000000 0.011908
697.000000 0.011917
698.000000 0.011934
699.000000 0.011996
700.000000 0.012089
701.000000 0.012164
702.000000 0.012229
703.000000 0.012354
704.000000 0.012435
705.000000 0.012450
706.000000 0.012554
707.000000 0.012713
708.000000 0.012837
709.000000 0.012913
710.000000 0.012958
711.000000 0.013001
712.000000 0.013076
713.000000 0.013206
714.000000 0.013322
715.000000 0.013393
716.000000 0.013448
717.000000 0.013531
718.000000 0.013627
719.000000 0.013698
720.000000 0.013756
721.000000 0.013847
722.000000 0.013881
723.000000 0.013866
724.000000 0.013829
725.000000 0.013783
726.000000 0.013805
727.000000 0.013809
728.000000 0.013814
729.000000 0.013874
730.000000 0.013946
731.000000 0.013990
732.000000 0.014016
733.000000 0.013997
734.000000 0.013942
735.000000 0.013884
736.000000 0.013853
737.000000 0.013861
738.000000 0.013947
739.000000 0.014075
740.000000 0.014196
741.000000 0.014283
742.000000 0.014369
743.000000 0.014472
744.000000 0.014566
745.000000 0.014665
746.000000 0.014773
747.000000 0.014876
748.000000 0.014971
749.000000 0.015103
750.000000 0.015265
751.000000 0.015494
752.000000 0.015717
753.000000 0.015897
754.000000 0.016119
755.000000 0.016364
756.000000 0.016594
757.000000 0.016804
758.000000 0.017033
759.000000 0.017318
760.000000 0.017622
761.000000 0.017912
762.000000 0.018235
763.000000 0.018583
764.000000 0.018947
765.000000 0.019315
766.000000 0.019669
767.000000 0.020015
768.000000 0.020388
769.000000 0.020785
770.000000 0.021140
771.000000 0.021501
772.000000 0.021867
773.000000 0.022224
774.000000 0.022605
775.000000 0.022951
776.000000 0.023277
777.000000 0.023636
778.000000 0.023936
779.000000 0.024177
780.000000 0.024442
781.000000 0.024721
782.000000 0.025009
783.000000 0.025240
784.000000 0.025357
785.000000 0.025407
786.000000 0.025410
787.000000 0.025356
788.000000 0.025293
789.000000 0.025211
790.000000 0.025085
791.000000 0.024905
792.000000 0.024657
793.000000 0.024358
794.000000 0.024015
795.000000 0.023628
796.000000 0.023192
797.000000 0.022734
798.000000 0.022225
799.000000 0.021708
800.000000 0.021193
801.000000 0.020640
802.000000 0.020060
803.000000 0.019435
804.000000 0.018750
805.000000 0.018073
806.000000 0.017481
807.000000 0.016850
808.000000 0.016199
809.000000 0.015587
810.000000 0.014969
811.000000 0.014358
812.000000 0.013809
813.000000 0.013311
814.000000 0.012788
815.000000 0.012310
816.000000 0.011867
817.000000 0.011414
818.000000 0.010997
819.000000 0.010649
820.000000 0.010297
821.000000 0.009900
822.000000 0.009566
823.000000 0.009299
824.000000 0.009090
825.000000 0.008867
826.000000 0.008559
827.000000 0.008321
828.000000 0.008158
829.000000 0.007958
830.000000 0.007763
831.000000 0.007565
832.000000 0.007378
833.000000 0.007245
834.000000 0.007161
835.000000 0.007071
836.000000 0.006934
837.000000 0.006824
838.000000 0.006731
839.000000 0.006624
840.000000 0.006535
841.000000 0.006445
842.000000 0.006327
843.000000 0.006254
844.000000 0.006218
845.000000 0.006145
846.000000 0.006085
847.000000 0.006062
848.000000 0.006050
849.000000 0.006064
850.000000 0.006055
851.000000 0.005998
852.000000 0.005927
853.000000 0.005844
854.000000 0.005774
855.000000 0.005746
856.000000 0.005724
857.000000 0.005683
858.000000 0.005658
859.000000 0.005651
860.000000 0.005617
861.000000 0.005561
862.000000 0.005540
863.000000 0.005523
864.000000 0.005502
865.000000 0.005510
866.000000 0.005521
867.000000 0.005516
868.000000 0.005499
869.000000 0.005474
870.000000 0.005456
871.000000 0.005439
872.000000 0.005464
873.000000 0.005506
874.000000 0.005514
875.000000 0.005521
876.000000 0.005521
877.000000 0.005545
878.000000 0.005598
879.000000 0.005630
880.000000 0.005634
881.000000 0.005614
882.000000 0.005628
883.000000 0.005695
884.000000 0.005757
885.000000 0.005784
886.000000 0.005813
887.000000 0.005822
888.000000 0.005803
889.000000 0.005823
890.000000 0.005855
891.000000 0.005867
892.000000 0.005889
893.000000 0.005893
894.000000 0.005924
895.000000 0.005991
896.000000 0.006047
897.000000 0.006124
898.000000 0.006213
899.000000 0.006265
900.000000 0.006308
901.000000 0.006387
902.000000 0.006457
903.000000 0.006521
904.000000 0.006622
905.000000 0.006743
906.000000 0.006850
907.000000 0.006930
908.000000 0.006971
909.000000 0.006969
910.000000 0.006929
911.000000 0.006942
912.000000 0.007010
913.000000 0.007073
914.000000 0.007137
915.000000 0.007194
916.000000 0.007226
917.000000 0.007248
918.000000 0.007267
919.000000 0.007296
920.000000 0.007363
921.000000 0.007429
922.000000 0.007464
923.000000 0.007482
924.000000 0.007515
925.000000 0.007547
926.000000 0.007542
927.000000 0.007559
928.000000 0.007631
929.000000 0.007705
930.000000 0.007739
931.000000 0.007739
932.000000 0.007757
933.000000 0.007788
934.000000 0.007814
935.000000 0.007840
936.000000 0.007855
937.000000 0.007885
938.000000 0.007954
939.000000 0.008000
940.000000 0.008011
941.000000 0.008026
942.000000 0.008027
943.000000 0.007985
944.000000 0.007941
945.000000 0.007912
946.000000 0.007928
947.000000 0.007965
948.000000 0.007951
949.000000 0.007922
950.000000 0.007889
951.000000 0.007861
952.000000 0.007838
953.000000 0.007808
954.000000 0.007794
955.000000 0.007798
956.000000 0.007804
957.000000 0.007765
958.000000 0.007735
959.000000 0.007758
960.000000 0.007766
961.000000 0.007752
962.000000 0.007758
963.000000 0.007733
964.000000 0.007678
965.000000 0.007663
966.000000 0.007651
967.000000 0.007600
968.000000 0.007533
969.000000 0.007512
970.000000 0.007510
971.000000 0.007479
972.000000 0.007441
973.000000 0.007425
974.000000 0.007438
975.000000 0.007444
976.000000 0.007417
977.000000 0.007389
978.000000 0.007391
979.000000 0.007416
980.000000 0.007405
981.000000 0.007411
982.000000 0.007419
983.000000 0.007412
984.000000 0.007432
985.000000 0.007442
986.000000 0.007440
987.000000 0.007409
988.000000 0.007388
989.000000 0.007409
990.000000 0.007439
991.000000 0.007513
992.000000 0.007585
993.000000 0.007595
994.000000 0.007583
995.000000 0.007575
