315.000000 0.092738
316.000000 0.094907
317.000000 0.097552
318.000000 0.100653
319.000000 0.103722
320.000000 0.106137
321.000000 0.108382
322.000000 0.110572
323.000000 0.112735
324.000000 0.115286
325.000000 0.117030
326.000000 0.118744
327.000000 0.121386
328.000000 0.123646
329.000000 0.125568
330.000000 0.127808
331.000000 0.130584
332.000000 0.133237
333.000000 0.135594
334.000000 0.137651
335.000000 0.139807
336.000000 0.142373
337.000000 0.144939
338.000000 0.147520
339.000000 0.150064
340.000000 0.153211
341.000000 0.157016
342.000000 0.160833
343.000000 0.164250
344.000000 0.167497
345.000000 0.170941
346.000000 0.174257
347.000000 0.177585
348.000000 0.180747
349.000000 0.183067
350.000000 0.184777
351.000000 0.186782
352.000000 0.188817
353.000000 0.190349
354.000000 0.191697
355.000000 0.192933
356.000000 0.193888
357.000000 0.194407
358.000000 0.194601
359.000000 0.194653
360.000000 0.194319
361.000000 0.193712
362.000000 0.193214
363.000000 0.192820
364.000000 0.192437
365.000000 0.192063
366.000000 0.191938
367.000000 0.192117
368.000000 0.192465
369.000000 0.192963
370.000000 0.193793
371.000000 0.194772
372.000000 0.196332
373.000000 0.198307
374.000000 0.199812
375.000000 0.201370
376.000000 0.203198
377.000000 0.204800
378.000000 0.206029
379.000000 0.207099
380.000000 0.208584
381.000000 0.210359
382.000000 0.211832
383.000000 0.213253
384.000000 0.214540
385.000000 0.215894
386.000000 0.217571
387.000000 0.219277
388.000000 0.220968
389.000000 0.222795
390.000000 0.224720
391.000000 0.226594
392.000000 0.228624
393.000000 0.230888
394.000000 0.233090
395.000000 0.235209
396.000000 0.237209
397.000000 0.238914
398.000000 0.240075
399.000000 0.240745
400.000000 0.240764
401.000000 0.239773
402.000000 0.237909
403.000000 0.235277
404.000000 0.232117
405.000000 0.228152
406.000000 0.223386
407.000000 0.218473
408.000000 0.213493
409.000000 0.208537
410.000000 0.203939
411.000000 0.199099
412.000000 0.194601
413.000000 0.190740
414.000000 0.186675
415.000000 0.182605
416.000000 0.179057
417.000000 0.175965
418.000000 0.172975
419.000000 0.170214
420.000000 0.167371
421.000000 0.164498
422.000000 0.162007
423.000000 0.159422
424.000000 0.156559
425.000000 0.153823
426.000000 0.151167
427.000000 0.148645
428.000000 0.146324
429.000000 0.144029
430.000000 0.141793
431.000000 0.139742
432.000000 0.137668
433.000000 0.135839
434.000000 0.134376
435.000000 0.133100
436.000000 0.132062
437.000000 0.131207
438.000000 0.130598
439.000000 0.130269
440.000000 0.130176
441.000000 0.130168
442.000000 0.130377
443.000000 0.130930
444.000000 0.131481
445.000000 0.131925
446.000000 0.132311
447.000000 0.132657
448.000000 0.132907
449.000000 0.132962
450.000000 0.132826
451.000000 0.132591
452.000000 0.132250
453.000000 0.131721
454.000000 0.131227
455.000000 0.130947
456.000000 0.130737
457.000000 0.130692
458.000000 0.130993
459.000000 0.131708
460.000000 0.132865
461.000000 0.134464
462.000000 0.136877
463.000000 0.140091
464.000000 0.144161
465.000000 0.149134
466.000000 0.154554
467.000000 0.160864
468.000000 0.168074
469.000000 0.175985
470.000000 0.184406
471.000000 0.192782
472.000000 0.201461
473.000000 0.209998
474.000000 0.218022
475.000000 0.225490
476.000000 0.231861
477.000000 0.237191
478.000000 0.241356
479.000000 0.244219
480.000000 0.245802
481.000000 0.246151
482.000000 0.245538
483.000000 0.244046
484.000000 0.241633
485.000000 0.238501
486.000000 0.234742
487.000000 0.230555
488.000000 0.226118
489.000000 0.222169
490.000000 0.218852
491.000000 0.214824
492.000000 0.210376
493.000000 0.206169
494.000000 0.202504
495.000000 0.199332
496.000000 0.196524
497.000000 0.193905
498.000000 0.191324
499.000000 0.189383
500.000000 0.188246
501.000000 0.187576
502.000000 0.187547
503.000000 0.188340
504.000000 0.189606
505.000000 0.191569
506.000000 0.194322
507.000000 0.197812
508.000000 0.201932
509.000000 0.206670
510.000000 0.212062
511.000000 0.217884
512.000000 0.224173
513.000000 0.231015
514.000000 0.238203
515.000000 0.245891
516.000000 0.253729
517.000000 0.261449
518.000000 0.269147
519.000000 0.276994
520.000000 0.284854
521.000000 0.292385
522.000000 0.299359
523.000000 0.305772
524.000000 0.311608
525.000000 0.316513
526.000000 0.320924
527.000000 0.324909
528.000000 0.328185
529.000000 0.330629
530.000000 0.332471
531.000000 0.334053
532.000000 0.335146
533.000000 0.335762
534.000000 0.336310
535.000000 0.336716
536.000000 0.337112
537.000000 0.337591
538.000000 0.338481
539.000000 0.339762
540.000000 0.341228
541.000000 0.343363
542.000000 0.345974
543.000000 0.349387
544.000000 0.353885
545.000000 0.359234
546.000000 0.365764
547.000000 0.373508
548.000000 0.382267
549.000000 0.392033
550.000000 0.402442
551.000000 0.413890
552.000000 0.426536
553.000000 0.440238
554.000000 0.454672
555.000000 0.469692
556.000000 0.485108
557.000000 0.500993
558.000000 0.518233
559.000000 0.535274
560.000000 0.551998
561.000000 0.568279
562.000000 0.583763
563.000000 0.598275
564.000000 0.611295
565.000000 0.622589
566.000000 0.631810
567.000000 0.639102
568.000000 0.643864
569.000000 0.645582
570.000000 0.644501
571.000000 0.640661
572.000000 0.634468
573.000000 0.625828
574.000000 0.614491
575.000000 0.602102
576.000000 0.588588
577.000000 0.574003
578.000000 0.558813
579.000000 0.543209
580.000000 0.527230
581.000000 0.510967
582.000000 0.495839
583.000000 0.481726
584.000000 0.468737
585.000000 0.457005
586.000000 0.445809
587.000000 0.435859
588.000000 0.427342
589.000000 0.419923
590.000000 0.413509
591.000000 0.407820
592.000000 0.403096
593.000000 0.399258
594.000000 0.396348
595.000000 0.394342
596.000000 0.392663
597.000000 0.391213
598.000000 0.390094
599.000000 0.389312
600.000000 0.389018
601.000000 0.389017
602.000000 0.389018
603.000000 0.389064
604.000000 0.389101
605.000000 0.388828
606.000000 0.388275
607.000000 0.387423
608.000000 0.386066
609.000000 0.384092
610.000000 0.381251
611.000000 0.377651
612.000000 0.373164
613.000000 0.367687
614.000000 0.361041
615.000000 0.353041
616.000000 0.344482
617.000000 0.334976
618.000000 0.324048
619.000000 0.312707
620.000000 0.300767
621.000000 0.287762
622.000000 0.274810
623.000000 0.261898
624.000000 0.248413
625.000000 0.235306
626.000000 0.222363
627.000000 0.209104
628.000000 0.196677
629.000000 0.184914
630.000000 0.173218
631.000000 0.162011
632.000000 0.151882
633.000000 0.142499
634.000000 0.133400
635.000000 0.125258
636.000000 0.117863
637.000000 0.110843
638.000000 0.104645
639.000000 0.099137
640.000000 0.094037
641.000000 0.089434
642.000000 0.085482
643.000000 0.081996
644.000000 0.078814
645.000000 0.076054
646.000000 0.073495
647.000000 0.071034
648.000000 0.068783
649.000000 0.066890
650.000000 0.065228
651.000000 0.063558
652.000000 0.061988
653.000000 0.060556
654.000000 0.059224
655.000000 0.057916
656.000000 0.056598
657.000000 0.055402
658.000000 0.054244
659.000000 0.052989
660.000000 0.051725
661.000000 0.050620
662.000000 0.049612
663.000000 0.048574
664.000000 0.047536
665.000000 0.046591
666.000000 0.045709
667.000000 0.044858
668.000000 0.044063
669.000000 0.043304
670.000000 0.042651
671.000000 0.042094
672.000000 0.041573
673.000000 0.041116
674.000000 0.040710
675.000000 0.040349
676.000000 0.040069
677.000000 0.039856
678.000000 0.039710
679.000000 0.039655
680.000000 0.039681
681.000000 0.039761
682.000000 0.039905
683.000000 0.040148
684.000000 0.040419
685.000000 0.040660
686.000000 0.040927
687.000000 0.041278
688.000000 0.041759
689.000000 0.042296
690.000000 0.042804
691.000000 0.043349
692.000000 0.043973
693.000000 0.044671
694.000000 0.045409
695.000000 0.046140
696.000000 0.046836
697.000000 0.047550
698.000000 0.048347
699.000000 0.049181
700.000000 0.050044
701.000000 0.050903
702.000000 0.051686
703.000000 0.052466
704.000000 0.053296
705.000000 0.054116
706.000000 0.054962
707.000000 0.055800
708.000000 0.056593
709.000000 0.057331
710.000000 0.058020
711.000000 0.058687
712.000000 0.059353
713.000000 0.060016
714.000000 0.060571
715.000000 0.061102
716.000000 0.061667
717.000000 0.062231
718.000000 0.062742
719.000000 0.063149
720.000000 0.063508
721.000000 0.063862
722.000000 0.064220
723.000000 0.064528
724.000000 0.064753
725.000000 0.064932
726.000000 0.065098
727.000000 0.065257
728.000000 0.065396
729.000000 0.065583
730.000000 0.065826
731.000000 0.066055
732.000000 0.066325
733.000000 0.066602
734.000000 0.066863
735.000000 0.067138
736.000000 0.067465
737.000000 0.067890
738.000000 0.068409
739.000000 0.068999
740.000000 0.069602
741.000000 0.070244
742.000000 0.070995
743.000000 0.071839
744.000000 0.072732
745.000000 0.073690
746.000000 0.074746
747.000000 0.075837
748.000000 0.077005
749.000000 0.078271
750.000000 0.079609
751.000000 0.081101
752.000000 0.082654
753.000000 0.084271
754.000000 0.086014
755.000000 0.087811
756.000000 0.089644
757.000000 0.091549
758.000000 0.093539
759.000000 0.095640
760.000000 0.097878
761.000000 0.100184
762.000000 0.102520
763.000000 0.104929
764.000000 0.107462
765.000000 0.110123
766.000000 0.112832
767.000000 0.115545
768.000000 0.118280
769.000000 0.121061
770.000000 0.123874
771.000000 0.126725
772.000000 0.129561
773.000000 0.132331
774.000000 0.135122
775.000000 0.137863
776.000000 0.140694
777.000000 0.143503
778.000000 0.146014
779.000000 0.148290
780.000000 0.150346
781.000000 0.152275
782.000000 0.154011
783.000000 0.155433
784.000000 0.156589
785.000000 0.157380
786.000000 0.157733
787.000000 0.157771
788.000000 0.157467
789.000000 0.156699
790.000000 0.155497
791.000000 0.153935
792.000000 0.151971
793.000000 0.149556
794.000000 0.146751
795.000000 0.143592
796.000000 0.140109
797.000000 0.136177
798.000000 0.131919
799.000000 0.127487
800.000000 0.122876
801.000000 0.118182
802.000000 0.113342
803.000000 0.108346
804.000000 0.103130
805.000000 0.097853
806.000000 0.092798
807.000000 0.087805
808.000000 0.082778
809.000000 0.077861
810.000000 0.072977
811.000000 0.068148
812.000000 0.063633
813.000000 0.059432
814.000000 0.055434
815.000000 0.051673
816.000000 0.047968
817.000000 0.044409
818.000000 0.041231
819.000000 0.038347
820.000000 0.035618
821.000000 0.032926
822.000000 0.030462
823.000000 0.028294
824.000000 0.026365
825.000000 0.024547
826.000000 0.022791
827.000000 0.021240
828.000000 0.019869
829.000000 0.018617
830.000000 0.017401
831.000000 0.016287
832.000000 0.015355
833.000000 0.014539
834.000000 0.013742
835.000000 0.013008
836.000000 0.012367
837.000000 0.011779
838.000000 0.011252
839.000000 0.010758
840.000000 0.010331
841.000000 0.009941
842.000000 0.009597
843.000000 0.009316
844.000000 0.009042
845.000000 0.008746
846.000000 0.008463
847.000000 0.008226
848.000000 0.008040
849.000000 0.007892
850.000000 0.007736
851.000000 0.007562
852.000000 0.007396
853.000000 0.007273
854.000000 0.007182
855.000000 0.007091
856.000000 0.006988
857.000000 0.006874
858.000000 0.006785
859.000000 0.006720
860.000000 0.006655
861.000000 0.006601
862.000000 0.006561
863.000000 0.006537
864.000000 0.006515
865.000000 0.006506
866.000000 0.006486
867.000000 0.006413
868.000000 0.006367
869.000000 0.006343
870.000000 0.006296
871.000000 0.006266
872.000000 0.006298
873.000000 0.006344
874.000000 0.006332
875.000000 0.006320
876.000000 0.006305
877.000000 0.006269
878.000000 0.006248
879.000000 0.006231
880.000000 0.006228
881.000000 0.006221
882.000000 0.006247
883.000000 0.006301
884.000000 0.006329
885.000000 0.006353
886.000000 0.006380
887.000000 0.006374
888.000000 0.006364
889.000000 0.006407
890.000000 0.006441
891.000000 0.006482
892.000000 0.006543
893.000000 0.006569
894.000000 0.006606
895.000000 0.006678
896.000000 0.006755
897.000000 0.006837
898.000000 0.006908
899.000000 0.006963
900.000000 0.007026
901.000000 0.007101
902.000000 0.007163
903.000000 0.007214
904.000000 0.007303
905.000000 0.007432
906.000000 0.007529
907.000000 0.007605
908.000000 0.007666
909.000000 0.007706
910.000000 0.007739
911.000000 0.007764
912.000000 0.007824
913.000000 0.007898
914.000000 0.007948
915.000000 0.008004
916.000000 0.008044
917.000000 0.008080
918.000000 0.008123
919.000000 0.008147
920.000000 0.008188
921.000000 0.008226
922.000000 0.008245
923.000000 0.008276
924.000000 0.008326
925.000000 0.008356
926.000000 0.008349
927.000000 0.008380
928.000000 0.008452
929.000000 0.008503
930.000000 0.008558
931.000000 0.008593
932.000000 0.008633
933.000000 0.008671
934.000000 0.008690
935.000000 0.008722
936.000000 0.008725
937.000000 0.008744
938.000000 0.008787
939.000000 0.008784
940.000000 0.008772
941.000000 0.008777
942.000000 0.008780
943.000000 0.008779
944.000000 0.008774
945.000000 0.008748
946.000000 0.008742
947.000000 0.008769
948.000000 0.008781
949.000000 0.008778
950.000000 0.008754
951.000000 0.008706
952.000000 0.008675
953.000000 0.008662
954.000000 0.008634
955.000000 0.008618
956.000000 0.008590
957.000000 0.008542
958.000000 0.008516
959.000000 0.008498
960.000000 0.008477
961.000000 0.008446
962.000000 0.008409
963.000000 0.008356
964.000000 0.008316
965.000000 0.008317
966.000000 0.008286
967.000000 0.008221
968.000000 0.008190
969.000000 0.008207
970.000000 0.008221
971.000000 0.008184
972.000000 0.008108
973.000000 0.008055
974.000000 0.008018
975.000000 0.007959
976.000000 0.007914
977.000000 0.007905
978.000000 0.007937
979.000000 0.007989
980.000000 0.007969
981.000000 0.007934
982.000000 0.007909
983.000000 0.007880
984.000000 0.007887
985.000000 0.007885
986.000000 0.007894
987.000000 0.007913
988.000000 0.007942
989.000000 0.007996
990.000000 0.008062
991.000000 0.008117
992.000000 0.008136
993.000000 0.008140
994.000000 0.008119
995.000000 0.008078
