315.000000 0.095317
316.000000 0.095460
317.000000 0.096729
318.000000 0.099164
319.000000 0.102001
320.000000 0.104955
321.000000 0.107257
322.000000 0.108965
323.000000 0.110560
324.000000 0.113009
325.000000 0.115227
326.000000 0.116911
327.000000 0.119172
328.000000 0.121461
329.000000 0.123688
330.000000 0.125926
331.000000 0.128420
332.000000 0.131126
333.000000 0.133677
334.000000 0.135566
335.000000 0.137548
336.000000 0.140362
337.000000 0.143106
338.000000 0.145768
339.000000 0.148679
340.000000 0.151890
341.000000 0.155472
342.000000 0.159370
343.000000 0.162911
344.000000 0.166071
345.000000 0.169346
346.000000 0.172469
347.000000 0.175548
348.000000 0.178764
349.000000 0.181533
350.000000 0.183595
351.000000 0.185583
352.000000 0.187552
353.000000 0.189114
354.000000 0.190474
355.000000 0.191742
356.000000 0.192791
357.000000 0.193319
358.000000 0.193447
359.000000 0.193508
360.000000 0.193155
361.000000 0.192724
362.000000 0.192346
363.000000 0.191782
364.000000 0.191357
365.000000 0.191082
366.000000 0.190966
367.000000 0.191168
368.000000 0.191717
369.000000 0.192348
370.000000 0.193126
371.000000 0.194074
372.000000 0.195437
373.000000 0.197073
374.000000 0.198665
375.000000 0.200176
376.000000 0.201364
377.000000 0.202708
378.000000 0.204193
379.000000 0.205802
380.000000 0.207905
381.000000 0.210297
382.000000 0.212102
383.000000 0.213040
384.000000 0.214199
385.000000 0.216274
386.000000 0.218226
387.000000 0.219658
388.000000 0.220986
389.000000 0.222318
390.000000 0.223924
391.000000 0.225748
392.000000 0.227743
393.000000 0.229893
394.000000 0.232077
395.000000 0.234538
396.000000 0.237001
397.000000 0.238914
398.000000 0.240238
399.000000 0.240842
400.000000 0.240742
401.000000 0.239871
402.000000 0.238005
403.000000 0.235146
404.000000 0.231828
405.000000 0.227872
406.000000 0.223294
407.000000 0.218667
408.000000 0.213653
409.000000 0.208442
410.000000 0.203616
411.000000 0.198984
412.000000 0.194669
413.000000 0.190537
414.000000 0.186551
415.000000 0.182959
416.000000 0.179567
417.000000 0.176404
418.000000 0.173390
419.000000 0.170546
420.000000 0.167835
421.000000 0.165202
422.000000 0.162628
423.000000 0.159978
424.000000 0.157328
425.000000 0.154658
426.000000 0.152029
427.000000 0.149519
428.000000 0.147009
429.000000 0.144608
430.000000 0.142417
431.000000 0.140328
432.000000 0.138096
433.000000 0.136256
434.000000 0.134918
435.000000 0.133656
436.000000 0.132577
437.000000 0.131769
438.000000 0.131207
439.000000 0.130872
440.000000 0.130757
441.000000 0.130796
442.000000 0.131009
443.000000 0.131440
444.000000 0.131881
445.000000 0.132159
446.000000 0.132479
447.000000 0.132837
448.000000 0.133020
449.000000 0.133059
450.000000 0.132933
451.000000 0.132631
452.000000 0.132221
453.000000 0.131697
454.000000 0.131135
455.000000 0.130700
456.000000 0.130397
457.000000 0.130334
458.000000 0.130567
459.000000 0.131206
460.000000 0.132378
461.000000 0.133997
462.000000 0.136348
463.000000 0.139493
464.000000 0.143496
465.000000 0.148387
466.000000 0.153779
467.000000 0.160019
468.000000 0.167135
469.000000 0.175065
470.000000 0.183566
471.000000 0.191925
472.000000 0.200527
473.000000 0.209030
474.000000 0.217030
475.000000 0.224451
476.000000 0.230783
477.000000 0.236112
478.000000 0.240253
479.000000 0.243070
480.000000 0.244624
481.000000 0.244973
482.000000 0.244326
483.000000 0.242760
484.000000 0.240286
485.000000 0.237079
486.000000 0.233296
487.000000 0.229209
488.000000 0.224919
489.000000 0.220758
490.000000 0.216878
491.000000 0.212797
492.000000 0.208574
493.000000 0.204556
494.000000 0.200900
495.000000 0.197410
496.000000 0.194670
497.000000 0.192486
498.000000 0.189967
499.000000 0.187617
500.000000 0.186249
501.000000 0.185903
502.000000 0.186157
503.000000 0.186810
504.000000 0.187930
505.000000 0.189940
506.000000 0.192921
507.000000 0.196561
508.000000 0.200462
509.000000 0.204927
510.000000 0.210061
511.000000 0.215821
512.000000 0.222114
513.000000 0.228766
514.000000 0.235882
515.000000 0.243410
516.000000 0.251339
517.000000 0.259510
518.000000 0.267513
519.000000 0.275358
520.000000 0.283110
521.000000 0.290507
522.000000 0.297414
523.000000 0.303725
524.000000 0.309498
525.000000 0.314412
526.000000 0.318699
527.000000 0.322563
528.000000 0.325858
529.000000 0.328378
530.000000 0.330315
531.000000 0.331829
532.000000 0.332860
533.000000 0.333477
534.000000 0.333952
535.000000 0.334374
536.000000 0.334819
537.000000 0.335296
538.000000 0.336160
539.000000 0.337424
540.000000 0.338658
541.000000 0.340705
542.000000 0.343424
543.000000 0.346992
544.000000 0.351716
545.000000 0.357138
546.000000 0.363648
547.000000 0.371351
548.000000 0.380046
549.000000 0.389652
550.000000 0.400117
551.000000 0.411896
552.000000 0.424667
553.000000 0.438296
554.000000 0.452643
555.000000 0.467556
556.000000 0.482726
557.000000 0.498522
558.000000 0.515716
559.000000 0.532790
560.000000 0.549694
561.000000 0.565994
562.000000 0.581473
563.000000 0.595887
564.000000 0.608816
565.000000 0.620101
566.000000 0.629420
567.000000 0.636743
568.000000 0.641345
569.000000 0.642961
570.000000 0.641763
571.000000 0.638099
572.000000 0.632136
573.000000 0.623670
574.000000 0.612565
575.000000 0.600214
576.000000 0.586802
577.000000 0.572277
578.000000 0.557070
579.000000 0.541380
580.000000 0.525410
581.000000 0.509303
582.000000 0.494212
583.000000 0.480110
584.000000 0.467112
585.000000 0.455253
586.000000 0.444035
587.000000 0.434083
588.000000 0.425484
589.000000 0.418168
590.000000 0.411895
591.000000 0.406234
592.000000 0.401610
593.000000 0.397985
594.000000 0.395210
595.000000 0.393072
596.000000 0.391212
597.000000 0.389742
598.000000 0.388693
599.000000 0.387994
600.000000 0.387723
601.000000 0.387773
602.000000 0.387797
603.000000 0.387774
604.000000 0.387777
605.000000 0.387653
606.000000 0.387314
607.000000 0.386547
608.000000 0.385220
609.000000 0.383319
610.000000 0.380584
611.000000 0.377033
612.000000 0.372513
613.000000 0.367014
614.000000 0.360369
615.000000 0.352380
616.000000 0.343902
617.000000 0.334557
618.000000 0.323791
619.000000 0.312543
620.000000 0.300654
621.000000 0.287772
622.000000 0.274895
623.000000 0.262030
624.000000 0.248674
625.000000 0.235637
626.000000 0.222769
627.000000 0.209677
628.000000 0.197386
629.000000 0.185650
630.000000 0.174004
631.000000 0.162872
632.000000 0.152789
633.000000 0.143497
634.000000 0.134485
635.000000 0.126333
636.000000 0.118949
637.000000 0.112012
638.000000 0.105873
639.000000 0.100398
640.000000 0.095329
641.000000 0.090793
642.000000 0.086927
643.000000 0.083561
644.000000 0.080434
645.000000 0.077691
646.000000 0.075187
647.000000 0.072830
648.000000 0.070688
649.000000 0.068862
650.000000 0.067270
651.000000 0.065656
652.000000 0.064142
653.000000 0.062751
654.000000 0.061438
655.000000 0.060194
656.000000 0.058956
657.000000 0.057758
658.000000 0.056595
659.000000 0.055406
660.000000 0.054268
661.000000 0.053256
662.000000 0.052276
663.000000 0.051271
664.000000 0.050280
665.000000 0.049412
666.000000 0.048661
667.000000 0.047891
668.000000 0.047127
669.000000 0.046442
670.000000 0.045882
671.000000 0.045372
672.000000 0.044865
673.000000 0.044456
674.000000 0.044127
675.000000 0.043871
676.000000 0.043728
677.000000 0.043644
678.000000 0.043637
679.000000 0.043656
680.000000 0.043699
681.000000 0.043854
682.000000 0.044065
683.000000 0.044351
684.000000 0.044712
685.000000 0.045067
686.000000 0.045424
687.000000 0.045904
688.000000 0.046529
689.000000 0.047187
690.000000 0.047818
691.000000 0.048482
692.000000 0.049242
693.000000 0.050069
694.000000 0.050936
695.000000 0.051787
696.000000 0.052634
697.000000 0.053499
698.000000 0.054410
699.000000 0.055359
700.000000 0.056337
701.000000 0.057305
702.000000 0.058233
703.000000 0.059168
704.000000 0.060097
705.000000 0.061021
706.000000 0.061987
707.000000 0.062937
708.000000 0.063786
709.000000 0.064644
710.000000 0.065488
711.000000 0.066246
712.000000 0.067038
713.000000 0.067817
714.000000 0.068484
715.000000 0.069130
716.000000 0.069750
717.000000 0.070337
718.000000 0.070870
719.000000 0.071317
720.000000 0.071722
721.000000 0.072089
722.000000 0.072442
723.000000 0.072799
724.000000 0.073116
725.000000 0.073396
726.000000 0.073658
727.000000 0.073871
728.000000 0.074069
729.000000 0.074307
730.000000 0.074588
731.000000 0.074866
732.000000 0.075202
733.000000 0.075557
734.000000 0.075915
735.000000 0.076320
736.000000 0.076721
737.000000 0.077163
738.000000 0.077730
739.000000 0.078432
740.000000 0.079161
741.000000 0.079925
742.000000 0.080781
743.000000 0.081710
744.000000 0.082717
745.000000 0.083797
746.000000 0.084984
747.000000 0.086281
748.000000 0.087664
749.000000 0.089128
750.000000 0.090665
751.000000 0.092364
752.000000 0.094189
753.000000 0.096086
754.000000 0.098062
755.000000 0.100151
756.000000 0.102316
757.000000 0.104530
758.000000 0.106847
759.000000 0.109294
760.000000 0.111875
761.000000 0.114489
762.000000 0.117148
763.000000 0.119901
764.000000 0.122803
765.000000 0.125845
766.000000 0.128971
767.000000 0.132098
768.000000 0.135255
769.000000 0.138495
770.000000 0.141737
771.000000 0.144995
772.000000 0.148242
773.000000 0.151425
774.000000 0.154611
775.000000 0.157758
776.000000 0.160989
777.000000 0.164203
778.000000 0.167140
779.000000 0.169843
780.000000 0.172281
781.000000 0.174479
782.000000 0.176403
783.000000 0.178050
784.000000 0.179391
785.000000 0.180293
786.000000 0.180720
787.000000 0.180729
788.000000 0.180320
789.000000 0.179435
790.000000 0.178067
791.000000 0.176270
792.000000 0.174032
793.000000 0.171295
794.000000 0.168081
795.000000 0.164478
796.000000 0.160494
797.000000 0.155943
798.000000 0.150987
799.000000 0.145889
800.000000 0.140621
801.000000 0.135186
802.000000 0.129571
803.000000 0.123790
804.000000 0.117740
805.000000 0.111611
806.000000 0.105726
807.000000 0.099970
808.000000 0.094264
809.000000 0.088691
810.000000 0.083082
811.000000 0.077538
812.000000 0.072378
813.000000 0.067518
814.000000 0.062882
815.000000 0.058526
816.000000 0.054274
817.000000 0.050178
818.000000 0.046476
819.000000 0.043100
820.000000 0.039948
821.000000 0.036903
822.000000 0.034086
823.000000 0.031601
824.000000 0.029364
825.000000 0.027205
826.000000 0.025159
827.000000 0.023413
828.000000 0.021868
829.000000 0.020423
830.000000 0.019025
831.000000 0.017719
832.000000 0.016604
833.000000 0.015642
834.000000 0.014762
835.000000 0.013959
836.000000 0.013222
837.000000 0.012586
838.000000 0.012017
839.000000 0.011459
840.000000 0.010952
841.000000 0.010503
842.000000 0.010064
843.000000 0.009671
844.000000 0.009381
845.000000 0.009080
846.000000 0.008788
847.000000 0.008578
848.000000 0.008371
849.000000 0.008213
850.000000 0.008039
851.000000 0.007824
852.000000 0.007647
853.000000 0.007503
854.000000 0.007370
855.000000 0.007246
856.000000 0.007154
857.000000 0.007054
858.000000 0.006982
859.000000 0.006945
860.000000 0.006855
861.000000 0.006738
862.000000 0.006642
863.000000 0.006569
864.000000 0.006529
865.000000 0.006520
866.000000 0.006501
867.000000 0.006463
868.000000 0.006448
869.000000 0.006415
870.000000 0.006360
871.000000 0.006317
872.000000 0.006319
873.000000 0.006352
874.000000 0.006360
875.000000 0.006350
876.000000 0.006333
877.000000 0.006360
878.000000 0.006402
879.000000 0.006406
880.000000 0.006397
881.000000 0.006341
882.000000 0.006332
883.000000 0.006401
884.000000 0.006418
885.000000 0.006399
886.000000 0.006431
887.000000 0.006473
888.000000 0.006450
889.000000 0.006429
890.000000 0.006430
891.000000 0.006448
892.000000 0.006496
893.000000 0.006530
894.000000 0.006583
895.000000 0.006668
896.000000 0.006740
897.000000 0.006807
898.000000 0.006892
899.000000 0.006967
900.000000 0.007033
901.000000 0.007117
902.000000 0.007180
903.000000 0.007218
904.000000 0.007299
905.000000 0.007426
906.000000 0.007533
907.000000 0.007623
908.000000 0.007696
909.000000 0.007743
910.000000 0.007777
911.000000 0.007827
912.000000 0.007880
913.000000 0.007918
914.000000 0.007961
915.000000 0.008007
916.000000 0.008032
917.000000 0.008046
918.000000 0.008087
919.000000 0.008147
920.000000 0.008211
921.000000 0.008251
922.000000 0.008285
923.000000 0.008330
924.000000 0.008378
925.000000 0.008402
926.000000 0.008381
927.000000 0.008376
928.000000 0.008428
929.000000 0.008498
930.000000 0.008538
931.000000 0.008565
932.000000 0.008619
933.000000 0.008652
934.000000 0.008678
935.000000 0.008720
936.000000 0.008751
937.000000 0.008769
938.000000 0.008792
939.000000 0.008773
940.000000 0.008712
941.000000 0.008688
942.000000 0.008697
943.000000 0.008710
944.000000 0.008735
945.000000 0.008733
946.000000 0.008728
947.000000 0.008755
948.000000 0.008762
949.000000 0.008748
950.000000 0.008711
951.000000 0.008669
952.000000 0.008630
953.000000 0.008608
954.000000 0.008608
955.000000 0.008602
956.000000 0.008583
957.000000 0.008568
958.000000 0.008550
959.000000 0.008512
960.000000 0.008469
961.000000 0.008414
962.000000 0.008361
963.000000 0.008329
964.000000 0.008302
965.000000 0.008296
966.000000 0.008276
967.000000 0.008206
968.000000 0.008148
969.000000 0.008152
970.000000 0.008154
971.000000 0.008110
972.000000 0.008049
973.000000 0.007993
974.000000 0.007951
975.000000 0.007910
976.000000 0.007883
977.000000 0.007896
978.000000 0.007933
979.000000 0.007948
980.000000 0.007941
981.000000 0.007946
982.000000 0.007919
983.000000 0.007878
984.000000 0.007875
985.000000 0.007877
986.000000 0.007871
987.000000 0.007877
988.000000 0.007912
989.000000 0.007938
990.000000 0.007950
991.000000 0.007980
992.000000 0.008019
993.000000 0.008039
994.000000 0.008053
995.000000 0.008071
