315.000000 0.144173
316.000000 0.145335
317.000000 0.145858
318.000000 0.147394
319.000000 0.150156
320.000000 0.152456
321.000000 0.154081
322.000000 0.155937
323.000000 0.158117
324.000000 0.160394
325.000000 0.162677
326.000000 0.164393
327.000000 0.165961
328.000000 0.167276
329.000000 0.168762
330.000000 0.170486
331.000000 0.171633
332.000000 0.172863
333.000000 0.174082
334.000000 0.174964
335.000000 0.176230
336.000000 0.177750
337.000000 0.179125
338.000000 0.180422
339.000000 0.181884
340.000000 0.183473
341.000000 0.184907
342.000000 0.186131
343.000000 0.187258
344.000000 0.188413
345.000000 0.189360
346.000000 0.190202
347.000000 0.190593
348.000000 0.190624
349.000000 0.190513
350.000000 0.190188
351.000000 0.189809
352.000000 0.189137
353.000000 0.188277
354.000000 0.187417
355.000000 0.186442
356.000000 0.185033
357.000000 0.183710
358.000000 0.182493
359.000000 0.180988
360.000000 0.179428
361.000000 0.178072
362.000000 0.176859
363.000000 0.175668
364.000000 0.174644
365.000000 0.173741
366.000000 0.172839
367.000000 0.171870
368.000000 0.170840
369.000000 0.169812
370.000000 0.168818
371.000000 0.167846
372.000000 0.166908
373.000000 0.165785
374.000000 0.164391
375.000000 0.163551
376.000000 0.163140
377.000000 0.162645
378.000000 0.161557
379.000000 0.160029
380.000000 0.158526
381.000000 0.157422
382.000000 0.156821
383.000000 0.155996
384.000000 0.155284
385.000000 0.154939
386.000000 0.154772
387.000000 0.154812
388.000000 0.155126
389.000000 0.155420
390.000000 0.155562
391.000000 0.155863
392.000000 0.156518
393.000000 0.157275
394.000000 0.158076
395.000000 0.159188
396.000000 0.160274
397.000000 0.161438
398.000000 0.162841
399.000000 0.164183
400.000000 0.165517
401.000000 0.166739
402.000000 0.168137
403.000000 0.169688
404.000000 0.171035
405.000000 0.172422
406.000000 0.173838
407.000000 0.175160
408.000000 0.176496
409.000000 0.177718
410.000000 0.178680
411.000000 0.179667
412.000000 0.180769
413.000000 0.182005
414.000000 0.183669
415.000000 0.185398
416.000000 0.186645
417.000000 0.187980
418.000000 0.189695
419.000000 0.191330
420.000000 0.193235
421.000000 0.195470
422.000000 0.197740
423.000000 0.200131
424.000000 0.202650
425.000000 0.205143
426.000000 0.207714
427.000000 0.209984
428.000000 0.211701
429.000000 0.213115
430.000000 0.214103
431.000000 0.214539
432.000000 0.214294
433.000000 0.213380
434.000000 0.212027
435.000000 0.209948
436.000000 0.207148
437.000000 0.203934
438.000000 0.200373
439.000000 0.196674
440.000000 0.192678
441.000000 0.188553
442.000000 0.184483
443.000000 0.180230
444.000000 0.175946
445.000000 0.171811
446.000000 0.167522
447.000000 0.163263
448.000000 0.159127
449.000000 0.155024
450.000000 0.151160
451.000000 0.147367
452.000000 0.143570
453.000000 0.139990
454.000000 0.136428
455.000000 0.132894
456.000000 0.129567
457.000000 0.126440
458.000000 0.123529
459.000000 0.120643
460.000000 0.117893
461.000000 0.115403
462.000000 0.113019
463.000000 0.110767
464.000000 0.108510
465.000000 0.106356
466.000000 0.104604
467.000000 0.102837
468.000000 0.101026
469.000000 0.099372
470.000000 0.097800
471.000000 0.096348
472.000000 0.094966
473.000000 0.093677
474.000000 0.092559
475.000000 0.091502
476.000000 0.090446
477.000000 0.089493
478.000000 0.088642
479.000000 0.087940
480.000000 0.087286
481.000000 0.086654
482.000000 0.086113
483.000000 0.085668
484.000000 0.085368
485.000000 0.085143
486.000000 0.085011
487.000000 0.084962
488.000000 0.085001
489.000000 0.085431
490.000000 0.086141
491.000000 0.086782
492.000000 0.087509
493.000000 0.088181
494.000000 0.088872
495.000000 0.089704
496.000000 0.090590
497.000000 0.091558
498.000000 0.092447
499.000000 0.093321
500.000000 0.094437
501.000000 0.096196
502.000000 0.098025
503.000000 0.099364
504.000000 0.101110
505.000000 0.102956
506.000000 0.104912
507.000000 0.107420
508.000000 0.109880
509.000000 0.112504
510.000000 0.115266
511.000000 0.118169
512.000000 0.121279
513.000000 0.124430
514.000000 0.127336
515.000000 0.130302
516.000000 0.133286
517.000000 0.136101
518.000000 0.138963
519.000000 0.141668
520.000000 0.144121
521.000000 0.146357
522.000000 0.148664
523.000000 0.150594
524.000000 0.152011
525.000000 0.153375
526.000000 0.154596
527.000000 0.155542
528.000000 0.156417
529.000000 0.157303
530.000000 0.157972
531.000000 0.158374
532.000000 0.158544
533.000000 0.158793
534.000000 0.159414
535.000000 0.160303
536.000000 0.161212
537.000000 0.162754
538.000000 0.165067
539.000000 0.167189
540.000000 0.169529
541.000000 0.172554
542.000000 0.176316
543.000000 0.180844
544.000000 0.186076
545.000000 0.191954
546.000000 0.198086
547.000000 0.204488
548.000000 0.211366
549.000000 0.218611
550.000000 0.225896
551.000000 0.233104
552.000000 0.240375
553.000000 0.247468
554.000000 0.254154
555.000000 0.260341
556.000000 0.265648
557.000000 0.270227
558.000000 0.274242
559.000000 0.276966
560.000000 0.278355
561.000000 0.278435
562.000000 0.277139
563.000000 0.274573
564.000000 0.270845
565.000000 0.266105
566.000000 0.260224
567.000000 0.253094
568.000000 0.245137
569.000000 0.236460
570.000000 0.227225
571.000000 0.217589
572.000000 0.207911
573.000000 0.198191
574.000000 0.188249
575.000000 0.178931
576.000000 0.170012
577.000000 0.161518
578.000000 0.153390
579.000000 0.145479
580.000000 0.138078
581.000000 0.131178
582.000000 0.124991
583.000000 0.119418
584.000000 0.114566
585.000000 0.110132
586.000000 0.105903
587.000000 0.102436
588.000000 0.099499
589.000000 0.096783
590.000000 0.094460
591.000000 0.092493
592.000000 0.090982
593.000000 0.089716
594.000000 0.088534
595.000000 0.087465
596.000000 0.086563
597.000000 0.086146
598.000000 0.085880
599.000000 0.085473
600.000000 0.085296
601.000000 0.085374
602.000000 0.085509
603.000000 0.085673
604.000000 0.085878
605.000000 0.086214
606.000000 0.086685
607.000000 0.087288
608.000000 0.088027
609.000000 0.088879
610.000000 0.089833
611.000000 0.090834
612.000000 0.091926
613.000000 0.093138
614.000000 0.094579
615.000000 0.096174
616.000000 0.097761
617.000000 0.099525
618.000000 0.101644
619.000000 0.103939
620.000000 0.106381
621.000000 0.109084
622.000000 0.111868
623.000000 0.114869
624.000000 0.118230
625.000000 0.121676
626.000000 0.125278
627.000000 0.129298
628.000000 0.133481
629.000000 0.137845
630.000000 0.142623
631.000000 0.147663
632.000000 0.152664
633.000000 0.157759
634.000000 0.163251
635.000000 0.168762
636.000000 0.174381
637.000000 0.180340
638.000000 0.186179
639.000000 0.191975
640.000000 0.198030
641.000000 0.204114
642.000000 0.209816
643.000000 0.215327
644.000000 0.221035
645.000000 0.226537
646.000000 0.231804
647.000000 0.237035
648.000000 0.242146
649.000000 0.246911
650.000000 0.251298
651.000000 0.255660
652.000000 0.259891
653.000000 0.263634
654.000000 0.267069
655.000000 0.270404
656.000000 0.273550
657.000000 0.276412
658.000000 0.279082
659.000000 0.281684
660.000000 0.284169
661.000000 0.286518
662.000000 0.288805
663.000000 0.291147
664.000000 0.293577
665.000000 0.296039
666.000000 0.298662
667.000000 0.301544
668.000000 0.304652
669.000000 0.307915
670.000000 0.311380
671.000000 0.315270
672.000000 0.319614
673.000000 0.324493
674.000000 0.329599
675.000000 0.335164
676.000000 0.341616
677.000000 0.348787
678.000000 0.356556
679.000000 0.364529
680.000000 0.373066
681.000000 0.382588
682.000000 0.392890
683.000000 0.404086
684.000000 0.415735
685.000000 0.427896
686.000000 0.441176
687.000000 0.455378
688.000000 0.470226
689.000000 0.485595
690.000000 0.500878
691.000000 0.516428
692.000000 0.532931
693.000000 0.549955
694.000000 0.567333
695.000000 0.585024
696.000000 0.602117
697.000000 0.618787
698.000000 0.635839
699.000000 0.652795
700.000000 0.669406
701.000000 0.685432
702.000000 0.700170
703.000000 0.713876
704.000000 0.727154
705.000000 0.739498
706.000000 0.750560
707.000000 0.760246
708.000000 0.768567
709.000000 0.775322
710.000000 0.780268
711.000000 0.783521
712.000000 0.785172
713.000000 0.785045
714.000000 0.783121
715.000000 0.779436
716.000000 0.773942
717.000000 0.766688
718.000000 0.757716
719.000000 0.747648
720.000000 0.736391
721.000000 0.723379
722.000000 0.708954
723.000000 0.693463
724.000000 0.677060
725.000000 0.660004
726.000000 0.642439
727.000000 0.624265
728.000000 0.605443
729.000000 0.586099
730.000000 0.566482
731.000000 0.547955
732.000000 0.529885
733.000000 0.510976
734.000000 0.491858
735.000000 0.472790
736.000000 0.453939
737.000000 0.435403
738.000000 0.417171
739.000000 0.399238
740.000000 0.381691
741.000000 0.364656
742.000000 0.348124
743.000000 0.332102
744.000000 0.316570
745.000000 0.301467
746.000000 0.286873
747.000000 0.272753
748.000000 0.259046
749.000000 0.245746
750.000000 0.232985
751.000000 0.220698
752.000000 0.208819
753.000000 0.197337
754.000000 0.186274
755.000000 0.175618
756.000000 0.165407
757.000000 0.155717
758.000000 0.146490
759.000000 0.137591
760.000000 0.128966
761.000000 0.120792
762.000000 0.112993
763.000000 0.105463
764.000000 0.098307
765.000000 0.091487
766.000000 0.084939
767.000000 0.078710
768.000000 0.072874
769.000000 0.067322
770.000000 0.062015
771.000000 0.057056
772.000000 0.052427
773.000000 0.048079
774.000000 0.043923
775.000000 0.039998
776.000000 0.036168
777.000000 0.032437
778.000000 0.029081
779.000000 0.026062
780.000000 0.023236
781.000000 0.020563
782.000000 0.018124
783.000000 0.015913
784.000000 0.013893
785.000000 0.012009
786.000000 0.010165
787.000000 0.008447
788.000000 0.006873
789.000000 0.005461
790.000000 0.004176
791.000000 0.003020
792.000000 0.001950
793.000000 0.000976
794.000000 0.000095
795.000000 -0.000762
796.000000 -0.001517
797.000000 -0.002236
798.000000 -0.002896
799.000000 -0.003458
800.000000 -0.004016
801.000000 -0.004531
802.000000 -0.004939
803.000000 -0.005279
804.000000 -0.005561
805.000000 -0.005767
806.000000 -0.005976
807.000000 -0.006233
808.000000 -0.006468
809.000000 -0.006649
810.000000 -0.006825
811.000000 -0.007044
812.000000 -0.007260
813.000000 -0.007431
814.000000 -0.007575
815.000000 -0.007721
816.000000 -0.007876
817.000000 -0.008029
818.000000 -0.008211
819.000000 -0.008373
820.000000 -0.008500
821.000000 -0.008669
822.000000 -0.008838
823.000000 -0.008976
824.000000 -0.009081
825.000000 -0.009208
826.000000 -0.009386
827.000000 -0.009598
828.000000 -0.009802
829.000000 -0.009936
830.000000 -0.010060
831.000000 -0.010260
832.000000 -0.010444
833.000000 -0.010570
834.000000 -0.010719
835.000000 -0.010883
836.000000 -0.011088
837.000000 -0.011343
838.000000 -0.011567
839.000000 -0.011765
840.000000 -0.011945
841.000000 -0.012096
842.000000 -0.012268
843.000000 -0.012437
844.000000 -0.012582
845.000000 -0.012756
846.000000 -0.012977
847.000000 -0.013164
848.000000 -0.013315
849.000000 -0.013452
850.000000 -0.013556
851.000000 -0.013698
852.000000 -0.013916
853.000000 -0.014099
854.000000 -0.014234
855.000000 -0.014371
856.000000 -0.014467
857.000000 -0.014551
858.000000 -0.014649
859.000000 -0.014746
860.000000 -0.014825
861.000000 -0.014931
862.000000 -0.015089
863.000000 -0.015220
864.000000 -0.015323
865.000000 -0.015408
866.000000 -0.015490
867.000000 -0.015568
868.000000 -0.015605
869.000000 -0.015647
870.000000 -0.015574
871.000000 -0.015576
872.000000 -0.015740
873.000000 -0.015838
874.000000 -0.015904
875.000000 -0.015971
876.000000 -0.016016
877.000000 -0.016041
878.000000 -0.016069
879.000000 -0.016071
880.000000 -0.016118
881.000000 -0.016205
882.000000 -0.016236
883.000000 -0.016260
884.000000 -0.016308
885.000000 -0.016346
886.000000 -0.016373
887.000000 -0.016405
888.000000 -0.016426
889.000000 -0.016434
890.000000 -0.016457
891.000000 -0.016473
892.000000 -0.016482
893.000000 -0.016513
894.000000 -0.016548
895.000000 -0.016576
896.000000 -0.016621
897.000000 -0.016647
898.000000 -0.016649
899.000000 -0.016657
900.000000 -0.016662
