315.000000 0.138480
316.000000 0.139682
317.000000 0.140482
318.000000 0.142188
319.000000 0.144592
320.000000 0.146474
321.000000 0.147700
322.000000 0.149266
323.000000 0.151750
324.000000 0.153809
325.000000 0.155867
326.000000 0.158162
327.000000 0.159775
328.000000 0.160863
329.000000 0.162086
330.000000 0.163429
331.000000 0.164766
332.000000 0.166802
333.000000 0.168952
334.000000 0.170429
335.000000 0.171947
336.000000 0.173555
337.000000 0.175277
338.000000 0.176906
339.000000 0.178345
340.000000 0.180054
341.000000 0.181883
342.000000 0.183456
343.000000 0.184841
344.000000 0.186433
345.000000 0.187977
346.000000 0.189428
347.000000 0.190587
348.000000 0.191265
349.000000 0.191854
350.000000 0.192296
351.000000 0.192524
352.000000 0.192415
353.000000 0.192062
354.000000 0.191797
355.000000 0.191427
356.000000 0.190818
357.000000 0.190083
358.000000 0.189064
359.000000 0.187958
360.000000 0.186922
361.000000 0.185999
362.000000 0.185092
363.000000 0.183947
364.000000 0.182924
365.000000 0.181988
366.000000 0.180956
367.000000 0.179847
368.000000 0.178602
369.000000 0.177218
370.000000 0.175933
371.000000 0.174654
372.000000 0.173083
373.000000 0.171360
374.000000 0.169177
375.000000 0.167434
376.000000 0.166362
377.000000 0.164860
378.000000 0.162717
379.000000 0.160767
380.000000 0.159197
381.000000 0.157611
382.000000 0.156059
383.000000 0.154424
384.000000 0.153280
385.000000 0.152727
386.000000 0.152038
387.000000 0.151323
388.000000 0.150791
389.000000 0.150224
390.000000 0.149488
391.000000 0.149101
392.000000 0.149508
393.000000 0.150077
394.000000 0.150678
395.000000 0.151292
396.000000 0.151784
397.000000 0.152436
398.000000 0.153261
399.000000 0.154132
400.000000 0.155137
401.000000 0.156140
402.000000 0.157090
403.000000 0.158135
404.000000 0.159181
405.000000 0.160081
406.000000 0.160948
407.000000 0.161886
408.000000 0.162750
409.000000 0.163557
410.000000 0.164199
411.000000 0.164711
412.000000 0.165214
413.000000 0.166054
414.000000 0.167299
415.000000 0.168403
416.000000 0.169177
417.000000 0.169890
418.000000 0.170905
419.000000 0.172133
420.000000 0.173667
421.000000 0.175581
422.000000 0.177668
423.000000 0.179903
424.000000 0.182320
425.000000 0.184729
426.000000 0.187110
427.000000 0.189479
428.000000 0.191611
429.000000 0.193562
430.000000 0.195240
431.000000 0.196434
432.000000 0.197136
433.000000 0.197282
434.000000 0.196866
435.000000 0.195873
436.000000 0.194486
437.000000 0.192655
438.000000 0.190241
439.000000 0.187400
440.000000 0.184105
441.000000 0.180522
442.000000 0.176883
443.000000 0.173057
444.000000 0.168983
445.000000 0.164956
446.000000 0.160784
447.000000 0.156538
448.000000 0.152362
449.000000 0.148152
450.000000 0.144066
451.000000 0.139897
452.000000 0.135655
453.000000 0.131656
454.000000 0.127648
455.000000 0.123618
456.000000 0.119754
457.000000 0.116023
458.000000 0.112542
459.000000 0.109035
460.000000 0.105560
461.000000 0.102369
462.000000 0.099242
463.000000 0.096168
464.000000 0.093099
465.000000 0.090134
466.000000 0.087515
467.000000 0.084927
468.000000 0.082351
469.000000 0.079866
470.000000 0.077411
471.000000 0.075210
472.000000 0.073031
473.000000 0.070829
474.000000 0.068800
475.000000 0.066900
476.000000 0.065152
477.000000 0.063479
478.000000 0.061910
479.000000 0.060418
480.000000 0.059015
481.000000 0.057725
482.000000 0.056519
483.000000 0.055393
484.000000 0.054341
485.000000 0.053430
486.000000 0.052588
487.000000 0.051802
488.000000 0.051073
489.000000 0.051120
490.000000 0.051489
491.000000 0.051367
492.000000 0.051251
493.000000 0.051087
494.000000 0.051017
495.000000 0.050926
496.000000 0.050802
497.000000 0.050762
498.000000 0.050701
499.000000 0.050773
500.000000 0.050906
501.000000 0.051519
502.000000 0.052226
503.000000 0.052559
504.000000 0.053174
505.000000 0.053679
506.000000 0.054128
507.000000 0.054866
508.000000 0.055802
509.000000 0.056941
510.000000 0.058005
511.000000 0.059108
512.000000 0.060413
513.000000 0.061740
514.000000 0.062844
515.000000 0.063913
516.000000 0.065112
517.000000 0.066454
518.000000 0.067715
519.000000 0.068873
520.000000 0.070088
521.000000 0.071215
522.000000 0.072263
523.000000 0.072962
524.000000 0.073482
525.000000 0.074097
526.000000 0.074687
527.000000 0.075167
528.000000 0.075645
529.000000 0.076205
530.000000 0.076518
531.000000 0.076606
532.000000 0.076613
533.000000 0.076745
534.000000 0.077039
535.000000 0.077553
536.000000 0.078219
537.000000 0.079055
538.000000 0.080166
539.000000 0.081132
540.000000 0.082599
541.000000 0.084668
542.000000 0.086753
543.000000 0.088946
544.000000 0.091506
545.000000 0.094386
546.000000 0.097256
547.000000 0.100573
548.000000 0.104295
549.000000 0.107853
550.000000 0.111324
551.000000 0.114776
552.000000 0.118351
553.000000 0.122097
554.000000 0.125722
555.000000 0.129059
556.000000 0.131821
557.000000 0.134143
558.000000 0.136344
559.000000 0.138067
560.000000 0.139134
561.000000 0.139530
562.000000 0.139305
563.000000 0.138464
564.000000 0.137030
565.000000 0.135241
566.000000 0.133032
567.000000 0.130265
568.000000 0.127050
569.000000 0.123451
570.000000 0.119576
571.000000 0.115559
572.000000 0.111805
573.000000 0.108087
574.000000 0.104135
575.000000 0.100418
576.000000 0.096913
577.000000 0.093605
578.000000 0.090521
579.000000 0.087651
580.000000 0.085012
581.000000 0.082623
582.000000 0.080532
583.000000 0.078873
584.000000 0.077746
585.000000 0.076766
586.000000 0.075889
587.000000 0.075355
588.000000 0.075063
589.000000 0.074885
590.000000 0.074961
591.000000 0.075386
592.000000 0.075973
593.000000 0.076687
594.000000 0.077406
595.000000 0.078062
596.000000 0.078812
597.000000 0.079828
598.000000 0.081022
599.000000 0.082206
600.000000 0.083506
601.000000 0.084899
602.000000 0.086240
603.000000 0.087523
604.000000 0.088920
605.000000 0.090383
606.000000 0.091906
607.000000 0.093645
608.000000 0.095456
609.000000 0.097348
610.000000 0.099482
611.000000 0.101618
612.000000 0.103783
613.000000 0.106115
614.000000 0.108611
615.000000 0.111388
616.000000 0.114140
617.000000 0.117084
618.000000 0.120467
619.000000 0.123932
620.000000 0.127567
621.000000 0.131536
622.000000 0.135681
623.000000 0.140108
624.000000 0.144986
625.000000 0.149975
626.000000 0.155133
627.000000 0.160817
628.000000 0.166616
629.000000 0.172659
630.000000 0.179283
631.000000 0.186234
632.000000 0.193135
633.000000 0.200199
634.000000 0.207809
635.000000 0.215392
636.000000 0.223071
637.000000 0.231117
638.000000 0.239035
639.000000 0.246997
640.000000 0.255254
641.000000 0.263530
642.000000 0.271312
643.000000 0.278852
644.000000 0.286688
645.000000 0.294202
646.000000 0.301388
647.000000 0.308543
648.000000 0.315458
649.000000 0.321885
650.000000 0.327912
651.000000 0.333807
652.000000 0.339512
653.000000 0.344733
654.000000 0.349524
655.000000 0.354131
656.000000 0.358493
657.000000 0.362406
658.000000 0.366029
659.000000 0.369574
660.000000 0.372944
661.000000 0.376137
662.000000 0.379239
663.000000 0.382397
664.000000 0.385662
665.000000 0.388981
666.000000 0.392454
667.000000 0.396266
668.000000 0.400382
669.000000 0.404634
670.000000 0.409173
671.000000 0.414304
672.000000 0.419996
673.000000 0.426383
674.000000 0.433027
675.000000 0.440229
676.000000 0.448648
677.000000 0.457953
678.000000 0.468069
679.000000 0.478570
680.000000 0.489737
681.000000 0.502204
682.000000 0.515762
683.000000 0.530444
684.000000 0.545692
685.000000 0.561724
686.000000 0.579214
687.000000 0.597774
688.000000 0.617168
689.000000 0.637185
690.000000 0.657206
691.000000 0.677777
692.000000 0.699637
693.000000 0.722220
694.000000 0.745303
695.000000 0.768802
696.000000 0.791503
697.000000 0.813724
698.000000 0.836548
699.000000 0.859225
700.000000 0.881381
701.000000 0.902794
702.000000 0.922591
703.000000 0.941082
704.000000 0.959068
705.000000 0.975850
706.000000 0.990990
707.000000 1.004312
708.000000 1.015705
709.000000 1.025073
710.000000 1.032265
711.000000 1.037208
712.000000 1.039984
713.000000 1.040374
714.000000 1.038379
715.000000 1.034015
716.000000 1.027096
717.000000 1.017752
718.000000 1.006104
719.000000 0.992969
720.000000 0.978286
721.000000 0.961325
722.000000 0.942388
723.000000 0.921929
724.000000 0.900271
725.000000 0.877689
726.000000 0.854370
727.000000 0.830196
728.000000 0.805187
729.000000 0.779729
730.000000 0.753936
731.000000 0.729456
732.000000 0.705453
733.000000 0.680258
734.000000 0.654855
735.000000 0.629681
736.000000 0.604752
737.000000 0.580100
738.000000 0.555881
739.000000 0.532047
740.000000 0.508657
741.000000 0.485950
742.000000 0.463992
743.000000 0.442743
744.000000 0.422166
745.000000 0.402201
746.000000 0.382832
747.000000 0.364008
748.000000 0.345829
749.000000 0.328282
750.000000 0.311413
751.000000 0.295138
752.000000 0.279472
753.000000 0.264298
754.000000 0.249618
755.000000 0.235557
756.000000 0.222052
757.000000 0.209158
758.000000 0.196806
759.000000 0.184921
760.000000 0.173528
761.000000 0.162703
762.000000 0.152325
763.000000 0.142315
764.000000 0.132745
765.000000 0.123598
766.000000 0.114874
767.000000 0.106606
768.000000 0.098794
769.000000 0.091409
770.000000 0.084420
771.000000 0.077831
772.000000 0.071611
773.000000 0.065717
774.000000 0.060101
775.000000 0.054795
776.000000 0.049604
777.000000 0.044607
778.000000 0.040111
779.000000 0.036043
780.000000 0.032203
781.000000 0.028570
782.000000 0.025275
783.000000 0.022241
784.000000 0.019430
785.000000 0.016810
786.000000 0.014320
787.000000 0.011999
788.000000 0.009785
789.000000 0.007771
790.000000 0.005934
791.000000 0.004268
792.000000 0.002763
793.000000 0.001371
794.000000 0.000097
795.000000 -0.001142
796.000000 -0.002234
797.000000 -0.003190
798.000000 -0.004070
799.000000 -0.004879
800.000000 -0.005665
801.000000 -0.006431
802.000000 -0.007096
803.000000 -0.007628
804.000000 -0.008117
805.000000 -0.008568
806.000000 -0.008978
807.000000 -0.009372
808.000000 -0.009725
809.000000 -0.010040
810.000000 -0.010310
811.000000 -0.010562
812.000000 -0.010829
813.000000 -0.011088
814.000000 -0.011293
815.000000 -0.011502
816.000000 -0.011733
817.000000 -0.011916
818.000000 -0.012088
819.000000 -0.012231
820.000000 -0.012328
821.000000 -0.012466
822.000000 -0.012622
823.000000 -0.012776
824.000000 -0.012906
825.000000 -0.013014
826.000000 -0.013173
827.000000 -0.013360
828.000000 -0.013531
829.000000 -0.013612
830.000000 -0.013687
831.000000 -0.013818
832.000000 -0.013911
833.000000 -0.014011
834.000000 -0.014140
835.000000 -0.014238
836.000000 -0.014345
837.000000 -0.014504
838.000000 -0.014663
839.000000 -0.014799
840.000000 -0.014901
841.000000 -0.014971
842.000000 -0.015031
843.000000 -0.015112
844.000000 -0.015203
845.000000 -0.015259
846.000000 -0.015337
847.000000 -0.015431
848.000000 -0.015514
849.000000 -0.015606
850.000000 -0.015705
851.000000 -0.015822
852.000000 -0.015921
853.000000 -0.016024
854.000000 -0.016176
855.000000 -0.016271
856.000000 -0.016283
857.000000 -0.016321
858.000000 -0.016394
859.000000 -0.016457
860.000000 -0.016468
861.000000 -0.016472
862.000000 -0.016534
863.000000 -0.016616
864.000000 -0.016692
865.000000 -0.016759
866.000000 -0.016808
867.000000 -0.016836
868.000000 -0.016841
869.000000 -0.016846
870.000000 -0.016749
871.000000 -0.016751
872.000000 -0.016896
873.000000 -0.016951
874.000000 -0.016976
875.000000 -0.017001
876.000000 -0.017034
877.000000 -0.017045
878.000000 -0.017022
879.000000 -0.016985
880.000000 -0.016984
881.000000 -0.017029
882.000000 -0.017055
883.000000 -0.017079
884.000000 -0.017116
885.000000 -0.017151
886.000000 -0.017186
887.000000 -0.017213
888.000000 -0.017236
889.000000 -0.017254
890.000000 -0.017268
891.000000 -0.017257
892.000000 -0.017255
893.000000 -0.017300
894.000000 -0.017346
895.000000 -0.017367
896.000000 -0.017366
897.000000 -0.017371
898.000000 -0.017381
899.000000 -0.017364
900.000000 -0.017333
