315.000000 0.135682
316.000000 0.137506
317.000000 0.138686
318.000000 0.140320
319.000000 0.142060
320.000000 0.143416
321.000000 0.145004
322.000000 0.147241
323.000000 0.150078
324.000000 0.151883
325.000000 0.153458
326.000000 0.155494
327.000000 0.156893
328.000000 0.157832
329.000000 0.159184
330.000000 0.160996
331.000000 0.163002
332.000000 0.165018
333.000000 0.166669
334.000000 0.168219
335.000000 0.170260
336.000000 0.172189
337.000000 0.173876
338.000000 0.175392
339.000000 0.176767
340.000000 0.178541
341.000000 0.180436
342.000000 0.182175
343.000000 0.183810
344.000000 0.185368
345.000000 0.186897
346.000000 0.188302
347.000000 0.189492
348.000000 0.190671
349.000000 0.191506
350.000000 0.191905
351.000000 0.192057
352.000000 0.191965
353.000000 0.191890
354.000000 0.191829
355.000000 0.191507
356.000000 0.190723
357.000000 0.189961
358.000000 0.189240
359.000000 0.188245
360.000000 0.187191
361.000000 0.186332
362.000000 0.185465
363.000000 0.184306
364.000000 0.183181
365.000000 0.182248
366.000000 0.181263
367.000000 0.180048
368.000000 0.178767
369.000000 0.177451
370.000000 0.176339
371.000000 0.175063
372.000000 0.173656
373.000000 0.172328
374.000000 0.170446
375.000000 0.168714
376.000000 0.166954
377.000000 0.165287
378.000000 0.163427
379.000000 0.161240
380.000000 0.159355
381.000000 0.157387
382.000000 0.155719
383.000000 0.154337
384.000000 0.153323
385.000000 0.152407
386.000000 0.151214
387.000000 0.150224
388.000000 0.149722
389.000000 0.149325
390.000000 0.148666
391.000000 0.148235
392.000000 0.148424
393.000000 0.148918
394.000000 0.149569
395.000000 0.150351
396.000000 0.151060
397.000000 0.151706
398.000000 0.152430
399.000000 0.153252
400.000000 0.154055
401.000000 0.154925
402.000000 0.155951
403.000000 0.157019
404.000000 0.158014
405.000000 0.158886
406.000000 0.159708
407.000000 0.160455
408.000000 0.161134
409.000000 0.161755
410.000000 0.162273
411.000000 0.162804
412.000000 0.163438
413.000000 0.164339
414.000000 0.165404
415.000000 0.166367
416.000000 0.167093
417.000000 0.167769
418.000000 0.168803
419.000000 0.170103
420.000000 0.171661
421.000000 0.173539
422.000000 0.175549
423.000000 0.177554
424.000000 0.179726
425.000000 0.182122
426.000000 0.184650
427.000000 0.187039
428.000000 0.189199
429.000000 0.191285
430.000000 0.193069
431.000000 0.194337
432.000000 0.195171
433.000000 0.195529
434.000000 0.195330
435.000000 0.194482
436.000000 0.193022
437.000000 0.191230
438.000000 0.189046
439.000000 0.186330
440.000000 0.183040
441.000000 0.179490
442.000000 0.175969
443.000000 0.172149
444.000000 0.168127
445.000000 0.164131
446.000000 0.159812
447.000000 0.155508
448.000000 0.151321
449.000000 0.147118
450.000000 0.143056
451.000000 0.138848
452.000000 0.134497
453.000000 0.130420
454.000000 0.126376
455.000000 0.122312
456.000000 0.118423
457.000000 0.114663
458.000000 0.111139
459.000000 0.107624
460.000000 0.104133
461.000000 0.100893
462.000000 0.097727
463.000000 0.094607
464.000000 0.091523
465.000000 0.088565
466.000000 0.085932
467.000000 0.083293
468.000000 0.080647
469.000000 0.078080
470.000000 0.075625
471.000000 0.073414
472.000000 0.071130
473.000000 0.068853
474.000000 0.066785
475.000000 0.064821
476.000000 0.062945
477.000000 0.061085
478.000000 0.059346
479.000000 0.057803
480.000000 0.056404
481.000000 0.055057
482.000000 0.053746
483.000000 0.052561
484.000000 0.051462
485.000000 0.050423
486.000000 0.049445
487.000000 0.048589
488.000000 0.047827
489.000000 0.047406
490.000000 0.047356
491.000000 0.047327
492.000000 0.047393
493.000000 0.047318
494.000000 0.047163
495.000000 0.046971
496.000000 0.046717
497.000000 0.046629
498.000000 0.046481
499.000000 0.046412
500.000000 0.046538
501.000000 0.047004
502.000000 0.047337
503.000000 0.047475
504.000000 0.048356
505.000000 0.049103
506.000000 0.049499
507.000000 0.050335
508.000000 0.051312
509.000000 0.052317
510.000000 0.053289
511.000000 0.054197
512.000000 0.055037
513.000000 0.055950
514.000000 0.057069
515.000000 0.058362
516.000000 0.059621
517.000000 0.060626
518.000000 0.061499
519.000000 0.062490
520.000000 0.063573
521.000000 0.064514
522.000000 0.065424
523.000000 0.066278
524.000000 0.066801
525.000000 0.067113
526.000000 0.067560
527.000000 0.068019
528.000000 0.068355
529.000000 0.068646
530.000000 0.069037
531.000000 0.069300
532.000000 0.069493
533.000000 0.069836
534.000000 0.070123
535.000000 0.070696
536.000000 0.071426
537.000000 0.072312
538.000000 0.073470
539.000000 0.074297
540.000000 0.075419
541.000000 0.077118
542.000000 0.078854
543.000000 0.080845
544.000000 0.083112
545.000000 0.085716
546.000000 0.088544
547.000000 0.091462
548.000000 0.094531
549.000000 0.097704
550.000000 0.101052
551.000000 0.104418
552.000000 0.107682
553.000000 0.110973
554.000000 0.114137
555.000000 0.117146
556.000000 0.119686
557.000000 0.121788
558.000000 0.123793
559.000000 0.125373
560.000000 0.126425
561.000000 0.126884
562.000000 0.126800
563.000000 0.126118
564.000000 0.124981
565.000000 0.123605
566.000000 0.121855
567.000000 0.119507
568.000000 0.116705
569.000000 0.113545
570.000000 0.110055
571.000000 0.106529
572.000000 0.103310
573.000000 0.100103
574.000000 0.096653
575.000000 0.093457
576.000000 0.090602
577.000000 0.087996
578.000000 0.085506
579.000000 0.083141
580.000000 0.080967
581.000000 0.078976
582.000000 0.077386
583.000000 0.076158
584.000000 0.075266
585.000000 0.074564
586.000000 0.073914
587.000000 0.073545
588.000000 0.073534
589.000000 0.073604
590.000000 0.073942
591.000000 0.074648
592.000000 0.075351
593.000000 0.076075
594.000000 0.076944
595.000000 0.077910
596.000000 0.079022
597.000000 0.080254
598.000000 0.081404
599.000000 0.082585
600.000000 0.083919
601.000000 0.085368
602.000000 0.086881
603.000000 0.088359
604.000000 0.089899
605.000000 0.091537
606.000000 0.093208
607.000000 0.095042
608.000000 0.096991
609.000000 0.099019
610.000000 0.101223
611.000000 0.103449
612.000000 0.105794
613.000000 0.108273
614.000000 0.110920
615.000000 0.113881
616.000000 0.116763
617.000000 0.119774
618.000000 0.123296
619.000000 0.126967
620.000000 0.130788
621.000000 0.134913
622.000000 0.139128
623.000000 0.143643
624.000000 0.148676
625.000000 0.153857
626.000000 0.159231
627.000000 0.165091
628.000000 0.171081
629.000000 0.177337
630.000000 0.184133
631.000000 0.191255
632.000000 0.198368
633.000000 0.205647
634.000000 0.213432
635.000000 0.221220
636.000000 0.229150
637.000000 0.237487
638.000000 0.245620
639.000000 0.253802
640.000000 0.262361
641.000000 0.270911
642.000000 0.278931
643.000000 0.286642
644.000000 0.294684
645.000000 0.302471
646.000000 0.309964
647.000000 0.317465
648.000000 0.324690
649.000000 0.331341
650.000000 0.337549
651.000000 0.343644
652.000000 0.349504
653.000000 0.354878
654.000000 0.359851
655.000000 0.364587
656.000000 0.369028
657.000000 0.373040
658.000000 0.376769
659.000000 0.380390
660.000000 0.383879
661.000000 0.387162
662.000000 0.390337
663.000000 0.393608
664.000000 0.396945
665.000000 0.400322
666.000000 0.403867
667.000000 0.407741
668.000000 0.411953
669.000000 0.416345
670.000000 0.421047
671.000000 0.426346
672.000000 0.432222
673.000000 0.438779
674.000000 0.445580
675.000000 0.452986
676.000000 0.461597
677.000000 0.471125
678.000000 0.481531
679.000000 0.492325
680.000000 0.503822
681.000000 0.516612
682.000000 0.530521
683.000000 0.545608
684.000000 0.561289
685.000000 0.577719
686.000000 0.595637
687.000000 0.614720
688.000000 0.634708
689.000000 0.655443
690.000000 0.676073
691.000000 0.697153
692.000000 0.719610
693.000000 0.742815
694.000000 0.766584
695.000000 0.790815
696.000000 0.814192
697.000000 0.837048
698.000000 0.860567
699.000000 0.883977
700.000000 0.906948
701.000000 0.929067
702.000000 0.949527
703.000000 0.968677
704.000000 0.987246
705.000000 1.004649
706.000000 1.020304
707.000000 1.034121
708.000000 1.046065
709.000000 1.055880
710.000000 1.063195
711.000000 1.068151
712.000000 1.070986
713.000000 1.071464
714.000000 1.069435
715.000000 1.064904
716.000000 1.057898
717.000000 1.048435
718.000000 1.036580
719.000000 1.023203
720.000000 1.008177
721.000000 0.990721
722.000000 0.971226
723.000000 0.950243
724.000000 0.927950
725.000000 0.904686
726.000000 0.880686
727.000000 0.855786
728.000000 0.830117
729.000000 0.803836
730.000000 0.777159
731.000000 0.751892
732.000000 0.727118
733.000000 0.701164
734.000000 0.674979
735.000000 0.649087
736.000000 0.623434
737.000000 0.598014
738.000000 0.573007
739.000000 0.548418
740.000000 0.524352
741.000000 0.500971
742.000000 0.478310
743.000000 0.456347
744.000000 0.435096
745.000000 0.414456
746.000000 0.394468
747.000000 0.375113
748.000000 0.356395
749.000000 0.338350
750.000000 0.321067
751.000000 0.304381
752.000000 0.288227
753.000000 0.272615
754.000000 0.257502
755.000000 0.242933
756.000000 0.228975
757.000000 0.215700
758.000000 0.203021
759.000000 0.190857
760.000000 0.179166
761.000000 0.167954
762.000000 0.157190
763.000000 0.146887
764.000000 0.137087
765.000000 0.127677
766.000000 0.118641
767.000000 0.110097
768.000000 0.102052
769.000000 0.094432
770.000000 0.087189
771.000000 0.080362
772.000000 0.073964
773.000000 0.067946
774.000000 0.062217
775.000000 0.056752
776.000000 0.051348
777.000000 0.046192
778.000000 0.041589
779.000000 0.037365
780.000000 0.033372
781.000000 0.029663
782.000000 0.026337
783.000000 0.023224
784.000000 0.020340
785.000000 0.017649
786.000000 0.015033
787.000000 0.012624
788.000000 0.010376
789.000000 0.008326
790.000000 0.006481
791.000000 0.004771
792.000000 0.003188
793.000000 0.001736
794.000000 0.000405
795.000000 -0.000839
796.000000 -0.001954
797.000000 -0.002951
798.000000 -0.003880
799.000000 -0.004766
800.000000 -0.005657
801.000000 -0.006514
802.000000 -0.007174
803.000000 -0.007685
804.000000 -0.008198
805.000000 -0.008680
806.000000 -0.009088
807.000000 -0.009453
808.000000 -0.009808
809.000000 -0.010108
810.000000 -0.010371
811.000000 -0.010683
812.000000 -0.010973
813.000000 -0.011241
814.000000 -0.011491
815.000000 -0.011687
816.000000 -0.011877
817.000000 -0.012032
818.000000 -0.012199
819.000000 -0.012361
820.000000 -0.012467
821.000000 -0.012611
822.000000 -0.012803
823.000000 -0.012971
824.000000 -0.013086
825.000000 -0.013185
826.000000 -0.013300
827.000000 -0.013467
828.000000 -0.013658
829.000000 -0.013758
830.000000 -0.013822
831.000000 -0.013949
832.000000 -0.014040
833.000000 -0.014128
834.000000 -0.014269
835.000000 -0.014378
836.000000 -0.014483
837.000000 -0.014637
838.000000 -0.014783
839.000000 -0.014919
840.000000 -0.015035
841.000000 -0.015073
842.000000 -0.015111
843.000000 -0.015167
844.000000 -0.015226
845.000000 -0.015347
846.000000 -0.015476
847.000000 -0.015543
848.000000 -0.015570
849.000000 -0.015631
850.000000 -0.015729
851.000000 -0.015816
852.000000 -0.015916
853.000000 -0.016039
854.000000 -0.016135
855.000000 -0.016207
856.000000 -0.016247
857.000000 -0.016278
858.000000 -0.016340
859.000000 -0.016394
860.000000 -0.016416
861.000000 -0.016435
862.000000 -0.016519
863.000000 -0.016617
864.000000 -0.016671
865.000000 -0.016722
866.000000 -0.016749
867.000000 -0.016741
868.000000 -0.016726
869.000000 -0.016730
870.000000 -0.016626
871.000000 -0.016629
872.000000 -0.016795
873.000000 -0.016861
874.000000 -0.016901
875.000000 -0.016957
876.000000 -0.016983
877.000000 -0.016994
878.000000 -0.016985
879.000000 -0.016948
880.000000 -0.016961
881.000000 -0.017023
882.000000 -0.017055
883.000000 -0.017076
884.000000 -0.017124
885.000000 -0.017131
886.000000 -0.017131
887.000000 -0.017170
888.000000 -0.017186
889.000000 -0.017182
890.000000 -0.017176
891.000000 -0.017157
892.000000 -0.017148
893.000000 -0.017195
894.000000 -0.017265
895.000000 -0.017295
896.000000 -0.017291
897.000000 -0.017296
898.000000 -0.017302
899.000000 -0.017275
900.000000 -0.017258
