315.000000 0.132384
316.000000 0.133564
317.000000 0.134914
318.000000 0.136589
319.000000 0.138168
320.000000 0.139820
321.000000 0.141571
322.000000 0.143444
323.000000 0.146147
324.000000 0.148468
325.000000 0.150324
326.000000 0.152261
327.000000 0.153869
328.000000 0.155111
329.000000 0.156561
330.000000 0.158166
331.000000 0.159512
332.000000 0.161286
333.000000 0.163119
334.000000 0.164836
335.000000 0.167003
336.000000 0.168962
337.000000 0.170725
338.000000 0.172211
339.000000 0.173563
340.000000 0.175395
341.000000 0.177551
342.000000 0.179546
343.000000 0.181211
344.000000 0.183025
345.000000 0.185032
346.000000 0.186652
347.000000 0.187968
348.000000 0.189131
349.000000 0.189775
350.000000 0.190274
351.000000 0.190972
352.000000 0.191142
353.000000 0.190931
354.000000 0.190900
355.000000 0.190745
356.000000 0.190260
357.000000 0.189747
358.000000 0.188998
359.000000 0.187931
360.000000 0.186821
361.000000 0.186024
362.000000 0.185191
363.000000 0.183936
364.000000 0.182779
365.000000 0.181883
366.000000 0.180987
367.000000 0.179816
368.000000 0.178511
369.000000 0.177153
370.000000 0.175964
371.000000 0.174725
372.000000 0.173169
373.000000 0.171078
374.000000 0.168518
375.000000 0.166650
376.000000 0.165164
377.000000 0.163486
378.000000 0.161536
379.000000 0.159582
380.000000 0.157631
381.000000 0.155501
382.000000 0.153710
383.000000 0.152057
384.000000 0.150548
385.000000 0.149453
386.000000 0.148326
387.000000 0.147084
388.000000 0.146355
389.000000 0.145815
390.000000 0.145075
391.000000 0.144697
392.000000 0.144816
393.000000 0.145060
394.000000 0.145459
395.000000 0.146100
396.000000 0.146770
397.000000 0.147413
398.000000 0.147960
399.000000 0.148525
400.000000 0.149248
401.000000 0.150000
402.000000 0.150891
403.000000 0.152029
404.000000 0.153102
405.000000 0.153863
406.000000 0.154544
407.000000 0.155239
408.000000 0.155930
409.000000 0.156546
410.000000 0.157113
411.000000 0.157806
412.000000 0.158358
413.000000 0.158795
414.000000 0.159612
415.000000 0.160455
416.000000 0.161049
417.000000 0.161739
418.000000 0.162826
419.000000 0.164190
420.000000 0.165707
421.000000 0.167506
422.000000 0.169470
423.000000 0.171481
424.000000 0.173627
425.000000 0.176032
426.000000 0.178718
427.000000 0.181224
428.000000 0.183403
429.000000 0.185570
430.000000 0.187439
431.000000 0.188788
432.000000 0.189831
433.000000 0.190592
434.000000 0.190748
435.000000 0.190093
436.000000 0.188863
437.000000 0.187274
438.000000 0.185215
439.000000 0.182680
440.000000 0.179559
441.000000 0.176191
442.000000 0.172732
443.000000 0.168817
444.000000 0.164734
445.000000 0.160692
446.000000 0.156461
447.000000 0.152232
448.000000 0.147991
449.000000 0.143691
450.000000 0.139518
451.000000 0.135263
452.000000 0.130915
453.000000 0.126799
454.000000 0.122696
455.000000 0.118606
456.000000 0.114667
457.000000 0.110809
458.000000 0.107196
459.000000 0.103654
460.000000 0.100116
461.000000 0.096766
462.000000 0.093479
463.000000 0.090284
464.000000 0.087086
465.000000 0.083952
466.000000 0.081108
467.000000 0.078259
468.000000 0.075435
469.000000 0.072739
470.000000 0.070105
471.000000 0.067619
472.000000 0.065239
473.000000 0.062929
474.000000 0.060772
475.000000 0.058699
476.000000 0.056706
477.000000 0.054784
478.000000 0.052956
479.000000 0.051290
480.000000 0.049785
481.000000 0.048332
482.000000 0.046911
483.000000 0.045591
484.000000 0.044351
485.000000 0.043212
486.000000 0.042155
487.000000 0.041146
488.000000 0.040245
489.000000 0.039960
490.000000 0.039959
491.000000 0.039857
492.000000 0.039711
493.000000 0.039328
494.000000 0.038941
495.000000 0.038476
496.000000 0.037962
497.000000 0.037711
498.000000 0.037559
499.000000 0.037318
500.000000 0.037119
501.000000 0.037307
502.000000 0.037524
503.000000 0.037448
504.000000 0.037513
505.000000 0.037518
506.000000 0.037796
507.000000 0.038350
508.000000 0.038645
509.000000 0.039145
510.000000 0.039760
511.000000 0.040337
512.000000 0.041033
513.000000 0.041657
514.000000 0.042298
515.000000 0.043068
516.000000 0.043773
517.000000 0.044391
518.000000 0.045201
519.000000 0.045861
520.000000 0.046362
521.000000 0.046968
522.000000 0.047561
523.000000 0.047824
524.000000 0.047964
525.000000 0.048254
526.000000 0.048573
527.000000 0.048843
528.000000 0.049196
529.000000 0.049721
530.000000 0.050151
531.000000 0.050505
532.000000 0.050605
533.000000 0.050790
534.000000 0.051024
535.000000 0.051168
536.000000 0.051553
537.000000 0.052554
538.000000 0.053826
539.000000 0.054538
540.000000 0.055317
541.000000 0.056416
542.000000 0.057736
543.000000 0.059200
544.000000 0.061017
545.000000 0.063289
546.000000 0.065550
547.000000 0.067695
548.000000 0.069704
549.000000 0.071877
550.000000 0.074431
551.000000 0.077209
552.000000 0.079991
553.000000 0.082687
554.000000 0.085179
555.000000 0.087460
556.000000 0.089392
557.000000 0.091200
558.000000 0.092985
559.000000 0.094295
560.000000 0.095172
561.000000 0.095753
562.000000 0.095987
563.000000 0.095853
564.000000 0.095413
565.000000 0.094554
566.000000 0.093442
567.000000 0.092031
568.000000 0.090319
569.000000 0.088432
570.000000 0.086329
571.000000 0.084147
572.000000 0.082072
573.000000 0.079989
574.000000 0.077793
575.000000 0.075854
576.000000 0.074168
577.000000 0.072672
578.000000 0.071396
579.000000 0.070178
580.000000 0.069039
581.000000 0.068218
582.000000 0.067712
583.000000 0.067437
584.000000 0.067450
585.000000 0.067535
586.000000 0.067668
587.000000 0.068053
588.000000 0.068667
589.000000 0.069372
590.000000 0.070285
591.000000 0.071497
592.000000 0.072717
593.000000 0.073972
594.000000 0.075309
595.000000 0.076628
596.000000 0.078035
597.000000 0.079685
598.000000 0.081491
599.000000 0.083162
600.000000 0.084856
601.000000 0.086685
602.000000 0.088499
603.000000 0.090320
604.000000 0.092169
605.000000 0.094019
606.000000 0.095952
607.000000 0.098111
608.000000 0.100383
609.000000 0.102716
610.000000 0.105207
611.000000 0.107727
612.000000 0.110339
613.000000 0.113113
614.000000 0.116079
615.000000 0.119337
616.000000 0.122582
617.000000 0.126027
618.000000 0.129933
619.000000 0.133938
620.000000 0.138116
621.000000 0.142663
622.000000 0.147326
623.000000 0.152257
624.000000 0.157653
625.000000 0.163230
626.000000 0.169092
627.000000 0.175407
628.000000 0.181805
629.000000 0.188544
630.000000 0.195924
631.000000 0.203660
632.000000 0.211401
633.000000 0.219294
634.000000 0.227705
635.000000 0.236080
636.000000 0.244611
637.000000 0.253666
638.000000 0.262563
639.000000 0.271407
640.000000 0.280553
641.000000 0.289765
642.000000 0.298460
643.000000 0.306882
644.000000 0.315603
645.000000 0.323935
646.000000 0.331923
647.000000 0.339964
648.000000 0.347804
649.000000 0.355059
650.000000 0.361840
651.000000 0.368487
652.000000 0.374874
653.000000 0.380619
654.000000 0.385970
655.000000 0.391197
656.000000 0.396046
657.000000 0.400403
658.000000 0.404448
659.000000 0.408376
660.000000 0.412121
661.000000 0.415658
662.000000 0.419098
663.000000 0.422621
664.000000 0.426242
665.000000 0.429880
666.000000 0.433685
667.000000 0.437830
668.000000 0.442322
669.000000 0.446990
670.000000 0.451965
671.000000 0.457552
672.000000 0.463759
673.000000 0.470730
674.000000 0.478001
675.000000 0.485916
676.000000 0.495111
677.000000 0.505326
678.000000 0.516446
679.000000 0.528002
680.000000 0.540321
681.000000 0.553992
682.000000 0.568885
683.000000 0.584991
684.000000 0.601702
685.000000 0.619300
686.000000 0.638508
687.000000 0.658930
688.000000 0.680345
689.000000 0.702630
690.000000 0.724853
691.000000 0.747431
692.000000 0.771530
693.000000 0.796551
694.000000 0.822063
695.000000 0.848120
696.000000 0.873363
697.000000 0.898008
698.000000 0.923269
699.000000 0.948437
700.000000 0.973300
701.000000 0.997440
702.000000 1.019732
703.000000 1.040539
704.000000 1.060715
705.000000 1.079538
706.000000 1.096619
707.000000 1.111779
708.000000 1.124804
709.000000 1.135561
710.000000 1.143777
711.000000 1.149454
712.000000 1.152784
713.000000 1.153565
714.000000 1.151628
715.000000 1.146860
716.000000 1.139429
717.000000 1.129346
718.000000 1.116758
719.000000 1.102514
720.000000 1.086274
721.000000 1.067471
722.000000 1.046597
723.000000 1.024085
724.000000 1.000109
725.000000 0.974969
726.000000 0.949071
727.000000 0.922369
728.000000 0.894786
729.000000 0.866488
730.000000 0.837707
731.000000 0.810389
732.000000 0.783656
733.000000 0.755809
734.000000 0.727653
735.000000 0.699547
736.000000 0.671745
737.000000 0.644462
738.000000 0.617692
739.000000 0.591344
740.000000 0.565501
741.000000 0.540300
742.000000 0.515910
743.000000 0.492258
744.000000 0.469394
745.000000 0.447258
746.000000 0.425781
747.000000 0.404927
748.000000 0.384706
749.000000 0.365200
750.000000 0.346492
751.000000 0.328428
752.000000 0.310957
753.000000 0.294125
754.000000 0.277891
755.000000 0.262317
756.000000 0.247369
757.000000 0.233067
758.000000 0.219420
759.000000 0.206264
760.000000 0.193598
761.000000 0.181539
762.000000 0.170006
763.000000 0.158932
764.000000 0.148373
765.000000 0.138251
766.000000 0.128527
767.000000 0.119330
768.000000 0.110677
769.000000 0.102486
770.000000 0.094728
771.000000 0.087407
772.000000 0.080520
773.000000 0.074022
774.000000 0.067810
775.000000 0.061916
776.000000 0.056119
777.000000 0.050551
778.000000 0.045513
779.000000 0.040881
780.000000 0.036577
781.000000 0.032574
782.000000 0.028903
783.000000 0.025533
784.000000 0.022426
785.000000 0.019488
786.000000 0.016722
787.000000 0.014184
788.000000 0.011783
789.000000 0.009550
790.000000 0.007453
791.000000 0.005538
792.000000 0.003795
793.000000 0.002198
794.000000 0.000773
795.000000 -0.000567
796.000000 -0.001766
797.000000 -0.002861
798.000000 -0.003933
799.000000 -0.004928
800.000000 -0.005845
801.000000 -0.006688
802.000000 -0.007396
803.000000 -0.008006
804.000000 -0.008586
805.000000 -0.009073
806.000000 -0.009485
807.000000 -0.009962
808.000000 -0.010429
809.000000 -0.010782
810.000000 -0.011147
811.000000 -0.011528
812.000000 -0.011849
813.000000 -0.012134
814.000000 -0.012358
815.000000 -0.012581
816.000000 -0.012824
817.000000 -0.013022
818.000000 -0.013220
819.000000 -0.013374
820.000000 -0.013505
821.000000 -0.013664
822.000000 -0.013813
823.000000 -0.013972
824.000000 -0.014072
825.000000 -0.014159
826.000000 -0.014306
827.000000 -0.014473
828.000000 -0.014615
829.000000 -0.014714
830.000000 -0.014801
831.000000 -0.014875
832.000000 -0.014899
833.000000 -0.014935
834.000000 -0.015054
835.000000 -0.015192
836.000000 -0.015324
837.000000 -0.015455
838.000000 -0.015551
839.000000 -0.015642
840.000000 -0.015718
841.000000 -0.015794
842.000000 -0.015874
843.000000 -0.015921
844.000000 -0.015964
845.000000 -0.016021
846.000000 -0.016152
847.000000 -0.016258
848.000000 -0.016289
849.000000 -0.016335
850.000000 -0.016422
851.000000 -0.016515
852.000000 -0.016583
853.000000 -0.016658
854.000000 -0.016718
855.000000 -0.016760
856.000000 -0.016782
857.000000 -0.016780
858.000000 -0.016799
859.000000 -0.016827
860.000000 -0.016801
861.000000 -0.016806
862.000000 -0.016892
863.000000 -0.016997
864.000000 -0.017082
865.000000 -0.017131
866.000000 -0.017167
867.000000 -0.017178
868.000000 -0.017159
869.000000 -0.017154
870.000000 -0.017040
871.000000 -0.017034
872.000000 -0.017187
873.000000 -0.017258
874.000000 -0.017264
875.000000 -0.017265
876.000000 -0.017295
877.000000 -0.017303
878.000000 -0.017298
879.000000 -0.017286
880.000000 -0.017279
881.000000 -0.017298
882.000000 -0.017320
883.000000 -0.017359
884.000000 -0.017395
885.000000 -0.017390
886.000000 -0.017397
887.000000 -0.017442
888.000000 -0.017468
889.000000 -0.017465
890.000000 -0.017446
891.000000 -0.017417
892.000000 -0.017400
893.000000 -0.017423
894.000000 -0.017479
895.000000 -0.017535
896.000000 -0.017576
897.000000 -0.017587
898.000000 -0.017560
899.000000 -0.017549
900.000000 -0.017571
