315.000000 0.129919
316.000000 0.129992
317.000000 0.130827
318.000000 0.131784
319.000000 0.133678
320.000000 0.135973
321.000000 0.137530
322.000000 0.139546
323.000000 0.142260
324.000000 0.144165
325.000000 0.145812
326.000000 0.147837
327.000000 0.149478
328.000000 0.151060
329.000000 0.152905
330.000000 0.154908
331.000000 0.156695
332.000000 0.158406
333.000000 0.160066
334.000000 0.161729
335.000000 0.163728
336.000000 0.165752
337.000000 0.167611
338.000000 0.168832
339.000000 0.170286
340.000000 0.172508
341.000000 0.174711
342.000000 0.176598
343.000000 0.178348
344.000000 0.180333
345.000000 0.182275
346.000000 0.183800
347.000000 0.184965
348.000000 0.186282
349.000000 0.187460
350.000000 0.188324
351.000000 0.189052
352.000000 0.189352
353.000000 0.189508
354.000000 0.189723
355.000000 0.189647
356.000000 0.189179
357.000000 0.188761
358.000000 0.188282
359.000000 0.187512
360.000000 0.186555
361.000000 0.185546
362.000000 0.184426
363.000000 0.183259
364.000000 0.182356
365.000000 0.181645
366.000000 0.180603
367.000000 0.179091
368.000000 0.177673
369.000000 0.176359
370.000000 0.174903
371.000000 0.173270
372.000000 0.171764
373.000000 0.169703
374.000000 0.167046
375.000000 0.165240
376.000000 0.163634
377.000000 0.161926
378.000000 0.160063
379.000000 0.157570
380.000000 0.155575
381.000000 0.153678
382.000000 0.151445
383.000000 0.149358
384.000000 0.147633
385.000000 0.146474
386.000000 0.145212
387.000000 0.143927
388.000000 0.143007
389.000000 0.142309
390.000000 0.141585
391.000000 0.140893
392.000000 0.140774
393.000000 0.140917
394.000000 0.141229
395.000000 0.141796
396.000000 0.142119
397.000000 0.142503
398.000000 0.143140
399.000000 0.143666
400.000000 0.144188
401.000000 0.144840
402.000000 0.145626
403.000000 0.146553
404.000000 0.147416
405.000000 0.148061
406.000000 0.148635
407.000000 0.149353
408.000000 0.150017
409.000000 0.150595
410.000000 0.151156
411.000000 0.151667
412.000000 0.151954
413.000000 0.152279
414.000000 0.152995
415.000000 0.153811
416.000000 0.154457
417.000000 0.155116
418.000000 0.156030
419.000000 0.157075
420.000000 0.158429
421.000000 0.160169
422.000000 0.162133
423.000000 0.164280
424.000000 0.166717
425.000000 0.169309
426.000000 0.172057
427.000000 0.174714
428.000000 0.177156
429.000000 0.179626
430.000000 0.181818
431.000000 0.183638
432.000000 0.185010
433.000000 0.185832
434.000000 0.186164
435.000000 0.185840
436.000000 0.184911
437.000000 0.183510
438.000000 0.181635
439.000000 0.179312
440.000000 0.176394
441.000000 0.173081
442.000000 0.169611
443.000000 0.165824
444.000000 0.161904
445.000000 0.157935
446.000000 0.153640
447.000000 0.149344
448.000000 0.145050
449.000000 0.140691
450.000000 0.136431
451.000000 0.132073
452.000000 0.127689
453.000000 0.123562
454.000000 0.119413
455.000000 0.115223
456.000000 0.111172
457.000000 0.107217
458.000000 0.103505
459.000000 0.099813
460.000000 0.096213
461.000000 0.092841
462.000000 0.089455
463.000000 0.086134
464.000000 0.082750
465.000000 0.079441
466.000000 0.076498
467.000000 0.073538
468.000000 0.070612
469.000000 0.067815
470.000000 0.065049
471.000000 0.062500
472.000000 0.059996
473.000000 0.057480
474.000000 0.055139
475.000000 0.052917
476.000000 0.050827
477.000000 0.048760
478.000000 0.046752
479.000000 0.044926
480.000000 0.043281
481.000000 0.041736
482.000000 0.040206
483.000000 0.038766
484.000000 0.037405
485.000000 0.036150
486.000000 0.035013
487.000000 0.033927
488.000000 0.032864
489.000000 0.032147
490.000000 0.031822
491.000000 0.031524
492.000000 0.031100
493.000000 0.030677
494.000000 0.030369
495.000000 0.029879
496.000000 0.029220
497.000000 0.028962
498.000000 0.028656
499.000000 0.027881
500.000000 0.027247
501.000000 0.027260
502.000000 0.027270
503.000000 0.026932
504.000000 0.026968
505.000000 0.026865
506.000000 0.026681
507.000000 0.026952
508.000000 0.027132
509.000000 0.027224
510.000000 0.027388
511.000000 0.027547
512.000000 0.027676
513.000000 0.027817
514.000000 0.028211
515.000000 0.028695
516.000000 0.029030
517.000000 0.029432
518.000000 0.030004
519.000000 0.030316
520.000000 0.030560
521.000000 0.030930
522.000000 0.031358
523.000000 0.031453
524.000000 0.031197
525.000000 0.031375
526.000000 0.031771
527.000000 0.032060
528.000000 0.032304
529.000000 0.032599
530.000000 0.032848
531.000000 0.032836
532.000000 0.032769
533.000000 0.032957
534.000000 0.033227
535.000000 0.033548
536.000000 0.033987
537.000000 0.034663
538.000000 0.035545
539.000000 0.036161
540.000000 0.036766
541.000000 0.037641
542.000000 0.038737
543.000000 0.039864
544.000000 0.041139
545.000000 0.042652
546.000000 0.044142
547.000000 0.045469
548.000000 0.046789
549.000000 0.048080
550.000000 0.049380
551.000000 0.051057
552.000000 0.052951
553.000000 0.054768
554.000000 0.056487
555.000000 0.058117
556.000000 0.059411
557.000000 0.060540
558.000000 0.061781
559.000000 0.062963
560.000000 0.063841
561.000000 0.064410
562.000000 0.064790
563.000000 0.065013
564.000000 0.065081
565.000000 0.064999
566.000000 0.064784
567.000000 0.064353
568.000000 0.063727
569.000000 0.062953
570.000000 0.061988
571.000000 0.061115
572.000000 0.060550
573.000000 0.060032
574.000000 0.059404
575.000000 0.058823
576.000000 0.058389
577.000000 0.058123
578.000000 0.058040
579.000000 0.058100
580.000000 0.058358
581.000000 0.058869
582.000000 0.059347
583.000000 0.059865
584.000000 0.060630
585.000000 0.061488
586.000000 0.062464
587.000000 0.063577
588.000000 0.064842
589.000000 0.066228
590.000000 0.067831
591.000000 0.069730
592.000000 0.071665
593.000000 0.073513
594.000000 0.075219
595.000000 0.076930
596.000000 0.078881
597.000000 0.080986
598.000000 0.083076
599.000000 0.085158
600.000000 0.087313
601.000000 0.089518
602.000000 0.091720
603.000000 0.093891
604.000000 0.096114
605.000000 0.098324
606.000000 0.100538
607.000000 0.102978
608.000000 0.105567
609.000000 0.108192
610.000000 0.110987
611.000000 0.113881
612.000000 0.116878
613.000000 0.120018
614.000000 0.123344
615.000000 0.126935
616.000000 0.130503
617.000000 0.134252
618.000000 0.138470
619.000000 0.142866
620.000000 0.147457
621.000000 0.152443
622.000000 0.157560
623.000000 0.162936
624.000000 0.168840
625.000000 0.174859
626.000000 0.181157
627.000000 0.188097
628.000000 0.195143
629.000000 0.202482
630.000000 0.210527
631.000000 0.218916
632.000000 0.227244
633.000000 0.235775
634.000000 0.244931
635.000000 0.254085
636.000000 0.263344
637.000000 0.273147
638.000000 0.282801
639.000000 0.292412
640.000000 0.302443
641.000000 0.312570
642.000000 0.322024
643.000000 0.331080
644.000000 0.340524
645.000000 0.349632
646.000000 0.358371
647.000000 0.367144
648.000000 0.375683
649.000000 0.383551
650.000000 0.390930
651.000000 0.398202
652.000000 0.405129
653.000000 0.411408
654.000000 0.417213
655.000000 0.422829
656.000000 0.428164
657.000000 0.432941
658.000000 0.437322
659.000000 0.441590
660.000000 0.445704
661.000000 0.449590
662.000000 0.453309
663.000000 0.457132
664.000000 0.461074
665.000000 0.465008
666.000000 0.469110
667.000000 0.473567
668.000000 0.478365
669.000000 0.483391
670.000000 0.488763
671.000000 0.494789
672.000000 0.501489
673.000000 0.508967
674.000000 0.516737
675.000000 0.525160
676.000000 0.534961
677.000000 0.545863
678.000000 0.557734
679.000000 0.570096
680.000000 0.583342
681.000000 0.598108
682.000000 0.614097
683.000000 0.631434
684.000000 0.649485
685.000000 0.668361
686.000000 0.688963
687.000000 0.710997
688.000000 0.734062
689.000000 0.758030
690.000000 0.782013
691.000000 0.806472
692.000000 0.832542
693.000000 0.859515
694.000000 0.887123
695.000000 0.915294
696.000000 0.942552
697.000000 0.969294
698.000000 0.996816
699.000000 1.024224
700.000000 1.051158
701.000000 1.077346
702.000000 1.101695
703.000000 1.124422
704.000000 1.146531
705.000000 1.167276
706.000000 1.186110
707.000000 1.202811
708.000000 1.217186
709.000000 1.229034
710.000000 1.238040
711.000000 1.244440
712.000000 1.248428
713.000000 1.249652
714.000000 1.247709
715.000000 1.242642
716.000000 1.234789
717.000000 1.224072
718.000000 1.210564
719.000000 1.195140
720.000000 1.177706
721.000000 1.157579
722.000000 1.135134
723.000000 1.110682
724.000000 1.084709
725.000000 1.057646
726.000000 1.029687
727.000000 1.000731
728.000000 0.970622
729.000000 0.939778
730.000000 0.908473
731.000000 0.878832
732.000000 0.849966
733.000000 0.819840
734.000000 0.789222
735.000000 0.758736
736.000000 0.728677
737.000000 0.699047
738.000000 0.669961
739.000000 0.641293
740.000000 0.613159
741.000000 0.585882
742.000000 0.559515
743.000000 0.533995
744.000000 0.509283
745.000000 0.485288
746.000000 0.462032
747.000000 0.439515
748.000000 0.417731
749.000000 0.396613
750.000000 0.376288
751.000000 0.356704
752.000000 0.337809
753.000000 0.319604
754.000000 0.302058
755.000000 0.285252
756.000000 0.269104
757.000000 0.253631
758.000000 0.238853
759.000000 0.224612
760.000000 0.210910
761.000000 0.197811
762.000000 0.185299
763.000000 0.173353
764.000000 0.161928
765.000000 0.150917
766.000000 0.140351
767.000000 0.130363
768.000000 0.120971
769.000000 0.112093
770.000000 0.103667
771.000000 0.095692
772.000000 0.088189
773.000000 0.081151
774.000000 0.074417
775.000000 0.068028
776.000000 0.061750
777.000000 0.055702
778.000000 0.050296
779.000000 0.045345
780.000000 0.040666
781.000000 0.036302
782.000000 0.032311
783.000000 0.028586
784.000000 0.025129
785.000000 0.021913
786.000000 0.018857
787.000000 0.016039
788.000000 0.013373
789.000000 0.010904
790.000000 0.008713
791.000000 0.006714
792.000000 0.004845
793.000000 0.003116
794.000000 0.001476
795.000000 -0.000064
796.000000 -0.001404
797.000000 -0.002628
798.000000 -0.003772
799.000000 -0.004823
800.000000 -0.005841
801.000000 -0.006816
802.000000 -0.007624
803.000000 -0.008273
804.000000 -0.008881
805.000000 -0.009458
806.000000 -0.009989
807.000000 -0.010496
808.000000 -0.010966
809.000000 -0.011371
810.000000 -0.011720
811.000000 -0.012065
812.000000 -0.012391
813.000000 -0.012690
814.000000 -0.012962
815.000000 -0.013188
816.000000 -0.013407
817.000000 -0.013638
818.000000 -0.013894
819.000000 -0.014089
820.000000 -0.014215
821.000000 -0.014353
822.000000 -0.014498
823.000000 -0.014626
824.000000 -0.014703
825.000000 -0.014791
826.000000 -0.014901
827.000000 -0.015059
828.000000 -0.015235
829.000000 -0.015313
830.000000 -0.015361
831.000000 -0.015451
832.000000 -0.015525
833.000000 -0.015593
834.000000 -0.015666
835.000000 -0.015713
836.000000 -0.015811
837.000000 -0.015978
838.000000 -0.016105
839.000000 -0.016200
840.000000 -0.016283
841.000000 -0.016308
842.000000 -0.016342
843.000000 -0.016375
844.000000 -0.016359
845.000000 -0.016382
846.000000 -0.016458
847.000000 -0.016531
848.000000 -0.016598
849.000000 -0.016641
850.000000 -0.016686
851.000000 -0.016763
852.000000 -0.016839
853.000000 -0.016908
854.000000 -0.016961
855.000000 -0.017010
856.000000 -0.017038
857.000000 -0.017036
858.000000 -0.017056
859.000000 -0.017043
860.000000 -0.016986
861.000000 -0.016984
862.000000 -0.017085
863.000000 -0.017200
864.000000 -0.017217
865.000000 -0.017236
866.000000 -0.017280
867.000000 -0.017285
868.000000 -0.017282
869.000000 -0.017303
870.000000 -0.017183
871.000000 -0.017177
872.000000 -0.017347
873.000000 -0.017406
874.000000 -0.017434
875.000000 -0.017439
876.000000 -0.017425
877.000000 -0.017392
878.000000 -0.017369
879.000000 -0.017356
880.000000 -0.017360
881.000000 -0.017396
882.000000 -0.017431
883.000000 -0.017467
884.000000 -0.017498
885.000000 -0.017520
886.000000 -0.017530
887.000000 -0.017544
888.000000 -0.017564
889.000000 -0.017557
890.000000 -0.017520
891.000000 -0.017500
892.000000 -0.017501
893.000000 -0.017530
894.000000 -0.017574
895.000000 -0.017574
896.000000 -0.017563
897.000000 -0.017580
898.000000 -0.017595
899.000000 -0.017603
900.000000 -0.017618
