315.000000 0.127532
316.000000 0.129186
317.000000 0.130442
318.000000 0.131705
319.000000 0.133632
320.000000 0.135233
321.000000 0.136474
322.000000 0.138254
323.000000 0.140798
324.000000 0.142949
325.000000 0.144609
326.000000 0.146383
327.000000 0.147753
328.000000 0.148794
329.000000 0.150187
330.000000 0.152020
331.000000 0.153838
332.000000 0.155807
333.000000 0.157956
334.000000 0.159644
335.000000 0.161301
336.000000 0.163524
337.000000 0.165600
338.000000 0.166959
339.000000 0.168452
340.000000 0.170634
341.000000 0.172829
342.000000 0.174849
343.000000 0.176924
344.000000 0.178974
345.000000 0.180942
346.000000 0.182754
347.000000 0.184255
348.000000 0.185616
349.000000 0.186667
350.000000 0.187482
351.000000 0.188231
352.000000 0.188671
353.000000 0.188962
354.000000 0.189233
355.000000 0.189221
356.000000 0.188803
357.000000 0.188270
358.000000 0.187681
359.000000 0.186932
360.000000 0.185982
361.000000 0.185055
362.000000 0.184083
363.000000 0.182895
364.000000 0.181853
365.000000 0.180971
366.000000 0.179916
367.000000 0.178627
368.000000 0.177370
369.000000 0.175949
370.000000 0.175017
371.000000 0.173882
372.000000 0.171666
373.000000 0.169505
374.000000 0.167099
375.000000 0.164951
376.000000 0.163285
377.000000 0.161654
378.000000 0.159739
379.000000 0.157518
380.000000 0.155496
381.000000 0.153380
382.000000 0.151367
383.000000 0.149277
384.000000 0.147189
385.000000 0.145720
386.000000 0.144544
387.000000 0.143253
388.000000 0.142375
389.000000 0.141741
390.000000 0.140513
391.000000 0.139407
392.000000 0.139196
393.000000 0.139365
394.000000 0.139574
395.000000 0.139887
396.000000 0.140161
397.000000 0.140653
398.000000 0.141300
399.000000 0.141818
400.000000 0.142358
401.000000 0.142926
402.000000 0.143693
403.000000 0.144603
404.000000 0.145553
405.000000 0.146404
406.000000 0.147102
407.000000 0.147781
408.000000 0.148347
409.000000 0.148773
410.000000 0.148996
411.000000 0.149109
412.000000 0.149248
413.000000 0.149709
414.000000 0.150395
415.000000 0.150998
416.000000 0.151522
417.000000 0.152173
418.000000 0.153151
419.000000 0.154247
420.000000 0.155674
421.000000 0.157440
422.000000 0.159436
423.000000 0.161678
424.000000 0.164084
425.000000 0.166704
426.000000 0.169570
427.000000 0.172422
428.000000 0.174907
429.000000 0.177337
430.000000 0.179643
431.000000 0.181634
432.000000 0.183250
433.000000 0.184231
434.000000 0.184681
435.000000 0.184472
436.000000 0.183612
437.000000 0.182292
438.000000 0.180461
439.000000 0.178049
440.000000 0.175055
441.000000 0.171752
442.000000 0.168328
443.000000 0.164566
444.000000 0.160614
445.000000 0.156628
446.000000 0.152356
447.000000 0.148049
448.000000 0.143765
449.000000 0.139383
450.000000 0.135047
451.000000 0.130669
452.000000 0.126241
453.000000 0.122023
454.000000 0.117847
455.000000 0.113676
456.000000 0.109640
457.000000 0.105729
458.000000 0.102051
459.000000 0.098352
460.000000 0.094680
461.000000 0.091248
462.000000 0.087819
463.000000 0.084456
464.000000 0.081074
465.000000 0.077754
466.000000 0.074793
467.000000 0.071792
468.000000 0.068771
469.000000 0.065882
470.000000 0.063065
471.000000 0.060478
472.000000 0.057896
473.000000 0.055280
474.000000 0.052889
475.000000 0.050608
476.000000 0.048439
477.000000 0.046391
478.000000 0.044418
479.000000 0.042587
480.000000 0.040900
481.000000 0.039259
482.000000 0.037671
483.000000 0.036190
484.000000 0.034785
485.000000 0.033469
486.000000 0.032230
487.000000 0.031071
488.000000 0.029946
489.000000 0.029319
490.000000 0.029195
491.000000 0.028895
492.000000 0.028233
493.000000 0.027529
494.000000 0.027137
495.000000 0.026687
496.000000 0.026186
497.000000 0.025779
498.000000 0.025259
499.000000 0.024639
500.000000 0.023895
501.000000 0.023412
502.000000 0.022961
503.000000 0.022671
504.000000 0.022822
505.000000 0.022657
506.000000 0.022332
507.000000 0.022362
508.000000 0.022491
509.000000 0.022681
510.000000 0.022676
511.000000 0.022665
512.000000 0.022863
513.000000 0.022986
514.000000 0.023122
515.000000 0.023301
516.000000 0.023421
517.000000 0.023472
518.000000 0.023598
519.000000 0.023891
520.000000 0.024184
521.000000 0.024352
522.000000 0.024607
523.000000 0.024639
524.000000 0.024771
525.000000 0.024970
526.000000 0.025021
527.000000 0.025057
528.000000 0.024958
529.000000 0.024881
530.000000 0.025284
531.000000 0.025752
532.000000 0.025901
533.000000 0.026269
534.000000 0.026495
535.000000 0.026821
536.000000 0.027161
537.000000 0.027392
538.000000 0.027964
539.000000 0.028408
540.000000 0.029055
541.000000 0.030098
542.000000 0.030902
543.000000 0.031777
544.000000 0.032935
545.000000 0.034067
546.000000 0.035274
547.000000 0.036236
548.000000 0.037099
549.000000 0.038091
550.000000 0.039176
551.000000 0.040491
552.000000 0.041952
553.000000 0.043328
554.000000 0.044615
555.000000 0.046083
556.000000 0.047232
557.000000 0.048139
558.000000 0.049202
559.000000 0.050068
560.000000 0.050745
561.000000 0.051362
562.000000 0.051931
563.000000 0.052432
564.000000 0.052714
565.000000 0.052820
566.000000 0.052901
567.000000 0.052876
568.000000 0.052669
569.000000 0.052490
570.000000 0.052183
571.000000 0.051817
572.000000 0.051778
573.000000 0.051799
574.000000 0.051819
575.000000 0.051961
576.000000 0.052213
577.000000 0.052624
578.000000 0.053059
579.000000 0.053528
580.000000 0.054113
581.000000 0.054902
582.000000 0.055776
583.000000 0.056742
584.000000 0.057979
585.000000 0.059282
586.000000 0.060701
587.000000 0.062322
588.000000 0.063972
589.000000 0.065631
590.000000 0.067418
591.000000 0.069406
592.000000 0.071469
593.000000 0.073538
594.000000 0.075476
595.000000 0.077332
596.000000 0.079437
597.000000 0.081794
598.000000 0.084037
599.000000 0.086161
600.000000 0.088483
601.000000 0.090900
602.000000 0.093242
603.000000 0.095557
604.000000 0.097998
605.000000 0.100419
606.000000 0.102864
607.000000 0.105535
608.000000 0.108230
609.000000 0.110989
610.000000 0.113952
611.000000 0.116927
612.000000 0.120034
613.000000 0.123279
614.000000 0.126730
615.000000 0.130568
616.000000 0.134328
617.000000 0.138209
618.000000 0.142648
619.000000 0.147212
620.000000 0.151965
621.000000 0.157158
622.000000 0.162497
623.000000 0.168138
624.000000 0.174244
625.000000 0.180535
626.000000 0.187140
627.000000 0.194309
628.000000 0.201592
629.000000 0.209159
630.000000 0.217394
631.000000 0.226027
632.000000 0.234647
633.000000 0.243481
634.000000 0.252970
635.000000 0.262490
636.000000 0.272108
637.000000 0.282238
638.000000 0.292215
639.000000 0.302141
640.000000 0.312488
641.000000 0.322947
642.000000 0.332744
643.000000 0.342182
644.000000 0.352016
645.000000 0.361455
646.000000 0.370547
647.000000 0.379655
648.000000 0.388467
649.000000 0.396618
650.000000 0.404236
651.000000 0.411762
652.000000 0.419034
653.000000 0.425601
654.000000 0.431632
655.000000 0.437448
656.000000 0.442927
657.000000 0.447878
658.000000 0.452469
659.000000 0.456964
660.000000 0.461233
661.000000 0.465147
662.000000 0.468916
663.000000 0.472890
664.000000 0.476974
665.000000 0.481012
666.000000 0.485181
667.000000 0.489794
668.000000 0.494796
669.000000 0.499950
670.000000 0.505489
671.000000 0.511726
672.000000 0.518633
673.000000 0.526322
674.000000 0.534321
675.000000 0.543049
676.000000 0.553177
677.000000 0.564446
678.000000 0.576764
679.000000 0.589529
680.000000 0.603139
681.000000 0.618315
682.000000 0.634847
683.000000 0.652775
684.000000 0.671417
685.000000 0.690918
686.000000 0.712197
687.000000 0.734990
688.000000 0.758933
689.000000 0.783735
690.000000 0.808435
691.000000 0.833659
692.000000 0.860558
693.000000 0.888438
694.000000 0.917008
695.000000 0.946274
696.000000 0.974653
697.000000 1.002362
698.000000 1.030822
699.000000 1.059257
700.000000 1.087225
701.000000 1.114358
702.000000 1.139531
703.000000 1.162997
704.000000 1.185902
705.000000 1.207491
706.000000 1.227152
707.000000 1.244566
708.000000 1.259717
709.000000 1.272282
710.000000 1.281887
711.000000 1.288717
712.000000 1.292821
713.000000 1.293954
714.000000 1.292087
715.000000 1.287161
716.000000 1.279078
717.000000 1.267949
718.000000 1.253859
719.000000 1.238007
720.000000 1.220234
721.000000 1.199466
722.000000 1.176151
723.000000 1.150951
724.000000 1.124077
725.000000 1.096021
726.000000 1.067044
727.000000 1.036946
728.000000 1.005855
729.000000 0.974121
730.000000 0.941789
731.000000 0.911076
732.000000 0.880997
733.000000 0.849561
734.000000 0.817920
735.000000 0.786469
736.000000 0.755254
737.000000 0.724403
738.000000 0.694186
739.000000 0.664545
740.000000 0.635523
741.000000 0.607249
742.000000 0.579886
743.000000 0.553464
744.000000 0.527853
745.000000 0.502954
746.000000 0.478795
747.000000 0.455426
748.000000 0.432846
749.000000 0.411031
750.000000 0.390085
751.000000 0.369810
752.000000 0.350232
753.000000 0.331422
754.000000 0.313328
755.000000 0.295905
756.000000 0.279151
757.000000 0.263172
758.000000 0.247893
759.000000 0.233178
760.000000 0.219025
761.000000 0.205495
762.000000 0.192548
763.000000 0.180178
764.000000 0.168331
765.000000 0.156930
766.000000 0.145990
767.000000 0.135644
768.000000 0.125925
769.000000 0.116718
770.000000 0.108007
771.000000 0.099781
772.000000 0.092011
773.000000 0.084645
774.000000 0.077655
775.000000 0.071117
776.000000 0.064655
777.000000 0.058398
778.000000 0.052733
779.000000 0.047526
780.000000 0.042675
781.000000 0.038164
782.000000 0.034020
783.000000 0.030159
784.000000 0.026611
785.000000 0.023295
786.000000 0.020137
787.000000 0.017227
788.000000 0.014471
789.000000 0.011943
790.000000 0.009650
791.000000 0.007539
792.000000 0.005586
793.000000 0.003782
794.000000 0.002099
795.000000 0.000502
796.000000 -0.000910
797.000000 -0.002211
798.000000 -0.003429
799.000000 -0.004541
800.000000 -0.005590
801.000000 -0.006552
802.000000 -0.007403
803.000000 -0.008118
804.000000 -0.008776
805.000000 -0.009392
806.000000 -0.009937
807.000000 -0.010466
808.000000 -0.010941
809.000000 -0.011381
810.000000 -0.011797
811.000000 -0.012185
812.000000 -0.012542
813.000000 -0.012827
814.000000 -0.013108
815.000000 -0.013400
816.000000 -0.013647
817.000000 -0.013872
818.000000 -0.014112
819.000000 -0.014302
820.000000 -0.014426
821.000000 -0.014556
822.000000 -0.014680
823.000000 -0.014823
824.000000 -0.014958
825.000000 -0.015047
826.000000 -0.015325
827.000000 -0.015502
828.000000 -0.015465
829.000000 -0.015475
830.000000 -0.015493
831.000000 -0.015618
832.000000 -0.015737
833.000000 -0.015812
834.000000 -0.015926
835.000000 -0.016040
836.000000 -0.016154
837.000000 -0.016256
838.000000 -0.016323
839.000000 -0.016389
840.000000 -0.016452
841.000000 -0.016498
842.000000 -0.016540
843.000000 -0.016582
844.000000 -0.016594
845.000000 -0.016615
846.000000 -0.016672
847.000000 -0.016726
848.000000 -0.016774
849.000000 -0.016807
850.000000 -0.016845
851.000000 -0.016898
852.000000 -0.016952
853.000000 -0.017029
854.000000 -0.017109
855.000000 -0.017148
856.000000 -0.017151
857.000000 -0.017147
858.000000 -0.017177
859.000000 -0.017224
860.000000 -0.017224
861.000000 -0.017218
862.000000 -0.017279
863.000000 -0.017352
864.000000 -0.017384
865.000000 -0.017407
866.000000 -0.017443
867.000000 -0.017467
868.000000 -0.017455
869.000000 -0.017458
870.000000 -0.017336
871.000000 -0.017309
872.000000 -0.017444
873.000000 -0.017469
874.000000 -0.017452
875.000000 -0.017464
876.000000 -0.017493
877.000000 -0.017498
878.000000 -0.017488
879.000000 -0.017458
880.000000 -0.017428
881.000000 -0.017442
882.000000 -0.017450
883.000000 -0.017443
884.000000 -0.017472
885.000000 -0.017490
886.000000 -0.017504
887.000000 -0.017540
888.000000 -0.017545
889.000000 -0.017538
890.000000 -0.017557
891.000000 -0.017564
892.000000 -0.017554
893.000000 -0.017596
894.000000 -0.017675
895.000000 -0.017694
896.000000 -0.017672
897.000000 -0.017675
898.000000 -0.017674
899.000000 -0.017660
900.000000 -0.017660
