315.000000 0.127532
316.000000 0.128282
317.000000 0.128964
318.000000 0.129686
319.000000 0.130869
320.000000 0.132374
321.000000 0.134068
322.000000 0.136211
323.000000 0.138569
324.000000 0.140352
325.000000 0.141705
326.000000 0.143313
327.000000 0.145078
328.000000 0.146938
329.000000 0.148520
330.000000 0.150020
331.000000 0.151910
332.000000 0.153600
333.000000 0.155137
334.000000 0.156926
335.000000 0.158953
336.000000 0.161111
337.000000 0.163340
338.000000 0.165169
339.000000 0.167008
340.000000 0.168904
341.000000 0.170831
342.000000 0.172842
343.000000 0.174677
344.000000 0.176584
345.000000 0.178554
346.000000 0.180282
347.000000 0.181816
348.000000 0.183262
349.000000 0.184453
350.000000 0.185544
351.000000 0.186560
352.000000 0.187162
353.000000 0.187553
354.000000 0.187885
355.000000 0.187852
356.000000 0.187410
357.000000 0.187001
358.000000 0.186556
359.000000 0.185862
360.000000 0.185079
361.000000 0.184261
362.000000 0.183413
363.000000 0.182374
364.000000 0.181416
365.000000 0.180529
366.000000 0.179501
367.000000 0.178243
368.000000 0.176817
369.000000 0.175427
370.000000 0.174197
371.000000 0.172429
372.000000 0.170428
373.000000 0.169145
374.000000 0.167391
375.000000 0.165148
376.000000 0.162786
377.000000 0.160732
378.000000 0.158852
379.000000 0.156541
380.000000 0.154224
381.000000 0.151908
382.000000 0.149548
383.000000 0.147204
384.000000 0.145203
385.000000 0.143563
386.000000 0.141995
387.000000 0.140801
388.000000 0.139940
389.000000 0.139074
390.000000 0.138049
391.000000 0.137317
392.000000 0.137197
393.000000 0.137070
394.000000 0.137204
395.000000 0.137646
396.000000 0.137947
397.000000 0.138264
398.000000 0.138649
399.000000 0.139220
400.000000 0.139912
401.000000 0.140563
402.000000 0.141315
403.000000 0.142171
404.000000 0.143156
405.000000 0.143822
406.000000 0.144251
407.000000 0.144953
408.000000 0.145542
409.000000 0.145849
410.000000 0.146167
411.000000 0.146491
412.000000 0.146742
413.000000 0.147107
414.000000 0.147833
415.000000 0.148754
416.000000 0.149435
417.000000 0.150072
418.000000 0.151103
419.000000 0.152326
420.000000 0.153613
421.000000 0.155196
422.000000 0.157074
423.000000 0.159213
424.000000 0.161610
425.000000 0.164173
426.000000 0.166997
427.000000 0.169841
428.000000 0.172564
429.000000 0.175205
430.000000 0.177498
431.000000 0.179503
432.000000 0.181145
433.000000 0.182295
434.000000 0.182963
435.000000 0.182928
436.000000 0.182229
437.000000 0.181010
438.000000 0.179277
439.000000 0.176996
440.000000 0.174112
441.000000 0.170948
442.000000 0.167602
443.000000 0.163834
444.000000 0.159829
445.000000 0.155755
446.000000 0.151436
447.000000 0.147071
448.000000 0.142731
449.000000 0.138354
450.000000 0.134098
451.000000 0.129752
452.000000 0.125314
453.000000 0.121069
454.000000 0.116828
455.000000 0.112620
456.000000 0.108525
457.000000 0.104528
458.000000 0.100821
459.000000 0.097081
460.000000 0.093335
461.000000 0.089887
462.000000 0.086463
463.000000 0.083053
464.000000 0.079629
465.000000 0.076303
466.000000 0.073369
467.000000 0.070429
468.000000 0.067447
469.000000 0.064534
470.000000 0.061687
471.000000 0.059096
472.000000 0.056533
473.000000 0.053930
474.000000 0.051420
475.000000 0.049035
476.000000 0.046819
477.000000 0.044733
478.000000 0.042736
479.000000 0.040781
480.000000 0.038981
481.000000 0.037314
482.000000 0.035658
483.000000 0.034119
484.000000 0.032701
485.000000 0.031365
486.000000 0.030087
487.000000 0.028840
488.000000 0.027680
489.000000 0.026933
490.000000 0.026448
491.000000 0.025974
492.000000 0.025374
493.000000 0.024479
494.000000 0.023825
495.000000 0.023148
496.000000 0.022267
497.000000 0.021863
498.000000 0.021462
499.000000 0.020826
500.000000 0.020271
501.000000 0.020010
502.000000 0.019863
503.000000 0.019465
504.000000 0.019159
505.000000 0.018707
506.000000 0.018240
507.000000 0.018164
508.000000 0.018111
509.000000 0.017981
510.000000 0.017855
511.000000 0.017689
512.000000 0.017606
513.000000 0.017567
514.000000 0.017527
515.000000 0.017667
516.000000 0.017773
517.000000 0.017859
518.000000 0.017963
519.000000 0.017865
520.000000 0.017892
521.000000 0.018104
522.000000 0.018270
523.000000 0.018162
524.000000 0.018029
525.000000 0.018133
526.000000 0.018218
527.000000 0.018301
528.000000 0.018646
529.000000 0.019101
530.000000 0.019413
531.000000 0.019383
532.000000 0.019049
533.000000 0.019137
534.000000 0.019362
535.000000 0.019555
536.000000 0.020008
537.000000 0.020492
538.000000 0.020982
539.000000 0.021170
540.000000 0.021585
541.000000 0.022490
542.000000 0.023321
543.000000 0.023867
544.000000 0.024509
545.000000 0.025445
546.000000 0.026378
547.000000 0.027386
548.000000 0.028385
549.000000 0.029203
550.000000 0.030062
551.000000 0.031079
552.000000 0.032294
553.000000 0.033363
554.000000 0.034175
555.000000 0.035146
556.000000 0.036098
557.000000 0.036997
558.000000 0.038023
559.000000 0.038964
560.000000 0.039737
561.000000 0.040335
562.000000 0.040760
563.000000 0.041148
564.000000 0.041586
565.000000 0.042099
566.000000 0.042508
567.000000 0.042739
568.000000 0.042935
569.000000 0.043139
570.000000 0.043288
571.000000 0.043640
572.000000 0.044218
573.000000 0.044744
574.000000 0.045337
575.000000 0.045981
576.000000 0.046580
577.000000 0.047304
578.000000 0.048299
579.000000 0.049420
580.000000 0.050583
581.000000 0.051944
582.000000 0.053222
583.000000 0.054493
584.000000 0.056032
585.000000 0.057584
586.000000 0.059235
587.000000 0.060980
588.000000 0.062808
589.000000 0.064736
590.000000 0.066819
591.000000 0.069219
592.000000 0.071504
593.000000 0.073725
594.000000 0.076033
595.000000 0.078190
596.000000 0.080346
597.000000 0.082695
598.000000 0.085066
599.000000 0.087460
600.000000 0.089973
601.000000 0.092431
602.000000 0.094857
603.000000 0.097320
604.000000 0.099914
605.000000 0.102519
606.000000 0.105134
607.000000 0.107985
608.000000 0.110924
609.000000 0.113903
610.000000 0.117034
611.000000 0.120174
612.000000 0.123366
613.000000 0.126702
614.000000 0.130342
615.000000 0.134320
616.000000 0.138209
617.000000 0.142280
618.000000 0.146875
619.000000 0.151624
620.000000 0.156517
621.000000 0.161814
622.000000 0.167304
623.000000 0.173159
624.000000 0.179536
625.000000 0.186023
626.000000 0.192802
627.000000 0.200233
628.000000 0.207808
629.000000 0.215646
630.000000 0.224201
631.000000 0.233233
632.000000 0.242204
633.000000 0.251344
634.000000 0.261100
635.000000 0.270850
636.000000 0.280800
637.000000 0.291336
638.000000 0.301757
639.000000 0.312116
640.000000 0.322807
641.000000 0.333538
642.000000 0.343620
643.000000 0.353412
644.000000 0.363617
645.000000 0.373405
646.000000 0.382799
647.000000 0.392178
648.000000 0.401294
649.000000 0.409797
650.000000 0.417767
651.000000 0.425498
652.000000 0.432928
653.000000 0.439731
654.000000 0.446027
655.000000 0.452090
656.000000 0.457770
657.000000 0.462904
658.000000 0.467661
659.000000 0.472344
660.000000 0.476838
661.000000 0.480966
662.000000 0.484894
663.000000 0.488910
664.000000 0.493055
665.000000 0.497236
666.000000 0.501555
667.000000 0.506313
668.000000 0.511448
669.000000 0.516787
670.000000 0.522531
671.000000 0.528964
672.000000 0.536108
673.000000 0.544061
674.000000 0.552301
675.000000 0.561288
676.000000 0.571749
677.000000 0.583317
678.000000 0.595947
679.000000 0.609103
680.000000 0.623150
681.000000 0.638822
682.000000 0.655903
683.000000 0.674418
684.000000 0.693641
685.000000 0.713852
686.000000 0.735915
687.000000 0.759334
688.000000 0.783893
689.000000 0.809423
690.000000 0.834881
691.000000 0.860900
692.000000 0.888730
693.000000 0.917632
694.000000 0.947143
695.000000 0.977282
696.000000 1.006522
697.000000 1.035149
698.000000 1.064651
699.000000 1.094079
700.000000 1.123123
701.000000 1.151459
702.000000 1.177653
703.000000 1.202038
704.000000 1.225890
705.000000 1.248185
706.000000 1.268284
707.000000 1.286205
708.000000 1.301839
709.000000 1.314908
710.000000 1.325004
711.000000 1.332135
712.000000 1.336467
713.000000 1.337771
714.000000 1.335869
715.000000 1.330634
716.000000 1.322241
717.000000 1.310875
718.000000 1.296510
719.000000 1.280202
720.000000 1.261721
721.000000 1.240105
722.000000 1.215980
723.000000 1.189933
724.000000 1.162239
725.000000 1.133310
726.000000 1.103282
727.000000 1.072125
728.000000 1.040051
729.000000 1.007240
730.000000 0.973776
731.000000 0.941976
732.000000 0.910887
733.000000 0.878579
734.000000 0.845978
735.000000 0.813409
736.000000 0.781155
737.000000 0.749360
738.000000 0.718200
739.000000 0.687606
740.000000 0.657567
741.000000 0.628328
742.000000 0.600077
743.000000 0.572817
744.000000 0.546354
745.000000 0.520615
746.000000 0.495701
747.000000 0.471546
748.000000 0.448264
749.000000 0.425904
750.000000 0.404337
751.000000 0.383412
752.000000 0.363178
753.000000 0.343675
754.000000 0.324897
755.000000 0.306871
756.000000 0.289567
757.000000 0.273004
758.000000 0.257169
759.000000 0.241900
760.000000 0.227253
761.000000 0.213313
762.000000 0.199958
763.000000 0.187128
764.000000 0.174845
765.000000 0.163090
766.000000 0.151798
767.000000 0.141064
768.000000 0.131005
769.000000 0.121499
770.000000 0.112478
771.000000 0.103950
772.000000 0.095867
773.000000 0.088263
774.000000 0.081060
775.000000 0.074224
776.000000 0.067487
777.000000 0.061028
778.000000 0.055192
779.000000 0.049839
780.000000 0.044868
781.000000 0.040215
782.000000 0.035914
783.000000 0.031901
784.000000 0.028184
785.000000 0.024700
786.000000 0.021397
787.000000 0.018374
788.000000 0.015521
789.000000 0.012852
790.000000 0.010418
791.000000 0.008204
792.000000 0.006157
793.000000 0.004275
794.000000 0.002533
795.000000 0.000893
796.000000 -0.000599
797.000000 -0.001987
798.000000 -0.003261
799.000000 -0.004433
800.000000 -0.005496
801.000000 -0.006457
802.000000 -0.007296
803.000000 -0.008051
804.000000 -0.008750
805.000000 -0.009362
806.000000 -0.009925
807.000000 -0.010503
808.000000 -0.011102
809.000000 -0.011616
810.000000 -0.012007
811.000000 -0.012367
812.000000 -0.012733
813.000000 -0.013085
814.000000 -0.013372
815.000000 -0.013601
816.000000 -0.013872
817.000000 -0.014118
818.000000 -0.014357
819.000000 -0.014594
820.000000 -0.014754
821.000000 -0.014914
822.000000 -0.015041
823.000000 -0.015181
824.000000 -0.015315
825.000000 -0.015404
826.000000 -0.015512
827.000000 -0.015680
828.000000 -0.015864
829.000000 -0.015955
830.000000 -0.016014
831.000000 -0.016114
832.000000 -0.016165
833.000000 -0.016182
834.000000 -0.016252
835.000000 -0.016345
836.000000 -0.016462
837.000000 -0.016589
838.000000 -0.016682
839.000000 -0.016746
840.000000 -0.016798
841.000000 -0.016845
842.000000 -0.016877
843.000000 -0.016893
844.000000 -0.016921
845.000000 -0.016959
846.000000 -0.017029
847.000000 -0.017063
848.000000 -0.017041
849.000000 -0.017020
850.000000 -0.017037
851.000000 -0.017088
852.000000 -0.017132
853.000000 -0.017198
854.000000 -0.017282
855.000000 -0.017344
856.000000 -0.017360
857.000000 -0.017353
858.000000 -0.017363
859.000000 -0.017358
860.000000 -0.017329
861.000000 -0.017308
862.000000 -0.017370
863.000000 -0.017481
864.000000 -0.017547
865.000000 -0.017591
866.000000 -0.017628
867.000000 -0.017640
868.000000 -0.017640
869.000000 -0.017633
870.000000 -0.017499
871.000000 -0.017454
872.000000 -0.017556
873.000000 -0.017596
874.000000 -0.017595
875.000000 -0.017600
876.000000 -0.017624
877.000000 -0.017650
878.000000 -0.017675
879.000000 -0.017663
880.000000 -0.017648
881.000000 -0.017665
882.000000 -0.017660
883.000000 -0.017657
884.000000 -0.017687
885.000000 -0.017690
886.000000 -0.017692
887.000000 -0.017721
888.000000 -0.017740
889.000000 -0.017736
890.000000 -0.017728
891.000000 -0.017752
892.000000 -0.017777
893.000000 -0.017797
894.000000 -0.017844
895.000000 -0.017856
896.000000 -0.017851
897.000000 -0.017857
898.000000 -0.017835
899.000000 -0.017788
900.000000 -0.017756
