315.000000 0.125223
316.000000 0.127104
317.000000 0.128966
318.000000 0.130044
319.000000 0.130882
320.000000 0.131962
321.000000 0.133168
322.000000 0.135462
323.000000 0.138464
324.000000 0.140678
325.000000 0.142644
326.000000 0.144222
327.000000 0.145162
328.000000 0.146004
329.000000 0.147338
330.000000 0.148985
331.000000 0.150483
332.000000 0.152329
333.000000 0.154331
334.000000 0.156081
335.000000 0.158150
336.000000 0.160259
337.000000 0.162369
338.000000 0.164248
339.000000 0.166151
340.000000 0.168518
341.000000 0.170976
342.000000 0.173097
343.000000 0.174795
344.000000 0.176660
345.000000 0.178706
346.000000 0.180658
347.000000 0.182220
348.000000 0.183420
349.000000 0.184335
350.000000 0.185145
351.000000 0.186051
352.000000 0.186712
353.000000 0.187151
354.000000 0.187460
355.000000 0.187681
356.000000 0.187583
357.000000 0.187127
358.000000 0.186506
359.000000 0.185767
360.000000 0.184823
361.000000 0.183918
362.000000 0.183063
363.000000 0.182105
364.000000 0.181221
365.000000 0.180272
366.000000 0.179135
367.000000 0.177829
368.000000 0.176595
369.000000 0.175330
370.000000 0.174310
371.000000 0.172961
372.000000 0.170973
373.000000 0.168808
374.000000 0.166432
375.000000 0.164310
376.000000 0.162008
377.000000 0.159841
378.000000 0.157696
379.000000 0.155125
380.000000 0.152687
381.000000 0.150443
382.000000 0.148495
383.000000 0.146392
384.000000 0.144407
385.000000 0.143021
386.000000 0.141668
387.000000 0.140506
388.000000 0.139711
389.000000 0.138889
390.000000 0.137770
391.000000 0.136678
392.000000 0.136251
393.000000 0.136267
394.000000 0.136545
395.000000 0.137100
396.000000 0.137449
397.000000 0.137765
398.000000 0.138281
399.000000 0.138825
400.000000 0.139359
401.000000 0.139746
402.000000 0.140275
403.000000 0.141096
404.000000 0.141901
405.000000 0.142504
406.000000 0.143024
407.000000 0.143568
408.000000 0.144141
409.000000 0.144592
410.000000 0.144851
411.000000 0.145158
412.000000 0.145495
413.000000 0.145930
414.000000 0.146536
415.000000 0.147081
416.000000 0.147639
417.000000 0.148393
418.000000 0.149525
419.000000 0.150665
420.000000 0.152038
421.000000 0.153797
422.000000 0.155646
423.000000 0.157783
424.000000 0.160152
425.000000 0.162729
426.000000 0.165688
427.000000 0.168698
428.000000 0.171459
429.000000 0.174195
430.000000 0.176661
431.000000 0.178842
432.000000 0.180659
433.000000 0.181892
434.000000 0.182552
435.000000 0.182510
436.000000 0.181886
437.000000 0.180794
438.000000 0.179150
439.000000 0.176931
440.000000 0.174050
441.000000 0.170866
442.000000 0.167611
443.000000 0.163883
444.000000 0.159888
445.000000 0.155822
446.000000 0.151402
447.000000 0.146957
448.000000 0.142636
449.000000 0.138269
450.000000 0.133940
451.000000 0.129513
452.000000 0.124989
453.000000 0.120744
454.000000 0.116560
455.000000 0.112404
456.000000 0.108358
457.000000 0.104321
458.000000 0.100566
459.000000 0.096777
460.000000 0.093023
461.000000 0.089601
462.000000 0.086201
463.000000 0.082815
464.000000 0.079377
465.000000 0.075968
466.000000 0.072886
467.000000 0.069832
468.000000 0.066823
469.000000 0.063942
470.000000 0.061121
471.000000 0.058455
472.000000 0.055736
473.000000 0.053110
474.000000 0.050695
475.000000 0.048337
476.000000 0.046118
477.000000 0.044013
478.000000 0.042008
479.000000 0.040080
480.000000 0.038227
481.000000 0.036461
482.000000 0.034800
483.000000 0.033291
484.000000 0.031812
485.000000 0.030417
486.000000 0.029131
487.000000 0.027878
488.000000 0.026687
489.000000 0.026084
490.000000 0.025965
491.000000 0.025524
492.000000 0.025016
493.000000 0.024462
494.000000 0.023676
495.000000 0.022799
496.000000 0.022079
497.000000 0.021457
498.000000 0.020617
499.000000 0.020194
500.000000 0.019801
501.000000 0.019360
502.000000 0.018879
503.000000 0.018103
504.000000 0.017768
505.000000 0.017510
506.000000 0.017167
507.000000 0.017141
508.000000 0.017204
509.000000 0.016958
510.000000 0.016412
511.000000 0.016010
512.000000 0.015915
513.000000 0.015776
514.000000 0.015641
515.000000 0.015605
516.000000 0.015607
517.000000 0.015529
518.000000 0.015500
519.000000 0.015677
520.000000 0.015862
521.000000 0.015819
522.000000 0.015854
523.000000 0.015909
524.000000 0.015776
525.000000 0.015621
526.000000 0.015477
527.000000 0.015342
528.000000 0.015289
529.000000 0.015613
530.000000 0.015924
531.000000 0.015811
532.000000 0.015562
533.000000 0.015648
534.000000 0.015786
535.000000 0.015977
536.000000 0.016239
537.000000 0.016518
538.000000 0.017027
539.000000 0.017532
540.000000 0.018031
541.000000 0.018617
542.000000 0.019163
543.000000 0.019696
544.000000 0.020283
545.000000 0.020986
546.000000 0.021858
547.000000 0.022586
548.000000 0.023221
549.000000 0.023902
550.000000 0.024634
551.000000 0.025304
552.000000 0.025940
553.000000 0.026721
554.000000 0.027669
555.000000 0.028658
556.000000 0.029338
557.000000 0.030017
558.000000 0.030967
559.000000 0.031789
560.000000 0.032455
561.000000 0.033031
562.000000 0.033584
563.000000 0.034167
564.000000 0.034766
565.000000 0.035427
566.000000 0.036068
567.000000 0.036630
568.000000 0.037133
569.000000 0.037718
570.000000 0.038294
571.000000 0.038892
572.000000 0.039770
573.000000 0.040766
574.000000 0.041605
575.000000 0.042346
576.000000 0.043250
577.000000 0.044422
578.000000 0.045765
579.000000 0.047119
580.000000 0.048452
581.000000 0.049962
582.000000 0.051535
583.000000 0.053195
584.000000 0.054976
585.000000 0.056726
586.000000 0.058580
587.000000 0.060559
588.000000 0.062767
589.000000 0.064979
590.000000 0.067247
591.000000 0.069788
592.000000 0.072251
593.000000 0.074636
594.000000 0.076983
595.000000 0.079318
596.000000 0.081759
597.000000 0.084237
598.000000 0.086688
599.000000 0.089162
600.000000 0.091785
601.000000 0.094488
602.000000 0.097114
603.000000 0.099610
604.000000 0.102164
605.000000 0.104792
606.000000 0.107504
607.000000 0.110408
608.000000 0.113315
609.000000 0.116330
610.000000 0.119629
611.000000 0.122902
612.000000 0.126213
613.000000 0.129783
614.000000 0.133588
615.000000 0.137639
616.000000 0.141612
617.000000 0.145738
618.000000 0.150406
619.000000 0.155293
620.000000 0.160326
621.000000 0.165808
622.000000 0.171545
623.000000 0.177556
624.000000 0.184052
625.000000 0.190695
626.000000 0.197648
627.000000 0.205226
628.000000 0.212966
629.000000 0.221009
630.000000 0.229759
631.000000 0.238981
632.000000 0.248213
633.000000 0.257670
634.000000 0.267767
635.000000 0.277765
636.000000 0.287868
637.000000 0.298639
638.000000 0.309309
639.000000 0.319901
640.000000 0.330887
641.000000 0.341918
642.000000 0.352259
643.000000 0.362291
644.000000 0.372761
645.000000 0.382809
646.000000 0.392455
647.000000 0.402131
648.000000 0.411504
649.000000 0.420193
650.000000 0.428368
651.000000 0.436392
652.000000 0.444073
653.000000 0.451047
654.000000 0.457460
655.000000 0.463625
656.000000 0.469426
657.000000 0.474676
658.000000 0.479525
659.000000 0.484252
660.000000 0.488795
661.000000 0.492999
662.000000 0.497047
663.000000 0.501210
664.000000 0.505458
665.000000 0.509706
666.000000 0.514123
667.000000 0.518999
668.000000 0.524279
669.000000 0.529724
670.000000 0.535518
671.000000 0.542062
672.000000 0.549349
673.000000 0.557516
674.000000 0.565983
675.000000 0.575117
676.000000 0.585762
677.000000 0.597590
678.000000 0.610534
679.000000 0.624000
680.000000 0.638318
681.000000 0.654294
682.000000 0.671699
683.000000 0.690591
684.000000 0.710139
685.000000 0.730672
686.000000 0.753232
687.000000 0.777257
688.000000 0.802409
689.000000 0.828516
690.000000 0.854591
691.000000 0.881334
692.000000 0.909867
693.000000 0.939308
694.000000 0.969525
695.000000 1.000468
696.000000 1.030424
697.000000 1.059785
698.000000 1.090042
699.000000 1.120188
700.000000 1.149918
701.000000 1.178833
702.000000 1.205701
703.000000 1.230778
704.000000 1.255122
705.000000 1.278032
706.000000 1.298844
707.000000 1.317379
708.000000 1.333451
709.000000 1.346865
710.000000 1.357100
711.000000 1.364295
712.000000 1.368903
713.000000 1.370436
714.000000 1.368558
715.000000 1.363389
716.000000 1.355154
717.000000 1.343679
718.000000 1.328936
719.000000 1.312268
720.000000 1.293462
721.000000 1.271480
722.000000 1.246863
723.000000 1.220148
724.000000 1.191610
725.000000 1.161853
726.000000 1.131101
727.000000 1.099249
728.000000 1.066350
729.000000 1.032584
730.000000 0.998343
731.000000 0.966001
732.000000 0.934315
733.000000 0.901131
734.000000 0.867617
735.000000 0.834281
736.000000 0.801222
737.000000 0.768651
738.000000 0.736703
739.000000 0.705250
740.000000 0.674417
741.000000 0.644451
742.000000 0.615442
743.000000 0.587408
744.000000 0.560298
745.000000 0.533997
746.000000 0.508532
747.000000 0.483920
748.000000 0.460028
749.000000 0.436923
750.000000 0.414885
751.000000 0.393566
752.000000 0.372845
753.000000 0.352861
754.000000 0.333684
755.000000 0.315281
756.000000 0.297560
757.000000 0.280576
758.000000 0.264363
759.000000 0.248810
760.000000 0.233841
761.000000 0.219571
762.000000 0.205926
763.000000 0.192814
764.000000 0.180243
765.000000 0.168122
766.000000 0.156484
767.000000 0.145533
768.000000 0.135270
769.000000 0.125531
770.000000 0.116278
771.000000 0.107504
772.000000 0.099198
773.000000 0.091356
774.000000 0.083928
775.000000 0.076941
776.000000 0.069988
777.000000 0.063245
778.000000 0.057242
779.000000 0.051767
780.000000 0.046616
781.000000 0.041793
782.000000 0.037342
783.000000 0.033220
784.000000 0.029411
785.000000 0.025838
786.000000 0.022459
787.000000 0.019321
788.000000 0.016346
789.000000 0.013593
790.000000 0.011094
791.000000 0.008797
792.000000 0.006647
793.000000 0.004658
794.000000 0.002879
795.000000 0.001240
796.000000 -0.000254
797.000000 -0.001653
798.000000 -0.002973
799.000000 -0.004194
800.000000 -0.005342
801.000000 -0.006345
802.000000 -0.007251
803.000000 -0.008088
804.000000 -0.008840
805.000000 -0.009522
806.000000 -0.010121
807.000000 -0.010695
808.000000 -0.011234
809.000000 -0.011698
810.000000 -0.012111
811.000000 -0.012510
812.000000 -0.012871
813.000000 -0.013189
814.000000 -0.013513
815.000000 -0.013802
816.000000 -0.014078
817.000000 -0.014354
818.000000 -0.014615
819.000000 -0.014846
820.000000 -0.014989
821.000000 -0.015127
822.000000 -0.015246
823.000000 -0.015341
824.000000 -0.015457
825.000000 -0.015542
826.000000 -0.015649
827.000000 -0.015821
828.000000 -0.015985
829.000000 -0.016044
830.000000 -0.016080
831.000000 -0.016160
832.000000 -0.016221
833.000000 -0.016298
834.000000 -0.016395
835.000000 -0.016438
836.000000 -0.016523
837.000000 -0.016690
838.000000 -0.016794
839.000000 -0.016842
840.000000 -0.016870
841.000000 -0.016898
842.000000 -0.016917
843.000000 -0.016919
844.000000 -0.016929
845.000000 -0.016956
846.000000 -0.017006
847.000000 -0.017036
848.000000 -0.017042
849.000000 -0.017065
850.000000 -0.017138
851.000000 -0.017235
852.000000 -0.017308
853.000000 -0.017345
854.000000 -0.017379
855.000000 -0.017417
856.000000 -0.017416
857.000000 -0.017418
858.000000 -0.017426
859.000000 -0.017450
860.000000 -0.017452
861.000000 -0.017437
862.000000 -0.017501
863.000000 -0.017568
864.000000 -0.017600
865.000000 -0.017633
866.000000 -0.017643
867.000000 -0.017625
868.000000 -0.017629
869.000000 -0.017616
870.000000 -0.017466
871.000000 -0.017453
872.000000 -0.017601
873.000000 -0.017672
874.000000 -0.017666
875.000000 -0.017629
876.000000 -0.017612
877.000000 -0.017588
878.000000 -0.017589
879.000000 -0.017585
880.000000 -0.017579
881.000000 -0.017593
882.000000 -0.017607
883.000000 -0.017663
884.000000 -0.017738
885.000000 -0.017751
886.000000 -0.017754
887.000000 -0.017769
888.000000 -0.017759
889.000000 -0.017745
890.000000 -0.017749
891.000000 -0.017762
892.000000 -0.017774
893.000000 -0.017788
894.000000 -0.017800
895.000000 -0.017806
896.000000 -0.017809
897.000000 -0.017827
898.000000 -0.017836
899.000000 -0.017811
900.000000 -0.017793
