315.000000 0.142796
316.000000 0.144284
317.000000 0.145417
318.000000 0.146576
319.000000 0.148401
320.000000 0.150508
321.000000 0.152232
322.000000 0.153898
323.000000 0.156058
324.000000 0.157804
325.000000 0.159305
326.000000 0.161287
327.000000 0.163113
328.000000 0.164598
329.000000 0.166443
330.000000 0.168580
331.000000 0.170288
332.000000 0.171245
333.000000 0.172040
334.000000 0.173388
335.000000 0.175230
336.000000 0.177151
337.000000 0.179062
338.000000 0.180428
339.000000 0.181090
340.000000 0.182237
341.000000 0.183968
342.000000 0.185624
343.000000 0.187040
344.000000 0.188344
345.000000 0.189675
346.000000 0.190778
347.000000 0.191403
348.000000 0.191773
349.000000 0.192110
350.000000 0.192236
351.000000 0.192169
352.000000 0.191719
353.000000 0.191188
354.000000 0.190695
355.000000 0.189751
356.000000 0.188568
357.000000 0.187518
358.000000 0.186413
359.000000 0.185211
360.000000 0.183984
361.000000 0.182905
362.000000 0.181871
363.000000 0.180636
364.000000 0.179417
365.000000 0.178421
366.000000 0.177447
367.000000 0.176356
368.000000 0.175287
369.000000 0.174192
370.000000 0.173287
371.000000 0.172381
372.000000 0.171352
373.000000 0.170381
374.000000 0.169043
375.000000 0.167626
376.000000 0.166251
377.000000 0.164923
378.000000 0.163532
379.000000 0.161765
380.000000 0.160172
381.000000 0.159056
382.000000 0.158226
383.000000 0.157193
384.000000 0.156032
385.000000 0.155228
386.000000 0.154733
387.000000 0.154471
388.000000 0.154502
389.000000 0.154644
390.000000 0.154362
391.000000 0.154086
392.000000 0.154628
393.000000 0.155428
394.000000 0.156241
395.000000 0.157119
396.000000 0.157943
397.000000 0.159071
398.000000 0.160400
399.000000 0.161542
400.000000 0.162691
401.000000 0.163812
402.000000 0.164963
403.000000 0.166283
404.000000 0.167527
405.000000 0.168772
406.000000 0.169891
407.000000 0.170818
408.000000 0.171777
409.000000 0.172736
410.000000 0.173866
411.000000 0.174910
412.000000 0.175640
413.000000 0.176499
414.000000 0.177587
415.000000 0.178711
416.000000 0.179717
417.000000 0.180922
418.000000 0.182525
419.000000 0.184173
420.000000 0.186031
421.000000 0.188165
422.000000 0.190344
423.000000 0.192621
424.000000 0.194961
425.000000 0.197279
426.000000 0.199701
427.000000 0.201913
428.000000 0.203739
429.000000 0.205407
430.000000 0.206687
431.000000 0.207449
432.000000 0.207676
433.000000 0.207199
434.000000 0.206136
435.000000 0.204569
436.000000 0.202430
437.000000 0.199777
438.000000 0.196777
439.000000 0.193469
440.000000 0.189803
441.000000 0.185993
442.000000 0.182149
443.000000 0.178069
444.000000 0.173864
445.000000 0.169722
446.000000 0.165422
447.000000 0.161208
448.000000 0.157113
449.000000 0.153024
450.000000 0.149027
451.000000 0.144940
452.000000 0.140811
453.000000 0.136950
454.000000 0.133219
455.000000 0.129530
456.000000 0.126019
457.000000 0.122603
458.000000 0.119380
459.000000 0.116274
460.000000 0.113233
461.000000 0.110334
462.000000 0.107531
463.000000 0.104882
464.000000 0.102283
465.000000 0.099795
466.000000 0.097559
467.000000 0.095309
468.000000 0.093122
469.000000 0.091083
470.000000 0.089125
471.000000 0.087358
472.000000 0.085626
473.000000 0.083886
474.000000 0.082301
475.000000 0.080839
476.000000 0.079437
477.000000 0.078118
478.000000 0.076939
479.000000 0.075818
480.000000 0.074770
481.000000 0.073825
482.000000 0.073019
483.000000 0.072302
484.000000 0.071578
485.000000 0.070990
486.000000 0.070566
487.000000 0.070179
488.000000 0.069832
489.000000 0.070287
490.000000 0.071264
491.000000 0.071798
492.000000 0.072163
493.000000 0.072464
494.000000 0.072887
495.000000 0.073260
496.000000 0.073301
497.000000 0.073613
498.000000 0.074244
499.000000 0.074861
500.000000 0.075491
501.000000 0.076582
502.000000 0.077804
503.000000 0.078863
504.000000 0.080181
505.000000 0.081332
506.000000 0.082473
507.000000 0.084189
508.000000 0.086026
509.000000 0.087854
510.000000 0.089631
511.000000 0.091492
512.000000 0.093747
513.000000 0.096049
514.000000 0.098295
515.000000 0.100638
516.000000 0.102882
517.000000 0.105103
518.000000 0.107233
519.000000 0.109225
520.000000 0.111028
521.000000 0.112692
522.000000 0.114451
523.000000 0.115869
524.000000 0.116803
525.000000 0.117486
526.000000 0.118318
527.000000 0.119039
528.000000 0.119637
529.000000 0.120290
530.000000 0.121030
531.000000 0.121521
532.000000 0.121786
533.000000 0.122415
534.000000 0.122951
535.000000 0.123406
536.000000 0.124069
537.000000 0.125333
538.000000 0.126969
539.000000 0.128390
540.000000 0.130401
541.000000 0.133374
542.000000 0.136687
543.000000 0.140196
544.000000 0.144005
545.000000 0.148443
546.000000 0.153329
547.000000 0.158312
548.000000 0.163527
549.000000 0.168932
550.000000 0.174655
551.000000 0.180374
552.000000 0.185862
553.000000 0.191353
554.000000 0.196670
555.000000 0.201469
556.000000 0.205495
557.000000 0.208945
558.000000 0.212122
559.000000 0.214369
560.000000 0.215457
561.000000 0.215592
562.000000 0.214808
563.000000 0.213075
564.000000 0.210431
565.000000 0.207110
566.000000 0.202999
567.000000 0.197864
568.000000 0.192158
569.000000 0.185948
570.000000 0.179140
571.000000 0.171926
572.000000 0.164758
573.000000 0.157602
574.000000 0.150257
575.000000 0.143452
576.000000 0.136983
577.000000 0.130834
578.000000 0.125171
579.000000 0.119769
580.000000 0.114659
581.000000 0.109819
582.000000 0.105471
583.000000 0.101624
584.000000 0.098306
585.000000 0.095285
586.000000 0.092552
587.000000 0.090349
588.000000 0.088573
589.000000 0.087033
590.000000 0.085741
591.000000 0.084801
592.000000 0.084123
593.000000 0.083694
594.000000 0.083462
595.000000 0.083305
596.000000 0.083241
597.000000 0.083403
598.000000 0.083540
599.000000 0.083738
600.000000 0.084273
601.000000 0.084920
602.000000 0.085562
603.000000 0.086256
604.000000 0.086960
605.000000 0.087703
606.000000 0.088622
607.000000 0.089702
608.000000 0.090872
609.000000 0.092175
610.000000 0.093609
611.000000 0.095068
612.000000 0.096641
613.000000 0.098345
614.000000 0.100221
615.000000 0.102336
616.000000 0.104498
617.000000 0.106803
618.000000 0.109442
619.000000 0.112229
620.000000 0.115164
621.000000 0.118434
622.000000 0.121833
623.000000 0.125394
624.000000 0.129305
625.000000 0.133389
626.000000 0.137694
627.000000 0.142457
628.000000 0.147320
629.000000 0.152280
630.000000 0.157773
631.000000 0.163657
632.000000 0.169494
633.000000 0.175429
634.000000 0.181791
635.000000 0.188169
636.000000 0.194642
637.000000 0.201514
638.000000 0.208258
639.000000 0.214899
640.000000 0.221890
641.000000 0.228926
642.000000 0.235418
643.000000 0.241642
644.000000 0.248189
645.000000 0.254552
646.000000 0.260624
647.000000 0.266710
648.000000 0.272617
649.000000 0.278050
650.000000 0.283080
651.000000 0.288043
652.000000 0.292845
653.000000 0.297201
654.000000 0.301263
655.000000 0.305153
656.000000 0.308796
657.000000 0.312074
658.000000 0.315094
659.000000 0.318083
660.000000 0.320952
661.000000 0.323628
662.000000 0.326244
663.000000 0.328924
664.000000 0.331691
665.000000 0.334508
666.000000 0.337496
667.000000 0.340743
668.000000 0.344242
669.000000 0.347941
670.000000 0.351895
671.000000 0.356324
672.000000 0.361266
673.000000 0.366816
674.000000 0.372594
675.000000 0.378856
676.000000 0.386088
677.000000 0.394122
678.000000 0.402869
679.000000 0.411925
680.000000 0.421565
681.000000 0.432326
682.000000 0.444053
683.000000 0.456754
684.000000 0.469934
685.000000 0.483739
686.000000 0.498787
687.000000 0.514799
688.000000 0.531531
689.000000 0.548857
690.000000 0.566097
691.000000 0.583664
692.000000 0.602388
693.000000 0.621731
694.000000 0.641449
695.000000 0.661536
696.000000 0.680891
697.000000 0.699760
698.000000 0.719129
699.000000 0.738412
700.000000 0.757290
701.000000 0.775471
702.000000 0.792241
703.000000 0.807893
704.000000 0.823094
705.000000 0.837213
706.000000 0.849859
707.000000 0.860920
708.000000 0.870377
709.000000 0.878149
710.000000 0.883914
711.000000 0.887715
712.000000 0.889702
713.000000 0.889732
714.000000 0.887724
715.000000 0.883627
716.000000 0.877526
717.000000 0.869439
718.000000 0.859355
719.000000 0.848051
720.000000 0.835481
721.000000 0.820966
722.000000 0.804728
723.000000 0.787193
724.000000 0.768616
725.000000 0.749306
726.000000 0.729384
727.000000 0.708707
728.000000 0.687368
729.000000 0.665585
730.000000 0.643530
731.000000 0.622618
732.000000 0.602057
733.000000 0.580519
734.000000 0.558838
735.000000 0.537325
736.000000 0.515986
737.000000 0.494900
738.000000 0.474202
739.000000 0.453844
740.000000 0.433886
741.000000 0.414461
742.000000 0.395689
743.000000 0.377532
744.000000 0.359929
745.000000 0.342837
746.000000 0.326261
747.000000 0.310191
748.000000 0.294609
749.000000 0.279542
750.000000 0.265155
751.000000 0.251267
752.000000 0.237793
753.000000 0.224836
754.000000 0.212331
755.000000 0.200282
756.000000 0.188746
757.000000 0.177752
758.000000 0.167227
759.000000 0.157087
760.000000 0.147309
761.000000 0.137985
762.000000 0.129077
763.000000 0.120540
764.000000 0.112376
765.000000 0.104557
766.000000 0.097094
767.000000 0.090043
768.000000 0.083430
769.000000 0.077160
770.000000 0.071193
771.000000 0.065541
772.000000 0.060261
773.000000 0.055297
774.000000 0.050614
775.000000 0.046208
776.000000 0.041777
777.000000 0.037486
778.000000 0.033713
779.000000 0.030298
780.000000 0.027070
781.000000 0.024033
782.000000 0.021223
783.000000 0.018611
784.000000 0.016220
785.000000 0.014055
786.000000 0.011977
787.000000 0.010016
788.000000 0.008188
789.000000 0.006525
790.000000 0.005030
791.000000 0.003684
792.000000 0.002416
793.000000 0.001220
794.000000 0.000107
795.000000 -0.000940
796.000000 -0.001846
797.000000 -0.002652
798.000000 -0.003388
799.000000 -0.004098
800.000000 -0.004788
801.000000 -0.005415
802.000000 -0.005938
803.000000 -0.006353
804.000000 -0.006711
805.000000 -0.007044
806.000000 -0.007327
807.000000 -0.007584
808.000000 -0.007868
809.000000 -0.008090
810.000000 -0.008253
811.000000 -0.008449
812.000000 -0.008697
813.000000 -0.008946
814.000000 -0.009162
815.000000 -0.009343
816.000000 -0.009512
817.000000 -0.009676
818.000000 -0.009834
819.000000 -0.009975
820.000000 -0.010094
821.000000 -0.010229
822.000000 -0.010390
823.000000 -0.010576
824.000000 -0.010686
825.000000 -0.010770
826.000000 -0.010957
827.000000 -0.011162
828.000000 -0.011320
829.000000 -0.011424
830.000000 -0.011532
831.000000 -0.011709
832.000000 -0.011848
833.000000 -0.011995
834.000000 -0.012179
835.000000 -0.012316
836.000000 -0.012464
837.000000 -0.012649
838.000000 -0.012813
839.000000 -0.012940
840.000000 -0.013095
841.000000 -0.013253
842.000000 -0.013389
843.000000 -0.013508
844.000000 -0.013615
845.000000 -0.013733
846.000000 -0.013875
847.000000 -0.014020
848.000000 -0.014117
849.000000 -0.014191
850.000000 -0.014297
851.000000 -0.014453
852.000000 -0.014610
853.000000 -0.014764
854.000000 -0.014886
855.000000 -0.014997
856.000000 -0.015109
857.000000 -0.015175
858.000000 -0.015243
859.000000 -0.015322
860.000000 -0.015375
861.000000 -0.015446
862.000000 -0.015571
863.000000 -0.015663
864.000000 -0.015730
865.000000 -0.015808
866.000000 -0.015883
867.000000 -0.015942
868.000000 -0.015967
869.000000 -0.015979
870.000000 -0.015894
871.000000 -0.015940
872.000000 -0.016124
873.000000 -0.016197
874.000000 -0.016237
875.000000 -0.016289
876.000000 -0.016321
877.000000 -0.016323
878.000000 -0.016342
879.000000 -0.016356
880.000000 -0.016358
881.000000 -0.016396
882.000000 -0.016442
883.000000 -0.016493
884.000000 -0.016559
885.000000 -0.016583
886.000000 -0.016586
887.000000 -0.016601
888.000000 -0.016624
889.000000 -0.016636
890.000000 -0.016654
891.000000 -0.016682
892.000000 -0.016698
893.000000 -0.016740
894.000000 -0.016802
895.000000 -0.016845
896.000000 -0.016848
897.000000 -0.016842
898.000000 -0.016861
899.000000 -0.016877
900.000000 -0.016882
