315.000000 0.122618
316.000000 0.124263
317.000000 0.125547
318.000000 0.126877
319.000000 0.128378
320.000000 0.129473
321.000000 0.130000
322.000000 0.131651
323.000000 0.134399
324.000000 0.136414
325.000000 0.138063
326.000000 0.139922
327.000000 0.141451
328.000000 0.142472
329.000000 0.143977
330.000000 0.145960
331.000000 0.147900
332.000000 0.149906
333.000000 0.151811
334.000000 0.153304
335.000000 0.155013
336.000000 0.157388
337.000000 0.159837
338.000000 0.161724
339.000000 0.163353
340.000000 0.165483
341.000000 0.168009
342.000000 0.170354
343.000000 0.172387
344.000000 0.174331
345.000000 0.176330
346.000000 0.178299
347.000000 0.179973
348.000000 0.181773
349.000000 0.183340
350.000000 0.184318
351.000000 0.185203
352.000000 0.185868
353.000000 0.186324
354.000000 0.186680
355.000000 0.186748
356.000000 0.186409
357.000000 0.185903
358.000000 0.185277
359.000000 0.184472
360.000000 0.183555
361.000000 0.182862
362.000000 0.182287
363.000000 0.181295
364.000000 0.180305
365.000000 0.179400
366.000000 0.178155
367.000000 0.176787
368.000000 0.175563
369.000000 0.174161
370.000000 0.172494
371.000000 0.170869
372.000000 0.169365
373.000000 0.167542
374.000000 0.165503
375.000000 0.163510
376.000000 0.161121
377.000000 0.158959
378.000000 0.156706
379.000000 0.154040
380.000000 0.151430
381.000000 0.149059
382.000000 0.146957
383.000000 0.144756
384.000000 0.142967
385.000000 0.141515
386.000000 0.140017
387.000000 0.138956
388.000000 0.138135
389.000000 0.137222
390.000000 0.136230
391.000000 0.135341
392.000000 0.134935
393.000000 0.134815
394.000000 0.134892
395.000000 0.135161
396.000000 0.135373
397.000000 0.135702
398.000000 0.136211
399.000000 0.136914
400.000000 0.137702
401.000000 0.138378
402.000000 0.139124
403.000000 0.139849
404.000000 0.140602
405.000000 0.141294
406.000000 0.141824
407.000000 0.142384
408.000000 0.142873
409.000000 0.143258
410.000000 0.143549
411.000000 0.143779
412.000000 0.144072
413.000000 0.144630
414.000000 0.145437
415.000000 0.146101
416.000000 0.146488
417.000000 0.147081
418.000000 0.148110
419.000000 0.149269
420.000000 0.150764
421.000000 0.152615
422.000000 0.154666
423.000000 0.156918
424.000000 0.159334
425.000000 0.161976
426.000000 0.164887
427.000000 0.167905
428.000000 0.170760
429.000000 0.173558
430.000000 0.176192
431.000000 0.178376
432.000000 0.180087
433.000000 0.181312
434.000000 0.182077
435.000000 0.182225
436.000000 0.181688
437.000000 0.180545
438.000000 0.178889
439.000000 0.176708
440.000000 0.173883
441.000000 0.170713
442.000000 0.167345
443.000000 0.163528
444.000000 0.159546
445.000000 0.155617
446.000000 0.151357
447.000000 0.146971
448.000000 0.142602
449.000000 0.138147
450.000000 0.133799
451.000000 0.129402
452.000000 0.124950
453.000000 0.120763
454.000000 0.116562
455.000000 0.112330
456.000000 0.108261
457.000000 0.104243
458.000000 0.100481
459.000000 0.096775
460.000000 0.093130
461.000000 0.089705
462.000000 0.086206
463.000000 0.082792
464.000000 0.079375
465.000000 0.076009
466.000000 0.072989
467.000000 0.069965
468.000000 0.066988
469.000000 0.064048
470.000000 0.061133
471.000000 0.058502
472.000000 0.055934
473.000000 0.053349
474.000000 0.050884
475.000000 0.048505
476.000000 0.046324
477.000000 0.044232
478.000000 0.042184
479.000000 0.040256
480.000000 0.038445
481.000000 0.036718
482.000000 0.035052
483.000000 0.033486
484.000000 0.031979
485.000000 0.030589
486.000000 0.029232
487.000000 0.027970
488.000000 0.026828
489.000000 0.026138
490.000000 0.025607
491.000000 0.024966
492.000000 0.024563
493.000000 0.024114
494.000000 0.023497
495.000000 0.022776
496.000000 0.022019
497.000000 0.021385
498.000000 0.020840
499.000000 0.020128
500.000000 0.019441
501.000000 0.019052
502.000000 0.018446
503.000000 0.017606
504.000000 0.017242
505.000000 0.016975
506.000000 0.016505
507.000000 0.016173
508.000000 0.015926
509.000000 0.015665
510.000000 0.015254
511.000000 0.014904
512.000000 0.014853
513.000000 0.014771
514.000000 0.014640
515.000000 0.014550
516.000000 0.014405
517.000000 0.014445
518.000000 0.014567
519.000000 0.014674
520.000000 0.014677
521.000000 0.014634
522.000000 0.014744
523.000000 0.014550
524.000000 0.014234
525.000000 0.014080
526.000000 0.014064
527.000000 0.014155
528.000000 0.014238
529.000000 0.014363
530.000000 0.014474
531.000000 0.014398
532.000000 0.014301
533.000000 0.014591
534.000000 0.015012
535.000000 0.015404
536.000000 0.015666
537.000000 0.015876
538.000000 0.016379
539.000000 0.016616
540.000000 0.016770
541.000000 0.017073
542.000000 0.017370
543.000000 0.017711
544.000000 0.018376
545.000000 0.019254
546.000000 0.019999
547.000000 0.020713
548.000000 0.021339
549.000000 0.021610
550.000000 0.021742
551.000000 0.022146
552.000000 0.022803
553.000000 0.023539
554.000000 0.024245
555.000000 0.025062
556.000000 0.025829
557.000000 0.026547
558.000000 0.027348
559.000000 0.028132
560.000000 0.028878
561.000000 0.029560
562.000000 0.030152
563.000000 0.030764
564.000000 0.031393
565.000000 0.032040
566.000000 0.032803
567.000000 0.033664
568.000000 0.034398
569.000000 0.035096
570.000000 0.035751
571.000000 0.036411
572.000000 0.037303
573.000000 0.038356
574.000000 0.039614
575.000000 0.040882
576.000000 0.042130
577.000000 0.043459
578.000000 0.044847
579.000000 0.046332
580.000000 0.047925
581.000000 0.049696
582.000000 0.051425
583.000000 0.053330
584.000000 0.055422
585.000000 0.057319
586.000000 0.059273
587.000000 0.061479
588.000000 0.063756
589.000000 0.065936
590.000000 0.068287
591.000000 0.070905
592.000000 0.073409
593.000000 0.075838
594.000000 0.078228
595.000000 0.080577
596.000000 0.083068
597.000000 0.085697
598.000000 0.088295
599.000000 0.090821
600.000000 0.093354
601.000000 0.095963
602.000000 0.098574
603.000000 0.101166
604.000000 0.103899
605.000000 0.106632
606.000000 0.109367
607.000000 0.112308
608.000000 0.115293
609.000000 0.118370
610.000000 0.121718
611.000000 0.125101
612.000000 0.128598
613.000000 0.132207
614.000000 0.135992
615.000000 0.139997
616.000000 0.143897
617.000000 0.148080
618.000000 0.152847
619.000000 0.157836
620.000000 0.163052
621.000000 0.168647
622.000000 0.174340
623.000000 0.180389
624.000000 0.186963
625.000000 0.193609
626.000000 0.200655
627.000000 0.208431
628.000000 0.216298
629.000000 0.224445
630.000000 0.233344
631.000000 0.242671
632.000000 0.251932
633.000000 0.261399
634.000000 0.271554
635.000000 0.281698
636.000000 0.292004
637.000000 0.302939
638.000000 0.313729
639.000000 0.324458
640.000000 0.335540
641.000000 0.346679
642.000000 0.357203
643.000000 0.367406
644.000000 0.377965
645.000000 0.388143
646.000000 0.397949
647.000000 0.407705
648.000000 0.417166
649.000000 0.425977
650.000000 0.434259
651.000000 0.442400
652.000000 0.450212
653.000000 0.457304
654.000000 0.463827
655.000000 0.470118
656.000000 0.476050
657.000000 0.481340
658.000000 0.486239
659.000000 0.491007
660.000000 0.495580
661.000000 0.499877
662.000000 0.503984
663.000000 0.508253
664.000000 0.512645
665.000000 0.516967
666.000000 0.521423
667.000000 0.526357
668.000000 0.531695
669.000000 0.537173
670.000000 0.543059
671.000000 0.549705
672.000000 0.557037
673.000000 0.565262
674.000000 0.573868
675.000000 0.583187
676.000000 0.594020
677.000000 0.606007
678.000000 0.619035
679.000000 0.632593
680.000000 0.647068
681.000000 0.663181
682.000000 0.680768
683.000000 0.699915
684.000000 0.719756
685.000000 0.740509
686.000000 0.763218
687.000000 0.787485
688.000000 0.812924
689.000000 0.839407
690.000000 0.865846
691.000000 0.892822
692.000000 0.921642
693.000000 0.951480
694.000000 0.982094
695.000000 1.013391
696.000000 1.043649
697.000000 1.073264
698.000000 1.103773
699.000000 1.134360
700.000000 1.164486
701.000000 1.193644
702.000000 1.220709
703.000000 1.246039
704.000000 1.270766
705.000000 1.294169
706.000000 1.315487
707.000000 1.334323
708.000000 1.350804
709.000000 1.364637
710.000000 1.375105
711.000000 1.382258
712.000000 1.386676
713.000000 1.388170
714.000000 1.386407
715.000000 1.381454
716.000000 1.373089
717.000000 1.361422
718.000000 1.346712
719.000000 1.329863
720.000000 1.310633
721.000000 1.288334
722.000000 1.263462
723.000000 1.236492
724.000000 1.207650
725.000000 1.177552
726.000000 1.146526
727.000000 1.114316
728.000000 1.080926
729.000000 1.046635
730.000000 1.012017
731.000000 0.979341
732.000000 0.947172
733.000000 0.913525
734.000000 0.879564
735.000000 0.845773
736.000000 0.812343
737.000000 0.779384
738.000000 0.747032
739.000000 0.715185
740.000000 0.684047
741.000000 0.653853
742.000000 0.624563
743.000000 0.596193
744.000000 0.568726
745.000000 0.542058
746.000000 0.516240
747.000000 0.491239
748.000000 0.467008
749.000000 0.443583
750.000000 0.421216
751.000000 0.399712
752.000000 0.378910
753.000000 0.358760
754.000000 0.339314
755.000000 0.320656
756.000000 0.302685
757.000000 0.285482
758.000000 0.269036
759.000000 0.253205
760.000000 0.238017
761.000000 0.223533
762.000000 0.209656
763.000000 0.196347
764.000000 0.183575
765.000000 0.171298
766.000000 0.159552
767.000000 0.148436
768.000000 0.138011
769.000000 0.128147
770.000000 0.118761
771.000000 0.109886
772.000000 0.101511
773.000000 0.093607
774.000000 0.086084
775.000000 0.078941
776.000000 0.071834
777.000000 0.065017
778.000000 0.058917
779.000000 0.053305
780.000000 0.048046
781.000000 0.043121
782.000000 0.038612
783.000000 0.034462
784.000000 0.030614
785.000000 0.027005
786.000000 0.023570
787.000000 0.020377
788.000000 0.017342
789.000000 0.014516
790.000000 0.011958
791.000000 0.009602
792.000000 0.007430
793.000000 0.005453
794.000000 0.003622
795.000000 0.001657
796.000000 -0.000019
797.000000 -0.001326
798.000000 -0.002618
799.000000 -0.003797
800.000000 -0.004933
801.000000 -0.005980
802.000000 -0.006901
803.000000 -0.007721
804.000000 -0.008525
805.000000 -0.009261
806.000000 -0.009878
807.000000 -0.010468
808.000000 -0.011018
809.000000 -0.011516
810.000000 -0.011930
811.000000 -0.012314
812.000000 -0.012722
813.000000 -0.013115
814.000000 -0.013459
815.000000 -0.013731
816.000000 -0.014001
817.000000 -0.014264
818.000000 -0.014517
819.000000 -0.014734
820.000000 -0.014909
821.000000 -0.015116
822.000000 -0.015303
823.000000 -0.015464
824.000000 -0.015571
825.000000 -0.015610
826.000000 -0.015703
827.000000 -0.015887
828.000000 -0.016060
829.000000 -0.016157
830.000000 -0.016221
831.000000 -0.016315
832.000000 -0.016374
833.000000 -0.016434
834.000000 -0.016527
835.000000 -0.016579
836.000000 -0.016650
837.000000 -0.016779
838.000000 -0.016878
839.000000 -0.016951
840.000000 -0.017016
841.000000 -0.017055
842.000000 -0.017090
843.000000 -0.017102
844.000000 -0.017069
845.000000 -0.017043
846.000000 -0.017107
847.000000 -0.017166
848.000000 -0.017180
849.000000 -0.017191
850.000000 -0.017217
851.000000 -0.017269
852.000000 -0.017317
853.000000 -0.017388
854.000000 -0.017465
855.000000 -0.017491
856.000000 -0.017468
857.000000 -0.017479
858.000000 -0.017504
859.000000 -0.017509
860.000000 -0.017491
861.000000 -0.017488
862.000000 -0.017534
863.000000 -0.017553
864.000000 -0.017561
865.000000 -0.017564
866.000000 -0.017576
867.000000 -0.017595
868.000000 -0.017604
869.000000 -0.017614
870.000000 -0.017490
871.000000 -0.017458
872.000000 -0.017575
873.000000 -0.017601
874.000000 -0.017610
875.000000 -0.017634
876.000000 -0.017639
877.000000 -0.017610
878.000000 -0.017580
879.000000 -0.017539
880.000000 -0.017527
881.000000 -0.017577
882.000000 -0.017623
883.000000 -0.017678
884.000000 -0.017723
885.000000 -0.017711
886.000000 -0.017711
887.000000 -0.017739
888.000000 -0.017744
889.000000 -0.017736
890.000000 -0.017735
891.000000 -0.017738
892.000000 -0.017759
893.000000 -0.017798
894.000000 -0.017816
895.000000 -0.017824
896.000000 -0.017855
897.000000 -0.017883
898.000000 -0.017888
899.000000 -0.017875
900.000000 -0.017865
