315.000000 0.139575
316.000000 0.141584
317.000000 0.142767
318.000000 0.144177
319.000000 0.145929
320.000000 0.147833
321.000000 0.149447
322.000000 0.151428
323.000000 0.154097
324.000000 0.155979
325.000000 0.157564
326.000000 0.159207
327.000000 0.160786
328.000000 0.162459
329.000000 0.164154
330.000000 0.165769
331.000000 0.167179
332.000000 0.168393
333.000000 0.169397
334.000000 0.171016
335.000000 0.173399
336.000000 0.175488
337.000000 0.177049
338.000000 0.178415
339.000000 0.179999
340.000000 0.181863
341.000000 0.183741
342.000000 0.185130
343.000000 0.186104
344.000000 0.187385
345.000000 0.188660
346.000000 0.189841
347.000000 0.190837
348.000000 0.191516
349.000000 0.191931
350.000000 0.192251
351.000000 0.192525
352.000000 0.192426
353.000000 0.192148
354.000000 0.191941
355.000000 0.191470
356.000000 0.190606
357.000000 0.189712
358.000000 0.188692
359.000000 0.187350
360.000000 0.185948
361.000000 0.184854
362.000000 0.183877
363.000000 0.182793
364.000000 0.181755
365.000000 0.180807
366.000000 0.179810
367.000000 0.178625
368.000000 0.177537
369.000000 0.176404
370.000000 0.175493
371.000000 0.174490
372.000000 0.172976
373.000000 0.171271
374.000000 0.169419
375.000000 0.167968
376.000000 0.166463
377.000000 0.165026
378.000000 0.163621
379.000000 0.161908
380.000000 0.160228
381.000000 0.158875
382.000000 0.157731
383.000000 0.156366
384.000000 0.155355
385.000000 0.154659
386.000000 0.153856
387.000000 0.153278
388.000000 0.153125
389.000000 0.152987
390.000000 0.152533
391.000000 0.152250
392.000000 0.152620
393.000000 0.153161
394.000000 0.153607
395.000000 0.154232
396.000000 0.154983
397.000000 0.155951
398.000000 0.156998
399.000000 0.157927
400.000000 0.158841
401.000000 0.159836
402.000000 0.161092
403.000000 0.162256
404.000000 0.163260
405.000000 0.164214
406.000000 0.165210
407.000000 0.166309
408.000000 0.167337
409.000000 0.168235
410.000000 0.169049
411.000000 0.169898
412.000000 0.170462
413.000000 0.171120
414.000000 0.172132
415.000000 0.173089
416.000000 0.173898
417.000000 0.174818
418.000000 0.176234
419.000000 0.177792
420.000000 0.179531
421.000000 0.181498
422.000000 0.183437
423.000000 0.185417
424.000000 0.187483
425.000000 0.189801
426.000000 0.192380
427.000000 0.194745
428.000000 0.196692
429.000000 0.198533
430.000000 0.200082
431.000000 0.201032
432.000000 0.201434
433.000000 0.201375
434.000000 0.200874
435.000000 0.199682
436.000000 0.197827
437.000000 0.195543
438.000000 0.192991
439.000000 0.190118
440.000000 0.186707
441.000000 0.183015
442.000000 0.179300
443.000000 0.175348
444.000000 0.171273
445.000000 0.167274
446.000000 0.163080
447.000000 0.158916
448.000000 0.154784
449.000000 0.150561
450.000000 0.146503
451.000000 0.142390
452.000000 0.138136
453.000000 0.134188
454.000000 0.130327
455.000000 0.126398
456.000000 0.122621
457.000000 0.118967
458.000000 0.115582
459.000000 0.112271
460.000000 0.108927
461.000000 0.105735
462.000000 0.102739
463.000000 0.100013
464.000000 0.097192
465.000000 0.094353
466.000000 0.091888
467.000000 0.089457
468.000000 0.087065
469.000000 0.084742
470.000000 0.082461
471.000000 0.080403
472.000000 0.078334
473.000000 0.076327
474.000000 0.074537
475.000000 0.072825
476.000000 0.071239
477.000000 0.069715
478.000000 0.068269
479.000000 0.066927
480.000000 0.065736
481.000000 0.064656
482.000000 0.063597
483.000000 0.062580
484.000000 0.061595
485.000000 0.060750
486.000000 0.060043
487.000000 0.059397
488.000000 0.058862
489.000000 0.058853
490.000000 0.059119
491.000000 0.059289
492.000000 0.059524
493.000000 0.059655
494.000000 0.059806
495.000000 0.059587
496.000000 0.059318
497.000000 0.059491
498.000000 0.059894
499.000000 0.060301
500.000000 0.060549
501.000000 0.061260
502.000000 0.062013
503.000000 0.062537
504.000000 0.063512
505.000000 0.064550
506.000000 0.065555
507.000000 0.066899
508.000000 0.068240
509.000000 0.069569
510.000000 0.070766
511.000000 0.071944
512.000000 0.073557
513.000000 0.075331
514.000000 0.076923
515.000000 0.078662
516.000000 0.080573
517.000000 0.082322
518.000000 0.084048
519.000000 0.085601
520.000000 0.086921
521.000000 0.088297
522.000000 0.089722
523.000000 0.090859
524.000000 0.091638
525.000000 0.092225
526.000000 0.092795
527.000000 0.093287
528.000000 0.093661
529.000000 0.094085
530.000000 0.094484
531.000000 0.094950
532.000000 0.095369
533.000000 0.095790
534.000000 0.096199
535.000000 0.096861
536.000000 0.097752
537.000000 0.098702
538.000000 0.100064
539.000000 0.101274
540.000000 0.102803
541.000000 0.105066
542.000000 0.107499
543.000000 0.110221
544.000000 0.113515
545.000000 0.117331
546.000000 0.121187
547.000000 0.125030
548.000000 0.129260
549.000000 0.133573
550.000000 0.137901
551.000000 0.142438
552.000000 0.147005
553.000000 0.151491
554.000000 0.155629
555.000000 0.159415
556.000000 0.162760
557.000000 0.165647
558.000000 0.168266
559.000000 0.170233
560.000000 0.171353
561.000000 0.171621
562.000000 0.171103
563.000000 0.169988
564.000000 0.168142
565.000000 0.165647
566.000000 0.162698
567.000000 0.158958
568.000000 0.154571
569.000000 0.149801
570.000000 0.144715
571.000000 0.139338
572.000000 0.134039
573.000000 0.128934
574.000000 0.123682
575.000000 0.118613
576.000000 0.113778
577.000000 0.109350
578.000000 0.105177
579.000000 0.101165
580.000000 0.097485
581.000000 0.094035
582.000000 0.091047
583.000000 0.088459
584.000000 0.086315
585.000000 0.084391
586.000000 0.082671
587.000000 0.081373
588.000000 0.080383
589.000000 0.079682
590.000000 0.079326
591.000000 0.079299
592.000000 0.079412
593.000000 0.079542
594.000000 0.079694
595.000000 0.079999
596.000000 0.080399
597.000000 0.081019
598.000000 0.081720
599.000000 0.082400
600.000000 0.083288
601.000000 0.084333
602.000000 0.085456
603.000000 0.086513
604.000000 0.087624
605.000000 0.088819
606.000000 0.090074
607.000000 0.091594
608.000000 0.093219
609.000000 0.094813
610.000000 0.096601
611.000000 0.098472
612.000000 0.100418
613.000000 0.102548
614.000000 0.104804
615.000000 0.107216
616.000000 0.109631
617.000000 0.112245
618.000000 0.115319
619.000000 0.118550
620.000000 0.121869
621.000000 0.125519
622.000000 0.129376
623.000000 0.133420
624.000000 0.137832
625.000000 0.142391
626.000000 0.147126
627.000000 0.152355
628.000000 0.157746
629.000000 0.163354
630.000000 0.169447
631.000000 0.175844
632.000000 0.182280
633.000000 0.188883
634.000000 0.195913
635.000000 0.202967
636.000000 0.210145
637.000000 0.217682
638.000000 0.225028
639.000000 0.232378
640.000000 0.240083
641.000000 0.247780
642.000000 0.254952
643.000000 0.261895
644.000000 0.269158
645.000000 0.276141
646.000000 0.282823
647.000000 0.289516
648.000000 0.296001
649.000000 0.301971
650.000000 0.307547
651.000000 0.313035
652.000000 0.318323
653.000000 0.323128
654.000000 0.327571
655.000000 0.331852
656.000000 0.335873
657.000000 0.339489
658.000000 0.342861
659.000000 0.346170
660.000000 0.349349
661.000000 0.352360
662.000000 0.355274
663.000000 0.358246
664.000000 0.361282
665.000000 0.364299
666.000000 0.367513
667.000000 0.371103
668.000000 0.374972
669.000000 0.378973
670.000000 0.383213
671.000000 0.388014
672.000000 0.393387
673.000000 0.399411
674.000000 0.405651
675.000000 0.412453
676.000000 0.420368
677.000000 0.429111
678.000000 0.438598
679.000000 0.448429
680.000000 0.458936
681.000000 0.470637
682.000000 0.483370
683.000000 0.497179
684.000000 0.511520
685.000000 0.526532
686.000000 0.542902
687.000000 0.560316
688.000000 0.578494
689.000000 0.597382
690.000000 0.616250
691.000000 0.635473
692.000000 0.655922
693.000000 0.676981
694.000000 0.698488
695.000000 0.720458
696.000000 0.741651
697.000000 0.762331
698.000000 0.783571
699.000000 0.804702
700.000000 0.825372
701.000000 0.845340
702.000000 0.863804
703.000000 0.881025
704.000000 0.897732
705.000000 0.913241
706.000000 0.927140
707.000000 0.939393
708.000000 0.949933
709.000000 0.958616
710.000000 0.965068
711.000000 0.969215
712.000000 0.971520
713.000000 0.971796
714.000000 0.969753
715.000000 0.965464
716.000000 0.958905
717.000000 0.950138
718.000000 0.939263
719.000000 0.927069
720.000000 0.913323
721.000000 0.897390
722.000000 0.879673
723.000000 0.860601
724.000000 0.840386
725.000000 0.819279
726.000000 0.797475
727.000000 0.774917
728.000000 0.751639
729.000000 0.727932
730.000000 0.703812
731.000000 0.680836
732.000000 0.658357
733.000000 0.634826
734.000000 0.611152
735.000000 0.587699
736.000000 0.564388
737.000000 0.541318
738.000000 0.518696
739.000000 0.496443
740.000000 0.474631
741.000000 0.453418
742.000000 0.432899
743.000000 0.413032
744.000000 0.393777
745.000000 0.375077
746.000000 0.356965
747.000000 0.339441
748.000000 0.322461
749.000000 0.306058
750.000000 0.290340
751.000000 0.275192
752.000000 0.260543
753.000000 0.246331
754.000000 0.232626
755.000000 0.219472
756.000000 0.206840
757.000000 0.194831
758.000000 0.183306
759.000000 0.172191
760.000000 0.161507
761.000000 0.151330
762.000000 0.141649
763.000000 0.132336
764.000000 0.123417
765.000000 0.114908
766.000000 0.106732
767.000000 0.098963
768.000000 0.091703
769.000000 0.084807
770.000000 0.078284
771.000000 0.072161
772.000000 0.066372
773.000000 0.060903
774.000000 0.055702
775.000000 0.050785
776.000000 0.045894
777.000000 0.041226
778.000000 0.037102
779.000000 0.033286
780.000000 0.029673
781.000000 0.026319
782.000000 0.023275
783.000000 0.020464
784.000000 0.017900
785.000000 0.015506
786.000000 0.013204
787.000000 0.011066
788.000000 0.009073
789.000000 0.007252
790.000000 0.005514
791.000000 0.003950
792.000000 0.002562
793.000000 0.001276
794.000000 0.000089
795.000000 -0.001040
796.000000 -0.002003
797.000000 -0.002861
798.000000 -0.003691
799.000000 -0.004468
800.000000 -0.005209
801.000000 -0.005929
802.000000 -0.006546
803.000000 -0.007040
804.000000 -0.007531
805.000000 -0.007970
806.000000 -0.008329
807.000000 -0.008649
808.000000 -0.008963
809.000000 -0.009248
810.000000 -0.009493
811.000000 -0.009755
812.000000 -0.009969
813.000000 -0.010170
814.000000 -0.010379
815.000000 -0.010554
816.000000 -0.010759
817.000000 -0.010942
818.000000 -0.011069
819.000000 -0.011146
820.000000 -0.011222
821.000000 -0.011381
822.000000 -0.011531
823.000000 -0.011690
824.000000 -0.011828
825.000000 -0.011925
826.000000 -0.012052
827.000000 -0.012208
828.000000 -0.012384
829.000000 -0.012534
830.000000 -0.012680
831.000000 -0.012825
832.000000 -0.012906
833.000000 -0.013005
834.000000 -0.013149
835.000000 -0.013283
836.000000 -0.013438
837.000000 -0.013632
838.000000 -0.013813
839.000000 -0.013940
840.000000 -0.014052
841.000000 -0.014140
842.000000 -0.014235
843.000000 -0.014322
844.000000 -0.014413
845.000000 -0.014533
846.000000 -0.014658
847.000000 -0.014768
848.000000 -0.014882
849.000000 -0.014997
850.000000 -0.015122
851.000000 -0.015255
852.000000 -0.015375
853.000000 -0.015487
854.000000 -0.015572
855.000000 -0.015630
856.000000 -0.015650
857.000000 -0.015693
858.000000 -0.015760
859.000000 -0.015818
860.000000 -0.015849
861.000000 -0.015914
862.000000 -0.016055
863.000000 -0.016167
864.000000 -0.016240
865.000000 -0.016309
866.000000 -0.016355
867.000000 -0.016385
868.000000 -0.016431
869.000000 -0.016477
870.000000 -0.016385
871.000000 -0.016390
872.000000 -0.016545
873.000000 -0.016613
874.000000 -0.016637
875.000000 -0.016681
876.000000 -0.016724
877.000000 -0.016699
878.000000 -0.016692
879.000000 -0.016706
880.000000 -0.016719
881.000000 -0.016759
882.000000 -0.016785
883.000000 -0.016808
884.000000 -0.016847
885.000000 -0.016865
886.000000 -0.016887
887.000000 -0.016940
888.000000 -0.016959
889.000000 -0.016968
890.000000 -0.016993
891.000000 -0.017024
892.000000 -0.017067
893.000000 -0.017077
894.000000 -0.017078
895.000000 -0.017090
896.000000 -0.017089
897.000000 -0.017095
898.000000 -0.017116
899.000000 -0.017120
900.000000 -0.017110
