315.000000 0.180534
316.000000 0.182514
317.000000 0.184054
318.000000 0.184761
319.000000 0.185382
320.000000 0.186865
321.000000 0.189054
322.000000 0.191257
323.000000 0.193009
324.000000 0.194802
325.000000 0.196801
326.000000 0.198744
327.000000 0.200918
328.000000 0.203229
329.000000 0.205477
330.000000 0.207559
331.000000 0.209519
332.000000 0.211571
333.000000 0.213812
334.000000 0.215644
335.000000 0.216930
336.000000 0.218438
337.000000 0.219967
338.000000 0.221429
339.000000 0.222911
340.000000 0.224530
341.000000 0.226291
342.000000 0.227886
343.000000 0.229692
344.000000 0.231554
345.000000 0.232673
346.000000 0.233428
347.000000 0.234282
348.000000 0.234917
349.000000 0.235474
350.000000 0.235948
351.000000 0.236072
352.000000 0.235850
353.000000 0.235413
354.000000 0.235042
355.000000 0.234509
356.000000 0.233769
357.000000 0.232804
358.000000 0.231567
359.000000 0.230545
360.000000 0.229592
361.000000 0.228707
362.000000 0.227852
363.000000 0.226668
364.000000 0.225486
365.000000 0.224498
366.000000 0.223540
367.000000 0.222534
368.000000 0.221471
369.000000 0.220311
370.000000 0.218648
371.000000 0.216764
372.000000 0.215520
373.000000 0.215027
374.000000 0.214597
375.000000 0.213674
376.000000 0.212221
377.000000 0.210483
378.000000 0.208897
379.000000 0.207863
380.000000 0.207105
381.000000 0.206253
382.000000 0.205232
383.000000 0.204087
384.000000 0.203125
385.000000 0.202388
386.000000 0.202019
387.000000 0.202002
388.000000 0.201984
389.000000 0.202123
390.000000 0.202488
391.000000 0.202979
392.000000 0.203561
393.000000 0.204059
394.000000 0.204751
395.000000 0.205753
396.000000 0.206676
397.000000 0.207703
398.000000 0.209015
399.000000 0.210421
400.000000 0.211844
401.000000 0.213248
402.000000 0.214578
403.000000 0.215784
404.000000 0.216994
405.000000 0.218425
406.000000 0.219874
407.000000 0.221232
408.000000 0.222697
409.000000 0.224195
410.000000 0.225548
411.000000 0.226727
412.000000 0.227740
413.000000 0.228695
414.000000 0.229744
415.000000 0.230658
416.000000 0.231535
417.000000 0.232765
418.000000 0.234160
419.000000 0.235372
420.000000 0.236607
421.000000 0.237866
422.000000 0.239111
423.000000 0.240552
424.000000 0.242208
425.000000 0.243753
426.000000 0.245149
427.000000 0.246565
428.000000 0.247806
429.000000 0.248919
430.000000 0.250002
431.000000 0.250815
432.000000 0.251116
433.000000 0.251048
434.000000 0.250675
435.000000 0.249874
436.000000 0.248779
437.000000 0.247409
438.000000 0.245583
439.000000 0.243439
440.000000 0.241182
441.000000 0.238697
442.000000 0.236049
443.000000 0.233118
444.000000 0.229822
445.000000 0.226380
446.000000 0.222635
447.000000 0.218774
448.000000 0.214778
449.000000 0.210506
450.000000 0.206246
451.000000 0.201838
452.000000 0.197288
453.000000 0.192907
454.000000 0.188460
455.000000 0.183955
456.000000 0.179395
457.000000 0.174779
458.000000 0.170491
459.000000 0.166167
460.000000 0.161840
461.000000 0.157765
462.000000 0.153683
463.000000 0.149663
464.000000 0.145632
465.000000 0.141676
466.000000 0.138114
467.000000 0.134658
468.000000 0.131210
469.000000 0.127860
470.000000 0.124653
471.000000 0.121750
472.000000 0.118918
473.000000 0.116216
474.000000 0.113641
475.000000 0.111006
476.000000 0.108584
477.000000 0.106351
478.000000 0.104229
479.000000 0.102249
480.000000 0.100443
481.000000 0.098757
482.000000 0.097207
483.000000 0.095797
484.000000 0.094373
485.000000 0.093017
486.000000 0.091835
487.000000 0.090854
488.000000 0.089990
489.000000 0.089021
490.000000 0.087823
491.000000 0.086961
492.000000 0.086577
493.000000 0.086293
494.000000 0.086420
495.000000 0.086648
496.000000 0.086624
497.000000 0.086673
498.000000 0.086919
499.000000 0.087225
500.000000 0.087741
501.000000 0.088396
502.000000 0.089045
503.000000 0.089707
504.000000 0.090333
505.000000 0.091034
506.000000 0.092093
507.000000 0.093525
508.000000 0.094812
509.000000 0.096015
510.000000 0.097485
511.000000 0.099169
512.000000 0.100846
513.000000 0.102594
514.000000 0.104600
515.000000 0.106706
516.000000 0.108493
517.000000 0.109781
518.000000 0.110850
519.000000 0.112190
520.000000 0.113799
521.000000 0.115487
522.000000 0.116875
523.000000 0.117750
524.000000 0.118533
525.000000 0.119481
526.000000 0.120409
527.000000 0.121230
528.000000 0.121974
529.000000 0.122400
530.000000 0.122903
531.000000 0.123492
532.000000 0.123795
533.000000 0.123997
534.000000 0.124116
535.000000 0.124401
536.000000 0.125002
537.000000 0.125801
538.000000 0.127022
539.000000 0.128223
540.000000 0.129572
541.000000 0.131546
542.000000 0.133697
543.000000 0.136191
544.000000 0.139227
545.000000 0.142726
546.000000 0.146462
547.000000 0.150659
548.000000 0.155086
549.000000 0.159309
550.000000 0.163531
551.000000 0.167735
552.000000 0.171915
553.000000 0.176216
554.000000 0.180644
555.000000 0.184744
556.000000 0.188190
557.000000 0.191076
558.000000 0.193722
559.000000 0.195766
560.000000 0.197094
561.000000 0.197836
562.000000 0.197756
563.000000 0.196972
564.000000 0.195534
565.000000 0.193353
566.000000 0.190444
567.000000 0.186882
568.000000 0.182832
569.000000 0.178221
570.000000 0.173337
571.000000 0.168213
572.000000 0.162866
573.000000 0.157375
574.000000 0.151456
575.000000 0.145750
576.000000 0.140519
577.000000 0.135529
578.000000 0.130679
579.000000 0.126049
580.000000 0.121650
581.000000 0.117376
582.000000 0.113508
583.000000 0.110147
584.000000 0.107283
585.000000 0.104771
586.000000 0.102367
587.000000 0.100250
588.000000 0.098502
589.000000 0.097015
590.000000 0.095782
591.000000 0.094755
592.000000 0.093895
593.000000 0.093073
594.000000 0.092491
595.000000 0.092196
596.000000 0.092003
597.000000 0.091857
598.000000 0.091874
599.000000 0.092124
600.000000 0.092414
601.000000 0.092746
602.000000 0.093151
603.000000 0.093630
604.000000 0.094158
605.000000 0.094775
606.000000 0.095630
607.000000 0.096596
608.000000 0.097544
609.000000 0.098565
610.000000 0.099809
611.000000 0.101106
612.000000 0.102464
613.000000 0.103925
614.000000 0.105465
615.000000 0.107222
616.000000 0.108975
617.000000 0.110951
618.000000 0.113291
619.000000 0.115543
620.000000 0.117904
621.000000 0.120721
622.000000 0.123662
623.000000 0.126647
624.000000 0.129955
625.000000 0.133331
626.000000 0.136872
627.000000 0.140870
628.000000 0.144855
629.000000 0.148964
630.000000 0.153438
631.000000 0.158065
632.000000 0.162694
633.000000 0.167479
634.000000 0.172601
635.000000 0.177653
636.000000 0.182766
637.000000 0.188173
638.000000 0.193468
639.000000 0.198720
640.000000 0.204176
641.000000 0.209711
642.000000 0.214880
643.000000 0.219833
644.000000 0.224960
645.000000 0.229888
646.000000 0.234626
647.000000 0.239377
648.000000 0.244007
649.000000 0.248313
650.000000 0.252451
651.000000 0.256524
652.000000 0.260430
653.000000 0.264061
654.000000 0.267478
655.000000 0.270816
656.000000 0.273983
657.000000 0.276833
658.000000 0.279553
659.000000 0.282316
660.000000 0.284998
661.000000 0.287566
662.000000 0.290074
663.000000 0.292707
664.000000 0.295495
665.000000 0.298264
666.000000 0.301081
667.000000 0.304180
668.000000 0.307531
669.000000 0.310992
670.000000 0.314663
671.000000 0.318700
672.000000 0.323147
673.000000 0.328057
674.000000 0.333052
675.000000 0.338392
676.000000 0.344457
677.000000 0.351180
678.000000 0.358521
679.000000 0.366082
680.000000 0.374037
681.000000 0.382762
682.000000 0.392204
683.000000 0.402366
684.000000 0.412831
685.000000 0.423716
686.000000 0.435528
687.000000 0.447985
688.000000 0.460896
689.000000 0.474261
690.000000 0.487531
691.000000 0.501003
692.000000 0.515232
693.000000 0.529760
694.000000 0.544503
695.000000 0.559417
696.000000 0.573684
697.000000 0.587509
698.000000 0.601606
699.000000 0.615551
700.000000 0.629033
701.000000 0.641869
702.000000 0.653558
703.000000 0.664287
704.000000 0.674504
705.000000 0.683868
706.000000 0.692186
707.000000 0.699389
708.000000 0.705325
709.000000 0.709895
710.000000 0.713077
711.000000 0.714903
712.000000 0.715454
713.000000 0.714609
714.000000 0.712482
715.000000 0.709073
716.000000 0.704266
717.000000 0.698082
718.000000 0.690591
719.000000 0.682351
720.000000 0.673212
721.000000 0.662769
722.000000 0.651285
723.000000 0.638952
724.000000 0.625877
725.000000 0.612357
726.000000 0.598412
727.000000 0.583860
728.000000 0.568740
729.000000 0.553154
730.000000 0.537237
731.000000 0.522083
732.000000 0.507168
733.000000 0.491379
734.000000 0.475220
735.000000 0.458971
736.000000 0.442727
737.000000 0.426499
738.000000 0.410401
739.000000 0.394347
740.000000 0.378435
741.000000 0.362851
742.000000 0.347576
743.000000 0.332585
744.000000 0.317869
745.000000 0.303410
746.000000 0.289210
747.000000 0.275292
748.000000 0.261800
749.000000 0.248769
750.000000 0.236234
751.000000 0.224112
752.000000 0.212250
753.000000 0.200789
754.000000 0.189836
755.000000 0.179295
756.000000 0.169136
757.000000 0.159435
758.000000 0.150181
759.000000 0.141282
760.000000 0.132752
761.000000 0.124645
762.000000 0.116991
763.000000 0.109768
764.000000 0.102855
765.000000 0.096228
766.000000 0.089958
767.000000 0.084067
768.000000 0.078553
769.000000 0.073388
770.000000 0.068544
771.000000 0.064004
772.000000 0.059728
773.000000 0.055729
774.000000 0.052043
775.000000 0.048606
776.000000 0.045199
777.000000 0.041954
778.000000 0.039061
779.000000 0.036450
780.000000 0.034058
781.000000 0.031854
782.000000 0.029830
783.000000 0.027927
784.000000 0.026160
785.000000 0.024557
786.000000 0.023106
787.000000 0.021759
788.000000 0.020494
789.000000 0.019401
790.000000 0.018425
791.000000 0.017477
792.000000 0.016654
793.000000 0.015929
794.000000 0.015212
795.000000 0.014575
796.000000 0.014003
797.000000 0.013448
798.000000 0.012934
799.000000 0.012505
800.000000 0.012110
801.000000 0.011764
802.000000 0.011462
803.000000 0.011114
804.000000 0.010829
805.000000 0.010575
806.000000 0.010337
807.000000 0.010165
808.000000 0.010004
809.000000 0.009806
810.000000 0.009646
811.000000 0.009543
812.000000 0.009432
813.000000 0.009306
814.000000 0.009176
815.000000 0.009054
816.000000 0.008894
817.000000 0.008757
818.000000 0.008645
819.000000 0.008523
820.000000 0.008442
821.000000 0.008357
822.000000 0.008254
823.000000 0.008123
824.000000 0.008030
825.000000 0.007943
826.000000 0.007816
827.000000 0.007702
828.000000 0.007621
829.000000 0.007532
830.000000 0.007391
831.000000 0.007287
832.000000 0.007229
833.000000 0.007139
834.000000 0.007004
835.000000 0.006895
836.000000 0.006799
837.000000 0.006716
838.000000 0.006623
839.000000 0.006467
840.000000 0.006255
841.000000 0.006033
842.000000 0.005897
843.000000 0.005821
844.000000 0.005724
845.000000 0.005633
846.000000 0.005521
847.000000 0.005376
848.000000 0.005247
849.000000 0.005115
850.000000 0.005006
851.000000 0.004893
852.000000 0.004733
853.000000 0.004606
854.000000 0.004555
855.000000 0.004506
856.000000 0.004432
857.000000 0.004288
858.000000 0.004171
859.000000 0.004111
860.000000 0.004048
861.000000 0.003982
862.000000 0.003874
863.000000 0.003776
864.000000 0.003702
865.000000 0.003603
866.000000 0.003482
867.000000 0.003447
868.000000 0.003437
869.000000 0.003375
870.000000 0.003334
871.000000 0.003255
872.000000 0.003193
873.000000 0.003197
874.000000 0.003173
875.000000 0.003107
876.000000 0.003038
877.000000 0.002986
878.000000 0.002914
879.000000 0.002837
880.000000 0.002772
881.000000 0.002712
882.000000 0.002657
883.000000 0.002609
884.000000 0.002564
885.000000 0.002526
886.000000 0.002487
887.000000 0.002471
888.000000 0.002466
889.000000 0.002417
890.000000 0.002374
891.000000 0.002341
892.000000 0.002306
893.000000 0.002309
894.000000 0.002322
895.000000 0.002299
896.000000 0.002291
897.000000 0.002321
898.000000 0.002304
899.000000 0.002277
900.000000 0.002279
