315.000000 0.179969
316.000000 0.181476
317.000000 0.182974
318.000000 0.183748
319.000000 0.184514
320.000000 0.186218
321.000000 0.187606
322.000000 0.189097
323.000000 0.191161
324.000000 0.193220
325.000000 0.195421
326.000000 0.197641
327.000000 0.200094
328.000000 0.202371
329.000000 0.204117
330.000000 0.206017
331.000000 0.207822
332.000000 0.209499
333.000000 0.211495
334.000000 0.213573
335.000000 0.215398
336.000000 0.217191
337.000000 0.218955
338.000000 0.220705
339.000000 0.222539
340.000000 0.224406
341.000000 0.226188
342.000000 0.227886
343.000000 0.229630
344.000000 0.231127
345.000000 0.232055
346.000000 0.232862
347.000000 0.233935
348.000000 0.234897
349.000000 0.235694
350.000000 0.236197
351.000000 0.236268
352.000000 0.236173
353.000000 0.235874
354.000000 0.235479
355.000000 0.234879
356.000000 0.234177
357.000000 0.233380
358.000000 0.232300
359.000000 0.231338
360.000000 0.230440
361.000000 0.229547
362.000000 0.228754
363.000000 0.227781
364.000000 0.226879
365.000000 0.226098
366.000000 0.225135
367.000000 0.224067
368.000000 0.222916
369.000000 0.221750
370.000000 0.221110
371.000000 0.220421
372.000000 0.219473
373.000000 0.218720
374.000000 0.217722
375.000000 0.216126
376.000000 0.214034
377.000000 0.212297
378.000000 0.210814
379.000000 0.209374
380.000000 0.208276
381.000000 0.207468
382.000000 0.206540
383.000000 0.205362
384.000000 0.204166
385.000000 0.202905
386.000000 0.202189
387.000000 0.201978
388.000000 0.201580
389.000000 0.201174
390.000000 0.201165
391.000000 0.201568
392.000000 0.202068
393.000000 0.202505
394.000000 0.202959
395.000000 0.203889
396.000000 0.204892
397.000000 0.205796
398.000000 0.206951
399.000000 0.208037
400.000000 0.209173
401.000000 0.210529
402.000000 0.211924
403.000000 0.213128
404.000000 0.214363
405.000000 0.215910
406.000000 0.217448
407.000000 0.218816
408.000000 0.220137
409.000000 0.221338
410.000000 0.222572
411.000000 0.223780
412.000000 0.224727
413.000000 0.225622
414.000000 0.226608
415.000000 0.227579
416.000000 0.228632
417.000000 0.229981
418.000000 0.231354
419.000000 0.232353
420.000000 0.233235
421.000000 0.234433
422.000000 0.235753
423.000000 0.237122
424.000000 0.238667
425.000000 0.240119
426.000000 0.241542
427.000000 0.243022
428.000000 0.244355
429.000000 0.245590
430.000000 0.246660
431.000000 0.247552
432.000000 0.248166
433.000000 0.248397
434.000000 0.248276
435.000000 0.247655
436.000000 0.246645
437.000000 0.245406
438.000000 0.243732
439.000000 0.241729
440.000000 0.239561
441.000000 0.237210
442.000000 0.234744
443.000000 0.231910
444.000000 0.228765
445.000000 0.225476
446.000000 0.221764
447.000000 0.217881
448.000000 0.213881
449.000000 0.209638
450.000000 0.205423
451.000000 0.200957
452.000000 0.196363
453.000000 0.191950
454.000000 0.187338
455.000000 0.182666
456.000000 0.178033
457.000000 0.173355
458.000000 0.168881
459.000000 0.164373
460.000000 0.159941
461.000000 0.155754
462.000000 0.151543
463.000000 0.147425
464.000000 0.143298
465.000000 0.139239
466.000000 0.135584
467.000000 0.132001
468.000000 0.128457
469.000000 0.124969
470.000000 0.121570
471.000000 0.118499
472.000000 0.115513
473.000000 0.112644
474.000000 0.109942
475.000000 0.107240
476.000000 0.104681
477.000000 0.102236
478.000000 0.099965
479.000000 0.097877
480.000000 0.095913
481.000000 0.093984
482.000000 0.092188
483.000000 0.090649
484.000000 0.089117
485.000000 0.087639
486.000000 0.086348
487.000000 0.085210
488.000000 0.084131
489.000000 0.083165
490.000000 0.082300
491.000000 0.081597
492.000000 0.081100
493.000000 0.080591
494.000000 0.080409
495.000000 0.080225
496.000000 0.079772
497.000000 0.079459
498.000000 0.079425
499.000000 0.079749
500.000000 0.080314
501.000000 0.080686
502.000000 0.080847
503.000000 0.081053
504.000000 0.081383
505.000000 0.082078
506.000000 0.083167
507.000000 0.084286
508.000000 0.085128
509.000000 0.086081
510.000000 0.087201
511.000000 0.088555
512.000000 0.090079
513.000000 0.091530
514.000000 0.092975
515.000000 0.094443
516.000000 0.095853
517.000000 0.097020
518.000000 0.097918
519.000000 0.099068
520.000000 0.100490
521.000000 0.101909
522.000000 0.103146
523.000000 0.104181
524.000000 0.105259
525.000000 0.106099
526.000000 0.106684
527.000000 0.107114
528.000000 0.107540
529.000000 0.107974
530.000000 0.108453
531.000000 0.108903
532.000000 0.109267
533.000000 0.109641
534.000000 0.109747
535.000000 0.109916
536.000000 0.110471
537.000000 0.111074
538.000000 0.111980
539.000000 0.112982
540.000000 0.113860
541.000000 0.115226
542.000000 0.117021
543.000000 0.119209
544.000000 0.122048
545.000000 0.125315
546.000000 0.128692
547.000000 0.132174
548.000000 0.135688
549.000000 0.139381
550.000000 0.143188
551.000000 0.146760
552.000000 0.150317
553.000000 0.154096
554.000000 0.157928
555.000000 0.161480
556.000000 0.164374
557.000000 0.166827
558.000000 0.169131
559.000000 0.170962
560.000000 0.172266
561.000000 0.172983
562.000000 0.173003
563.000000 0.172481
564.000000 0.171331
565.000000 0.169570
566.000000 0.167241
567.000000 0.164240
568.000000 0.160884
569.000000 0.157119
570.000000 0.153117
571.000000 0.148937
572.000000 0.144569
573.000000 0.139947
574.000000 0.135052
575.000000 0.130511
576.000000 0.126251
577.000000 0.122145
578.000000 0.118247
579.000000 0.114544
580.000000 0.111033
581.000000 0.107666
582.000000 0.104635
583.000000 0.102047
584.000000 0.099837
585.000000 0.097845
586.000000 0.095972
587.000000 0.094451
588.000000 0.093318
589.000000 0.092339
590.000000 0.091509
591.000000 0.090901
592.000000 0.090456
593.000000 0.090114
594.000000 0.090077
595.000000 0.090278
596.000000 0.090561
597.000000 0.090818
598.000000 0.091179
599.000000 0.091747
600.000000 0.092284
601.000000 0.092916
602.000000 0.093645
603.000000 0.094383
604.000000 0.095160
605.000000 0.095967
606.000000 0.096988
607.000000 0.098226
608.000000 0.099498
609.000000 0.100812
610.000000 0.102229
611.000000 0.103724
612.000000 0.105375
613.000000 0.107100
614.000000 0.108903
615.000000 0.110938
616.000000 0.112910
617.000000 0.115053
618.000000 0.117632
619.000000 0.120258
620.000000 0.122978
621.000000 0.126037
622.000000 0.129256
623.000000 0.132570
624.000000 0.136179
625.000000 0.139862
626.000000 0.143696
627.000000 0.147949
628.000000 0.152286
629.000000 0.156825
630.000000 0.161780
631.000000 0.166906
632.000000 0.171951
633.000000 0.177162
634.000000 0.182725
635.000000 0.188196
636.000000 0.193686
637.000000 0.199494
638.000000 0.205213
639.000000 0.210896
640.000000 0.216846
641.000000 0.222840
642.000000 0.228439
643.000000 0.233856
644.000000 0.239448
645.000000 0.244793
646.000000 0.249956
647.000000 0.255127
648.000000 0.260122
649.000000 0.264777
650.000000 0.269230
651.000000 0.273649
652.000000 0.278004
653.000000 0.281990
654.000000 0.285633
655.000000 0.289210
656.000000 0.292619
657.000000 0.295708
658.000000 0.298640
659.000000 0.301615
660.000000 0.304520
661.000000 0.307293
662.000000 0.310017
663.000000 0.312859
664.000000 0.315900
665.000000 0.318931
666.000000 0.321963
667.000000 0.325299
668.000000 0.328862
669.000000 0.332499
670.000000 0.336370
671.000000 0.340712
672.000000 0.345476
673.000000 0.350724
674.000000 0.356138
675.000000 0.361899
676.000000 0.368450
677.000000 0.375667
678.000000 0.383524
679.000000 0.391592
680.000000 0.400078
681.000000 0.409458
682.000000 0.419599
683.000000 0.430488
684.000000 0.441663
685.000000 0.453254
686.000000 0.465908
687.000000 0.479336
688.000000 0.493260
689.000000 0.507675
690.000000 0.521997
691.000000 0.536519
692.000000 0.551845
693.000000 0.567560
694.000000 0.583474
695.000000 0.599520
696.000000 0.614926
697.000000 0.629902
698.000000 0.645145
699.000000 0.660234
700.000000 0.674844
701.000000 0.688679
702.000000 0.701288
703.000000 0.712943
704.000000 0.724186
705.000000 0.734547
706.000000 0.743663
707.000000 0.751505
708.000000 0.758090
709.000000 0.763329
710.000000 0.767033
711.000000 0.769231
712.000000 0.770016
713.000000 0.769224
714.000000 0.766974
715.000000 0.763338
716.000000 0.758195
717.000000 0.751553
718.000000 0.743510
719.000000 0.734699
720.000000 0.725009
721.000000 0.713893
722.000000 0.701601
723.000000 0.688360
724.000000 0.674345
725.000000 0.659827
726.000000 0.644735
727.000000 0.628961
728.000000 0.612651
729.000000 0.595891
730.000000 0.578742
731.000000 0.562354
732.000000 0.546203
733.000000 0.529183
734.000000 0.511773
735.000000 0.494200
736.000000 0.476637
737.000000 0.459130
738.000000 0.441725
739.000000 0.424387
740.000000 0.407217
741.000000 0.390372
742.000000 0.373879
743.000000 0.357751
744.000000 0.341923
745.000000 0.326340
746.000000 0.311060
747.000000 0.296114
748.000000 0.281591
749.000000 0.267480
750.000000 0.253878
751.000000 0.240750
752.000000 0.228011
753.000000 0.215702
754.000000 0.203874
755.000000 0.192470
756.000000 0.181484
757.000000 0.171051
758.000000 0.161117
759.000000 0.151589
760.000000 0.142470
761.000000 0.133774
762.000000 0.125520
763.000000 0.117704
764.000000 0.110198
765.000000 0.102980
766.000000 0.096162
767.000000 0.089744
768.000000 0.083775
769.000000 0.078253
770.000000 0.073054
771.000000 0.068190
772.000000 0.063626
773.000000 0.059302
774.000000 0.055270
775.000000 0.051532
776.000000 0.047842
777.000000 0.044278
778.000000 0.041103
779.000000 0.038254
780.000000 0.035657
781.000000 0.033271
782.000000 0.031027
783.000000 0.028965
784.000000 0.027106
785.000000 0.025386
786.000000 0.023799
787.000000 0.022342
788.000000 0.020992
789.000000 0.019734
790.000000 0.018596
791.000000 0.017600
792.000000 0.016705
793.000000 0.015834
794.000000 0.015010
795.000000 0.014306
796.000000 0.013686
797.000000 0.013091
798.000000 0.012512
799.000000 0.012056
800.000000 0.011695
801.000000 0.011323
802.000000 0.010977
803.000000 0.010590
804.000000 0.010250
805.000000 0.009995
806.000000 0.009785
807.000000 0.009615
808.000000 0.009442
809.000000 0.009248
810.000000 0.009079
811.000000 0.008933
812.000000 0.008749
813.000000 0.008561
814.000000 0.008423
815.000000 0.008313
816.000000 0.008161
817.000000 0.008017
818.000000 0.007919
819.000000 0.007805
820.000000 0.007673
821.000000 0.007558
822.000000 0.007461
823.000000 0.007351
824.000000 0.007236
825.000000 0.007132
826.000000 0.007010
827.000000 0.006900
828.000000 0.006817
829.000000 0.006718
830.000000 0.006641
831.000000 0.006567
832.000000 0.006450
833.000000 0.006335
834.000000 0.006232
835.000000 0.006127
836.000000 0.006061
837.000000 0.005998
838.000000 0.005870
839.000000 0.005741
840.000000 0.005597
841.000000 0.005462
842.000000 0.005366
843.000000 0.005241
844.000000 0.005108
845.000000 0.005002
846.000000 0.004915
847.000000 0.004807
848.000000 0.004683
849.000000 0.004533
850.000000 0.004413
851.000000 0.004299
852.000000 0.004162
853.000000 0.004085
854.000000 0.004055
855.000000 0.004027
856.000000 0.003970
857.000000 0.003843
858.000000 0.003745
859.000000 0.003712
860.000000 0.003674
861.000000 0.003625
862.000000 0.003513
863.000000 0.003399
864.000000 0.003332
865.000000 0.003244
866.000000 0.003131
867.000000 0.003079
868.000000 0.003062
869.000000 0.003019
870.000000 0.002979
871.000000 0.002909
872.000000 0.002843
873.000000 0.002829
874.000000 0.002829
875.000000 0.002790
876.000000 0.002721
877.000000 0.002694
878.000000 0.002636
879.000000 0.002554
880.000000 0.002533
881.000000 0.002502
882.000000 0.002436
883.000000 0.002390
884.000000 0.002371
885.000000 0.002334
886.000000 0.002301
887.000000 0.002288
888.000000 0.002254
889.000000 0.002208
890.000000 0.002186
891.000000 0.002179
892.000000 0.002173
893.000000 0.002163
894.000000 0.002154
895.000000 0.002124
896.000000 0.002108
897.000000 0.002117
898.000000 0.002124
899.000000 0.002116
900.000000 0.002095
