315.000000 0.179654
316.000000 0.180197
317.000000 0.181565
318.000000 0.182406
319.000000 0.183851
320.000000 0.185965
321.000000 0.187822
322.000000 0.189949
323.000000 0.191968
324.000000 0.193621
325.000000 0.195211
326.000000 0.196696
327.000000 0.198870
328.000000 0.201507
329.000000 0.203732
330.000000 0.205830
331.000000 0.207539
332.000000 0.209095
333.000000 0.211089
334.000000 0.213015
335.000000 0.214699
336.000000 0.216524
337.000000 0.218409
338.000000 0.220044
339.000000 0.221366
340.000000 0.222937
341.000000 0.224776
342.000000 0.226556
343.000000 0.228136
344.000000 0.229599
345.000000 0.230745
346.000000 0.231759
347.000000 0.233036
348.000000 0.234238
349.000000 0.235064
350.000000 0.235583
351.000000 0.235842
352.000000 0.235891
353.000000 0.235758
354.000000 0.235437
355.000000 0.234909
356.000000 0.234231
357.000000 0.233397
358.000000 0.232415
359.000000 0.231594
360.000000 0.230789
361.000000 0.229888
362.000000 0.228951
363.000000 0.227861
364.000000 0.226733
365.000000 0.225805
366.000000 0.225040
367.000000 0.224119
368.000000 0.222981
369.000000 0.221797
370.000000 0.220425
371.000000 0.219100
372.000000 0.218259
373.000000 0.217462
374.000000 0.216771
375.000000 0.216123
376.000000 0.214562
377.000000 0.212360
378.000000 0.210362
379.000000 0.208719
380.000000 0.207219
381.000000 0.205998
382.000000 0.204782
383.000000 0.203353
384.000000 0.202103
385.000000 0.201246
386.000000 0.200816
387.000000 0.200623
388.000000 0.200402
389.000000 0.200402
390.000000 0.200522
391.000000 0.200606
392.000000 0.200942
393.000000 0.201271
394.000000 0.201815
395.000000 0.202695
396.000000 0.203445
397.000000 0.204191
398.000000 0.205241
399.000000 0.206287
400.000000 0.207372
401.000000 0.208946
402.000000 0.210498
403.000000 0.211791
404.000000 0.213115
405.000000 0.214540
406.000000 0.216035
407.000000 0.217432
408.000000 0.218674
409.000000 0.219841
410.000000 0.221107
411.000000 0.222086
412.000000 0.222826
413.000000 0.223753
414.000000 0.224907
415.000000 0.225933
416.000000 0.226811
417.000000 0.227906
418.000000 0.229028
419.000000 0.230111
420.000000 0.231235
421.000000 0.232462
422.000000 0.233772
423.000000 0.235205
424.000000 0.236797
425.000000 0.238199
426.000000 0.239551
427.000000 0.241069
428.000000 0.242465
429.000000 0.243716
430.000000 0.244832
431.000000 0.245717
432.000000 0.246305
433.000000 0.246631
434.000000 0.246704
435.000000 0.246278
436.000000 0.245453
437.000000 0.244324
438.000000 0.242742
439.000000 0.240858
440.000000 0.238767
441.000000 0.236476
442.000000 0.234023
443.000000 0.231214
444.000000 0.228041
445.000000 0.224681
446.000000 0.220977
447.000000 0.217118
448.000000 0.213107
449.000000 0.208904
450.000000 0.204738
451.000000 0.200229
452.000000 0.195503
453.000000 0.191007
454.000000 0.186428
455.000000 0.181803
456.000000 0.177172
457.000000 0.172449
458.000000 0.167918
459.000000 0.163358
460.000000 0.158893
461.000000 0.154726
462.000000 0.150514
463.000000 0.146310
464.000000 0.142047
465.000000 0.137858
466.000000 0.134111
467.000000 0.130478
468.000000 0.126881
469.000000 0.123382
470.000000 0.119956
471.000000 0.116801
472.000000 0.113731
473.000000 0.110741
474.000000 0.107876
475.000000 0.105089
476.000000 0.102513
477.000000 0.100021
478.000000 0.097658
479.000000 0.095487
480.000000 0.093512
481.000000 0.091621
482.000000 0.089840
483.000000 0.088252
484.000000 0.086632
485.000000 0.085063
486.000000 0.083725
487.000000 0.082535
488.000000 0.081407
489.000000 0.079982
490.000000 0.078529
491.000000 0.077853
492.000000 0.077418
493.000000 0.076620
494.000000 0.076062
495.000000 0.075682
496.000000 0.075443
497.000000 0.075453
498.000000 0.075696
499.000000 0.075998
500.000000 0.076313
501.000000 0.076626
502.000000 0.076632
503.000000 0.076698
504.000000 0.077021
505.000000 0.077479
506.000000 0.078179
507.000000 0.079243
508.000000 0.080240
509.000000 0.081222
510.000000 0.082250
511.000000 0.083368
512.000000 0.084773
513.000000 0.086181
514.000000 0.087708
515.000000 0.089202
516.000000 0.090332
517.000000 0.091333
518.000000 0.092403
519.000000 0.093562
520.000000 0.094852
521.000000 0.096178
522.000000 0.097208
523.000000 0.097878
524.000000 0.098642
525.000000 0.099434
526.000000 0.099826
527.000000 0.100125
528.000000 0.100574
529.000000 0.100907
530.000000 0.101350
531.000000 0.101835
532.000000 0.102058
533.000000 0.102281
534.000000 0.102351
535.000000 0.102395
536.000000 0.103061
537.000000 0.104043
538.000000 0.105069
539.000000 0.105836
540.000000 0.106451
541.000000 0.107763
542.000000 0.109650
543.000000 0.111891
544.000000 0.114615
545.000000 0.117640
546.000000 0.120783
547.000000 0.124069
548.000000 0.127285
549.000000 0.130593
550.000000 0.134096
551.000000 0.137529
552.000000 0.140913
553.000000 0.144299
554.000000 0.147616
555.000000 0.150777
556.000000 0.153578
557.000000 0.156008
558.000000 0.158196
559.000000 0.159941
560.000000 0.161142
561.000000 0.161738
562.000000 0.161753
563.000000 0.161401
564.000000 0.160458
565.000000 0.158841
566.000000 0.156751
567.000000 0.154094
568.000000 0.150994
569.000000 0.147593
570.000000 0.144023
571.000000 0.140230
572.000000 0.136256
573.000000 0.132099
574.000000 0.127590
575.000000 0.123271
576.000000 0.119443
577.000000 0.115895
578.000000 0.112399
579.000000 0.109049
580.000000 0.105861
581.000000 0.102886
582.000000 0.100295
583.000000 0.098090
584.000000 0.096263
585.000000 0.094637
586.000000 0.093112
587.000000 0.091937
588.000000 0.091119
589.000000 0.090404
590.000000 0.089764
591.000000 0.089330
592.000000 0.089194
593.000000 0.089130
594.000000 0.089246
595.000000 0.089556
596.000000 0.089934
597.000000 0.090344
598.000000 0.090831
599.000000 0.091526
600.000000 0.092224
601.000000 0.092903
602.000000 0.093717
603.000000 0.094666
604.000000 0.095627
605.000000 0.096624
606.000000 0.097785
607.000000 0.099136
608.000000 0.100510
609.000000 0.101851
610.000000 0.103367
611.000000 0.104987
612.000000 0.106689
613.000000 0.108515
614.000000 0.110499
615.000000 0.112678
616.000000 0.114825
617.000000 0.117134
618.000000 0.119810
619.000000 0.122500
620.000000 0.125272
621.000000 0.128451
622.000000 0.131790
623.000000 0.135188
624.000000 0.138918
625.000000 0.142776
626.000000 0.146789
627.000000 0.151225
628.000000 0.155708
629.000000 0.160347
630.000000 0.165378
631.000000 0.170658
632.000000 0.176003
633.000000 0.181457
634.000000 0.187241
635.000000 0.192977
636.000000 0.198712
637.000000 0.204731
638.000000 0.210671
639.000000 0.216588
640.000000 0.222730
641.000000 0.228930
642.000000 0.234709
643.000000 0.240285
644.000000 0.246089
645.000000 0.251658
646.000000 0.256993
647.000000 0.262337
648.000000 0.267600
649.000000 0.272501
650.000000 0.277112
651.000000 0.281652
652.000000 0.286062
653.000000 0.290126
654.000000 0.293919
655.000000 0.297616
656.000000 0.301111
657.000000 0.304301
658.000000 0.307392
659.000000 0.310501
660.000000 0.313496
661.000000 0.316388
662.000000 0.319226
663.000000 0.322196
664.000000 0.325324
665.000000 0.328410
666.000000 0.331555
667.000000 0.335011
668.000000 0.338676
669.000000 0.342393
670.000000 0.346377
671.000000 0.350868
672.000000 0.355797
673.000000 0.361184
674.000000 0.366695
675.000000 0.372593
676.000000 0.379306
677.000000 0.386735
678.000000 0.394771
679.000000 0.402969
680.000000 0.411688
681.000000 0.421404
682.000000 0.431909
683.000000 0.443134
684.000000 0.454662
685.000000 0.466697
686.000000 0.479763
687.000000 0.493552
688.000000 0.507883
689.000000 0.522763
690.000000 0.537548
691.000000 0.552560
692.000000 0.568439
693.000000 0.584619
694.000000 0.601091
695.000000 0.617806
696.000000 0.633737
697.000000 0.649163
698.000000 0.664878
699.000000 0.680408
700.000000 0.695495
701.000000 0.709953
702.000000 0.723164
703.000000 0.735274
704.000000 0.746847
705.000000 0.757489
706.000000 0.766962
707.000000 0.775225
708.000000 0.782172
709.000000 0.787673
710.000000 0.791676
711.000000 0.794187
712.000000 0.795166
713.000000 0.794467
714.000000 0.792194
715.000000 0.788474
716.000000 0.783202
717.000000 0.776374
718.000000 0.768129
719.000000 0.759054
720.000000 0.749042
721.000000 0.737591
722.000000 0.724864
723.000000 0.711165
724.000000 0.696719
725.000000 0.681695
726.000000 0.666084
727.000000 0.649844
728.000000 0.633016
729.000000 0.615625
730.000000 0.597885
731.000000 0.580976
732.000000 0.564235
733.000000 0.546607
734.000000 0.528636
735.000000 0.510525
736.000000 0.492392
737.000000 0.474295
738.000000 0.456311
739.000000 0.438377
740.000000 0.420613
741.000000 0.403180
742.000000 0.386142
743.000000 0.369504
744.000000 0.353185
745.000000 0.337112
746.000000 0.321307
747.000000 0.305832
748.000000 0.290789
749.000000 0.276229
750.000000 0.262174
751.000000 0.248589
752.000000 0.235424
753.000000 0.222689
754.000000 0.210454
755.000000 0.198676
756.000000 0.187386
757.000000 0.176597
758.000000 0.166287
759.000000 0.156437
760.000000 0.146965
761.000000 0.137931
762.000000 0.129396
763.000000 0.121331
764.000000 0.113617
765.000000 0.106178
766.000000 0.099083
767.000000 0.092444
768.000000 0.086269
769.000000 0.080522
770.000000 0.075165
771.000000 0.070171
772.000000 0.065431
773.000000 0.060940
774.000000 0.056800
775.000000 0.052904
776.000000 0.049058
777.000000 0.045421
778.000000 0.042201
779.000000 0.039290
780.000000 0.036626
781.000000 0.034127
782.000000 0.031788
783.000000 0.029647
784.000000 0.027656
785.000000 0.025851
786.000000 0.024216
787.000000 0.022684
788.000000 0.021241
789.000000 0.019964
790.000000 0.018828
791.000000 0.017785
792.000000 0.016846
793.000000 0.015971
794.000000 0.015126
795.000000 0.014389
796.000000 0.013726
797.000000 0.013086
798.000000 0.012483
799.000000 0.011972
800.000000 0.011578
801.000000 0.011205
802.000000 0.010864
803.000000 0.010503
804.000000 0.010127
805.000000 0.009758
806.000000 0.009447
807.000000 0.009229
808.000000 0.009078
809.000000 0.008884
810.000000 0.008687
811.000000 0.008568
812.000000 0.008443
813.000000 0.008301
814.000000 0.008115
815.000000 0.007937
816.000000 0.007779
817.000000 0.007643
818.000000 0.007579
819.000000 0.007523
820.000000 0.007391
821.000000 0.007208
822.000000 0.007072
823.000000 0.006986
824.000000 0.006907
825.000000 0.006821
826.000000 0.006708
827.000000 0.006571
828.000000 0.006502
829.000000 0.006453
830.000000 0.006340
831.000000 0.006238
832.000000 0.006143
833.000000 0.006040
834.000000 0.005933
835.000000 0.005821
836.000000 0.005765
837.000000 0.005697
838.000000 0.005571
839.000000 0.005456
840.000000 0.005307
841.000000 0.005151
842.000000 0.005052
843.000000 0.004953
844.000000 0.004807
845.000000 0.004704
846.000000 0.004651
847.000000 0.004568
848.000000 0.004448
849.000000 0.004319
850.000000 0.004215
851.000000 0.004106
852.000000 0.003985
853.000000 0.003912
854.000000 0.003877
855.000000 0.003828
856.000000 0.003748
857.000000 0.003647
858.000000 0.003596
859.000000 0.003562
860.000000 0.003499
861.000000 0.003433
862.000000 0.003364
863.000000 0.003310
864.000000 0.003267
865.000000 0.003177
866.000000 0.003039
867.000000 0.002955
868.000000 0.002940
869.000000 0.002932
870.000000 0.002890
871.000000 0.002811
872.000000 0.002773
873.000000 0.002756
874.000000 0.002712
875.000000 0.002651
876.000000 0.002585
877.000000 0.002557
878.000000 0.002518
879.000000 0.002478
880.000000 0.002443
881.000000 0.002390
882.000000 0.002366
883.000000 0.002335
884.000000 0.002292
885.000000 0.002273
886.000000 0.002257
887.000000 0.002230
888.000000 0.002201
889.000000 0.002144
890.000000 0.002100
891.000000 0.002068
892.000000 0.002042
893.000000 0.002055
894.000000 0.002047
895.000000 0.002006
896.000000 0.001999
897.000000 0.002018
898.000000 0.002007
899.000000 0.001968
900.000000 0.001932
