315.000000 0.179218
316.000000 0.180367
317.000000 0.182168
318.000000 0.183324
319.000000 0.183795
320.000000 0.185502
321.000000 0.188061
322.000000 0.190124
323.000000 0.191164
324.000000 0.192597
325.000000 0.194783
326.000000 0.197066
327.000000 0.199769
328.000000 0.202029
329.000000 0.203721
330.000000 0.205592
331.000000 0.207712
332.000000 0.209916
333.000000 0.212003
334.000000 0.213862
335.000000 0.215302
336.000000 0.216644
337.000000 0.218036
338.000000 0.219497
339.000000 0.221231
340.000000 0.223053
341.000000 0.224809
342.000000 0.226591
343.000000 0.228595
344.000000 0.230747
345.000000 0.232008
346.000000 0.232708
347.000000 0.233823
348.000000 0.234958
349.000000 0.235779
350.000000 0.236184
351.000000 0.236387
352.000000 0.236375
353.000000 0.236144
354.000000 0.235991
355.000000 0.235639
356.000000 0.234949
357.000000 0.234040
358.000000 0.233015
359.000000 0.232165
360.000000 0.231396
361.000000 0.230573
362.000000 0.229692
363.000000 0.228664
364.000000 0.227619
365.000000 0.226592
366.000000 0.225548
367.000000 0.224545
368.000000 0.223455
369.000000 0.222381
370.000000 0.221252
371.000000 0.220043
372.000000 0.218850
373.000000 0.217811
374.000000 0.217022
375.000000 0.215632
376.000000 0.214102
377.000000 0.212993
378.000000 0.211560
379.000000 0.209946
380.000000 0.208515
381.000000 0.207416
382.000000 0.206221
383.000000 0.204807
384.000000 0.203820
385.000000 0.202805
386.000000 0.201808
387.000000 0.201410
388.000000 0.201093
389.000000 0.200781
390.000000 0.200668
391.000000 0.200841
392.000000 0.201143
393.000000 0.201383
394.000000 0.201799
395.000000 0.202553
396.000000 0.203408
397.000000 0.204185
398.000000 0.205212
399.000000 0.206480
400.000000 0.207787
401.000000 0.209095
402.000000 0.210267
403.000000 0.211276
404.000000 0.212321
405.000000 0.213688
406.000000 0.215123
407.000000 0.216472
408.000000 0.217845
409.000000 0.219132
410.000000 0.220481
411.000000 0.221625
412.000000 0.222477
413.000000 0.223376
414.000000 0.224252
415.000000 0.224867
416.000000 0.225589
417.000000 0.226775
418.000000 0.227999
419.000000 0.229094
420.000000 0.230158
421.000000 0.231217
422.000000 0.232398
423.000000 0.233688
424.000000 0.235135
425.000000 0.236572
426.000000 0.238086
427.000000 0.239689
428.000000 0.241048
429.000000 0.242354
430.000000 0.243562
431.000000 0.244559
432.000000 0.245205
433.000000 0.245472
434.000000 0.245485
435.000000 0.245115
436.000000 0.244399
437.000000 0.243427
438.000000 0.242068
439.000000 0.240259
440.000000 0.238211
441.000000 0.235977
442.000000 0.233552
443.000000 0.230763
444.000000 0.227629
445.000000 0.224330
446.000000 0.220627
447.000000 0.216724
448.000000 0.212644
449.000000 0.208345
450.000000 0.204135
451.000000 0.199667
452.000000 0.194985
453.000000 0.190482
454.000000 0.185856
455.000000 0.181158
456.000000 0.176458
457.000000 0.171711
458.000000 0.167167
459.000000 0.162524
460.000000 0.157976
461.000000 0.153785
462.000000 0.149546
463.000000 0.145303
464.000000 0.141009
465.000000 0.136825
466.000000 0.133105
467.000000 0.129443
468.000000 0.125756
469.000000 0.122128
470.000000 0.118649
471.000000 0.115514
472.000000 0.112408
473.000000 0.109357
474.000000 0.106453
475.000000 0.103572
476.000000 0.100890
477.000000 0.098401
478.000000 0.096016
479.000000 0.093787
480.000000 0.091772
481.000000 0.089756
482.000000 0.087832
483.000000 0.086201
484.000000 0.084622
485.000000 0.083069
486.000000 0.081616
487.000000 0.080314
488.000000 0.079152
489.000000 0.078013
490.000000 0.076923
491.000000 0.076237
492.000000 0.075759
493.000000 0.074833
494.000000 0.074201
495.000000 0.073889
496.000000 0.073592
497.000000 0.073406
498.000000 0.073233
499.000000 0.073196
500.000000 0.073371
501.000000 0.073537
502.000000 0.073569
503.000000 0.073762
504.000000 0.073976
505.000000 0.074497
506.000000 0.075403
507.000000 0.076429
508.000000 0.077454
509.000000 0.078281
510.000000 0.078927
511.000000 0.079744
512.000000 0.080944
513.000000 0.082213
514.000000 0.083576
515.000000 0.085072
516.000000 0.086211
517.000000 0.087035
518.000000 0.087877
519.000000 0.088935
520.000000 0.090237
521.000000 0.091329
522.000000 0.092026
523.000000 0.092709
524.000000 0.093462
525.000000 0.094133
526.000000 0.094678
527.000000 0.095140
528.000000 0.095600
529.000000 0.095830
530.000000 0.095962
531.000000 0.096205
532.000000 0.096594
533.000000 0.097050
534.000000 0.097104
535.000000 0.097063
536.000000 0.097571
537.000000 0.098228
538.000000 0.098968
539.000000 0.099877
540.000000 0.100969
541.000000 0.102407
542.000000 0.104038
543.000000 0.105949
544.000000 0.108219
545.000000 0.110748
546.000000 0.113457
547.000000 0.116561
548.000000 0.119778
549.000000 0.122983
550.000000 0.126141
551.000000 0.129274
552.000000 0.132518
553.000000 0.135711
554.000000 0.139048
555.000000 0.142206
556.000000 0.144738
557.000000 0.146888
558.000000 0.148893
559.000000 0.150508
560.000000 0.151653
561.000000 0.152306
562.000000 0.152347
563.000000 0.151913
564.000000 0.150955
565.000000 0.149531
566.000000 0.147627
567.000000 0.145194
568.000000 0.142422
569.000000 0.139343
570.000000 0.136068
571.000000 0.132626
572.000000 0.129085
573.000000 0.125307
574.000000 0.121243
575.000000 0.117454
576.000000 0.114074
577.000000 0.110877
578.000000 0.107656
579.000000 0.104634
580.000000 0.101982
581.000000 0.099486
582.000000 0.097202
583.000000 0.095288
584.000000 0.093667
585.000000 0.092167
586.000000 0.090879
587.000000 0.089995
588.000000 0.089425
589.000000 0.088909
590.000000 0.088496
591.000000 0.088303
592.000000 0.088287
593.000000 0.088347
594.000000 0.088646
595.000000 0.089133
596.000000 0.089652
597.000000 0.090169
598.000000 0.090877
599.000000 0.091797
600.000000 0.092617
601.000000 0.093444
602.000000 0.094314
603.000000 0.095276
604.000000 0.096386
605.000000 0.097488
606.000000 0.098732
607.000000 0.100141
608.000000 0.101539
609.000000 0.103055
610.000000 0.104748
611.000000 0.106465
612.000000 0.108260
613.000000 0.110170
614.000000 0.112232
615.000000 0.114510
616.000000 0.116723
617.000000 0.119139
618.000000 0.122000
619.000000 0.124857
620.000000 0.127808
621.000000 0.131116
622.000000 0.134565
623.000000 0.138156
624.000000 0.142096
625.000000 0.146074
626.000000 0.150205
627.000000 0.154800
628.000000 0.159429
629.000000 0.164222
630.000000 0.169417
631.000000 0.174844
632.000000 0.180300
633.000000 0.185922
634.000000 0.191931
635.000000 0.197824
636.000000 0.203721
637.000000 0.209970
638.000000 0.216098
639.000000 0.222193
640.000000 0.228532
641.000000 0.234875
642.000000 0.240798
643.000000 0.246572
644.000000 0.252569
645.000000 0.258301
646.000000 0.263861
647.000000 0.269220
648.000000 0.274572
649.000000 0.279805
650.000000 0.284602
651.000000 0.289298
652.000000 0.293845
653.000000 0.298018
654.000000 0.301930
655.000000 0.305766
656.000000 0.309408
657.000000 0.312725
658.000000 0.315917
659.000000 0.319137
660.000000 0.322253
661.000000 0.325208
662.000000 0.328055
663.000000 0.331063
664.000000 0.334312
665.000000 0.337564
666.000000 0.340808
667.000000 0.344354
668.000000 0.348132
669.000000 0.351968
670.000000 0.356054
671.000000 0.360632
672.000000 0.365695
673.000000 0.371230
674.000000 0.376878
675.000000 0.382946
676.000000 0.389887
677.000000 0.397530
678.000000 0.405828
679.000000 0.414327
680.000000 0.423273
681.000000 0.433176
682.000000 0.443925
683.000000 0.455478
684.000000 0.467335
685.000000 0.479709
686.000000 0.493179
687.000000 0.507410
688.000000 0.522189
689.000000 0.537472
690.000000 0.552638
691.000000 0.568024
692.000000 0.584355
693.000000 0.601174
694.000000 0.618255
695.000000 0.635470
696.000000 0.651875
697.000000 0.667762
698.000000 0.683959
699.000000 0.699997
700.000000 0.715618
701.000000 0.730538
702.000000 0.744198
703.000000 0.756801
704.000000 0.768778
705.000000 0.779805
706.000000 0.789672
707.000000 0.798323
708.000000 0.805588
709.000000 0.811216
710.000000 0.815218
711.000000 0.817705
712.000000 0.818690
713.000000 0.818063
714.000000 0.815832
715.000000 0.812045
716.000000 0.806747
717.000000 0.799935
718.000000 0.791645
719.000000 0.782388
720.000000 0.772082
721.000000 0.760315
722.000000 0.747273
723.000000 0.733186
724.000000 0.718271
725.000000 0.702751
726.000000 0.686698
727.000000 0.670003
728.000000 0.652613
729.000000 0.634701
730.000000 0.616456
731.000000 0.599084
732.000000 0.581808
733.000000 0.563542
734.000000 0.544940
735.000000 0.526187
736.000000 0.507477
737.000000 0.488791
738.000000 0.470205
739.000000 0.451706
740.000000 0.433374
741.000000 0.415414
742.000000 0.397850
743.000000 0.380649
744.000000 0.363792
745.000000 0.347244
746.000000 0.331050
747.000000 0.315183
748.000000 0.299692
749.000000 0.284638
750.000000 0.270118
751.000000 0.256099
752.000000 0.242494
753.000000 0.229376
754.000000 0.216765
755.000000 0.204655
756.000000 0.193031
757.000000 0.181908
758.000000 0.171330
759.000000 0.161198
760.000000 0.151437
761.000000 0.142099
762.000000 0.133257
763.000000 0.124913
764.000000 0.116955
765.000000 0.109311
766.000000 0.102043
767.000000 0.095247
768.000000 0.088900
769.000000 0.082942
770.000000 0.077392
771.000000 0.072227
772.000000 0.067347
773.000000 0.062756
774.000000 0.058486
775.000000 0.054476
776.000000 0.050522
777.000000 0.046763
778.000000 0.043419
779.000000 0.040368
780.000000 0.037580
781.000000 0.034991
782.000000 0.032583
783.000000 0.030396
784.000000 0.028359
785.000000 0.026467
786.000000 0.024721
787.000000 0.023085
788.000000 0.021575
789.000000 0.020256
790.000000 0.019124
791.000000 0.018032
792.000000 0.017007
793.000000 0.016084
794.000000 0.015230
795.000000 0.014472
796.000000 0.013770
797.000000 0.013105
798.000000 0.012474
799.000000 0.011956
800.000000 0.011520
801.000000 0.011103
802.000000 0.010723
803.000000 0.010339
804.000000 0.010001
805.000000 0.009686
806.000000 0.009356
807.000000 0.009118
808.000000 0.008941
809.000000 0.008727
810.000000 0.008532
811.000000 0.008371
812.000000 0.008189
813.000000 0.007999
814.000000 0.007836
815.000000 0.007696
816.000000 0.007558
817.000000 0.007426
818.000000 0.007295
819.000000 0.007174
820.000000 0.007047
821.000000 0.006907
822.000000 0.006817
823.000000 0.006742
824.000000 0.006653
825.000000 0.006537
826.000000 0.006421
827.000000 0.006340
828.000000 0.006278
829.000000 0.006187
830.000000 0.006041
831.000000 0.005893
832.000000 0.005764
833.000000 0.005678
834.000000 0.005599
835.000000 0.005528
836.000000 0.005465
837.000000 0.005387
838.000000 0.005296
839.000000 0.005207
840.000000 0.005069
841.000000 0.004917
842.000000 0.004836
843.000000 0.004755
844.000000 0.004638
845.000000 0.004548
846.000000 0.004483
847.000000 0.004381
848.000000 0.004281
849.000000 0.004190
850.000000 0.004074
851.000000 0.003940
852.000000 0.003798
853.000000 0.003704
854.000000 0.003696
855.000000 0.003692
856.000000 0.003648
857.000000 0.003567
858.000000 0.003491
859.000000 0.003453
860.000000 0.003444
861.000000 0.003382
862.000000 0.003254
863.000000 0.003168
864.000000 0.003096
865.000000 0.003010
866.000000 0.002921
867.000000 0.002903
868.000000 0.002914
869.000000 0.002867
870.000000 0.002821
871.000000 0.002782
872.000000 0.002753
873.000000 0.002734
874.000000 0.002701
875.000000 0.002668
876.000000 0.002644
877.000000 0.002604
878.000000 0.002535
879.000000 0.002473
880.000000 0.002437
881.000000 0.002394
882.000000 0.002334
883.000000 0.002268
884.000000 0.002220
885.000000 0.002193
886.000000 0.002189
887.000000 0.002196
888.000000 0.002184
889.000000 0.002140
890.000000 0.002103
891.000000 0.002075
892.000000 0.002032
893.000000 0.001994
894.000000 0.001975
895.000000 0.001969
896.000000 0.001971
897.000000 0.001962
898.000000 0.001931
899.000000 0.001913
900.000000 0.001908
