315.000000 0.178628
316.000000 0.179779
317.000000 0.181557
318.000000 0.182578
319.000000 0.183081
320.000000 0.184499
321.000000 0.187037
322.000000 0.189349
323.000000 0.190663
324.000000 0.191921
325.000000 0.193495
326.000000 0.195308
327.000000 0.197927
328.000000 0.200562
329.000000 0.202517
330.000000 0.204528
331.000000 0.206226
332.000000 0.207772
333.000000 0.209792
334.000000 0.211650
335.000000 0.213147
336.000000 0.214785
337.000000 0.216503
338.000000 0.218169
339.000000 0.219920
340.000000 0.221863
341.000000 0.223733
342.000000 0.225401
343.000000 0.227361
344.000000 0.229549
345.000000 0.230794
346.000000 0.231710
347.000000 0.233059
348.000000 0.234273
349.000000 0.235181
350.000000 0.235841
351.000000 0.236100
352.000000 0.235918
353.000000 0.235555
354.000000 0.235279
355.000000 0.235024
356.000000 0.234607
357.000000 0.234077
358.000000 0.233276
359.000000 0.232402
360.000000 0.231462
361.000000 0.230380
362.000000 0.229485
363.000000 0.228619
364.000000 0.227719
365.000000 0.226828
366.000000 0.225834
367.000000 0.224801
368.000000 0.223630
369.000000 0.222474
370.000000 0.221060
371.000000 0.219579
372.000000 0.218237
373.000000 0.217132
374.000000 0.216300
375.000000 0.215180
376.000000 0.213644
377.000000 0.211926
378.000000 0.210242
379.000000 0.208592
380.000000 0.207270
381.000000 0.206173
382.000000 0.205097
383.000000 0.204084
384.000000 0.202883
385.000000 0.201421
386.000000 0.200605
387.000000 0.200255
388.000000 0.199556
389.000000 0.199064
390.000000 0.198916
391.000000 0.199052
392.000000 0.199390
393.000000 0.199799
394.000000 0.200352
395.000000 0.201203
396.000000 0.202101
397.000000 0.202916
398.000000 0.203945
399.000000 0.204986
400.000000 0.206062
401.000000 0.207398
402.000000 0.208675
403.000000 0.209774
404.000000 0.210927
405.000000 0.212308
406.000000 0.213651
407.000000 0.214850
408.000000 0.216179
409.000000 0.217399
410.000000 0.218447
411.000000 0.219273
412.000000 0.220125
413.000000 0.221094
414.000000 0.222143
415.000000 0.223081
416.000000 0.223898
417.000000 0.224972
418.000000 0.226073
419.000000 0.227064
420.000000 0.228196
421.000000 0.229432
422.000000 0.230737
423.000000 0.232132
424.000000 0.233620
425.000000 0.235026
426.000000 0.236491
427.000000 0.238098
428.000000 0.239487
429.000000 0.240737
430.000000 0.241939
431.000000 0.243044
432.000000 0.243805
433.000000 0.244192
434.000000 0.244263
435.000000 0.243897
436.000000 0.243185
437.000000 0.242201
438.000000 0.240842
439.000000 0.239119
440.000000 0.237142
441.000000 0.234936
442.000000 0.232546
443.000000 0.229842
444.000000 0.226796
445.000000 0.223562
446.000000 0.219922
447.000000 0.216062
448.000000 0.212108
449.000000 0.207874
450.000000 0.203582
451.000000 0.199108
452.000000 0.194385
453.000000 0.189778
454.000000 0.185098
455.000000 0.180368
456.000000 0.175673
457.000000 0.170941
458.000000 0.166346
459.000000 0.161607
460.000000 0.157014
461.000000 0.152793
462.000000 0.148447
463.000000 0.144160
464.000000 0.139864
465.000000 0.135569
466.000000 0.131730
467.000000 0.128051
468.000000 0.124384
469.000000 0.120710
470.000000 0.117114
471.000000 0.113831
472.000000 0.110661
473.000000 0.107621
474.000000 0.104679
475.000000 0.101760
476.000000 0.099084
477.000000 0.096570
478.000000 0.094184
479.000000 0.091899
480.000000 0.089743
481.000000 0.087749
482.000000 0.085842
483.000000 0.084098
484.000000 0.082434
485.000000 0.080816
486.000000 0.079349
487.000000 0.078039
488.000000 0.076795
489.000000 0.075451
490.000000 0.074014
491.000000 0.073070
492.000000 0.072389
493.000000 0.071593
494.000000 0.071344
495.000000 0.071067
496.000000 0.070524
497.000000 0.070151
498.000000 0.069766
499.000000 0.069592
500.000000 0.069561
501.000000 0.069521
502.000000 0.069825
503.000000 0.070166
504.000000 0.070201
505.000000 0.070589
506.000000 0.071351
507.000000 0.072173
508.000000 0.073052
509.000000 0.073789
510.000000 0.074594
511.000000 0.075523
512.000000 0.076446
513.000000 0.077452
514.000000 0.078679
515.000000 0.080002
516.000000 0.081043
517.000000 0.081639
518.000000 0.082208
519.000000 0.083110
520.000000 0.084142
521.000000 0.085269
522.000000 0.086335
523.000000 0.087085
524.000000 0.087652
525.000000 0.088142
526.000000 0.088435
527.000000 0.088862
528.000000 0.089371
529.000000 0.089531
530.000000 0.089740
531.000000 0.090077
532.000000 0.090218
533.000000 0.090431
534.000000 0.090649
535.000000 0.090907
536.000000 0.091550
537.000000 0.092200
538.000000 0.092651
539.000000 0.093188
540.000000 0.094025
541.000000 0.095201
542.000000 0.096689
543.000000 0.098819
544.000000 0.101287
545.000000 0.103668
546.000000 0.106281
547.000000 0.109372
548.000000 0.112374
549.000000 0.115290
550.000000 0.118318
551.000000 0.121197
552.000000 0.124128
553.000000 0.127076
554.000000 0.130107
555.000000 0.132951
556.000000 0.135247
557.000000 0.137264
558.000000 0.139176
559.000000 0.140723
560.000000 0.141797
561.000000 0.142330
562.000000 0.142349
563.000000 0.142005
564.000000 0.141225
565.000000 0.139961
566.000000 0.138295
567.000000 0.136228
568.000000 0.133860
569.000000 0.131106
570.000000 0.128103
571.000000 0.125083
572.000000 0.122066
573.000000 0.118725
574.000000 0.114920
575.000000 0.111545
576.000000 0.108596
577.000000 0.105690
578.000000 0.102889
579.000000 0.100249
580.000000 0.097894
581.000000 0.095695
582.000000 0.093651
583.000000 0.091978
584.000000 0.090669
585.000000 0.089592
586.000000 0.088633
587.000000 0.087879
588.000000 0.087469
589.000000 0.087179
590.000000 0.087021
591.000000 0.087071
592.000000 0.087271
593.000000 0.087569
594.000000 0.088040
595.000000 0.088603
596.000000 0.089182
597.000000 0.089882
598.000000 0.090719
599.000000 0.091669
600.000000 0.092542
601.000000 0.093458
602.000000 0.094573
603.000000 0.095694
604.000000 0.096815
605.000000 0.097991
606.000000 0.099298
607.000000 0.100795
608.000000 0.102321
609.000000 0.103928
610.000000 0.105717
611.000000 0.107525
612.000000 0.109430
613.000000 0.111438
614.000000 0.113611
615.000000 0.116042
616.000000 0.118396
617.000000 0.120906
618.000000 0.123826
619.000000 0.126754
620.000000 0.129806
621.000000 0.133240
622.000000 0.136787
623.000000 0.140480
624.000000 0.144555
625.000000 0.148718
626.000000 0.153031
627.000000 0.157782
628.000000 0.162593
629.000000 0.167519
630.000000 0.172827
631.000000 0.178436
632.000000 0.184057
633.000000 0.189859
634.000000 0.196065
635.000000 0.202128
636.000000 0.208184
637.000000 0.214601
638.000000 0.220929
639.000000 0.227198
640.000000 0.233748
641.000000 0.240351
642.000000 0.246495
643.000000 0.252448
644.000000 0.258653
645.000000 0.264564
646.000000 0.270243
647.000000 0.275967
648.000000 0.281577
649.000000 0.286815
650.000000 0.291708
651.000000 0.296510
652.000000 0.301173
653.000000 0.305502
654.000000 0.309564
655.000000 0.313525
656.000000 0.317294
657.000000 0.320696
658.000000 0.323943
659.000000 0.327226
660.000000 0.330464
661.000000 0.333556
662.000000 0.336539
663.000000 0.339640
664.000000 0.342918
665.000000 0.346226
666.000000 0.349562
667.000000 0.353167
668.000000 0.357046
669.000000 0.361025
670.000000 0.365285
671.000000 0.370060
672.000000 0.375256
673.000000 0.380940
674.000000 0.386756
675.000000 0.392940
676.000000 0.400035
677.000000 0.407891
678.000000 0.416405
679.000000 0.425133
680.000000 0.434341
681.000000 0.444545
682.000000 0.455570
683.000000 0.467425
684.000000 0.479622
685.000000 0.492311
686.000000 0.506114
687.000000 0.520729
688.000000 0.535937
689.000000 0.551674
690.000000 0.567286
691.000000 0.583141
692.000000 0.599940
693.000000 0.617177
694.000000 0.634633
695.000000 0.652223
696.000000 0.669085
697.000000 0.685471
698.000000 0.702210
699.000000 0.718866
700.000000 0.735111
701.000000 0.750574
702.000000 0.764685
703.000000 0.777669
704.000000 0.790047
705.000000 0.801456
706.000000 0.811620
707.000000 0.820512
708.000000 0.827980
709.000000 0.833881
710.000000 0.838142
711.000000 0.840761
712.000000 0.841852
713.000000 0.841335
714.000000 0.839260
715.000000 0.835666
716.000000 0.830425
717.000000 0.823451
718.000000 0.814859
719.000000 0.805316
720.000000 0.794677
721.000000 0.782493
722.000000 0.768989
723.000000 0.754415
724.000000 0.739050
725.000000 0.723109
726.000000 0.706612
727.000000 0.689431
728.000000 0.671547
729.000000 0.653082
730.000000 0.634250
731.000000 0.616264
732.000000 0.598494
733.000000 0.579736
734.000000 0.560576
735.000000 0.541265
736.000000 0.521947
737.000000 0.502728
738.000000 0.483619
739.000000 0.464532
740.000000 0.445645
741.000000 0.427123
742.000000 0.409040
743.000000 0.391405
744.000000 0.374082
745.000000 0.357012
746.000000 0.340258
747.000000 0.323907
748.000000 0.307988
749.000000 0.292494
750.000000 0.277595
751.000000 0.263239
752.000000 0.249299
753.000000 0.235847
754.000000 0.222900
755.000000 0.210423
756.000000 0.198459
757.000000 0.187073
758.000000 0.176176
759.000000 0.165679
760.000000 0.155615
761.000000 0.146005
762.000000 0.136873
763.000000 0.128275
764.000000 0.120122
765.000000 0.112280
766.000000 0.104788
767.000000 0.097798
768.000000 0.091255
769.000000 0.085095
770.000000 0.079342
771.000000 0.073966
772.000000 0.068917
773.000000 0.064140
774.000000 0.059686
775.000000 0.055559
776.000000 0.051497
777.000000 0.047612
778.000000 0.044145
779.000000 0.041017
780.000000 0.038183
781.000000 0.035543
782.000000 0.033078
783.000000 0.030807
784.000000 0.028709
785.000000 0.026797
786.000000 0.025010
787.000000 0.023335
788.000000 0.021763
789.000000 0.020334
790.000000 0.019117
791.000000 0.018035
792.000000 0.017064
793.000000 0.016122
794.000000 0.015191
795.000000 0.014384
796.000000 0.013696
797.000000 0.013045
798.000000 0.012435
799.000000 0.011924
800.000000 0.011439
801.000000 0.010931
802.000000 0.010474
803.000000 0.010046
804.000000 0.009687
805.000000 0.009381
806.000000 0.009096
807.000000 0.008867
808.000000 0.008655
809.000000 0.008410
810.000000 0.008206
811.000000 0.008068
812.000000 0.007913
813.000000 0.007720
814.000000 0.007525
815.000000 0.007373
816.000000 0.007214
817.000000 0.007087
818.000000 0.006999
819.000000 0.006875
820.000000 0.006765
821.000000 0.006675
822.000000 0.006573
823.000000 0.006440
824.000000 0.006306
825.000000 0.006231
826.000000 0.006169
827.000000 0.006081
828.000000 0.006023
829.000000 0.005971
830.000000 0.005879
831.000000 0.005788
832.000000 0.005677
833.000000 0.005525
834.000000 0.005372
835.000000 0.005285
836.000000 0.005229
837.000000 0.005172
838.000000 0.005089
839.000000 0.004962
840.000000 0.004802
841.000000 0.004650
842.000000 0.004562
843.000000 0.004485
844.000000 0.004383
845.000000 0.004300
846.000000 0.004218
847.000000 0.004117
848.000000 0.004056
849.000000 0.003985
850.000000 0.003897
851.000000 0.003782
852.000000 0.003622
853.000000 0.003537
854.000000 0.003534
855.000000 0.003528
856.000000 0.003457
857.000000 0.003336
858.000000 0.003271
859.000000 0.003245
860.000000 0.003229
861.000000 0.003200
862.000000 0.003111
863.000000 0.003031
864.000000 0.002987
865.000000 0.002899
866.000000 0.002760
867.000000 0.002723
868.000000 0.002741
869.000000 0.002703
870.000000 0.002660
871.000000 0.002598
872.000000 0.002557
873.000000 0.002570
874.000000 0.002583
875.000000 0.002560
876.000000 0.002501
877.000000 0.002464
878.000000 0.002421
879.000000 0.002337
880.000000 0.002277
881.000000 0.002256
882.000000 0.002222
883.000000 0.002186
884.000000 0.002145
885.000000 0.002094
886.000000 0.002071
887.000000 0.002068
888.000000 0.002060
889.000000 0.002042
890.000000 0.002040
891.000000 0.002006
892.000000 0.001946
893.000000 0.001923
894.000000 0.001912
895.000000 0.001900
896.000000 0.001910
897.000000 0.001943
898.000000 0.001941
899.000000 0.001909
900.000000 0.001884
