315.000000 0.178139
316.000000 0.179250
317.000000 0.180534
318.000000 0.181848
319.000000 0.182807
320.000000 0.184402
321.000000 0.186488
322.000000 0.188560
323.000000 0.190029
324.000000 0.191594
325.000000 0.193518
326.000000 0.195670
327.000000 0.198333
328.000000 0.200591
329.000000 0.202516
330.000000 0.204520
331.000000 0.206626
332.000000 0.208749
333.000000 0.210808
334.000000 0.212655
335.000000 0.214118
336.000000 0.215529
337.000000 0.217176
338.000000 0.218896
339.000000 0.220438
340.000000 0.222067
341.000000 0.223787
342.000000 0.225571
343.000000 0.227567
344.000000 0.229544
345.000000 0.231053
346.000000 0.232209
347.000000 0.233300
348.000000 0.234267
349.000000 0.235120
350.000000 0.235807
351.000000 0.236198
352.000000 0.236280
353.000000 0.236270
354.000000 0.236136
355.000000 0.235811
356.000000 0.235415
357.000000 0.234763
358.000000 0.233814
359.000000 0.232902
360.000000 0.231996
361.000000 0.231097
362.000000 0.230287
363.000000 0.229387
364.000000 0.228489
365.000000 0.227554
366.000000 0.226533
367.000000 0.225517
368.000000 0.224349
369.000000 0.223132
370.000000 0.221727
371.000000 0.220245
372.000000 0.218966
373.000000 0.218153
374.000000 0.217302
375.000000 0.215592
376.000000 0.213857
377.000000 0.212336
378.000000 0.210657
379.000000 0.209144
380.000000 0.207628
381.000000 0.206132
382.000000 0.204911
383.000000 0.203504
384.000000 0.202019
385.000000 0.200813
386.000000 0.200027
387.000000 0.199619
388.000000 0.199183
389.000000 0.199098
390.000000 0.199434
391.000000 0.199695
392.000000 0.199866
393.000000 0.199954
394.000000 0.200151
395.000000 0.200740
396.000000 0.201499
397.000000 0.202421
398.000000 0.203511
399.000000 0.204516
400.000000 0.205639
401.000000 0.206937
402.000000 0.208180
403.000000 0.209323
404.000000 0.210418
405.000000 0.211651
406.000000 0.212917
407.000000 0.214110
408.000000 0.215380
409.000000 0.216496
410.000000 0.217491
411.000000 0.218391
412.000000 0.219227
413.000000 0.220153
414.000000 0.221291
415.000000 0.222425
416.000000 0.223259
417.000000 0.224227
418.000000 0.225298
419.000000 0.226172
420.000000 0.227134
421.000000 0.228300
422.000000 0.229509
423.000000 0.230905
424.000000 0.232519
425.000000 0.233949
426.000000 0.235312
427.000000 0.236844
428.000000 0.238265
429.000000 0.239637
430.000000 0.241036
431.000000 0.242219
432.000000 0.242993
433.000000 0.243408
434.000000 0.243631
435.000000 0.243463
436.000000 0.242836
437.000000 0.241969
438.000000 0.240737
439.000000 0.239019
440.000000 0.237040
441.000000 0.234880
442.000000 0.232463
443.000000 0.229725
444.000000 0.226714
445.000000 0.223508
446.000000 0.219923
447.000000 0.216108
448.000000 0.212015
449.000000 0.207645
450.000000 0.203380
451.000000 0.198900
452.000000 0.194195
453.000000 0.189655
454.000000 0.184920
455.000000 0.180093
456.000000 0.175281
457.000000 0.170442
458.000000 0.165866
459.000000 0.161163
460.000000 0.156554
461.000000 0.152277
462.000000 0.147895
463.000000 0.143559
464.000000 0.139179
465.000000 0.134849
466.000000 0.130953
467.000000 0.127119
468.000000 0.123364
469.000000 0.119706
470.000000 0.116117
471.000000 0.112788
472.000000 0.109509
473.000000 0.106347
474.000000 0.103384
475.000000 0.100486
476.000000 0.097785
477.000000 0.095213
478.000000 0.092729
479.000000 0.090441
480.000000 0.088308
481.000000 0.086211
482.000000 0.084267
483.000000 0.082534
484.000000 0.080749
485.000000 0.079067
486.000000 0.077613
487.000000 0.076264
488.000000 0.074969
489.000000 0.073804
490.000000 0.072573
491.000000 0.071576
492.000000 0.071103
493.000000 0.070427
494.000000 0.069792
495.000000 0.069317
496.000000 0.068792
497.000000 0.068421
498.000000 0.068127
499.000000 0.068025
500.000000 0.068086
501.000000 0.068287
502.000000 0.068350
503.000000 0.068294
504.000000 0.068397
505.000000 0.068819
506.000000 0.069602
507.000000 0.070271
508.000000 0.070620
509.000000 0.070943
510.000000 0.071417
511.000000 0.072216
512.000000 0.073380
513.000000 0.074538
514.000000 0.075636
515.000000 0.076627
516.000000 0.077497
517.000000 0.078053
518.000000 0.078571
519.000000 0.079320
520.000000 0.080084
521.000000 0.081008
522.000000 0.081729
523.000000 0.082278
524.000000 0.082948
525.000000 0.083556
526.000000 0.083998
527.000000 0.084380
528.000000 0.084731
529.000000 0.084894
530.000000 0.085024
531.000000 0.085341
532.000000 0.085625
533.000000 0.085889
534.000000 0.086135
535.000000 0.086353
536.000000 0.086760
537.000000 0.087240
538.000000 0.087936
539.000000 0.088542
540.000000 0.089362
541.000000 0.090623
542.000000 0.091933
543.000000 0.093555
544.000000 0.095648
545.000000 0.098044
546.000000 0.100561
547.000000 0.103261
548.000000 0.105912
549.000000 0.108528
550.000000 0.111257
551.000000 0.113972
552.000000 0.116666
553.000000 0.119387
554.000000 0.122209
555.000000 0.124893
556.000000 0.127069
557.000000 0.128960
558.000000 0.130678
559.000000 0.132036
560.000000 0.133133
561.000000 0.133835
562.000000 0.134023
563.000000 0.133842
564.000000 0.133217
565.000000 0.132158
566.000000 0.130647
567.000000 0.128719
568.000000 0.126554
569.000000 0.124071
570.000000 0.121427
571.000000 0.118714
572.000000 0.115920
573.000000 0.113031
574.000000 0.109895
575.000000 0.106778
576.000000 0.103911
577.000000 0.101184
578.000000 0.098628
579.000000 0.096433
580.000000 0.094494
581.000000 0.092660
582.000000 0.090957
583.000000 0.089469
584.000000 0.088381
585.000000 0.087579
586.000000 0.086891
587.000000 0.086396
588.000000 0.086130
589.000000 0.086074
590.000000 0.086173
591.000000 0.086373
592.000000 0.086721
593.000000 0.087199
594.000000 0.087876
595.000000 0.088591
596.000000 0.089292
597.000000 0.090083
598.000000 0.091033
599.000000 0.092084
600.000000 0.093052
601.000000 0.094118
602.000000 0.095236
603.000000 0.096398
604.000000 0.097708
605.000000 0.099044
606.000000 0.100467
607.000000 0.102055
608.000000 0.103615
609.000000 0.105233
610.000000 0.107037
611.000000 0.108898
612.000000 0.110912
613.000000 0.113038
614.000000 0.115284
615.000000 0.117782
616.000000 0.120253
617.000000 0.122878
618.000000 0.125899
619.000000 0.128925
620.000000 0.132082
621.000000 0.135610
622.000000 0.139253
623.000000 0.143027
624.000000 0.147175
625.000000 0.151468
626.000000 0.155975
627.000000 0.160899
628.000000 0.165802
629.000000 0.170899
630.000000 0.176468
631.000000 0.182242
632.000000 0.187994
633.000000 0.193881
634.000000 0.200176
635.000000 0.206418
636.000000 0.212684
637.000000 0.219314
638.000000 0.225864
639.000000 0.232395
640.000000 0.239140
641.000000 0.245881
642.000000 0.252209
643.000000 0.258305
644.000000 0.264619
645.000000 0.270725
646.000000 0.276624
647.000000 0.282529
648.000000 0.288303
649.000000 0.293681
650.000000 0.298746
651.000000 0.303776
652.000000 0.308632
653.000000 0.313102
654.000000 0.317304
655.000000 0.321373
656.000000 0.325224
657.000000 0.328715
658.000000 0.332084
659.000000 0.335473
660.000000 0.338749
661.000000 0.341913
662.000000 0.345012
663.000000 0.348225
664.000000 0.351594
665.000000 0.354921
666.000000 0.358291
667.000000 0.362034
668.000000 0.366043
669.000000 0.370094
670.000000 0.374410
671.000000 0.379247
672.000000 0.384529
673.000000 0.390328
674.000000 0.396238
675.000000 0.402579
676.000000 0.409886
677.000000 0.417952
678.000000 0.426671
679.000000 0.435610
680.000000 0.445025
681.000000 0.455438
682.000000 0.466770
683.000000 0.478969
684.000000 0.491476
685.000000 0.504483
686.000000 0.518666
687.000000 0.533668
688.000000 0.549252
689.000000 0.565384
690.000000 0.581391
691.000000 0.597681
692.000000 0.614952
693.000000 0.632651
694.000000 0.650580
695.000000 0.668700
696.000000 0.686042
697.000000 0.702851
698.000000 0.720025
699.000000 0.737117
700.000000 0.753812
701.000000 0.769757
702.000000 0.784364
703.000000 0.797826
704.000000 0.810680
705.000000 0.822430
706.000000 0.832893
707.000000 0.842120
708.000000 0.849878
709.000000 0.855994
710.000000 0.860453
711.000000 0.863337
712.000000 0.864681
713.000000 0.864336
714.000000 0.862252
715.000000 0.858525
716.000000 0.853125
717.000000 0.845964
718.000000 0.837151
719.000000 0.827336
720.000000 0.816441
721.000000 0.803967
722.000000 0.790154
723.000000 0.775272
724.000000 0.759520
725.000000 0.743064
726.000000 0.726058
727.000000 0.708420
728.000000 0.690087
729.000000 0.671196
730.000000 0.651769
731.000000 0.633168
732.000000 0.614857
733.000000 0.595626
734.000000 0.575923
735.000000 0.556049
736.000000 0.536217
737.000000 0.516420
738.000000 0.496772
739.000000 0.477211
740.000000 0.457857
741.000000 0.438838
742.000000 0.420205
743.000000 0.401996
744.000000 0.384127
745.000000 0.366581
746.000000 0.349433
747.000000 0.332668
748.000000 0.316351
749.000000 0.300499
750.000000 0.285207
751.000000 0.270420
752.000000 0.256044
753.000000 0.242169
754.000000 0.228845
755.000000 0.216037
756.000000 0.203740
757.000000 0.191999
758.000000 0.180793
759.000000 0.170041
760.000000 0.159722
761.000000 0.149906
762.000000 0.140608
763.000000 0.131755
764.000000 0.123297
765.000000 0.115186
766.000000 0.107503
767.000000 0.100343
768.000000 0.093665
769.000000 0.087383
770.000000 0.081453
771.000000 0.075906
772.000000 0.070663
773.000000 0.065718
774.000000 0.061165
775.000000 0.056914
776.000000 0.052717
777.000000 0.048751
778.000000 0.045210
779.000000 0.041998
780.000000 0.039054
781.000000 0.036282
782.000000 0.033735
783.000000 0.031405
784.000000 0.029231
785.000000 0.027222
786.000000 0.025374
787.000000 0.023670
788.000000 0.022086
789.000000 0.020673
790.000000 0.019445
791.000000 0.018304
792.000000 0.017174
793.000000 0.016161
794.000000 0.015302
795.000000 0.014508
796.000000 0.013750
797.000000 0.013031
798.000000 0.012339
799.000000 0.011784
800.000000 0.011311
801.000000 0.010830
802.000000 0.010439
803.000000 0.010037
804.000000 0.009638
805.000000 0.009284
806.000000 0.008985
807.000000 0.008776
808.000000 0.008552
809.000000 0.008267
810.000000 0.008037
811.000000 0.007858
812.000000 0.007672
813.000000 0.007503
814.000000 0.007361
815.000000 0.007234
816.000000 0.007044
817.000000 0.006877
818.000000 0.006793
819.000000 0.006673
820.000000 0.006523
821.000000 0.006385
822.000000 0.006257
823.000000 0.006157
824.000000 0.006091
825.000000 0.006026
826.000000 0.005945
827.000000 0.005808
828.000000 0.005705
829.000000 0.005630
830.000000 0.005535
831.000000 0.005449
832.000000 0.005354
833.000000 0.005288
834.000000 0.005195
835.000000 0.005094
836.000000 0.005023
837.000000 0.004954
838.000000 0.004906
839.000000 0.004817
840.000000 0.004663
841.000000 0.004525
842.000000 0.004429
843.000000 0.004325
844.000000 0.004204
845.000000 0.004147
846.000000 0.004106
847.000000 0.004023
848.000000 0.003918
849.000000 0.003799
850.000000 0.003716
851.000000 0.003624
852.000000 0.003521
853.000000 0.003462
854.000000 0.003450
855.000000 0.003443
856.000000 0.003387
857.000000 0.003267
858.000000 0.003184
859.000000 0.003185
860.000000 0.003176
861.000000 0.003108
862.000000 0.003007
863.000000 0.002928
864.000000 0.002865
865.000000 0.002788
866.000000 0.002701
867.000000 0.002693
868.000000 0.002693
869.000000 0.002642
870.000000 0.002620
871.000000 0.002576
872.000000 0.002530
873.000000 0.002533
874.000000 0.002501
875.000000 0.002442
876.000000 0.002391
877.000000 0.002363
878.000000 0.002334
879.000000 0.002279
880.000000 0.002246
881.000000 0.002216
882.000000 0.002179
883.000000 0.002151
884.000000 0.002126
885.000000 0.002086
886.000000 0.002038
887.000000 0.002014
888.000000 0.001981
889.000000 0.001944
890.000000 0.001937
891.000000 0.001933
892.000000 0.001904
893.000000 0.001870
894.000000 0.001835
895.000000 0.001797
896.000000 0.001796
897.000000 0.001811
898.000000 0.001826
899.000000 0.001842
900.000000 0.001844
