315.000000 0.177474
316.000000 0.177645
317.000000 0.178563
318.000000 0.179338
319.000000 0.179741
320.000000 0.181144
321.000000 0.183504
322.000000 0.185911
323.000000 0.187608
324.000000 0.189172
325.000000 0.191099
326.000000 0.193197
327.000000 0.195525
328.000000 0.197946
329.000000 0.200027
330.000000 0.202215
331.000000 0.204348
332.000000 0.206246
333.000000 0.208547
334.000000 0.210784
335.000000 0.212578
336.000000 0.214116
337.000000 0.215910
338.000000 0.217797
339.000000 0.219143
340.000000 0.220688
341.000000 0.222846
342.000000 0.224959
343.000000 0.226865
344.000000 0.228785
345.000000 0.230290
346.000000 0.231520
347.000000 0.232947
348.000000 0.234239
349.000000 0.235029
350.000000 0.235447
351.000000 0.235688
352.000000 0.235745
353.000000 0.235809
354.000000 0.235723
355.000000 0.235329
356.000000 0.234918
357.000000 0.234398
358.000000 0.233700
359.000000 0.232976
360.000000 0.232137
361.000000 0.231305
362.000000 0.230457
363.000000 0.229454
364.000000 0.228570
365.000000 0.227749
366.000000 0.226783
367.000000 0.225682
368.000000 0.224478
369.000000 0.223243
370.000000 0.221899
371.000000 0.220393
372.000000 0.219295
373.000000 0.218718
374.000000 0.217531
375.000000 0.215894
376.000000 0.214162
377.000000 0.212352
378.000000 0.210617
379.000000 0.208882
380.000000 0.207633
381.000000 0.206683
382.000000 0.205347
383.000000 0.203715
384.000000 0.202234
385.000000 0.201004
386.000000 0.200118
387.000000 0.199576
388.000000 0.199129
389.000000 0.198728
390.000000 0.198434
391.000000 0.198386
392.000000 0.198479
393.000000 0.198457
394.000000 0.198626
395.000000 0.199389
396.000000 0.200316
397.000000 0.201016
398.000000 0.201875
399.000000 0.202867
400.000000 0.203947
401.000000 0.205163
402.000000 0.206392
403.000000 0.207635
404.000000 0.208840
405.000000 0.210113
406.000000 0.211356
407.000000 0.212524
408.000000 0.213754
409.000000 0.214846
410.000000 0.215889
411.000000 0.216812
412.000000 0.217548
413.000000 0.218426
414.000000 0.219411
415.000000 0.220199
416.000000 0.220976
417.000000 0.221962
418.000000 0.222993
419.000000 0.224013
420.000000 0.225121
421.000000 0.226254
422.000000 0.227302
423.000000 0.228515
424.000000 0.229967
425.000000 0.231318
426.000000 0.232798
427.000000 0.234464
428.000000 0.235921
429.000000 0.237338
430.000000 0.238682
431.000000 0.239881
432.000000 0.240839
433.000000 0.241470
434.000000 0.241754
435.000000 0.241558
436.000000 0.240981
437.000000 0.240177
438.000000 0.239010
439.000000 0.237428
440.000000 0.235619
441.000000 0.233540
442.000000 0.231214
443.000000 0.228563
444.000000 0.225583
445.000000 0.222421
446.000000 0.218861
447.000000 0.215022
448.000000 0.210959
449.000000 0.206601
450.000000 0.202266
451.000000 0.197758
452.000000 0.193032
453.000000 0.188450
454.000000 0.183781
455.000000 0.179046
456.000000 0.174261
457.000000 0.169411
458.000000 0.164738
459.000000 0.159966
460.000000 0.155335
461.000000 0.150998
462.000000 0.146586
463.000000 0.142192
464.000000 0.137678
465.000000 0.133222
466.000000 0.129282
467.000000 0.125457
468.000000 0.121594
469.000000 0.117822
470.000000 0.114190
471.000000 0.110864
472.000000 0.107636
473.000000 0.104490
474.000000 0.101417
475.000000 0.098386
476.000000 0.095654
477.000000 0.093035
478.000000 0.090477
479.000000 0.088112
480.000000 0.085916
481.000000 0.083739
482.000000 0.081672
483.000000 0.079877
484.000000 0.078137
485.000000 0.076449
486.000000 0.074858
487.000000 0.073407
488.000000 0.072068
489.000000 0.070618
490.000000 0.069131
491.000000 0.068057
492.000000 0.067122
493.000000 0.065995
494.000000 0.065526
495.000000 0.065219
496.000000 0.064681
497.000000 0.064473
498.000000 0.064322
499.000000 0.064035
500.000000 0.063885
501.000000 0.063947
502.000000 0.063819
503.000000 0.063584
504.000000 0.063562
505.000000 0.063792
506.000000 0.064341
507.000000 0.065093
508.000000 0.065750
509.000000 0.066299
510.000000 0.066756
511.000000 0.067256
512.000000 0.067992
513.000000 0.068800
514.000000 0.069683
515.000000 0.070750
516.000000 0.071776
517.000000 0.072285
518.000000 0.072615
519.000000 0.073175
520.000000 0.073986
521.000000 0.074886
522.000000 0.075420
523.000000 0.075774
524.000000 0.076189
525.000000 0.076538
526.000000 0.076672
527.000000 0.076947
528.000000 0.077422
529.000000 0.077613
530.000000 0.077733
531.000000 0.078055
532.000000 0.078219
533.000000 0.078262
534.000000 0.078227
535.000000 0.078336
536.000000 0.078803
537.000000 0.079273
538.000000 0.079929
539.000000 0.080662
540.000000 0.081231
541.000000 0.082231
542.000000 0.083685
543.000000 0.085336
544.000000 0.087202
545.000000 0.089205
546.000000 0.091339
547.000000 0.093768
548.000000 0.096328
549.000000 0.098794
550.000000 0.101223
551.000000 0.103635
552.000000 0.106117
553.000000 0.108766
554.000000 0.111507
555.000000 0.113941
556.000000 0.115918
557.000000 0.117565
558.000000 0.119065
559.000000 0.120395
560.000000 0.121443
561.000000 0.122026
562.000000 0.122151
563.000000 0.121970
564.000000 0.121380
565.000000 0.120564
566.000000 0.119539
567.000000 0.118044
568.000000 0.116211
569.000000 0.114171
570.000000 0.112012
571.000000 0.109792
572.000000 0.107451
573.000000 0.104884
574.000000 0.102141
575.000000 0.099590
576.000000 0.097303
577.000000 0.095172
578.000000 0.093208
579.000000 0.091425
580.000000 0.089794
581.000000 0.088346
582.000000 0.087064
583.000000 0.086034
584.000000 0.085270
585.000000 0.084681
586.000000 0.084297
587.000000 0.084189
588.000000 0.084294
589.000000 0.084426
590.000000 0.084672
591.000000 0.085118
592.000000 0.085695
593.000000 0.086322
594.000000 0.087032
595.000000 0.087875
596.000000 0.088830
597.000000 0.089775
598.000000 0.090843
599.000000 0.092090
600.000000 0.093348
601.000000 0.094657
602.000000 0.095949
603.000000 0.097229
604.000000 0.098551
605.000000 0.099879
606.000000 0.101372
607.000000 0.103115
608.000000 0.104851
609.000000 0.106573
610.000000 0.108484
611.000000 0.110526
612.000000 0.112697
613.000000 0.114930
614.000000 0.117278
615.000000 0.119894
616.000000 0.122519
617.000000 0.125280
618.000000 0.128437
619.000000 0.131591
620.000000 0.134848
621.000000 0.138574
622.000000 0.142478
623.000000 0.146504
624.000000 0.150899
625.000000 0.155365
626.000000 0.159964
627.000000 0.165028
628.000000 0.170137
629.000000 0.175378
630.000000 0.181142
631.000000 0.187199
632.000000 0.193210
633.000000 0.199356
634.000000 0.205902
635.000000 0.212403
636.000000 0.218940
637.000000 0.225846
638.000000 0.232665
639.000000 0.239452
640.000000 0.246473
641.000000 0.253497
642.000000 0.260063
643.000000 0.266416
644.000000 0.273020
645.000000 0.279323
646.000000 0.285349
647.000000 0.291423
648.000000 0.297412
649.000000 0.302938
650.000000 0.308143
651.000000 0.313328
652.000000 0.318327
653.000000 0.322935
654.000000 0.327286
655.000000 0.331519
656.000000 0.335519
657.000000 0.339191
658.000000 0.342687
659.000000 0.346191
660.000000 0.349616
661.000000 0.352897
662.000000 0.356102
663.000000 0.359396
664.000000 0.362845
665.000000 0.366307
666.000000 0.369834
667.000000 0.373667
668.000000 0.377752
669.000000 0.381906
670.000000 0.386313
671.000000 0.391282
672.000000 0.396746
673.000000 0.402747
674.000000 0.408881
675.000000 0.415418
676.000000 0.422907
677.000000 0.431127
678.000000 0.440048
679.000000 0.449270
680.000000 0.459030
681.000000 0.469820
682.000000 0.481476
683.000000 0.494032
684.000000 0.507002
685.000000 0.520554
686.000000 0.535292
687.000000 0.550821
688.000000 0.566931
689.000000 0.583656
690.000000 0.600245
691.000000 0.617066
692.000000 0.634893
693.000000 0.653188
694.000000 0.671748
695.000000 0.690547
696.000000 0.708650
697.000000 0.726248
698.000000 0.744172
699.000000 0.761904
700.000000 0.779235
701.000000 0.795834
702.000000 0.810957
703.000000 0.824876
704.000000 0.838223
705.000000 0.850573
706.000000 0.861593
707.000000 0.871199
708.000000 0.879301
709.000000 0.885745
710.000000 0.890439
711.000000 0.893485
712.000000 0.894929
713.000000 0.894583
714.000000 0.892563
715.000000 0.888872
716.000000 0.883362
717.000000 0.876051
718.000000 0.867004
719.000000 0.856955
720.000000 0.845773
721.000000 0.832838
722.000000 0.818471
723.000000 0.803056
724.000000 0.786684
725.000000 0.769597
726.000000 0.752016
727.000000 0.733778
728.000000 0.714777
729.000000 0.695113
730.000000 0.674943
731.000000 0.655689
732.000000 0.636722
733.000000 0.616765
734.000000 0.596315
735.000000 0.575701
736.000000 0.555142
737.000000 0.534648
738.000000 0.514237
739.000000 0.493918
740.000000 0.473922
741.000000 0.454207
742.000000 0.434856
743.000000 0.415936
744.000000 0.397323
745.000000 0.379064
746.000000 0.361249
747.000000 0.343865
748.000000 0.327000
749.000000 0.310669
750.000000 0.294956
751.000000 0.279737
752.000000 0.264880
753.000000 0.250509
754.000000 0.236680
755.000000 0.223392
756.000000 0.210645
757.000000 0.198469
758.000000 0.186884
759.000000 0.175787
760.000000 0.165112
761.000000 0.154893
762.000000 0.145218
763.000000 0.136088
764.000000 0.127370
765.000000 0.118985
766.000000 0.111061
767.000000 0.103634
768.000000 0.096668
769.000000 0.090179
770.000000 0.084071
771.000000 0.078306
772.000000 0.072853
773.000000 0.067718
774.000000 0.062985
775.000000 0.058598
776.000000 0.054246
777.000000 0.050093
778.000000 0.046403
779.000000 0.043057
780.000000 0.039988
781.000000 0.037158
782.000000 0.034518
783.000000 0.032048
784.000000 0.029822
785.000000 0.027800
786.000000 0.025874
787.000000 0.024093
788.000000 0.022467
789.000000 0.020990
790.000000 0.019654
791.000000 0.018419
792.000000 0.017305
793.000000 0.016259
794.000000 0.015332
795.000000 0.014521
796.000000 0.013703
797.000000 0.012911
798.000000 0.012185
799.000000 0.011613
800.000000 0.011163
801.000000 0.010729
802.000000 0.010288
803.000000 0.009818
804.000000 0.009414
805.000000 0.009057
806.000000 0.008734
807.000000 0.008493
808.000000 0.008272
809.000000 0.008014
810.000000 0.007766
811.000000 0.007564
812.000000 0.007372
813.000000 0.007174
814.000000 0.006974
815.000000 0.006819
816.000000 0.006660
817.000000 0.006482
818.000000 0.006359
819.000000 0.006248
820.000000 0.006127
821.000000 0.005996
822.000000 0.005838
823.000000 0.005721
824.000000 0.005630
825.000000 0.005531
826.000000 0.005445
827.000000 0.005332
828.000000 0.005256
829.000000 0.005229
830.000000 0.005181
831.000000 0.005116
832.000000 0.005020
833.000000 0.004915
834.000000 0.004846
835.000000 0.004769
836.000000 0.004669
837.000000 0.004589
838.000000 0.004507
839.000000 0.004421
840.000000 0.004311
841.000000 0.004175
842.000000 0.004066
843.000000 0.003950
844.000000 0.003825
845.000000 0.003763
846.000000 0.003712
847.000000 0.003632
848.000000 0.003534
849.000000 0.003408
850.000000 0.003324
851.000000 0.003261
852.000000 0.003149
853.000000 0.003072
854.000000 0.003079
855.000000 0.003117
856.000000 0.003117
857.000000 0.003027
858.000000 0.002925
859.000000 0.002872
860.000000 0.002855
861.000000 0.002818
862.000000 0.002748
863.000000 0.002709
864.000000 0.002666
865.000000 0.002579
866.000000 0.002478
867.000000 0.002464
868.000000 0.002506
869.000000 0.002501
870.000000 0.002457
871.000000 0.002382
872.000000 0.002341
873.000000 0.002348
874.000000 0.002338
875.000000 0.002273
876.000000 0.002198
877.000000 0.002166
878.000000 0.002122
879.000000 0.002073
880.000000 0.002051
881.000000 0.002025
882.000000 0.001973
883.000000 0.001928
884.000000 0.001909
885.000000 0.001885
886.000000 0.001858
887.000000 0.001861
888.000000 0.001861
889.000000 0.001826
890.000000 0.001808
891.000000 0.001768
892.000000 0.001705
893.000000 0.001697
894.000000 0.001708
895.000000 0.001695
896.000000 0.001707
897.000000 0.001745
898.000000 0.001758
899.000000 0.001759
900.000000 0.001763
