315.000000 0.173899
316.000000 0.176386
317.000000 0.177972
318.000000 0.179596
319.000000 0.181260
320.000000 0.183180
321.000000 0.184021
322.000000 0.184655
323.000000 0.186011
324.000000 0.187426
325.000000 0.189109
326.000000 0.191338
327.000000 0.193561
328.000000 0.195711
329.000000 0.197661
330.000000 0.199653
331.000000 0.201799
332.000000 0.203782
333.000000 0.205320
334.000000 0.206751
335.000000 0.208637
336.000000 0.210374
337.000000 0.211707
338.000000 0.213448
339.000000 0.215544
340.000000 0.217658
341.000000 0.219773
342.000000 0.221904
343.000000 0.224019
344.000000 0.225898
345.000000 0.227494
346.000000 0.228901
347.000000 0.230375
348.000000 0.231521
349.000000 0.232173
350.000000 0.232798
351.000000 0.233556
352.000000 0.234050
353.000000 0.234242
354.000000 0.234341
355.000000 0.234159
356.000000 0.233801
357.000000 0.233449
358.000000 0.232977
359.000000 0.232292
360.000000 0.231547
361.000000 0.231016
362.000000 0.230282
363.000000 0.229363
364.000000 0.228396
365.000000 0.227265
366.000000 0.226153
367.000000 0.224948
368.000000 0.223835
369.000000 0.222816
370.000000 0.221871
371.000000 0.220327
372.000000 0.218068
373.000000 0.215911
374.000000 0.214354
375.000000 0.213234
376.000000 0.211882
377.000000 0.210424
378.000000 0.209093
379.000000 0.207471
380.000000 0.205443
381.000000 0.203329
382.000000 0.201684
383.000000 0.200289
384.000000 0.198797
385.000000 0.197616
386.000000 0.196320
387.000000 0.195163
388.000000 0.194528
389.000000 0.194039
390.000000 0.193854
391.000000 0.193930
392.000000 0.194028
393.000000 0.194277
394.000000 0.194608
395.000000 0.195068
396.000000 0.195588
397.000000 0.196181
398.000000 0.197171
399.000000 0.198382
400.000000 0.199539
401.000000 0.200545
402.000000 0.201590
403.000000 0.202837
404.000000 0.204182
405.000000 0.205503
406.000000 0.206666
407.000000 0.207719
408.000000 0.208804
409.000000 0.209850
410.000000 0.210847
411.000000 0.211773
412.000000 0.212525
413.000000 0.213420
414.000000 0.214430
415.000000 0.215211
416.000000 0.215930
417.000000 0.216721
418.000000 0.217526
419.000000 0.218429
420.000000 0.219368
421.000000 0.220253
422.000000 0.221172
423.000000 0.222288
424.000000 0.223731
425.000000 0.225337
426.000000 0.227000
427.000000 0.228684
428.000000 0.230276
429.000000 0.231951
430.000000 0.233456
431.000000 0.234620
432.000000 0.235717
433.000000 0.236490
434.000000 0.236909
435.000000 0.237025
436.000000 0.236845
437.000000 0.236303
438.000000 0.235375
439.000000 0.234093
440.000000 0.232322
441.000000 0.230323
442.000000 0.228144
443.000000 0.225583
444.000000 0.222695
445.000000 0.219479
446.000000 0.215791
447.000000 0.211900
448.000000 0.207855
449.000000 0.203725
450.000000 0.199580
451.000000 0.194937
452.000000 0.190003
453.000000 0.185327
454.000000 0.180595
455.000000 0.175776
456.000000 0.170939
457.000000 0.166062
458.000000 0.161389
459.000000 0.156611
460.000000 0.151867
461.000000 0.147414
462.000000 0.142842
463.000000 0.138285
464.000000 0.133842
465.000000 0.129457
466.000000 0.125376
467.000000 0.121427
468.000000 0.117592
469.000000 0.113790
470.000000 0.110043
471.000000 0.106577
472.000000 0.103170
473.000000 0.099810
474.000000 0.096561
475.000000 0.093422
476.000000 0.090507
477.000000 0.087673
478.000000 0.084989
479.000000 0.082501
480.000000 0.080194
481.000000 0.077951
482.000000 0.075773
483.000000 0.073809
484.000000 0.071898
485.000000 0.070052
486.000000 0.068320
487.000000 0.066815
488.000000 0.065436
489.000000 0.063959
490.000000 0.062415
491.000000 0.060941
492.000000 0.059972
493.000000 0.059196
494.000000 0.058538
495.000000 0.058049
496.000000 0.057455
497.000000 0.057020
498.000000 0.056791
499.000000 0.056437
500.000000 0.055659
501.000000 0.054688
502.000000 0.054016
503.000000 0.053729
504.000000 0.053661
505.000000 0.053810
506.000000 0.054212
507.000000 0.054638
508.000000 0.054812
509.000000 0.055080
510.000000 0.055459
511.000000 0.055750
512.000000 0.056048
513.000000 0.056236
514.000000 0.056375
515.000000 0.056627
516.000000 0.057230
517.000000 0.057926
518.000000 0.058470
519.000000 0.058910
520.000000 0.059387
521.000000 0.059952
522.000000 0.060390
523.000000 0.060472
524.000000 0.060359
525.000000 0.060487
526.000000 0.060741
527.000000 0.060913
528.000000 0.061213
529.000000 0.061540
530.000000 0.061524
531.000000 0.061461
532.000000 0.061559
533.000000 0.061800
534.000000 0.061983
535.000000 0.061873
536.000000 0.061706
537.000000 0.061962
538.000000 0.062458
539.000000 0.062913
540.000000 0.063684
541.000000 0.064684
542.000000 0.065752
543.000000 0.066690
544.000000 0.067723
545.000000 0.069184
546.000000 0.070778
547.000000 0.072522
548.000000 0.074279
549.000000 0.075964
550.000000 0.078047
551.000000 0.080264
552.000000 0.082187
553.000000 0.084168
554.000000 0.086146
555.000000 0.087933
556.000000 0.089493
557.000000 0.090882
558.000000 0.092060
559.000000 0.093080
560.000000 0.093987
561.000000 0.094706
562.000000 0.095134
563.000000 0.095069
564.000000 0.094824
565.000000 0.094528
566.000000 0.094025
567.000000 0.093246
568.000000 0.092179
569.000000 0.091026
570.000000 0.089862
571.000000 0.088464
572.000000 0.087035
573.000000 0.085700
574.000000 0.084297
575.000000 0.082998
576.000000 0.081811
577.000000 0.080792
578.000000 0.079922
579.000000 0.079126
580.000000 0.078384
581.000000 0.077775
582.000000 0.077509
583.000000 0.077448
584.000000 0.077417
585.000000 0.077522
586.000000 0.077862
587.000000 0.078403
588.000000 0.079060
589.000000 0.079765
590.000000 0.080621
591.000000 0.081637
592.000000 0.082802
593.000000 0.084138
594.000000 0.085448
595.000000 0.086693
596.000000 0.088064
597.000000 0.089491
598.000000 0.090830
599.000000 0.092312
600.000000 0.093922
601.000000 0.095504
602.000000 0.097078
603.000000 0.098747
604.000000 0.100537
605.000000 0.102325
606.000000 0.104169
607.000000 0.106072
608.000000 0.107973
609.000000 0.110050
610.000000 0.112310
611.000000 0.114538
612.000000 0.116905
613.000000 0.119454
614.000000 0.122128
615.000000 0.125081
616.000000 0.128057
617.000000 0.131182
618.000000 0.134622
619.000000 0.138075
620.000000 0.141808
621.000000 0.145972
622.000000 0.150197
623.000000 0.154541
624.000000 0.159211
625.000000 0.164064
626.000000 0.169203
627.000000 0.174752
628.000000 0.180354
629.000000 0.186164
630.000000 0.192408
631.000000 0.198898
632.000000 0.205393
633.000000 0.212054
634.000000 0.219171
635.000000 0.226244
636.000000 0.233358
637.000000 0.240865
638.000000 0.248265
639.000000 0.255626
640.000000 0.263243
641.000000 0.270869
642.000000 0.278062
643.000000 0.285038
644.000000 0.292263
645.000000 0.299207
646.000000 0.305865
647.000000 0.312534
648.000000 0.319023
649.000000 0.325036
650.000000 0.330767
651.000000 0.336484
652.000000 0.342010
653.000000 0.347058
654.000000 0.351712
655.000000 0.356268
656.000000 0.360667
657.000000 0.364733
658.000000 0.368572
659.000000 0.372356
660.000000 0.376084
661.000000 0.379600
662.000000 0.383025
663.000000 0.386659
664.000000 0.390387
665.000000 0.394076
666.000000 0.397807
667.000000 0.401842
668.000000 0.406186
669.000000 0.410661
670.000000 0.415437
671.000000 0.420771
672.000000 0.426627
673.000000 0.433041
674.000000 0.439595
675.000000 0.446636
676.000000 0.454777
677.000000 0.463682
678.000000 0.473264
679.000000 0.483142
680.000000 0.493619
681.000000 0.505258
682.000000 0.517833
683.000000 0.531366
684.000000 0.545295
685.000000 0.559812
686.000000 0.575682
687.000000 0.592525
688.000000 0.610046
689.000000 0.628155
690.000000 0.646090
691.000000 0.664242
692.000000 0.683504
693.000000 0.703359
694.000000 0.723537
695.000000 0.743932
696.000000 0.763530
697.000000 0.782644
698.000000 0.802144
699.000000 0.821461
700.000000 0.840332
701.000000 0.858453
702.000000 0.875152
703.000000 0.890680
704.000000 0.905625
705.000000 0.919414
706.000000 0.931617
707.000000 0.942194
708.000000 0.951171
709.000000 0.958399
710.000000 0.963731
711.000000 0.967275
712.000000 0.969124
713.000000 0.969099
714.000000 0.967134
715.000000 0.963226
716.000000 0.957368
717.000000 0.949598
718.000000 0.940056
719.000000 0.929418
720.000000 0.917415
721.000000 0.903575
722.000000 0.888235
723.000000 0.871538
724.000000 0.853727
725.000000 0.835100
726.000000 0.815815
727.000000 0.795847
728.000000 0.775169
729.000000 0.753939
730.000000 0.732179
731.000000 0.711248
732.000000 0.690535
733.000000 0.668771
734.000000 0.646621
735.000000 0.624310
736.000000 0.601904
737.000000 0.579460
738.000000 0.557132
739.000000 0.534961
740.000000 0.513092
741.000000 0.491652
742.000000 0.470651
743.000000 0.450123
744.000000 0.430008
745.000000 0.410249
746.000000 0.390973
747.000000 0.372183
748.000000 0.353918
749.000000 0.336253
750.000000 0.319228
751.000000 0.302696
752.000000 0.286632
753.000000 0.271117
754.000000 0.256188
755.000000 0.241854
756.000000 0.228103
757.000000 0.214965
758.000000 0.202400
759.000000 0.190324
760.000000 0.178745
761.000000 0.167678
762.000000 0.157208
763.000000 0.147311
764.000000 0.137827
765.000000 0.128745
766.000000 0.120108
767.000000 0.111979
768.000000 0.104362
769.000000 0.097198
770.000000 0.090464
771.000000 0.084204
772.000000 0.078352
773.000000 0.072848
774.000000 0.067687
775.000000 0.062856
776.000000 0.058086
777.000000 0.053514
778.000000 0.049476
779.000000 0.045857
780.000000 0.042492
781.000000 0.039373
782.000000 0.036526
783.000000 0.033868
784.000000 0.031396
785.000000 0.029093
786.000000 0.027018
787.000000 0.025132
788.000000 0.023300
789.000000 0.021597
790.000000 0.020126
791.000000 0.018814
792.000000 0.017564
793.000000 0.016397
794.000000 0.015314
795.000000 0.014340
796.000000 0.013489
797.000000 0.012693
798.000000 0.011949
799.000000 0.011274
800.000000 0.010647
801.000000 0.010086
802.000000 0.009622
803.000000 0.009157
804.000000 0.008701
805.000000 0.008287
806.000000 0.007895
807.000000 0.007546
808.000000 0.007246
809.000000 0.006992
810.000000 0.006797
811.000000 0.006544
812.000000 0.006264
813.000000 0.006077
814.000000 0.005933
815.000000 0.005791
816.000000 0.005644
817.000000 0.005470
818.000000 0.005271
819.000000 0.005123
820.000000 0.005003
821.000000 0.004909
822.000000 0.004832
823.000000 0.004702
824.000000 0.004567
825.000000 0.004464
826.000000 0.004310
827.000000 0.004194
828.000000 0.004129
829.000000 0.004051
830.000000 0.003999
831.000000 0.003953
832.000000 0.003891
833.000000 0.003787
834.000000 0.003682
835.000000 0.003653
836.000000 0.003628
837.000000 0.003521
838.000000 0.003411
839.000000 0.003321
840.000000 0.003272
841.000000 0.003222
842.000000 0.003142
843.000000 0.003073
844.000000 0.002982
845.000000 0.002932
846.000000 0.002912
847.000000 0.002870
848.000000 0.002796
849.000000 0.002741
850.000000 0.002710
851.000000 0.002639
852.000000 0.002572
853.000000 0.002552
854.000000 0.002529
855.000000 0.002452
856.000000 0.002394
857.000000 0.002368
858.000000 0.002339
859.000000 0.002301
860.000000 0.002244
861.000000 0.002191
862.000000 0.002139
863.000000 0.002111
864.000000 0.002080
865.000000 0.002034
866.000000 0.001991
867.000000 0.001939
868.000000 0.001915
869.000000 0.001929
870.000000 0.001927
871.000000 0.001885
872.000000 0.001836
873.000000 0.001790
874.000000 0.001768
875.000000 0.001781
876.000000 0.001780
877.000000 0.001755
878.000000 0.001725
879.000000 0.001732
880.000000 0.001719
881.000000 0.001673
882.000000 0.001655
883.000000 0.001654
884.000000 0.001646
885.000000 0.001623
886.000000 0.001598
887.000000 0.001587
888.000000 0.001596
889.000000 0.001589
890.000000 0.001567
891.000000 0.001541
892.000000 0.001499
893.000000 0.001472
894.000000 0.001462
895.000000 0.001466
896.000000 0.001492
897.000000 0.001522
898.000000 0.001522
899.000000 0.001511
900.000000 0.001511
