315.000000 0.170746
316.000000 0.173331
317.000000 0.174605
318.000000 0.175913
319.000000 0.177974
320.000000 0.179926
321.000000 0.180732
322.000000 0.181604
323.000000 0.183069
324.000000 0.184839
325.000000 0.186806
326.000000 0.188798
327.000000 0.190833
328.000000 0.192686
329.000000 0.194795
330.000000 0.197048
331.000000 0.199541
332.000000 0.201773
333.000000 0.203234
334.000000 0.204897
335.000000 0.206945
336.000000 0.209155
337.000000 0.211009
338.000000 0.212771
339.000000 0.214805
340.000000 0.216767
341.000000 0.218731
342.000000 0.220673
343.000000 0.222589
344.000000 0.224601
345.000000 0.226446
346.000000 0.228211
347.000000 0.229714
348.000000 0.230724
349.000000 0.231708
350.000000 0.232396
351.000000 0.232990
352.000000 0.233691
353.000000 0.234155
354.000000 0.234381
355.000000 0.234340
356.000000 0.234075
357.000000 0.233673
358.000000 0.233093
359.000000 0.232315
360.000000 0.231584
361.000000 0.230998
362.000000 0.230181
363.000000 0.229227
364.000000 0.228315
365.000000 0.227287
366.000000 0.226178
367.000000 0.224973
368.000000 0.223909
369.000000 0.222955
370.000000 0.221999
371.000000 0.220920
372.000000 0.219020
373.000000 0.216891
374.000000 0.214984
375.000000 0.213213
376.000000 0.211699
377.000000 0.210343
378.000000 0.208823
379.000000 0.206724
380.000000 0.204469
381.000000 0.202459
382.000000 0.200897
383.000000 0.199270
384.000000 0.197556
385.000000 0.196488
386.000000 0.195363
387.000000 0.194308
388.000000 0.193689
389.000000 0.193045
390.000000 0.192752
391.000000 0.192769
392.000000 0.192883
393.000000 0.193101
394.000000 0.193434
395.000000 0.193848
396.000000 0.194238
397.000000 0.194809
398.000000 0.195697
399.000000 0.196745
400.000000 0.197913
401.000000 0.199079
402.000000 0.200150
403.000000 0.201297
404.000000 0.202497
405.000000 0.203624
406.000000 0.204628
407.000000 0.205628
408.000000 0.206712
409.000000 0.207784
410.000000 0.208666
411.000000 0.209460
412.000000 0.210019
413.000000 0.210571
414.000000 0.211606
415.000000 0.212567
416.000000 0.213349
417.000000 0.214160
418.000000 0.214915
419.000000 0.215815
420.000000 0.216815
421.000000 0.217766
422.000000 0.218773
423.000000 0.219909
424.000000 0.221225
425.000000 0.222882
426.000000 0.224818
427.000000 0.226597
428.000000 0.228117
429.000000 0.229803
430.000000 0.231427
431.000000 0.232765
432.000000 0.234014
433.000000 0.234940
434.000000 0.235480
435.000000 0.235659
436.000000 0.235537
437.000000 0.235051
438.000000 0.234196
439.000000 0.232996
440.000000 0.231353
441.000000 0.229388
442.000000 0.227203
443.000000 0.224649
444.000000 0.221705
445.000000 0.218465
446.000000 0.214860
447.000000 0.211003
448.000000 0.206890
449.000000 0.202658
450.000000 0.198463
451.000000 0.193897
452.000000 0.189030
453.000000 0.184349
454.000000 0.179624
455.000000 0.174788
456.000000 0.169896
457.000000 0.164994
458.000000 0.160262
459.000000 0.155443
460.000000 0.150725
461.000000 0.146260
462.000000 0.141628
463.000000 0.137029
464.000000 0.132591
465.000000 0.128159
466.000000 0.124028
467.000000 0.120028
468.000000 0.116115
469.000000 0.112245
470.000000 0.108462
471.000000 0.104982
472.000000 0.101552
473.000000 0.098137
474.000000 0.094785
475.000000 0.091550
476.000000 0.088563
477.000000 0.085706
478.000000 0.083020
479.000000 0.080485
480.000000 0.078065
481.000000 0.075729
482.000000 0.073523
483.000000 0.071564
484.000000 0.069611
485.000000 0.067691
486.000000 0.065890
487.000000 0.064243
488.000000 0.062748
489.000000 0.060969
490.000000 0.059219
491.000000 0.057949
492.000000 0.057086
493.000000 0.056345
494.000000 0.055539
495.000000 0.055004
496.000000 0.054515
497.000000 0.053950
498.000000 0.053451
499.000000 0.052879
500.000000 0.052209
501.000000 0.051556
502.000000 0.050983
503.000000 0.050630
504.000000 0.050556
505.000000 0.050674
506.000000 0.050899
507.000000 0.050998
508.000000 0.050887
509.000000 0.050902
510.000000 0.051121
511.000000 0.051261
512.000000 0.051411
513.000000 0.051553
514.000000 0.051640
515.000000 0.051854
516.000000 0.052337
517.000000 0.052719
518.000000 0.053156
519.000000 0.053632
520.000000 0.053912
521.000000 0.054219
522.000000 0.054563
523.000000 0.054684
524.000000 0.054429
525.000000 0.054376
526.000000 0.054569
527.000000 0.054923
528.000000 0.055312
529.000000 0.055518
530.000000 0.055407
531.000000 0.055244
532.000000 0.055392
533.000000 0.055468
534.000000 0.055385
535.000000 0.055316
536.000000 0.055330
537.000000 0.055305
538.000000 0.055480
539.000000 0.056005
540.000000 0.056648
541.000000 0.057397
542.000000 0.058122
543.000000 0.058856
544.000000 0.059703
545.000000 0.060896
546.000000 0.062508
547.000000 0.064207
548.000000 0.065832
549.000000 0.067405
550.000000 0.069018
551.000000 0.070699
552.000000 0.072445
553.000000 0.074224
554.000000 0.075879
555.000000 0.077392
556.000000 0.078683
557.000000 0.079837
558.000000 0.080971
559.000000 0.082032
560.000000 0.083049
561.000000 0.083808
562.000000 0.084179
563.000000 0.084136
564.000000 0.083961
565.000000 0.083906
566.000000 0.083689
567.000000 0.083133
568.000000 0.082363
569.000000 0.081570
570.000000 0.080788
571.000000 0.079971
572.000000 0.079115
573.000000 0.078165
574.000000 0.077203
575.000000 0.076304
576.000000 0.075533
577.000000 0.074936
578.000000 0.074438
579.000000 0.074056
580.000000 0.073800
581.000000 0.073653
582.000000 0.073690
583.000000 0.074006
584.000000 0.074409
585.000000 0.074815
586.000000 0.075369
587.000000 0.076196
588.000000 0.077210
589.000000 0.078066
590.000000 0.079012
591.000000 0.080269
592.000000 0.081608
593.000000 0.083087
594.000000 0.084673
595.000000 0.086192
596.000000 0.087727
597.000000 0.089236
598.000000 0.090771
599.000000 0.092558
600.000000 0.094383
601.000000 0.096119
602.000000 0.097838
603.000000 0.099659
604.000000 0.101641
605.000000 0.103599
606.000000 0.105572
607.000000 0.107604
608.000000 0.109631
609.000000 0.111752
610.000000 0.114096
611.000000 0.116529
612.000000 0.119115
613.000000 0.121878
614.000000 0.124663
615.000000 0.127693
616.000000 0.130846
617.000000 0.134130
618.000000 0.137730
619.000000 0.141339
620.000000 0.145135
621.000000 0.149399
622.000000 0.153784
623.000000 0.158270
624.000000 0.163115
625.000000 0.168131
626.000000 0.173428
627.000000 0.179208
628.000000 0.185014
629.000000 0.190973
630.000000 0.197448
631.000000 0.204219
632.000000 0.210932
633.000000 0.217801
634.000000 0.225163
635.000000 0.232477
636.000000 0.239857
637.000000 0.247669
638.000000 0.255329
639.000000 0.262890
640.000000 0.270644
641.000000 0.278486
642.000000 0.285936
643.000000 0.293137
644.000000 0.300571
645.000000 0.307712
646.000000 0.314629
647.000000 0.321571
648.000000 0.328356
649.000000 0.334621
650.000000 0.340537
651.000000 0.346444
652.000000 0.352208
653.000000 0.357471
654.000000 0.362299
655.000000 0.367019
656.000000 0.371574
657.000000 0.375759
658.000000 0.379743
659.000000 0.383737
660.000000 0.387620
661.000000 0.391252
662.000000 0.394796
663.000000 0.398552
664.000000 0.402413
665.000000 0.406211
666.000000 0.410056
667.000000 0.414224
668.000000 0.418727
669.000000 0.423325
670.000000 0.428216
671.000000 0.433679
672.000000 0.439644
673.000000 0.446250
674.000000 0.453027
675.000000 0.460297
676.000000 0.468637
677.000000 0.477730
678.000000 0.487573
679.000000 0.497743
680.000000 0.508527
681.000000 0.520541
682.000000 0.533551
683.000000 0.547476
684.000000 0.561776
685.000000 0.576745
686.000000 0.593135
687.000000 0.610476
688.000000 0.628431
689.000000 0.647003
690.000000 0.665542
691.000000 0.684387
692.000000 0.704359
693.000000 0.724967
694.000000 0.745892
695.000000 0.767017
696.000000 0.787277
697.000000 0.806984
698.000000 0.827208
699.000000 0.847332
700.000000 0.866967
701.000000 0.885793
702.000000 0.903102
703.000000 0.919129
704.000000 0.934638
705.000000 0.949066
706.000000 0.961887
707.000000 0.972994
708.000000 0.982348
709.000000 0.989941
710.000000 0.995660
711.000000 0.999457
712.000000 1.001369
713.000000 1.001340
714.000000 0.999363
715.000000 0.995434
716.000000 0.989507
717.000000 0.981573
718.000000 0.971729
719.000000 0.960726
720.000000 0.948384
721.000000 0.934186
722.000000 0.918408
723.000000 0.901172
724.000000 0.882761
725.000000 0.863475
726.000000 0.843450
727.000000 0.822692
728.000000 0.801216
729.000000 0.779141
730.000000 0.756613
731.000000 0.735085
732.000000 0.713707
733.000000 0.691194
734.000000 0.668284
735.000000 0.645161
736.000000 0.621985
737.000000 0.598870
738.000000 0.575850
739.000000 0.552912
740.000000 0.530275
741.000000 0.508061
742.000000 0.486351
743.000000 0.465171
744.000000 0.444394
745.000000 0.423994
746.000000 0.404103
747.000000 0.384678
748.000000 0.365812
749.000000 0.347543
750.000000 0.329871
751.000000 0.312795
752.000000 0.296286
753.000000 0.280289
754.000000 0.264806
755.000000 0.249971
756.000000 0.235773
757.000000 0.222177
758.000000 0.209161
759.000000 0.196653
760.000000 0.184717
761.000000 0.173344
762.000000 0.162552
763.000000 0.152289
764.000000 0.142459
765.000000 0.133049
766.000000 0.124112
767.000000 0.115682
768.000000 0.107778
769.000000 0.100387
770.000000 0.093435
771.000000 0.086980
772.000000 0.080953
773.000000 0.075230
774.000000 0.069819
775.000000 0.064797
776.000000 0.059842
777.000000 0.055088
778.000000 0.050910
779.000000 0.047121
780.000000 0.043647
781.000000 0.040460
782.000000 0.037514
783.000000 0.034768
784.000000 0.032212
785.000000 0.029822
786.000000 0.027641
787.000000 0.025682
788.000000 0.023814
789.000000 0.022059
790.000000 0.020534
791.000000 0.019192
792.000000 0.017927
793.000000 0.016731
794.000000 0.015579
795.000000 0.014528
796.000000 0.013606
797.000000 0.012734
798.000000 0.011962
799.000000 0.011258
800.000000 0.010530
801.000000 0.009927
802.000000 0.009455
803.000000 0.008988
804.000000 0.008517
805.000000 0.008054
806.000000 0.007636
807.000000 0.007292
808.000000 0.007003
809.000000 0.006741
810.000000 0.006486
811.000000 0.006198
812.000000 0.005936
813.000000 0.005728
814.000000 0.005550
815.000000 0.005392
816.000000 0.005250
817.000000 0.005104
818.000000 0.004933
819.000000 0.004799
820.000000 0.004687
821.000000 0.004571
822.000000 0.004456
823.000000 0.004363
824.000000 0.004283
825.000000 0.004194
826.000000 0.004097
827.000000 0.003972
828.000000 0.003853
829.000000 0.003764
830.000000 0.003675
831.000000 0.003614
832.000000 0.003554
833.000000 0.003455
834.000000 0.003481
835.000000 0.003475
836.000000 0.003314
837.000000 0.003195
838.000000 0.003128
839.000000 0.003062
840.000000 0.003002
841.000000 0.002925
842.000000 0.002816
843.000000 0.002764
844.000000 0.002720
845.000000 0.002684
846.000000 0.002701
847.000000 0.002685
848.000000 0.002591
849.000000 0.002484
850.000000 0.002421
851.000000 0.002371
852.000000 0.002330
853.000000 0.002305
854.000000 0.002292
855.000000 0.002226
856.000000 0.002163
857.000000 0.002142
858.000000 0.002137
859.000000 0.002115
860.000000 0.002088
861.000000 0.002074
862.000000 0.002011
863.000000 0.001957
864.000000 0.001923
865.000000 0.001881
866.000000 0.001836
867.000000 0.001797
868.000000 0.001784
869.000000 0.001790
870.000000 0.001761
871.000000 0.001703
872.000000 0.001687
873.000000 0.001659
874.000000 0.001616
875.000000 0.001619
876.000000 0.001607
877.000000 0.001575
878.000000 0.001546
879.000000 0.001526
880.000000 0.001513
881.000000 0.001494
882.000000 0.001473
883.000000 0.001483
884.000000 0.001502
885.000000 0.001488
886.000000 0.001463
887.000000 0.001469
888.000000 0.001485
889.000000 0.001473
890.000000 0.001460
891.000000 0.001437
892.000000 0.001403
893.000000 0.001376
894.000000 0.001348
895.000000 0.001361
896.000000 0.001402
897.000000 0.001436
898.000000 0.001433
899.000000 0.001413
900.000000 0.001415
