315.000000 0.173141
316.000000 0.174192
317.000000 0.174630
318.000000 0.175552
319.000000 0.177048
320.000000 0.178848
321.000000 0.179941
322.000000 0.181275
323.000000 0.183212
324.000000 0.184958
325.000000 0.186678
326.000000 0.188727
327.000000 0.191252
328.000000 0.193488
329.000000 0.195590
330.000000 0.197519
331.000000 0.199361
332.000000 0.201098
333.000000 0.202634
334.000000 0.204546
335.000000 0.206860
336.000000 0.209219
337.000000 0.210933
338.000000 0.212488
339.000000 0.214249
340.000000 0.216129
341.000000 0.218209
342.000000 0.220209
343.000000 0.221966
344.000000 0.223699
345.000000 0.225466
346.000000 0.227117
347.000000 0.228777
348.000000 0.230221
349.000000 0.231284
350.000000 0.232080
351.000000 0.232754
352.000000 0.233323
353.000000 0.233808
354.000000 0.234136
355.000000 0.234143
356.000000 0.234082
357.000000 0.233946
358.000000 0.233524
359.000000 0.232887
360.000000 0.232178
361.000000 0.231510
362.000000 0.230660
363.000000 0.229502
364.000000 0.228394
365.000000 0.227438
366.000000 0.226541
367.000000 0.225510
368.000000 0.224331
369.000000 0.223137
370.000000 0.222264
371.000000 0.221065
372.000000 0.218953
373.000000 0.216919
374.000000 0.214903
375.000000 0.212990
376.000000 0.211515
377.000000 0.209889
378.000000 0.208020
379.000000 0.206192
380.000000 0.204490
381.000000 0.202773
382.000000 0.201455
383.000000 0.199963
384.000000 0.198058
385.000000 0.196452
386.000000 0.194977
387.000000 0.193869
388.000000 0.193093
389.000000 0.192623
390.000000 0.192369
391.000000 0.191957
392.000000 0.191795
393.000000 0.192046
394.000000 0.192397
395.000000 0.192817
396.000000 0.193095
397.000000 0.193343
398.000000 0.194138
399.000000 0.195291
400.000000 0.196355
401.000000 0.197329
402.000000 0.198265
403.000000 0.199379
404.000000 0.200755
405.000000 0.202126
406.000000 0.203286
407.000000 0.204328
408.000000 0.205376
409.000000 0.206307
410.000000 0.207110
411.000000 0.207962
412.000000 0.208739
413.000000 0.209471
414.000000 0.210213
415.000000 0.210855
416.000000 0.211593
417.000000 0.212361
418.000000 0.213067
419.000000 0.213820
420.000000 0.214553
421.000000 0.215343
422.000000 0.216398
423.000000 0.217712
424.000000 0.219290
425.000000 0.220994
426.000000 0.222745
427.000000 0.224534
428.000000 0.226184
429.000000 0.227887
430.000000 0.229512
431.000000 0.230868
432.000000 0.232135
433.000000 0.233074
434.000000 0.233661
435.000000 0.233973
436.000000 0.234016
437.000000 0.233694
438.000000 0.232967
439.000000 0.231819
440.000000 0.230152
441.000000 0.228238
442.000000 0.226187
443.000000 0.223676
444.000000 0.220728
445.000000 0.217550
446.000000 0.214000
447.000000 0.210172
448.000000 0.206074
449.000000 0.201843
450.000000 0.197644
451.000000 0.193075
452.000000 0.188205
453.000000 0.183499
454.000000 0.178736
455.000000 0.173922
456.000000 0.169071
457.000000 0.164142
458.000000 0.159405
459.000000 0.154597
460.000000 0.149870
461.000000 0.145344
462.000000 0.140622
463.000000 0.135959
464.000000 0.131428
465.000000 0.126959
466.000000 0.122822
467.000000 0.118783
468.000000 0.114791
469.000000 0.110786
470.000000 0.106898
471.000000 0.103364
472.000000 0.099805
473.000000 0.096307
474.000000 0.092956
475.000000 0.089743
476.000000 0.086757
477.000000 0.083809
478.000000 0.081049
479.000000 0.078489
480.000000 0.076013
481.000000 0.073594
482.000000 0.071271
483.000000 0.069219
484.000000 0.067284
485.000000 0.065404
486.000000 0.063604
487.000000 0.061939
488.000000 0.060428
489.000000 0.059058
490.000000 0.057671
491.000000 0.056302
492.000000 0.055270
493.000000 0.054420
494.000000 0.053419
495.000000 0.052481
496.000000 0.051866
497.000000 0.051282
498.000000 0.050760
499.000000 0.050097
500.000000 0.049004
501.000000 0.047999
502.000000 0.047530
503.000000 0.047361
504.000000 0.047225
505.000000 0.047212
506.000000 0.047442
507.000000 0.047526
508.000000 0.047307
509.000000 0.047174
510.000000 0.047215
511.000000 0.047211
512.000000 0.046980
513.000000 0.046737
514.000000 0.046690
515.000000 0.046816
516.000000 0.047269
517.000000 0.047669
518.000000 0.047839
519.000000 0.047970
520.000000 0.048180
521.000000 0.048523
522.000000 0.048850
523.000000 0.048782
524.000000 0.048403
525.000000 0.048343
526.000000 0.048386
527.000000 0.048552
528.000000 0.048892
529.000000 0.049104
530.000000 0.048931
531.000000 0.048784
532.000000 0.048852
533.000000 0.048788
534.000000 0.048849
535.000000 0.048935
536.000000 0.048986
537.000000 0.049002
538.000000 0.049172
539.000000 0.049832
540.000000 0.050731
541.000000 0.051304
542.000000 0.051815
543.000000 0.052517
544.000000 0.053089
545.000000 0.054039
546.000000 0.055261
547.000000 0.056312
548.000000 0.057293
549.000000 0.058266
550.000000 0.059500
551.000000 0.060934
552.000000 0.062333
553.000000 0.063867
554.000000 0.065443
555.000000 0.066720
556.000000 0.067807
557.000000 0.068872
558.000000 0.069756
559.000000 0.070519
560.000000 0.071382
561.000000 0.072181
562.000000 0.072637
563.000000 0.072805
564.000000 0.072961
565.000000 0.073038
566.000000 0.072856
567.000000 0.072546
568.000000 0.072196
569.000000 0.071841
570.000000 0.071570
571.000000 0.071224
572.000000 0.070807
573.000000 0.070406
574.000000 0.070122
575.000000 0.069839
576.000000 0.069592
577.000000 0.069577
578.000000 0.069670
579.000000 0.069800
580.000000 0.069970
581.000000 0.070258
582.000000 0.070776
583.000000 0.071524
584.000000 0.072185
585.000000 0.072893
586.000000 0.073889
587.000000 0.075001
588.000000 0.076138
589.000000 0.077304
590.000000 0.078600
591.000000 0.080045
592.000000 0.081631
593.000000 0.083320
594.000000 0.084920
595.000000 0.086512
596.000000 0.088231
597.000000 0.089948
598.000000 0.091711
599.000000 0.093604
600.000000 0.095577
601.000000 0.097505
602.000000 0.099398
603.000000 0.101393
604.000000 0.103498
605.000000 0.105596
606.000000 0.107667
607.000000 0.109827
608.000000 0.112045
609.000000 0.114348
610.000000 0.116797
611.000000 0.119299
612.000000 0.121982
613.000000 0.124826
614.000000 0.127698
615.000000 0.130844
616.000000 0.134106
617.000000 0.137509
618.000000 0.141292
619.000000 0.145060
620.000000 0.148948
621.000000 0.153342
622.000000 0.157842
623.000000 0.162487
624.000000 0.167574
625.000000 0.172831
626.000000 0.178330
627.000000 0.184296
628.000000 0.190339
629.000000 0.196548
630.000000 0.203266
631.000000 0.210269
632.000000 0.217201
633.000000 0.224289
634.000000 0.231878
635.000000 0.239448
636.000000 0.247122
637.000000 0.255253
638.000000 0.263172
639.000000 0.271021
640.000000 0.279179
641.000000 0.287361
642.000000 0.295061
643.000000 0.302511
644.000000 0.310222
645.000000 0.317651
646.000000 0.324879
647.000000 0.332086
648.000000 0.339070
649.000000 0.345572
650.000000 0.351735
651.000000 0.357856
652.000000 0.363798
653.000000 0.369254
654.000000 0.374312
655.000000 0.379258
656.000000 0.383979
657.000000 0.388343
658.000000 0.392468
659.000000 0.396525
660.000000 0.400494
661.000000 0.404251
662.000000 0.407908
663.000000 0.411798
664.000000 0.415814
665.000000 0.419743
666.000000 0.423723
667.000000 0.428020
668.000000 0.432623
669.000000 0.437311
670.000000 0.442310
671.000000 0.447955
672.000000 0.454164
673.000000 0.460987
674.000000 0.467937
675.000000 0.475392
676.000000 0.483959
677.000000 0.493344
678.000000 0.503498
679.000000 0.513993
680.000000 0.525124
681.000000 0.537494
682.000000 0.550937
683.000000 0.565317
684.000000 0.580037
685.000000 0.595461
686.000000 0.612417
687.000000 0.630363
688.000000 0.648911
689.000000 0.668087
690.000000 0.687205
691.000000 0.706643
692.000000 0.727288
693.000000 0.748533
694.000000 0.770089
695.000000 0.791913
696.000000 0.812906
697.000000 0.833332
698.000000 0.854295
699.000000 0.875186
700.000000 0.895615
701.000000 0.915324
702.000000 0.933418
703.000000 0.950123
704.000000 0.966184
705.000000 0.981062
706.000000 0.994418
707.000000 1.006089
708.000000 1.016091
709.000000 1.024293
710.000000 1.030367
711.000000 1.034431
712.000000 1.036680
713.000000 1.036911
714.000000 1.034913
715.000000 1.030819
716.000000 1.024775
717.000000 1.016744
718.000000 1.006750
719.000000 0.995437
720.000000 0.982629
721.000000 0.967862
722.000000 0.951560
723.000000 0.933796
724.000000 0.914762
725.000000 0.894854
726.000000 0.874203
727.000000 0.852809
728.000000 0.830614
729.000000 0.807765
730.000000 0.784342
731.000000 0.761925
732.000000 0.739705
733.000000 0.716294
734.000000 0.692484
735.000000 0.668537
736.000000 0.644558
737.000000 0.620563
738.000000 0.596692
739.000000 0.572962
740.000000 0.549483
741.000000 0.526377
742.000000 0.503828
743.000000 0.481865
744.000000 0.460377
745.000000 0.439257
746.000000 0.418584
747.000000 0.398432
748.000000 0.378864
749.000000 0.359965
750.000000 0.341750
751.000000 0.324044
752.000000 0.306911
753.000000 0.290426
754.000000 0.274498
755.000000 0.259126
756.000000 0.244378
757.000000 0.230261
758.000000 0.216767
759.000000 0.203829
760.000000 0.191433
761.000000 0.179636
762.000000 0.168472
763.000000 0.157872
764.000000 0.147720
765.000000 0.137985
766.000000 0.128732
767.000000 0.120050
768.000000 0.111918
769.000000 0.104253
770.000000 0.097052
771.000000 0.090354
772.000000 0.084052
773.000000 0.078113
774.000000 0.072534
775.000000 0.067310
776.000000 0.062162
777.000000 0.057226
778.000000 0.052908
779.000000 0.048952
780.000000 0.045252
781.000000 0.041922
782.000000 0.038856
783.000000 0.035970
784.000000 0.033320
785.000000 0.030855
786.000000 0.028616
787.000000 0.026552
788.000000 0.024536
789.000000 0.022697
790.000000 0.021069
791.000000 0.019637
792.000000 0.018353
793.000000 0.017141
794.000000 0.015993
795.000000 0.014915
796.000000 0.013923
797.000000 0.012988
798.000000 0.012118
799.000000 0.011328
800.000000 0.010595
801.000000 0.009983
802.000000 0.009473
803.000000 0.008966
804.000000 0.008504
805.000000 0.008072
806.000000 0.007663
807.000000 0.007342
808.000000 0.007059
809.000000 0.006758
810.000000 0.006446
811.000000 0.006095
812.000000 0.005797
813.000000 0.005614
814.000000 0.005456
815.000000 0.005286
816.000000 0.005133
817.000000 0.004979
818.000000 0.004778
819.000000 0.004594
820.000000 0.004470
821.000000 0.004367
822.000000 0.004251
823.000000 0.004108
824.000000 0.003985
825.000000 0.003899
826.000000 0.003804
827.000000 0.003700
828.000000 0.003606
829.000000 0.003524
830.000000 0.003473
831.000000 0.003452
832.000000 0.003388
833.000000 0.003263
834.000000 0.003135
835.000000 0.003065
836.000000 0.003005
837.000000 0.002912
838.000000 0.002841
839.000000 0.002777
840.000000 0.002740
841.000000 0.002700
842.000000 0.002631
843.000000 0.002586
844.000000 0.002542
845.000000 0.002508
846.000000 0.002476
847.000000 0.002443
848.000000 0.002398
849.000000 0.002361
850.000000 0.002320
851.000000 0.002259
852.000000 0.002225
853.000000 0.002176
854.000000 0.002144
855.000000 0.002111
856.000000 0.002086
857.000000 0.002064
858.000000 0.002041
859.000000 0.002012
860.000000 0.001952
861.000000 0.001905
862.000000 0.001849
863.000000 0.001797
864.000000 0.001752
865.000000 0.001719
866.000000 0.001681
867.000000 0.001637
868.000000 0.001618
869.000000 0.001632
870.000000 0.001639
871.000000 0.001629
872.000000 0.001624
873.000000 0.001605
874.000000 0.001589
875.000000 0.001608
876.000000 0.001591
877.000000 0.001537
878.000000 0.001493
879.000000 0.001465
880.000000 0.001469
881.000000 0.001443
882.000000 0.001418
883.000000 0.001421
884.000000 0.001428
885.000000 0.001438
886.000000 0.001448
887.000000 0.001477
888.000000 0.001480
889.000000 0.001458
890.000000 0.001434
891.000000 0.001401
892.000000 0.001369
893.000000 0.001355
894.000000 0.001349
895.000000 0.001376
896.000000 0.001397
897.000000 0.001386
898.000000 0.001369
899.000000 0.001362
900.000000 0.001380
