315.000000 0.184503
316.000000 0.185722
317.000000 0.187184
318.000000 0.188448
319.000000 0.189268
320.000000 0.190845
321.000000 0.193002
322.000000 0.194970
323.000000 0.196458
324.000000 0.198187
325.000000 0.200318
326.000000 0.202728
327.000000 0.205260
328.000000 0.207350
329.000000 0.208995
330.000000 0.210854
331.000000 0.212766
332.000000 0.214630
333.000000 0.216797
334.000000 0.218793
335.000000 0.220278
336.000000 0.221644
337.000000 0.223177
338.000000 0.224674
339.000000 0.225947
340.000000 0.227335
341.000000 0.228864
342.000000 0.230250
343.000000 0.231383
344.000000 0.232507
345.000000 0.233298
346.000000 0.233849
347.000000 0.234532
348.000000 0.234942
349.000000 0.235129
350.000000 0.235224
351.000000 0.235154
352.000000 0.234823
353.000000 0.234278
354.000000 0.233611
355.000000 0.232632
356.000000 0.231393
357.000000 0.230040
358.000000 0.228642
359.000000 0.227439
360.000000 0.226268
361.000000 0.225064
362.000000 0.223958
363.000000 0.222792
364.000000 0.221676
365.000000 0.220684
366.000000 0.219780
367.000000 0.218837
368.000000 0.217792
369.000000 0.216705
370.000000 0.215237
371.000000 0.213849
372.000000 0.213261
373.000000 0.212850
374.000000 0.212220
375.000000 0.211284
376.000000 0.209797
377.000000 0.208383
378.000000 0.207350
379.000000 0.206548
380.000000 0.206012
381.000000 0.205768
382.000000 0.205404
383.000000 0.204305
384.000000 0.203203
385.000000 0.202559
386.000000 0.202423
387.000000 0.202768
388.000000 0.202968
389.000000 0.203168
390.000000 0.203617
391.000000 0.204398
392.000000 0.205381
393.000000 0.206139
394.000000 0.206983
395.000000 0.208323
396.000000 0.209740
397.000000 0.210912
398.000000 0.212098
399.000000 0.213666
400.000000 0.215530
401.000000 0.217480
402.000000 0.219084
403.000000 0.220301
404.000000 0.221610
405.000000 0.223332
406.000000 0.225216
407.000000 0.226773
408.000000 0.228331
409.000000 0.229981
410.000000 0.231587
411.000000 0.233075
412.000000 0.234291
413.000000 0.235432
414.000000 0.236667
415.000000 0.237817
416.000000 0.239045
417.000000 0.240593
418.000000 0.242246
419.000000 0.243670
420.000000 0.244861
421.000000 0.246073
422.000000 0.247378
423.000000 0.248972
424.000000 0.250708
425.000000 0.252266
426.000000 0.253769
427.000000 0.255212
428.000000 0.256384
429.000000 0.257346
430.000000 0.258107
431.000000 0.258556
432.000000 0.258529
433.000000 0.258081
434.000000 0.257315
435.000000 0.256036
436.000000 0.254342
437.000000 0.252340
438.000000 0.249968
439.000000 0.247324
440.000000 0.244553
441.000000 0.241624
442.000000 0.238645
443.000000 0.235397
444.000000 0.231884
445.000000 0.228326
446.000000 0.224460
447.000000 0.220526
448.000000 0.216504
449.000000 0.212300
450.000000 0.208181
451.000000 0.203852
452.000000 0.199400
453.000000 0.195199
454.000000 0.190947
455.000000 0.186675
456.000000 0.182467
457.000000 0.178221
458.000000 0.174187
459.000000 0.170135
460.000000 0.166127
461.000000 0.162392
462.000000 0.158667
463.000000 0.155020
464.000000 0.151397
465.000000 0.147866
466.000000 0.144732
467.000000 0.141740
468.000000 0.138791
469.000000 0.135922
470.000000 0.133129
471.000000 0.130592
472.000000 0.128154
473.000000 0.125804
474.000000 0.123640
475.000000 0.121539
476.000000 0.119609
477.000000 0.117777
478.000000 0.116007
479.000000 0.114415
480.000000 0.112960
481.000000 0.111546
482.000000 0.110296
483.000000 0.109238
484.000000 0.108203
485.000000 0.107268
486.000000 0.106510
487.000000 0.105882
488.000000 0.105338
489.000000 0.104601
490.000000 0.103935
491.000000 0.103903
492.000000 0.103934
493.000000 0.103761
494.000000 0.104003
495.000000 0.104245
496.000000 0.104333
497.000000 0.104751
498.000000 0.105428
499.000000 0.106267
500.000000 0.107373
501.000000 0.108610
502.000000 0.109737
503.000000 0.110790
504.000000 0.112058
505.000000 0.113684
506.000000 0.115807
507.000000 0.118077
508.000000 0.119804
509.000000 0.121540
510.000000 0.123598
511.000000 0.125836
512.000000 0.128312
513.000000 0.130910
514.000000 0.133584
515.000000 0.136494
516.000000 0.139184
517.000000 0.141297
518.000000 0.143317
519.000000 0.145457
520.000000 0.147657
521.000000 0.149862
522.000000 0.151819
523.000000 0.153570
524.000000 0.155166
525.000000 0.156524
526.000000 0.157631
527.000000 0.158613
528.000000 0.159646
529.000000 0.160549
530.000000 0.161416
531.000000 0.161980
532.000000 0.162287
533.000000 0.162644
534.000000 0.162995
535.000000 0.163626
536.000000 0.164698
537.000000 0.165852
538.000000 0.167068
539.000000 0.168259
540.000000 0.169869
541.000000 0.172462
542.000000 0.175491
543.000000 0.179026
544.000000 0.183148
545.000000 0.187702
546.000000 0.192576
547.000000 0.197900
548.000000 0.203428
549.000000 0.209235
550.000000 0.215380
551.000000 0.221388
552.000000 0.227420
553.000000 0.233418
554.000000 0.239227
555.000000 0.244553
556.000000 0.249090
557.000000 0.253048
558.000000 0.256631
559.000000 0.259425
560.000000 0.261301
561.000000 0.262103
562.000000 0.261708
563.000000 0.260334
564.000000 0.257941
565.000000 0.254656
566.000000 0.250496
567.000000 0.245372
568.000000 0.239594
569.000000 0.233081
570.000000 0.226005
571.000000 0.218405
572.000000 0.210494
573.000000 0.202208
574.000000 0.193481
575.000000 0.185333
576.000000 0.177768
577.000000 0.170408
578.000000 0.163145
579.000000 0.156088
580.000000 0.149310
581.000000 0.142806
582.000000 0.136833
583.000000 0.131454
584.000000 0.126738
585.000000 0.122442
586.000000 0.118380
587.000000 0.114747
588.000000 0.111582
589.000000 0.108795
590.000000 0.106228
591.000000 0.103891
592.000000 0.101938
593.000000 0.100190
594.000000 0.098732
595.000000 0.097584
596.000000 0.096496
597.000000 0.095494
598.000000 0.094691
599.000000 0.094127
600.000000 0.093701
601.000000 0.093346
602.000000 0.093078
603.000000 0.092909
604.000000 0.092777
605.000000 0.092735
606.000000 0.092878
607.000000 0.093172
608.000000 0.093555
609.000000 0.093964
610.000000 0.094482
611.000000 0.095081
612.000000 0.095850
613.000000 0.096733
614.000000 0.097701
615.000000 0.098933
616.000000 0.100170
617.000000 0.101475
618.000000 0.103079
619.000000 0.104803
620.000000 0.106619
621.000000 0.108676
622.000000 0.110862
623.000000 0.113142
624.000000 0.115630
625.000000 0.118175
626.000000 0.120943
627.000000 0.124071
628.000000 0.127169
629.000000 0.130388
630.000000 0.133978
631.000000 0.137700
632.000000 0.141431
633.000000 0.145296
634.000000 0.149340
635.000000 0.153361
636.000000 0.157488
637.000000 0.161880
638.000000 0.166159
639.000000 0.170328
640.000000 0.174672
641.000000 0.179129
642.000000 0.183301
643.000000 0.187305
644.000000 0.191442
645.000000 0.195378
646.000000 0.199144
647.000000 0.202945
648.000000 0.206668
649.000000 0.210106
650.000000 0.213390
651.000000 0.216682
652.000000 0.219850
653.000000 0.222749
654.000000 0.225469
655.000000 0.228077
656.000000 0.230534
657.000000 0.232789
658.000000 0.235014
659.000000 0.237285
660.000000 0.239490
661.000000 0.241607
662.000000 0.243678
663.000000 0.245857
664.000000 0.248154
665.000000 0.250441
666.000000 0.252743
667.000000 0.255273
668.000000 0.258011
669.000000 0.260816
670.000000 0.263809
671.000000 0.267198
672.000000 0.270922
673.000000 0.274971
674.000000 0.279093
675.000000 0.283528
676.000000 0.288598
677.000000 0.294201
678.000000 0.300302
679.000000 0.306539
680.000000 0.313128
681.000000 0.320435
682.000000 0.328309
683.000000 0.336716
684.000000 0.345354
685.000000 0.354368
686.000000 0.364186
687.000000 0.374530
688.000000 0.385207
689.000000 0.396233
690.000000 0.407167
691.000000 0.418267
692.000000 0.429951
693.000000 0.441805
694.000000 0.453844
695.000000 0.466076
696.000000 0.477772
697.000000 0.489103
698.000000 0.500574
699.000000 0.511832
700.000000 0.522720
701.000000 0.533075
702.000000 0.542530
703.000000 0.551224
704.000000 0.559478
705.000000 0.566987
706.000000 0.573534
707.000000 0.579141
708.000000 0.583742
709.000000 0.587230
710.000000 0.589636
711.000000 0.590902
712.000000 0.591071
713.000000 0.590107
714.000000 0.588047
715.000000 0.584971
716.000000 0.580779
717.000000 0.575408
718.000000 0.568976
719.000000 0.562002
720.000000 0.554416
721.000000 0.545796
722.000000 0.536262
723.000000 0.525986
724.000000 0.515161
725.000000 0.503978
726.000000 0.492488
727.000000 0.480581
728.000000 0.468179
729.000000 0.455384
730.000000 0.442384
731.000000 0.429994
732.000000 0.417739
733.000000 0.404816
734.000000 0.391591
735.000000 0.378261
736.000000 0.364932
737.000000 0.351665
738.000000 0.338471
739.000000 0.325316
740.000000 0.312315
741.000000 0.299568
742.000000 0.287036
743.000000 0.274712
744.000000 0.262656
745.000000 0.250796
746.000000 0.239113
747.000000 0.227716
748.000000 0.216659
749.000000 0.205890
750.000000 0.195530
751.000000 0.185584
752.000000 0.175920
753.000000 0.166559
754.000000 0.157563
755.000000 0.148909
756.000000 0.140601
757.000000 0.132616
758.000000 0.124949
759.000000 0.117657
760.000000 0.110699
761.000000 0.104062
762.000000 0.097784
763.000000 0.091861
764.000000 0.086208
765.000000 0.080792
766.000000 0.075669
767.000000 0.070832
768.000000 0.066316
769.000000 0.062138
770.000000 0.058209
771.000000 0.054558
772.000000 0.051155
773.000000 0.047925
774.000000 0.044916
775.000000 0.042099
776.000000 0.039338
777.000000 0.036710
778.000000 0.034345
779.000000 0.032207
780.000000 0.030295
781.000000 0.028523
782.000000 0.026908
783.000000 0.025442
784.000000 0.024016
785.000000 0.022692
786.000000 0.021529
787.000000 0.020480
788.000000 0.019530
789.000000 0.018674
790.000000 0.017863
791.000000 0.017133
792.000000 0.016523
793.000000 0.015934
794.000000 0.015385
795.000000 0.014939
796.000000 0.014479
797.000000 0.014054
798.000000 0.013674
799.000000 0.013362
800.000000 0.013095
801.000000 0.012821
802.000000 0.012582
803.000000 0.012339
804.000000 0.012166
805.000000 0.012021
806.000000 0.011892
807.000000 0.011806
808.000000 0.011676
809.000000 0.011510
810.000000 0.011416
811.000000 0.011363
812.000000 0.011259
813.000000 0.011168
814.000000 0.011106
815.000000 0.011017
816.000000 0.010901
817.000000 0.010797
818.000000 0.010742
819.000000 0.010685
820.000000 0.010584
821.000000 0.010461
822.000000 0.010324
823.000000 0.010224
824.000000 0.010170
825.000000 0.010081
826.000000 0.009947
827.000000 0.009810
828.000000 0.009720
829.000000 0.009605
830.000000 0.009448
831.000000 0.009317
832.000000 0.009181
833.000000 0.009066
834.000000 0.008925
835.000000 0.008779
836.000000 0.008678
837.000000 0.008558
838.000000 0.008412
839.000000 0.008229
840.000000 0.007997
841.000000 0.007779
842.000000 0.007645
843.000000 0.007512
844.000000 0.007325
845.000000 0.007166
846.000000 0.007037
847.000000 0.006909
848.000000 0.006768
849.000000 0.006592
850.000000 0.006434
851.000000 0.006254
852.000000 0.006043
853.000000 0.005902
854.000000 0.005810
855.000000 0.005714
856.000000 0.005597
857.000000 0.005437
858.000000 0.005305
859.000000 0.005197
860.000000 0.005102
861.000000 0.005011
862.000000 0.004876
863.000000 0.004763
864.000000 0.004665
865.000000 0.004538
866.000000 0.004365
867.000000 0.004253
868.000000 0.004199
869.000000 0.004130
870.000000 0.004073
871.000000 0.003985
872.000000 0.003893
873.000000 0.003862
874.000000 0.003832
875.000000 0.003745
876.000000 0.003635
877.000000 0.003554
878.000000 0.003475
879.000000 0.003395
880.000000 0.003344
881.000000 0.003304
882.000000 0.003255
883.000000 0.003209
884.000000 0.003157
885.000000 0.003101
886.000000 0.003056
887.000000 0.003030
888.000000 0.002991
889.000000 0.002927
890.000000 0.002874
891.000000 0.002835
892.000000 0.002813
893.000000 0.002786
894.000000 0.002747
895.000000 0.002707
896.000000 0.002687
897.000000 0.002696
898.000000 0.002684
899.000000 0.002662
900.000000 0.002656
