315.000000 0.171861
316.000000 0.173838
317.000000 0.175409
318.000000 0.177150
319.000000 0.178962
320.000000 0.180542
321.000000 0.180752
322.000000 0.181303
323.000000 0.183016
324.000000 0.184683
325.000000 0.186452
326.000000 0.188592
327.000000 0.190975
328.000000 0.192778
329.000000 0.194474
330.000000 0.196666
331.000000 0.199036
332.000000 0.201112
333.000000 0.202814
334.000000 0.204578
335.000000 0.206599
336.000000 0.208797
337.000000 0.210402
338.000000 0.212001
339.000000 0.213793
340.000000 0.215551
341.000000 0.217358
342.000000 0.219289
343.000000 0.221597
344.000000 0.224159
345.000000 0.226106
346.000000 0.227423
347.000000 0.228918
348.000000 0.230200
349.000000 0.231171
350.000000 0.231897
351.000000 0.232624
352.000000 0.233263
353.000000 0.233774
354.000000 0.234238
355.000000 0.234321
356.000000 0.234079
357.000000 0.233780
358.000000 0.233398
359.000000 0.232844
360.000000 0.232237
361.000000 0.231591
362.000000 0.230844
363.000000 0.230055
364.000000 0.229253
365.000000 0.228407
366.000000 0.227431
367.000000 0.226154
368.000000 0.224854
369.000000 0.223731
370.000000 0.222983
371.000000 0.221843
372.000000 0.219860
373.000000 0.217832
374.000000 0.215799
375.000000 0.213886
376.000000 0.212301
377.000000 0.210675
378.000000 0.208722
379.000000 0.206565
380.000000 0.204324
381.000000 0.202327
382.000000 0.200816
383.000000 0.199152
384.000000 0.197297
385.000000 0.195681
386.000000 0.194108
387.000000 0.192972
388.000000 0.192269
389.000000 0.191687
390.000000 0.191464
391.000000 0.191329
392.000000 0.191133
393.000000 0.191013
394.000000 0.191132
395.000000 0.191650
396.000000 0.192139
397.000000 0.192656
398.000000 0.193332
399.000000 0.194097
400.000000 0.195124
401.000000 0.196141
402.000000 0.197130
403.000000 0.198287
404.000000 0.199531
405.000000 0.200723
406.000000 0.201760
407.000000 0.202710
408.000000 0.203637
409.000000 0.204518
410.000000 0.205363
411.000000 0.206192
412.000000 0.206950
413.000000 0.207704
414.000000 0.208422
415.000000 0.209071
416.000000 0.209942
417.000000 0.210830
418.000000 0.211467
419.000000 0.212052
420.000000 0.212813
421.000000 0.213797
422.000000 0.214784
423.000000 0.215904
424.000000 0.217346
425.000000 0.218962
426.000000 0.220749
427.000000 0.222710
428.000000 0.224517
429.000000 0.226261
430.000000 0.227931
431.000000 0.229335
432.000000 0.230707
433.000000 0.231802
434.000000 0.232441
435.000000 0.232826
436.000000 0.233024
437.000000 0.232837
438.000000 0.232161
439.000000 0.231062
440.000000 0.229480
441.000000 0.227605
442.000000 0.225552
443.000000 0.223111
444.000000 0.220318
445.000000 0.217217
446.000000 0.213568
447.000000 0.209623
448.000000 0.205495
449.000000 0.201197
450.000000 0.196903
451.000000 0.192237
452.000000 0.187331
453.000000 0.182663
454.000000 0.177932
455.000000 0.173113
456.000000 0.168190
457.000000 0.163220
458.000000 0.158484
459.000000 0.153634
460.000000 0.148849
461.000000 0.144362
462.000000 0.139752
463.000000 0.135095
464.000000 0.130493
465.000000 0.126018
466.000000 0.121875
467.000000 0.117748
468.000000 0.113706
469.000000 0.109713
470.000000 0.105834
471.000000 0.102233
472.000000 0.098650
473.000000 0.095150
474.000000 0.091768
475.000000 0.088517
476.000000 0.085497
477.000000 0.082506
478.000000 0.079629
479.000000 0.076943
480.000000 0.074417
481.000000 0.072033
482.000000 0.069789
483.000000 0.067746
484.000000 0.065696
485.000000 0.063692
486.000000 0.061813
487.000000 0.060086
488.000000 0.058484
489.000000 0.056977
490.000000 0.056423
491.000000 0.055317
492.000000 0.053413
493.000000 0.052251
494.000000 0.051289
495.000000 0.050460
496.000000 0.049866
497.000000 0.049071
498.000000 0.048169
499.000000 0.047279
500.000000 0.046369
501.000000 0.045706
502.000000 0.045309
503.000000 0.045038
504.000000 0.044689
505.000000 0.044468
506.000000 0.044377
507.000000 0.044233
508.000000 0.044065
509.000000 0.043939
510.000000 0.043941
511.000000 0.043910
512.000000 0.043783
513.000000 0.043721
514.000000 0.043628
515.000000 0.043420
516.000000 0.043460
517.000000 0.043457
518.000000 0.043409
519.000000 0.043676
520.000000 0.043868
521.000000 0.044123
522.000000 0.044310
523.000000 0.044126
524.000000 0.043863
525.000000 0.043807
526.000000 0.043707
527.000000 0.043803
528.000000 0.044198
529.000000 0.044423
530.000000 0.044255
531.000000 0.044079
532.000000 0.044036
533.000000 0.044070
534.000000 0.044283
535.000000 0.044214
536.000000 0.044029
537.000000 0.043996
538.000000 0.044240
539.000000 0.044903
540.000000 0.045616
541.000000 0.046250
542.000000 0.046881
543.000000 0.047084
544.000000 0.047354
545.000000 0.048172
546.000000 0.049030
547.000000 0.049892
548.000000 0.050878
549.000000 0.051756
550.000000 0.052753
551.000000 0.054023
552.000000 0.055046
553.000000 0.056038
554.000000 0.057176
555.000000 0.058185
556.000000 0.059018
557.000000 0.059891
558.000000 0.060797
559.000000 0.061730
560.000000 0.062578
561.000000 0.063144
562.000000 0.063618
563.000000 0.063920
564.000000 0.064211
565.000000 0.064524
566.000000 0.064637
567.000000 0.064617
568.000000 0.064582
569.000000 0.064623
570.000000 0.064746
571.000000 0.064864
572.000000 0.064839
573.000000 0.064827
574.000000 0.064925
575.000000 0.065024
576.000000 0.065085
577.000000 0.065306
578.000000 0.065736
579.000000 0.066131
580.000000 0.066557
581.000000 0.067212
582.000000 0.068025
583.000000 0.068938
584.000000 0.069865
585.000000 0.070959
586.000000 0.072352
587.000000 0.073802
588.000000 0.075271
589.000000 0.076662
590.000000 0.078177
591.000000 0.080008
592.000000 0.081880
593.000000 0.083747
594.000000 0.085472
595.000000 0.087177
596.000000 0.089001
597.000000 0.090783
598.000000 0.092564
599.000000 0.094502
600.000000 0.096516
601.000000 0.098558
602.000000 0.100654
603.000000 0.102739
604.000000 0.104930
605.000000 0.107179
606.000000 0.109384
607.000000 0.111652
608.000000 0.113922
609.000000 0.116271
610.000000 0.118846
611.000000 0.121476
612.000000 0.124275
613.000000 0.127217
614.000000 0.130221
615.000000 0.133473
616.000000 0.136789
617.000000 0.140312
618.000000 0.144214
619.000000 0.148137
620.000000 0.152248
621.000000 0.156789
622.000000 0.161469
623.000000 0.166308
624.000000 0.171534
625.000000 0.176938
626.000000 0.182585
627.000000 0.188763
628.000000 0.195007
629.000000 0.201353
630.000000 0.208217
631.000000 0.215399
632.000000 0.222535
633.000000 0.229838
634.000000 0.237684
635.000000 0.245511
636.000000 0.253423
637.000000 0.261795
638.000000 0.270003
639.000000 0.278113
640.000000 0.286494
641.000000 0.294944
642.000000 0.302870
643.000000 0.310514
644.000000 0.318468
645.000000 0.326127
646.000000 0.333523
647.000000 0.340965
648.000000 0.348221
649.000000 0.354911
650.000000 0.361260
651.000000 0.367576
652.000000 0.373711
653.000000 0.379342
654.000000 0.384558
655.000000 0.389682
656.000000 0.394582
657.000000 0.399074
658.000000 0.403315
659.000000 0.407514
660.000000 0.411594
661.000000 0.415428
662.000000 0.419214
663.000000 0.423236
664.000000 0.427308
665.000000 0.431305
666.000000 0.435392
667.000000 0.439816
668.000000 0.444554
669.000000 0.449368
670.000000 0.454483
671.000000 0.460219
672.000000 0.466528
673.000000 0.473488
674.000000 0.480612
675.000000 0.488232
676.000000 0.496999
677.000000 0.506615
678.000000 0.517030
679.000000 0.527826
680.000000 0.539270
681.000000 0.551934
682.000000 0.565678
683.000000 0.580453
684.000000 0.595651
685.000000 0.611548
686.000000 0.628913
687.000000 0.647205
688.000000 0.666228
689.000000 0.686061
690.000000 0.705792
691.000000 0.725789
692.000000 0.746982
693.000000 0.768847
694.000000 0.791120
695.000000 0.813715
696.000000 0.835386
697.000000 0.856488
698.000000 0.878190
699.000000 0.899749
700.000000 0.920765
701.000000 0.940941
702.000000 0.959474
703.000000 0.976653
704.000000 0.993241
705.000000 1.008616
706.000000 1.022515
707.000000 1.034875
708.000000 1.045445
709.000000 1.054040
710.000000 1.060530
711.000000 1.065006
712.000000 1.067476
713.000000 1.067865
714.000000 1.066005
715.000000 1.061865
716.000000 1.055609
717.000000 1.047273
718.000000 1.036902
719.000000 1.025194
720.000000 1.012007
721.000000 0.996889
722.000000 0.980166
723.000000 0.961922
724.000000 0.942360
725.000000 0.921810
726.000000 0.900471
727.000000 0.878420
728.000000 0.855553
729.000000 0.831950
730.000000 0.807823
731.000000 0.784736
732.000000 0.761842
733.000000 0.737724
734.000000 0.713182
735.000000 0.688444
736.000000 0.663664
737.000000 0.638951
738.000000 0.614342
739.000000 0.589847
740.000000 0.565644
741.000000 0.541927
742.000000 0.518807
743.000000 0.496200
744.000000 0.474025
745.000000 0.452299
746.000000 0.431098
747.000000 0.410417
748.000000 0.390355
749.000000 0.370943
750.000000 0.352281
751.000000 0.334096
752.000000 0.316386
753.000000 0.299380
754.000000 0.282976
755.000000 0.267188
756.000000 0.252052
757.000000 0.237559
758.000000 0.223692
759.000000 0.210356
760.000000 0.197572
761.000000 0.185417
762.000000 0.173910
763.000000 0.162971
764.000000 0.152511
765.000000 0.142487
766.000000 0.132948
767.000000 0.123981
768.000000 0.115559
769.000000 0.107599
770.000000 0.100082
771.000000 0.093132
772.000000 0.086679
773.000000 0.080607
774.000000 0.074849
775.000000 0.069461
776.000000 0.064200
777.000000 0.059152
778.000000 0.054677
779.000000 0.050588
780.000000 0.046790
781.000000 0.043324
782.000000 0.040129
783.000000 0.037117
784.000000 0.034330
785.000000 0.031756
786.000000 0.029403
787.000000 0.027268
788.000000 0.025210
789.000000 0.023318
790.000000 0.021672
791.000000 0.020182
792.000000 0.018760
793.000000 0.017471
794.000000 0.016321
795.000000 0.015214
796.000000 0.014183
797.000000 0.013224
798.000000 0.012346
799.000000 0.011523
800.000000 0.010744
801.000000 0.010107
802.000000 0.009568
803.000000 0.009014
804.000000 0.008475
805.000000 0.008032
806.000000 0.007683
807.000000 0.007355
808.000000 0.006988
809.000000 0.006670
810.000000 0.006416
811.000000 0.006103
812.000000 0.005803
813.000000 0.005584
814.000000 0.005399
815.000000 0.005232
816.000000 0.005091
817.000000 0.004924
818.000000 0.004724
819.000000 0.004530
820.000000 0.004383
821.000000 0.004268
822.000000 0.004157
823.000000 0.004037
824.000000 0.003929
825.000000 0.003849
826.000000 0.003775
827.000000 0.003689
828.000000 0.003610
829.000000 0.003536
830.000000 0.003433
831.000000 0.003346
832.000000 0.003264
833.000000 0.003192
834.000000 0.003127
835.000000 0.003058
836.000000 0.002976
837.000000 0.002884
838.000000 0.002788
839.000000 0.002689
840.000000 0.002650
841.000000 0.002611
842.000000 0.002553
843.000000 0.002513
844.000000 0.002471
845.000000 0.002437
846.000000 0.002392
847.000000 0.002336
848.000000 0.002292
849.000000 0.002252
850.000000 0.002205
851.000000 0.002147
852.000000 0.002119
853.000000 0.002105
854.000000 0.002077
855.000000 0.002020
856.000000 0.001978
857.000000 0.001979
858.000000 0.001988
859.000000 0.001986
860.000000 0.001966
861.000000 0.002014
862.000000 0.001975
863.000000 0.001848
864.000000 0.001793
865.000000 0.001754
866.000000 0.001693
867.000000 0.001650
868.000000 0.001671
869.000000 0.001693
870.000000 0.001684
871.000000 0.001658
872.000000 0.001637
873.000000 0.001604
874.000000 0.001562
875.000000 0.001561
876.000000 0.001568
877.000000 0.001552
878.000000 0.001523
879.000000 0.001521
880.000000 0.001527
881.000000 0.001503
882.000000 0.001475
883.000000 0.001468
884.000000 0.001503
885.000000 0.001524
886.000000 0.001520
887.000000 0.001497
888.000000 0.001476
889.000000 0.001466
890.000000 0.001450
891.000000 0.001431
892.000000 0.001386
893.000000 0.001354
894.000000 0.001347
895.000000 0.001358
896.000000 0.001393
897.000000 0.001418
898.000000 0.001412
899.000000 0.001402
900.000000 0.001406
