315.000000 0.169663
316.000000 0.171890
317.000000 0.173075
318.000000 0.174376
319.000000 0.176320
320.000000 0.178107
321.000000 0.179180
322.000000 0.180594
323.000000 0.182233
324.000000 0.183373
325.000000 0.184855
326.000000 0.186947
327.000000 0.189488
328.000000 0.191748
329.000000 0.193696
330.000000 0.195778
331.000000 0.197556
332.000000 0.199172
333.000000 0.200883
334.000000 0.202728
335.000000 0.204904
336.000000 0.207146
337.000000 0.208869
338.000000 0.210431
339.000000 0.212574
340.000000 0.214995
341.000000 0.217155
342.000000 0.219230
343.000000 0.221310
344.000000 0.223114
345.000000 0.224851
346.000000 0.226520
347.000000 0.227963
348.000000 0.229239
349.000000 0.230409
350.000000 0.231433
351.000000 0.232330
352.000000 0.233143
353.000000 0.233732
354.000000 0.234103
355.000000 0.234198
356.000000 0.233970
357.000000 0.233597
358.000000 0.233147
359.000000 0.232554
360.000000 0.231950
361.000000 0.231370
362.000000 0.230661
363.000000 0.229912
364.000000 0.229112
365.000000 0.228092
366.000000 0.226839
367.000000 0.225406
368.000000 0.224164
369.000000 0.223133
370.000000 0.222360
371.000000 0.221481
372.000000 0.219612
373.000000 0.217355
374.000000 0.215201
375.000000 0.213210
376.000000 0.211446
377.000000 0.209779
378.000000 0.207910
379.000000 0.205866
380.000000 0.203871
381.000000 0.201698
382.000000 0.199917
383.000000 0.198111
384.000000 0.196318
385.000000 0.195095
386.000000 0.193638
387.000000 0.192384
388.000000 0.191673
389.000000 0.191035
390.000000 0.190458
391.000000 0.190000
392.000000 0.189752
393.000000 0.189806
394.000000 0.189952
395.000000 0.190055
396.000000 0.190247
397.000000 0.190697
398.000000 0.191544
399.000000 0.192601
400.000000 0.193666
401.000000 0.194826
402.000000 0.196008
403.000000 0.197153
404.000000 0.198260
405.000000 0.199252
406.000000 0.200273
407.000000 0.201272
408.000000 0.202233
409.000000 0.203120
410.000000 0.203876
411.000000 0.204772
412.000000 0.205533
413.000000 0.206213
414.000000 0.207036
415.000000 0.207704
416.000000 0.208368
417.000000 0.209050
418.000000 0.209711
419.000000 0.210463
420.000000 0.211242
421.000000 0.212124
422.000000 0.213113
423.000000 0.214308
424.000000 0.215863
425.000000 0.217534
426.000000 0.219277
427.000000 0.221126
428.000000 0.222831
429.000000 0.224617
430.000000 0.226426
431.000000 0.227901
432.000000 0.229342
433.000000 0.230671
434.000000 0.231536
435.000000 0.232038
436.000000 0.232269
437.000000 0.232035
438.000000 0.231348
439.000000 0.230267
440.000000 0.228726
441.000000 0.226919
442.000000 0.224901
443.000000 0.222428
444.000000 0.219570
445.000000 0.216462
446.000000 0.212868
447.000000 0.208982
448.000000 0.204881
449.000000 0.200594
450.000000 0.196327
451.000000 0.191747
452.000000 0.186838
453.000000 0.182099
454.000000 0.177397
455.000000 0.172597
456.000000 0.167652
457.000000 0.162659
458.000000 0.157854
459.000000 0.152914
460.000000 0.148124
461.000000 0.143654
462.000000 0.138986
463.000000 0.134357
464.000000 0.129802
465.000000 0.125278
466.000000 0.121150
467.000000 0.117031
468.000000 0.112982
469.000000 0.109063
470.000000 0.105238
471.000000 0.101617
472.000000 0.097924
473.000000 0.094298
474.000000 0.090854
475.000000 0.087547
476.000000 0.084468
477.000000 0.081538
478.000000 0.078729
479.000000 0.076020
480.000000 0.073466
481.000000 0.070961
482.000000 0.068566
483.000000 0.066485
484.000000 0.064426
485.000000 0.062420
486.000000 0.060551
487.000000 0.058821
488.000000 0.057183
489.000000 0.055575
490.000000 0.053925
491.000000 0.052324
492.000000 0.051228
493.000000 0.050484
494.000000 0.049789
495.000000 0.049089
496.000000 0.048167
497.000000 0.047156
498.000000 0.046337
499.000000 0.045535
500.000000 0.044542
501.000000 0.043521
502.000000 0.042880
503.000000 0.042711
504.000000 0.042321
505.000000 0.041663
506.000000 0.041352
507.000000 0.041163
508.000000 0.040858
509.000000 0.040551
510.000000 0.040282
511.000000 0.040172
512.000000 0.040093
513.000000 0.039914
514.000000 0.039685
515.000000 0.039431
516.000000 0.039397
517.000000 0.039475
518.000000 0.039644
519.000000 0.039708
520.000000 0.039625
521.000000 0.039680
522.000000 0.039792
523.000000 0.039651
524.000000 0.039377
525.000000 0.039380
526.000000 0.039408
527.000000 0.039392
528.000000 0.039657
529.000000 0.039934
530.000000 0.039656
531.000000 0.039495
532.000000 0.039560
533.000000 0.039649
534.000000 0.039986
535.000000 0.040059
536.000000 0.040076
537.000000 0.040273
538.000000 0.040466
539.000000 0.040730
540.000000 0.041046
541.000000 0.041406
542.000000 0.041898
543.000000 0.042124
544.000000 0.042242
545.000000 0.042750
546.000000 0.043586
547.000000 0.044461
548.000000 0.045253
549.000000 0.045960
550.000000 0.046780
551.000000 0.047832
552.000000 0.048742
553.000000 0.049499
554.000000 0.050285
555.000000 0.051110
556.000000 0.051829
557.000000 0.052629
558.000000 0.053328
559.000000 0.053902
560.000000 0.054624
561.000000 0.055263
562.000000 0.055755
563.000000 0.056131
564.000000 0.056532
565.000000 0.056987
566.000000 0.057381
567.000000 0.057752
568.000000 0.058113
569.000000 0.058494
570.000000 0.058815
571.000000 0.059127
572.000000 0.059475
573.000000 0.059779
574.000000 0.060136
575.000000 0.060528
576.000000 0.060909
577.000000 0.061491
578.000000 0.062212
579.000000 0.062982
580.000000 0.063869
581.000000 0.064875
582.000000 0.065966
583.000000 0.067152
584.000000 0.068412
585.000000 0.069707
586.000000 0.071080
587.000000 0.072596
588.000000 0.074207
589.000000 0.075792
590.000000 0.077485
591.000000 0.079406
592.000000 0.081424
593.000000 0.083473
594.000000 0.085447
595.000000 0.087422
596.000000 0.089497
597.000000 0.091447
598.000000 0.093360
599.000000 0.095433
600.000000 0.097604
601.000000 0.099737
602.000000 0.101818
603.000000 0.103937
604.000000 0.106160
605.000000 0.108457
606.000000 0.110799
607.000000 0.113167
608.000000 0.115508
609.000000 0.118019
610.000000 0.120730
611.000000 0.123397
612.000000 0.126180
613.000000 0.129145
614.000000 0.132252
615.000000 0.135659
616.000000 0.139144
617.000000 0.142769
618.000000 0.146760
619.000000 0.150764
620.000000 0.154956
621.000000 0.159652
622.000000 0.164481
623.000000 0.169457
624.000000 0.174798
625.000000 0.180288
626.000000 0.186031
627.000000 0.192291
628.000000 0.198648
629.000000 0.205156
630.000000 0.212217
631.000000 0.219619
632.000000 0.226972
633.000000 0.234481
634.000000 0.242498
635.000000 0.250484
636.000000 0.258580
637.000000 0.267165
638.000000 0.275556
639.000000 0.283805
640.000000 0.292357
641.000000 0.300980
642.000000 0.309076
643.000000 0.316934
644.000000 0.325156
645.000000 0.333081
646.000000 0.340667
647.000000 0.348245
648.000000 0.355632
649.000000 0.362470
650.000000 0.368971
651.000000 0.375449
652.000000 0.381709
653.000000 0.387448
654.000000 0.392814
655.000000 0.398072
656.000000 0.403058
657.000000 0.407640
658.000000 0.411974
659.000000 0.416262
660.000000 0.420431
661.000000 0.424389
662.000000 0.428305
663.000000 0.432433
664.000000 0.436609
665.000000 0.440719
666.000000 0.444907
667.000000 0.449378
668.000000 0.454180
669.000000 0.459141
670.000000 0.464465
671.000000 0.470394
672.000000 0.476809
673.000000 0.483824
674.000000 0.491047
675.000000 0.498814
676.000000 0.507741
677.000000 0.517568
678.000000 0.528192
679.000000 0.539132
680.000000 0.550745
681.000000 0.563660
682.000000 0.577676
683.000000 0.592739
684.000000 0.608242
685.000000 0.624462
686.000000 0.642222
687.000000 0.661060
688.000000 0.680587
689.000000 0.700821
690.000000 0.720973
691.000000 0.741436
692.000000 0.763178
693.000000 0.785528
694.000000 0.808201
695.000000 0.831178
696.000000 0.853291
697.000000 0.874867
698.000000 0.896997
699.000000 0.918985
700.000000 0.940456
701.000000 0.961127
702.000000 0.980150
703.000000 0.997771
704.000000 1.014871
705.000000 1.030901
706.000000 1.045319
707.000000 1.057966
708.000000 1.068828
709.000000 1.077671
710.000000 1.084328
711.000000 1.088919
712.000000 1.091407
713.000000 1.091779
714.000000 1.089986
715.000000 1.085960
716.000000 1.079802
717.000000 1.071417
718.000000 1.060848
719.000000 1.049019
720.000000 1.035677
721.000000 1.020207
722.000000 1.002983
723.000000 0.984178
724.000000 0.964104
725.000000 0.943110
726.000000 0.921351
727.000000 0.898763
728.000000 0.875320
729.000000 0.851164
730.000000 0.826503
731.000000 0.802947
732.000000 0.779528
733.000000 0.754818
734.000000 0.729707
735.000000 0.704457
736.000000 0.679229
737.000000 0.653989
738.000000 0.628769
739.000000 0.603714
740.000000 0.578967
741.000000 0.554715
742.000000 0.531075
743.000000 0.507983
744.000000 0.485379
745.000000 0.463194
746.000000 0.441484
747.000000 0.420250
748.000000 0.399656
749.000000 0.379771
750.000000 0.360564
751.000000 0.341962
752.000000 0.323954
753.000000 0.306611
754.000000 0.289828
755.000000 0.273604
756.000000 0.258095
757.000000 0.243289
758.000000 0.229162
759.000000 0.215591
760.000000 0.202562
761.000000 0.190132
762.000000 0.178329
763.000000 0.167139
764.000000 0.156412
765.000000 0.146094
766.000000 0.136293
767.000000 0.127112
768.000000 0.118487
769.000000 0.110351
770.000000 0.102702
771.000000 0.095612
772.000000 0.089013
773.000000 0.082738
774.000000 0.076795
775.000000 0.071307
776.000000 0.065908
777.000000 0.060680
778.000000 0.056055
779.000000 0.051843
780.000000 0.047906
781.000000 0.044305
782.000000 0.041000
783.000000 0.037909
784.000000 0.035079
785.000000 0.032468
786.000000 0.030061
787.000000 0.027845
788.000000 0.025723
789.000000 0.023773
790.000000 0.022097
791.000000 0.020601
792.000000 0.019182
793.000000 0.017836
794.000000 0.016583
795.000000 0.015444
796.000000 0.014386
797.000000 0.013402
798.000000 0.012520
799.000000 0.011656
800.000000 0.010823
801.000000 0.010152
802.000000 0.009624
803.000000 0.009097
804.000000 0.008566
805.000000 0.008093
806.000000 0.007667
807.000000 0.007282
808.000000 0.006923
809.000000 0.006589
810.000000 0.006309
811.000000 0.006010
812.000000 0.005700
813.000000 0.005472
814.000000 0.005255
815.000000 0.004995
816.000000 0.004793
817.000000 0.004602
818.000000 0.004387
819.000000 0.004228
820.000000 0.004082
821.000000 0.003956
822.000000 0.003853
823.000000 0.003747
824.000000 0.003656
825.000000 0.003579
826.000000 0.003480
827.000000 0.003381
828.000000 0.003279
829.000000 0.003192
830.000000 0.003147
831.000000 0.003127
832.000000 0.003085
833.000000 0.003004
834.000000 0.002920
835.000000 0.002825
836.000000 0.002694
837.000000 0.002550
838.000000 0.002494
839.000000 0.002457
840.000000 0.002432
841.000000 0.002407
842.000000 0.002329
843.000000 0.002289
844.000000 0.002265
845.000000 0.002234
846.000000 0.002188
847.000000 0.002147
848.000000 0.002104
849.000000 0.002044
850.000000 0.002013
851.000000 0.001970
852.000000 0.001950
853.000000 0.001950
854.000000 0.001937
855.000000 0.001902
856.000000 0.001847
857.000000 0.001823
858.000000 0.001851
859.000000 0.001834
860.000000 0.001783
861.000000 0.001751
862.000000 0.001693
863.000000 0.001662
864.000000 0.001640
865.000000 0.001608
866.000000 0.001590
867.000000 0.001582
868.000000 0.001566
869.000000 0.001554
870.000000 0.001543
871.000000 0.001519
872.000000 0.001522
873.000000 0.001510
874.000000 0.001468
875.000000 0.001464
876.000000 0.001476
877.000000 0.001469
878.000000 0.001450
879.000000 0.001455
880.000000 0.001433
881.000000 0.001385
882.000000 0.001368
883.000000 0.001366
884.000000 0.001372
885.000000 0.001362
886.000000 0.001372
887.000000 0.001377
888.000000 0.001358
889.000000 0.001349
890.000000 0.001329
891.000000 0.001306
892.000000 0.001280
893.000000 0.001287
894.000000 0.001301
895.000000 0.001306
896.000000 0.001342
897.000000 0.001372
898.000000 0.001372
899.000000 0.001350
900.000000 0.001330
