315.000000 0.170068
316.000000 0.171608
317.000000 0.172693
318.000000 0.174090
319.000000 0.175353
320.000000 0.176418
321.000000 0.176997
322.000000 0.178154
323.000000 0.179987
324.000000 0.181573
325.000000 0.183765
326.000000 0.186382
327.000000 0.188783
328.000000 0.190520
329.000000 0.191916
330.000000 0.193612
331.000000 0.195718
332.000000 0.198157
333.000000 0.199970
334.000000 0.201508
335.000000 0.203549
336.000000 0.205948
337.000000 0.207840
338.000000 0.209682
339.000000 0.211956
340.000000 0.214163
341.000000 0.216188
342.000000 0.218211
343.000000 0.220482
344.000000 0.222616
345.000000 0.224668
346.000000 0.226666
347.000000 0.228137
348.000000 0.229233
349.000000 0.230243
350.000000 0.231137
351.000000 0.231939
352.000000 0.232657
353.000000 0.233226
354.000000 0.233637
355.000000 0.233653
356.000000 0.233638
357.000000 0.233731
358.000000 0.233442
359.000000 0.232919
360.000000 0.232332
361.000000 0.231716
362.000000 0.230988
363.000000 0.230163
364.000000 0.229295
365.000000 0.228230
366.000000 0.227095
367.000000 0.225853
368.000000 0.224617
369.000000 0.223514
370.000000 0.222724
371.000000 0.221763
372.000000 0.219856
373.000000 0.217617
374.000000 0.215623
375.000000 0.213823
376.000000 0.212141
377.000000 0.210388
378.000000 0.208428
379.000000 0.206319
380.000000 0.204286
381.000000 0.202196
382.000000 0.200083
383.000000 0.198190
384.000000 0.196439
385.000000 0.194950
386.000000 0.193766
387.000000 0.192754
388.000000 0.191858
389.000000 0.191122
390.000000 0.190640
391.000000 0.190382
392.000000 0.190179
393.000000 0.189891
394.000000 0.189735
395.000000 0.190021
396.000000 0.190527
397.000000 0.190865
398.000000 0.191458
399.000000 0.192402
400.000000 0.193259
401.000000 0.194024
402.000000 0.194998
403.000000 0.196224
404.000000 0.197326
405.000000 0.198395
406.000000 0.199400
407.000000 0.200297
408.000000 0.201178
409.000000 0.202063
410.000000 0.202851
411.000000 0.203548
412.000000 0.204227
413.000000 0.204938
414.000000 0.205890
415.000000 0.206790
416.000000 0.207521
417.000000 0.208066
418.000000 0.208521
419.000000 0.209176
420.000000 0.209935
421.000000 0.210769
422.000000 0.211685
423.000000 0.212897
424.000000 0.214547
425.000000 0.216222
426.000000 0.217981
427.000000 0.219947
428.000000 0.221738
429.000000 0.223569
430.000000 0.225344
431.000000 0.226892
432.000000 0.228428
433.000000 0.229730
434.000000 0.230615
435.000000 0.231219
436.000000 0.231547
437.000000 0.231404
438.000000 0.230813
439.000000 0.229809
440.000000 0.228257
441.000000 0.226387
442.000000 0.224348
443.000000 0.221851
444.000000 0.219021
445.000000 0.215925
446.000000 0.212342
447.000000 0.208511
448.000000 0.204430
449.000000 0.200183
450.000000 0.195924
451.000000 0.191263
452.000000 0.186329
453.000000 0.181583
454.000000 0.176858
455.000000 0.172026
456.000000 0.167094
457.000000 0.162180
458.000000 0.157501
459.000000 0.152685
460.000000 0.147876
461.000000 0.143308
462.000000 0.138597
463.000000 0.133939
464.000000 0.129407
465.000000 0.124919
466.000000 0.120742
467.000000 0.116639
468.000000 0.112616
469.000000 0.108637
470.000000 0.104741
471.000000 0.101089
472.000000 0.097427
473.000000 0.093888
474.000000 0.090500
475.000000 0.087202
476.000000 0.084074
477.000000 0.081026
478.000000 0.078148
479.000000 0.075442
480.000000 0.072888
481.000000 0.070426
482.000000 0.068074
483.000000 0.065963
484.000000 0.063883
485.000000 0.061869
486.000000 0.059981
487.000000 0.058220
488.000000 0.056556
489.000000 0.054829
490.000000 0.053040
491.000000 0.051565
492.000000 0.050617
493.000000 0.049638
494.000000 0.048645
495.000000 0.047692
496.000000 0.046732
497.000000 0.046039
498.000000 0.045438
499.000000 0.044773
500.000000 0.043938
501.000000 0.043027
502.000000 0.042085
503.000000 0.041374
504.000000 0.040954
505.000000 0.040600
506.000000 0.040545
507.000000 0.040460
508.000000 0.040108
509.000000 0.039715
510.000000 0.039428
511.000000 0.039109
512.000000 0.038726
513.000000 0.038450
514.000000 0.038254
515.000000 0.037932
516.000000 0.037835
517.000000 0.037937
518.000000 0.037762
519.000000 0.037701
520.000000 0.037739
521.000000 0.037657
522.000000 0.037633
523.000000 0.037422
524.000000 0.037082
525.000000 0.036979
526.000000 0.036904
527.000000 0.036949
528.000000 0.037162
529.000000 0.037169
530.000000 0.037025
531.000000 0.037035
532.000000 0.037034
533.000000 0.036961
534.000000 0.037074
535.000000 0.037231
536.000000 0.037372
537.000000 0.037406
538.000000 0.037292
539.000000 0.037386
540.000000 0.037782
541.000000 0.038046
542.000000 0.038434
543.000000 0.038875
544.000000 0.039060
545.000000 0.039615
546.000000 0.040268
547.000000 0.040658
548.000000 0.041063
549.000000 0.041610
550.000000 0.042414
551.000000 0.043349
552.000000 0.044082
553.000000 0.044819
554.000000 0.045639
555.000000 0.046329
556.000000 0.046928
557.000000 0.047596
558.000000 0.048262
559.000000 0.048876
560.000000 0.049551
561.000000 0.050117
562.000000 0.050584
563.000000 0.050925
564.000000 0.051360
565.000000 0.051937
566.000000 0.052414
567.000000 0.052863
568.000000 0.053290
569.000000 0.053821
570.000000 0.054490
571.000000 0.055112
572.000000 0.055661
573.000000 0.056263
574.000000 0.056981
575.000000 0.057650
576.000000 0.058374
577.000000 0.059212
578.000000 0.060129
579.000000 0.061164
580.000000 0.062214
581.000000 0.063466
582.000000 0.064886
583.000000 0.066255
584.000000 0.067599
585.000000 0.069066
586.000000 0.070698
587.000000 0.072455
588.000000 0.074284
589.000000 0.076030
590.000000 0.077804
591.000000 0.079758
592.000000 0.081793
593.000000 0.083904
594.000000 0.085962
595.000000 0.087887
596.000000 0.089997
597.000000 0.092100
598.000000 0.094071
599.000000 0.096236
600.000000 0.098508
601.000000 0.100680
602.000000 0.102780
603.000000 0.104988
604.000000 0.107346
605.000000 0.109711
606.000000 0.112056
607.000000 0.114492
608.000000 0.116941
609.000000 0.119529
610.000000 0.122359
611.000000 0.125139
612.000000 0.128042
613.000000 0.131150
614.000000 0.134315
615.000000 0.137771
616.000000 0.141327
617.000000 0.145033
618.000000 0.149114
619.000000 0.153197
620.000000 0.157454
621.000000 0.162202
622.000000 0.167064
623.000000 0.172041
624.000000 0.177439
625.000000 0.183047
626.000000 0.188971
627.000000 0.195386
628.000000 0.201809
629.000000 0.208398
630.000000 0.215546
631.000000 0.223061
632.000000 0.230527
633.000000 0.238115
634.000000 0.246307
635.000000 0.254503
636.000000 0.262688
637.000000 0.271342
638.000000 0.279891
639.000000 0.288330
640.000000 0.297022
641.000000 0.305787
642.000000 0.314119
643.000000 0.322157
644.000000 0.330436
645.000000 0.338427
646.000000 0.346157
647.000000 0.353888
648.000000 0.361417
649.000000 0.368416
650.000000 0.375027
651.000000 0.381573
652.000000 0.387911
653.000000 0.393791
654.000000 0.399302
655.000000 0.404635
656.000000 0.409708
657.000000 0.414442
658.000000 0.418874
659.000000 0.423227
660.000000 0.427505
661.000000 0.431495
662.000000 0.435398
663.000000 0.439535
664.000000 0.443754
665.000000 0.447895
666.000000 0.452139
667.000000 0.456746
668.000000 0.461642
669.000000 0.466658
670.000000 0.471998
671.000000 0.477972
672.000000 0.484496
673.000000 0.491592
674.000000 0.498896
675.000000 0.506801
676.000000 0.515886
677.000000 0.525846
678.000000 0.536618
679.000000 0.547740
680.000000 0.559557
681.000000 0.572705
682.000000 0.586957
683.000000 0.602284
684.000000 0.618075
685.000000 0.634563
686.000000 0.652568
687.000000 0.671591
688.000000 0.691326
689.000000 0.711744
690.000000 0.732028
691.000000 0.752696
692.000000 0.774685
693.000000 0.797347
694.000000 0.820454
695.000000 0.843920
696.000000 0.866461
697.000000 0.888429
698.000000 0.911036
699.000000 0.933490
700.000000 0.955406
701.000000 0.976503
702.000000 0.995935
703.000000 1.014061
704.000000 1.031577
705.000000 1.047731
706.000000 1.062168
707.000000 1.074926
708.000000 1.085960
709.000000 1.095045
710.000000 1.101876
711.000000 1.106614
712.000000 1.109431
713.000000 1.110164
714.000000 1.108520
715.000000 1.104497
716.000000 1.098243
717.000000 1.089622
718.000000 1.078862
719.000000 1.066867
720.000000 1.053223
721.000000 1.037427
722.000000 1.019958
723.000000 1.000974
724.000000 0.980644
725.000000 0.959294
726.000000 0.937164
727.000000 0.914223
728.000000 0.890458
729.000000 0.865933
730.000000 0.840901
731.000000 0.816980
732.000000 0.793134
733.000000 0.767949
734.000000 0.742397
735.000000 0.716705
736.000000 0.690951
737.000000 0.665232
738.000000 0.639626
739.000000 0.614219
740.000000 0.589096
741.000000 0.564435
742.000000 0.540337
743.000000 0.516789
744.000000 0.493800
745.000000 0.471274
746.000000 0.449271
747.000000 0.427789
748.000000 0.406894
749.000000 0.386639
750.000000 0.367130
751.000000 0.348271
752.000000 0.330028
753.000000 0.312391
754.000000 0.295279
755.000000 0.278789
756.000000 0.262986
757.000000 0.247873
758.000000 0.233455
759.000000 0.219583
760.000000 0.206317
761.000000 0.193748
762.000000 0.181758
763.000000 0.170329
764.000000 0.159431
765.000000 0.148992
766.000000 0.139048
767.000000 0.129713
768.000000 0.120939
769.000000 0.112662
770.000000 0.104885
771.000000 0.097635
772.000000 0.090858
773.000000 0.084466
774.000000 0.078422
775.000000 0.072793
776.000000 0.067261
777.000000 0.061939
778.000000 0.057249
779.000000 0.052976
780.000000 0.049014
781.000000 0.045411
782.000000 0.042076
783.000000 0.038907
784.000000 0.036006
785.000000 0.033343
786.000000 0.030884
787.000000 0.028595
788.000000 0.026393
789.000000 0.024392
790.000000 0.022638
791.000000 0.021080
792.000000 0.019596
793.000000 0.018158
794.000000 0.016839
795.000000 0.015625
796.000000 0.014547
797.000000 0.013581
798.000000 0.012667
799.000000 0.011798
800.000000 0.010962
801.000000 0.010263
802.000000 0.009705
803.000000 0.009166
804.000000 0.008612
805.000000 0.008094
806.000000 0.007651
807.000000 0.007287
808.000000 0.006928
809.000000 0.006561
810.000000 0.006260
811.000000 0.005927
812.000000 0.005563
813.000000 0.005259
814.000000 0.005032
815.000000 0.004846
816.000000 0.004686
817.000000 0.004515
818.000000 0.004322
819.000000 0.004168
820.000000 0.004056
821.000000 0.003974
822.000000 0.003897
823.000000 0.003772
824.000000 0.003592
825.000000 0.003442
826.000000 0.003317
827.000000 0.003170
828.000000 0.003035
829.000000 0.002936
830.000000 0.002889
831.000000 0.002861
832.000000 0.002787
833.000000 0.002698
834.000000 0.002604
835.000000 0.002546
836.000000 0.002488
837.000000 0.002393
838.000000 0.002332
839.000000 0.002287
840.000000 0.002270
841.000000 0.002240
842.000000 0.002171
843.000000 0.002146
844.000000 0.002128
845.000000 0.002090
846.000000 0.002060
847.000000 0.002022
848.000000 0.001997
849.000000 0.001974
850.000000 0.001928
851.000000 0.001888
852.000000 0.001872
853.000000 0.001847
854.000000 0.001814
855.000000 0.001798
856.000000 0.001803
857.000000 0.001814
858.000000 0.001808
859.000000 0.001758
860.000000 0.001725
861.000000 0.001749
862.000000 0.001736
863.000000 0.001714
864.000000 0.001683
865.000000 0.001628
866.000000 0.001578
867.000000 0.001530
868.000000 0.001513
869.000000 0.001507
870.000000 0.001479
871.000000 0.001452
872.000000 0.001458
873.000000 0.001477
874.000000 0.001480
875.000000 0.001489
876.000000 0.001503
877.000000 0.001505
878.000000 0.001483
879.000000 0.001479
880.000000 0.001474
881.000000 0.001432
882.000000 0.001378
883.000000 0.001338
884.000000 0.001339
885.000000 0.001333
886.000000 0.001320
887.000000 0.001330
888.000000 0.001344
889.000000 0.001341
890.000000 0.001339
891.000000 0.001330
892.000000 0.001310
893.000000 0.001303
894.000000 0.001281
895.000000 0.001296
896.000000 0.001341
897.000000 0.001339
898.000000 0.001320
899.000000 0.001301
900.000000 0.001287
