315.000000 0.170163
316.000000 0.171829
317.000000 0.172856
318.000000 0.174131
319.000000 0.175629
320.000000 0.177784
321.000000 0.179305
322.000000 0.180145
323.000000 0.181376
324.000000 0.182884
325.000000 0.184282
326.000000 0.186038
327.000000 0.188515
328.000000 0.190773
329.000000 0.192686
330.000000 0.194652
331.000000 0.196875
332.000000 0.198754
333.000000 0.200095
334.000000 0.201555
335.000000 0.203376
336.000000 0.205329
337.000000 0.206986
338.000000 0.208673
339.000000 0.210726
340.000000 0.213084
341.000000 0.215405
342.000000 0.217641
343.000000 0.219879
344.000000 0.222156
345.000000 0.224385
346.000000 0.226136
347.000000 0.227468
348.000000 0.228644
349.000000 0.229706
350.000000 0.230562
351.000000 0.231437
352.000000 0.232250
353.000000 0.232907
354.000000 0.233317
355.000000 0.233168
356.000000 0.232905
357.000000 0.232657
358.000000 0.232295
359.000000 0.231887
360.000000 0.231482
361.000000 0.230957
362.000000 0.230176
363.000000 0.229329
364.000000 0.228458
365.000000 0.227503
366.000000 0.226417
367.000000 0.225046
368.000000 0.223743
369.000000 0.222680
370.000000 0.221542
371.000000 0.220211
372.000000 0.218286
373.000000 0.216228
374.000000 0.214348
375.000000 0.212436
376.000000 0.210538
377.000000 0.208744
378.000000 0.207080
379.000000 0.205090
380.000000 0.202975
381.000000 0.200906
382.000000 0.198816
383.000000 0.196968
384.000000 0.195627
385.000000 0.194411
386.000000 0.192869
387.000000 0.191438
388.000000 0.190520
389.000000 0.189775
390.000000 0.189101
391.000000 0.188743
392.000000 0.188613
393.000000 0.188573
394.000000 0.188514
395.000000 0.188627
396.000000 0.188968
397.000000 0.189408
398.000000 0.190287
399.000000 0.191359
400.000000 0.192260
401.000000 0.193171
402.000000 0.194097
403.000000 0.195116
404.000000 0.196249
405.000000 0.197402
406.000000 0.198396
407.000000 0.199306
408.000000 0.200203
409.000000 0.201017
410.000000 0.201742
411.000000 0.202381
412.000000 0.203072
413.000000 0.203875
414.000000 0.204709
415.000000 0.205314
416.000000 0.205968
417.000000 0.206702
418.000000 0.207328
419.000000 0.208129
420.000000 0.209060
421.000000 0.210016
422.000000 0.210993
423.000000 0.211986
424.000000 0.213269
425.000000 0.214902
426.000000 0.216792
427.000000 0.218773
428.000000 0.220622
429.000000 0.222566
430.000000 0.224412
431.000000 0.225984
432.000000 0.227544
433.000000 0.228846
434.000000 0.229764
435.000000 0.230387
436.000000 0.230710
437.000000 0.230628
438.000000 0.230100
439.000000 0.229195
440.000000 0.227804
441.000000 0.226085
442.000000 0.224125
443.000000 0.221642
444.000000 0.218809
445.000000 0.215754
446.000000 0.212192
447.000000 0.208344
448.000000 0.204284
449.000000 0.200078
450.000000 0.195824
451.000000 0.191226
452.000000 0.186398
453.000000 0.181682
454.000000 0.176910
455.000000 0.172117
456.000000 0.167268
457.000000 0.162354
458.000000 0.157645
459.000000 0.152823
460.000000 0.148004
461.000000 0.143400
462.000000 0.138676
463.000000 0.134006
464.000000 0.129417
465.000000 0.124851
466.000000 0.120699
467.000000 0.116665
468.000000 0.112634
469.000000 0.108636
470.000000 0.104770
471.000000 0.101173
472.000000 0.097518
473.000000 0.093961
474.000000 0.090560
475.000000 0.087239
476.000000 0.084104
477.000000 0.081066
478.000000 0.078241
479.000000 0.075595
480.000000 0.073042
481.000000 0.070517
482.000000 0.068091
483.000000 0.065986
484.000000 0.063915
485.000000 0.061867
486.000000 0.059944
487.000000 0.058179
488.000000 0.056566
489.000000 0.054964
490.000000 0.053447
491.000000 0.052151
492.000000 0.050979
493.000000 0.049990
494.000000 0.049128
495.000000 0.048002
496.000000 0.046795
497.000000 0.045697
498.000000 0.044843
499.000000 0.044030
500.000000 0.043036
501.000000 0.042108
502.000000 0.041346
503.000000 0.040714
504.000000 0.040417
505.000000 0.040231
506.000000 0.039917
507.000000 0.039754
508.000000 0.039428
509.000000 0.038854
510.000000 0.038582
511.000000 0.038504
512.000000 0.038024
513.000000 0.037399
514.000000 0.037087
515.000000 0.036982
516.000000 0.037154
517.000000 0.037194
518.000000 0.037000
519.000000 0.036873
520.000000 0.036774
521.000000 0.036455
522.000000 0.036199
523.000000 0.035952
524.000000 0.035555
525.000000 0.035616
526.000000 0.035748
527.000000 0.035788
528.000000 0.035863
529.000000 0.035872
530.000000 0.035763
531.000000 0.035718
532.000000 0.035685
533.000000 0.035494
534.000000 0.035568
535.000000 0.035590
536.000000 0.035464
537.000000 0.035514
538.000000 0.035668
539.000000 0.036109
540.000000 0.036609
541.000000 0.037104
542.000000 0.037567
543.000000 0.037618
544.000000 0.037624
545.000000 0.037759
546.000000 0.038079
547.000000 0.038695
548.000000 0.039337
549.000000 0.039847
550.000000 0.040464
551.000000 0.041205
552.000000 0.041716
553.000000 0.042366
554.000000 0.043199
555.000000 0.043936
556.000000 0.044479
557.000000 0.045122
558.000000 0.045646
559.000000 0.046048
560.000000 0.046771
561.000000 0.047434
562.000000 0.047960
563.000000 0.048356
564.000000 0.048834
565.000000 0.049417
566.000000 0.049861
567.000000 0.050333
568.000000 0.050840
569.000000 0.051460
570.000000 0.052142
571.000000 0.052854
572.000000 0.053607
573.000000 0.054369
574.000000 0.055308
575.000000 0.056289
576.000000 0.057265
577.000000 0.058257
578.000000 0.059260
579.000000 0.060395
580.000000 0.061616
581.000000 0.062960
582.000000 0.064412
583.000000 0.065959
584.000000 0.067459
585.000000 0.068905
586.000000 0.070564
587.000000 0.072324
588.000000 0.074140
589.000000 0.076026
590.000000 0.078061
591.000000 0.080259
592.000000 0.082414
593.000000 0.084518
594.000000 0.086562
595.000000 0.088593
596.000000 0.090768
597.000000 0.092989
598.000000 0.095069
599.000000 0.097238
600.000000 0.099527
601.000000 0.101754
602.000000 0.103960
603.000000 0.106246
604.000000 0.108716
605.000000 0.111102
606.000000 0.113411
607.000000 0.115896
608.000000 0.118389
609.000000 0.120960
610.000000 0.123752
611.000000 0.126573
612.000000 0.129526
613.000000 0.132647
614.000000 0.135894
615.000000 0.139450
616.000000 0.143055
617.000000 0.146777
618.000000 0.150863
619.000000 0.155011
620.000000 0.159333
621.000000 0.164099
622.000000 0.169050
623.000000 0.174148
624.000000 0.179636
625.000000 0.185331
626.000000 0.191255
627.000000 0.197686
628.000000 0.204223
629.000000 0.210909
630.000000 0.218160
631.000000 0.225788
632.000000 0.233345
633.000000 0.241045
634.000000 0.249293
635.000000 0.257507
636.000000 0.265828
637.000000 0.274623
638.000000 0.283209
639.000000 0.291671
640.000000 0.300442
641.000000 0.309318
642.000000 0.317719
643.000000 0.325835
644.000000 0.334239
645.000000 0.342288
646.000000 0.350026
647.000000 0.357864
648.000000 0.365558
649.000000 0.372696
650.000000 0.379453
651.000000 0.386160
652.000000 0.392603
653.000000 0.398498
654.000000 0.404058
655.000000 0.409475
656.000000 0.414576
657.000000 0.419316
658.000000 0.423819
659.000000 0.428251
660.000000 0.432550
661.000000 0.436612
662.000000 0.440588
663.000000 0.444784
664.000000 0.449089
665.000000 0.453300
666.000000 0.457577
667.000000 0.462208
668.000000 0.467177
669.000000 0.472247
670.000000 0.477647
671.000000 0.483665
672.000000 0.490220
673.000000 0.497400
674.000000 0.504771
675.000000 0.512712
676.000000 0.521832
677.000000 0.531872
678.000000 0.542793
679.000000 0.554072
680.000000 0.566032
681.000000 0.579277
682.000000 0.593647
683.000000 0.609125
684.000000 0.625016
685.000000 0.641657
686.000000 0.659906
687.000000 0.679231
688.000000 0.699204
689.000000 0.719854
690.000000 0.740443
691.000000 0.761403
692.000000 0.783664
693.000000 0.806598
694.000000 0.829979
695.000000 0.853670
696.000000 0.876476
697.000000 0.898850
698.000000 0.921817
699.000000 0.944544
700.000000 0.966696
701.000000 0.987994
702.000000 1.007567
703.000000 1.025801
704.000000 1.043545
705.000000 1.060081
706.000000 1.074939
707.000000 1.087930
708.000000 1.099057
709.000000 1.108253
710.000000 1.115177
711.000000 1.119961
712.000000 1.122865
713.000000 1.123581
714.000000 1.121898
715.000000 1.117959
716.000000 1.111749
717.000000 1.103175
718.000000 1.092389
719.000000 1.080151
720.000000 1.066268
721.000000 1.050320
722.000000 1.032671
723.000000 1.013405
724.000000 0.992767
725.000000 0.971219
726.000000 0.948929
727.000000 0.925753
728.000000 0.901625
729.000000 0.876696
730.000000 0.851264
731.000000 0.826956
732.000000 0.802815
733.000000 0.777416
734.000000 0.751624
735.000000 0.725638
736.000000 0.699594
737.000000 0.673576
738.000000 0.647705
739.000000 0.622024
740.000000 0.596613
741.000000 0.571708
742.000000 0.547313
743.000000 0.523449
744.000000 0.500215
745.000000 0.477410
746.000000 0.455081
747.000000 0.433347
748.000000 0.412269
749.000000 0.391862
750.000000 0.372199
751.000000 0.353145
752.000000 0.334589
753.000000 0.316608
754.000000 0.299270
755.000000 0.282662
756.000000 0.266750
757.000000 0.251525
758.000000 0.236980
759.000000 0.222980
760.000000 0.209555
761.000000 0.196716
762.000000 0.184549
763.000000 0.173028
764.000000 0.161967
765.000000 0.151343
766.000000 0.141292
767.000000 0.131876
768.000000 0.122988
769.000000 0.114578
770.000000 0.106651
771.000000 0.099268
772.000000 0.092372
773.000000 0.085844
774.000000 0.079683
775.000000 0.073948
776.000000 0.068370
777.000000 0.063046
778.000000 0.058332
779.000000 0.054011
780.000000 0.049941
781.000000 0.046176
782.000000 0.042731
783.000000 0.039559
784.000000 0.036636
785.000000 0.033895
786.000000 0.031350
787.000000 0.029011
788.000000 0.026795
789.000000 0.024768
790.000000 0.022959
791.000000 0.021305
792.000000 0.019803
793.000000 0.018419
794.000000 0.017101
795.000000 0.015874
796.000000 0.014764
797.000000 0.013742
798.000000 0.012803
799.000000 0.011936
800.000000 0.011088
801.000000 0.010366
802.000000 0.009773
803.000000 0.009197
804.000000 0.008652
805.000000 0.008150
806.000000 0.007647
807.000000 0.007204
808.000000 0.006809
809.000000 0.006456
810.000000 0.006185
811.000000 0.005861
812.000000 0.005514
813.000000 0.005239
814.000000 0.005035
815.000000 0.004853
816.000000 0.004672
817.000000 0.004465
818.000000 0.004239
819.000000 0.004061
820.000000 0.003920
821.000000 0.003776
822.000000 0.003649
823.000000 0.003545
824.000000 0.003439
825.000000 0.003315
826.000000 0.003181
827.000000 0.003051
828.000000 0.002958
829.000000 0.002908
830.000000 0.002868
831.000000 0.002825
832.000000 0.002730
833.000000 0.002612
834.000000 0.002532
835.000000 0.002479
836.000000 0.002431
837.000000 0.002359
838.000000 0.002304
839.000000 0.002253
840.000000 0.002205
841.000000 0.002170
842.000000 0.002122
843.000000 0.002055
844.000000 0.002009
845.000000 0.002009
846.000000 0.001983
847.000000 0.001935
848.000000 0.001890
849.000000 0.001873
850.000000 0.001841
851.000000 0.001783
852.000000 0.001760
853.000000 0.001741
854.000000 0.001734
855.000000 0.001702
856.000000 0.001657
857.000000 0.001670
858.000000 0.001712
859.000000 0.001719
860.000000 0.001686
861.000000 0.001654
862.000000 0.001580
863.000000 0.001527
864.000000 0.001508
865.000000 0.001488
866.000000 0.001468
867.000000 0.001451
868.000000 0.001445
869.000000 0.001441
870.000000 0.001417
871.000000 0.001384
872.000000 0.001384
873.000000 0.001381
874.000000 0.001389
875.000000 0.001440
876.000000 0.001481
877.000000 0.001470
878.000000 0.001421
879.000000 0.001405
880.000000 0.001385
881.000000 0.001319
882.000000 0.001289
883.000000 0.001300
884.000000 0.001312
885.000000 0.001320
886.000000 0.001339
887.000000 0.001357
888.000000 0.001343
889.000000 0.001291
890.000000 0.001235
891.000000 0.001193
892.000000 0.001162
893.000000 0.001151
894.000000 0.001150
895.000000 0.001152
896.000000 0.001168
897.000000 0.001195
898.000000 0.001228
899.000000 0.001234
900.000000 0.001226
