315.000000 0.184282
316.000000 0.185146
317.000000 0.186453
318.000000 0.187583
319.000000 0.188381
320.000000 0.190019
321.000000 0.192559
322.000000 0.194713
323.000000 0.195923
324.000000 0.197185
325.000000 0.199022
326.000000 0.201320
327.000000 0.203947
328.000000 0.206254
329.000000 0.208229
330.000000 0.210129
331.000000 0.211995
332.000000 0.213733
333.000000 0.215645
334.000000 0.217792
335.000000 0.219442
336.000000 0.220679
337.000000 0.221959
338.000000 0.223270
339.000000 0.224478
340.000000 0.225878
341.000000 0.227526
342.000000 0.229065
343.000000 0.230615
344.000000 0.232176
345.000000 0.233018
346.000000 0.233686
347.000000 0.234623
348.000000 0.235360
349.000000 0.235762
350.000000 0.235783
351.000000 0.235555
352.000000 0.235038
353.000000 0.234388
354.000000 0.233660
355.000000 0.232670
356.000000 0.231558
357.000000 0.230502
358.000000 0.229325
359.000000 0.228153
360.000000 0.227081
361.000000 0.226098
362.000000 0.225126
363.000000 0.224010
364.000000 0.222941
365.000000 0.221938
366.000000 0.220945
367.000000 0.219954
368.000000 0.218877
369.000000 0.217848
370.000000 0.216630
371.000000 0.215138
372.000000 0.213893
373.000000 0.213058
374.000000 0.212632
375.000000 0.211988
376.000000 0.210922
377.000000 0.209725
378.000000 0.208501
379.000000 0.207387
380.000000 0.206504
381.000000 0.205848
382.000000 0.204977
383.000000 0.204058
384.000000 0.203357
385.000000 0.202655
386.000000 0.202305
387.000000 0.202622
388.000000 0.202971
389.000000 0.203265
390.000000 0.203753
391.000000 0.204347
392.000000 0.205005
393.000000 0.205694
394.000000 0.206434
395.000000 0.207523
396.000000 0.208774
397.000000 0.210031
398.000000 0.211482
399.000000 0.212874
400.000000 0.214274
401.000000 0.215914
402.000000 0.217500
403.000000 0.218903
404.000000 0.220331
405.000000 0.221976
406.000000 0.223691
407.000000 0.225246
408.000000 0.226863
409.000000 0.228421
410.000000 0.229891
411.000000 0.231113
412.000000 0.232092
413.000000 0.233083
414.000000 0.234301
415.000000 0.235562
416.000000 0.236676
417.000000 0.238220
418.000000 0.239831
419.000000 0.240988
420.000000 0.242258
421.000000 0.243744
422.000000 0.245131
423.000000 0.246673
424.000000 0.248391
425.000000 0.249894
426.000000 0.251330
427.000000 0.252778
428.000000 0.253896
429.000000 0.254784
430.000000 0.255595
431.000000 0.256186
432.000000 0.256308
433.000000 0.256014
434.000000 0.255387
435.000000 0.254199
436.000000 0.252714
437.000000 0.251037
438.000000 0.248869
439.000000 0.246341
440.000000 0.243662
441.000000 0.240829
442.000000 0.237960
443.000000 0.234775
444.000000 0.231277
445.000000 0.227782
446.000000 0.223990
447.000000 0.220066
448.000000 0.216059
449.000000 0.211900
450.000000 0.207759
451.000000 0.203450
452.000000 0.199022
453.000000 0.194766
454.000000 0.190458
455.000000 0.186045
456.000000 0.181668
457.000000 0.177332
458.000000 0.173235
459.000000 0.169070
460.000000 0.164921
461.000000 0.161065
462.000000 0.157206
463.000000 0.153438
464.000000 0.149732
465.000000 0.146122
466.000000 0.142944
467.000000 0.139869
468.000000 0.136780
469.000000 0.133756
470.000000 0.130874
471.000000 0.128257
472.000000 0.125686
473.000000 0.123212
474.000000 0.120862
475.000000 0.118538
476.000000 0.116396
477.000000 0.114432
478.000000 0.112617
479.000000 0.110932
480.000000 0.109365
481.000000 0.107863
482.000000 0.106503
483.000000 0.105351
484.000000 0.104243
485.000000 0.103159
486.000000 0.102244
487.000000 0.101502
488.000000 0.100848
489.000000 0.100032
490.000000 0.099125
491.000000 0.098850
492.000000 0.099102
493.000000 0.099149
494.000000 0.099425
495.000000 0.099817
496.000000 0.099969
497.000000 0.100192
498.000000 0.100499
499.000000 0.101123
500.000000 0.102180
501.000000 0.103058
502.000000 0.103957
503.000000 0.105226
504.000000 0.106220
505.000000 0.107383
506.000000 0.109175
507.000000 0.111112
508.000000 0.112666
509.000000 0.114345
510.000000 0.116344
511.000000 0.118321
512.000000 0.120371
513.000000 0.122655
514.000000 0.125114
515.000000 0.127580
516.000000 0.129937
517.000000 0.131903
518.000000 0.133835
519.000000 0.136019
520.000000 0.138125
521.000000 0.140031
522.000000 0.141735
523.000000 0.143260
524.000000 0.144722
525.000000 0.145848
526.000000 0.146723
527.000000 0.147747
528.000000 0.148719
529.000000 0.149184
530.000000 0.149510
531.000000 0.149971
532.000000 0.150439
533.000000 0.151015
534.000000 0.151485
535.000000 0.151984
536.000000 0.152937
537.000000 0.154083
538.000000 0.155351
539.000000 0.156808
540.000000 0.158461
541.000000 0.160644
542.000000 0.163254
543.000000 0.166340
544.000000 0.170053
545.000000 0.174064
546.000000 0.178529
547.000000 0.183792
548.000000 0.189194
549.000000 0.194579
550.000000 0.200078
551.000000 0.205549
552.000000 0.211030
553.000000 0.216341
554.000000 0.221524
555.000000 0.226481
556.000000 0.230762
557.000000 0.234458
558.000000 0.237843
559.000000 0.240508
560.000000 0.242321
561.000000 0.243077
562.000000 0.242707
563.000000 0.241508
564.000000 0.239340
565.000000 0.236292
566.000000 0.232432
567.000000 0.227622
568.000000 0.222393
569.000000 0.216572
570.000000 0.210238
571.000000 0.203476
572.000000 0.196351
573.000000 0.188890
574.000000 0.181025
575.000000 0.173559
576.000000 0.166483
577.000000 0.159747
578.000000 0.153249
579.000000 0.147004
580.000000 0.141040
581.000000 0.135206
582.000000 0.129870
583.000000 0.125112
584.000000 0.120845
585.000000 0.116975
586.000000 0.113297
587.000000 0.110088
588.000000 0.107515
589.000000 0.105218
590.000000 0.103043
591.000000 0.101032
592.000000 0.099283
593.000000 0.097789
594.000000 0.096657
595.000000 0.095767
596.000000 0.094956
597.000000 0.094252
598.000000 0.093773
599.000000 0.093523
600.000000 0.093287
601.000000 0.093113
602.000000 0.093035
603.000000 0.093056
604.000000 0.093175
605.000000 0.093355
606.000000 0.093650
607.000000 0.094102
608.000000 0.094642
609.000000 0.095234
610.000000 0.095957
611.000000 0.096757
612.000000 0.097709
613.000000 0.098762
614.000000 0.099916
615.000000 0.101247
616.000000 0.102524
617.000000 0.103971
618.000000 0.105806
619.000000 0.107698
620.000000 0.109651
621.000000 0.111899
622.000000 0.114268
623.000000 0.116743
624.000000 0.119501
625.000000 0.122346
626.000000 0.125377
627.000000 0.128703
628.000000 0.132024
629.000000 0.135516
630.000000 0.139332
631.000000 0.143292
632.000000 0.147276
633.000000 0.151412
634.000000 0.155811
635.000000 0.160182
636.000000 0.164557
637.000000 0.169145
638.000000 0.173677
639.000000 0.178223
640.000000 0.182943
641.000000 0.187685
642.000000 0.192123
643.000000 0.196372
644.000000 0.200798
645.000000 0.205018
646.000000 0.209067
647.000000 0.213142
648.000000 0.217158
649.000000 0.220884
650.000000 0.224338
651.000000 0.227820
652.000000 0.231189
653.000000 0.234285
654.000000 0.237207
655.000000 0.240030
656.000000 0.242683
657.000000 0.245094
658.000000 0.247456
659.000000 0.249836
660.000000 0.252126
661.000000 0.254351
662.000000 0.256543
663.000000 0.258850
664.000000 0.261313
665.000000 0.263741
666.000000 0.266187
667.000000 0.268907
668.000000 0.271852
669.000000 0.274846
670.000000 0.278058
671.000000 0.281631
672.000000 0.285521
673.000000 0.289845
674.000000 0.294308
675.000000 0.299053
676.000000 0.304428
677.000000 0.310354
678.000000 0.316787
679.000000 0.323357
680.000000 0.330275
681.000000 0.337946
682.000000 0.346272
683.000000 0.355172
684.000000 0.364274
685.000000 0.373778
686.000000 0.384145
687.000000 0.395092
688.000000 0.406423
689.000000 0.418147
690.000000 0.429741
691.000000 0.441463
692.000000 0.453873
693.000000 0.466576
694.000000 0.479342
695.000000 0.492230
696.000000 0.504603
697.000000 0.516587
698.000000 0.528832
699.000000 0.540883
700.000000 0.552523
701.000000 0.563589
702.000000 0.573648
703.000000 0.582836
704.000000 0.591595
705.000000 0.599630
706.000000 0.606625
707.000000 0.612595
708.000000 0.617498
709.000000 0.621245
710.000000 0.623854
711.000000 0.625299
712.000000 0.625652
713.000000 0.624788
714.000000 0.622715
715.000000 0.619490
716.000000 0.615040
717.000000 0.609412
718.000000 0.602654
719.000000 0.595303
720.000000 0.587305
721.000000 0.578236
722.000000 0.568192
723.000000 0.557378
724.000000 0.545945
725.000000 0.534040
726.000000 0.521825
727.000000 0.509208
728.000000 0.496106
729.000000 0.482583
730.000000 0.468790
731.000000 0.455607
732.000000 0.442593
733.000000 0.428930
734.000000 0.414936
735.000000 0.400796
736.000000 0.386670
737.000000 0.372565
738.000000 0.358554
739.000000 0.344602
740.000000 0.330794
741.000000 0.317229
742.000000 0.303908
743.000000 0.290820
744.000000 0.278001
745.000000 0.265417
746.000000 0.253077
747.000000 0.241026
748.000000 0.229297
749.000000 0.217906
750.000000 0.206909
751.000000 0.196300
752.000000 0.185987
753.000000 0.176057
754.000000 0.166509
755.000000 0.157289
756.000000 0.148457
757.000000 0.140051
758.000000 0.131975
759.000000 0.124199
760.000000 0.116806
761.000000 0.109758
762.000000 0.103114
763.000000 0.096893
764.000000 0.090917
765.000000 0.085162
766.000000 0.079741
767.000000 0.074624
768.000000 0.069797
769.000000 0.065323
770.000000 0.061161
771.000000 0.057268
772.000000 0.053604
773.000000 0.050158
774.000000 0.046970
775.000000 0.043961
776.000000 0.041017
777.000000 0.038281
778.000000 0.035787
779.000000 0.033529
780.000000 0.031489
781.000000 0.029539
782.000000 0.027741
783.000000 0.026112
784.000000 0.024614
785.000000 0.023262
786.000000 0.021975
787.000000 0.020747
788.000000 0.019713
789.000000 0.018813
790.000000 0.017974
791.000000 0.017224
792.000000 0.016582
793.000000 0.015946
794.000000 0.015327
795.000000 0.014818
796.000000 0.014320
797.000000 0.013843
798.000000 0.013415
799.000000 0.013112
800.000000 0.012857
801.000000 0.012549
802.000000 0.012272
803.000000 0.011989
804.000000 0.011765
805.000000 0.011601
806.000000 0.011473
807.000000 0.011344
808.000000 0.011171
809.000000 0.011003
810.000000 0.010906
811.000000 0.010843
812.000000 0.010751
813.000000 0.010642
814.000000 0.010523
815.000000 0.010423
816.000000 0.010327
817.000000 0.010226
818.000000 0.010122
819.000000 0.010027
820.000000 0.009951
821.000000 0.009883
822.000000 0.009782
823.000000 0.009633
824.000000 0.009542
825.000000 0.009494
826.000000 0.009397
827.000000 0.009228
828.000000 0.009111
829.000000 0.009036
830.000000 0.008880
831.000000 0.008717
832.000000 0.008582
833.000000 0.008461
834.000000 0.008368
835.000000 0.008261
836.000000 0.008150
837.000000 0.008039
838.000000 0.007889
839.000000 0.007752
840.000000 0.007586
841.000000 0.007407
842.000000 0.007268
843.000000 0.007107
844.000000 0.006920
845.000000 0.006767
846.000000 0.006629
847.000000 0.006465
848.000000 0.006304
849.000000 0.006132
850.000000 0.005951
851.000000 0.005781
852.000000 0.005638
853.000000 0.005504
854.000000 0.005406
855.000000 0.005347
856.000000 0.005242
857.000000 0.005084
858.000000 0.004958
859.000000 0.004861
860.000000 0.004776
861.000000 0.004709
862.000000 0.004593
863.000000 0.004466
864.000000 0.004363
865.000000 0.004252
866.000000 0.004116
867.000000 0.004032
868.000000 0.003996
869.000000 0.003944
870.000000 0.003880
871.000000 0.003802
872.000000 0.003758
873.000000 0.003716
874.000000 0.003658
875.000000 0.003603
876.000000 0.003519
877.000000 0.003451
878.000000 0.003394
879.000000 0.003311
880.000000 0.003232
881.000000 0.003168
882.000000 0.003103
883.000000 0.003027
884.000000 0.002955
885.000000 0.002916
886.000000 0.002891
887.000000 0.002845
888.000000 0.002781
889.000000 0.002735
890.000000 0.002723
891.000000 0.002687
892.000000 0.002618
893.000000 0.002577
894.000000 0.002563
895.000000 0.002528
896.000000 0.002519
897.000000 0.002543
898.000000 0.002550
899.000000 0.002533
900.000000 0.002512
