315.000000 0.169876
316.000000 0.171475
317.000000 0.172486
318.000000 0.173231
319.000000 0.174357
320.000000 0.176265
321.000000 0.177249
322.000000 0.177985
323.000000 0.179538
324.000000 0.180983
325.000000 0.182599
326.000000 0.184745
327.000000 0.186943
328.000000 0.188822
329.000000 0.190677
330.000000 0.192619
331.000000 0.194445
332.000000 0.196246
333.000000 0.197911
334.000000 0.199833
335.000000 0.202182
336.000000 0.204335
337.000000 0.206141
338.000000 0.208055
339.000000 0.210340
340.000000 0.212813
341.000000 0.215070
342.000000 0.217216
343.000000 0.219203
344.000000 0.221280
345.000000 0.223432
346.000000 0.225162
347.000000 0.226671
348.000000 0.228058
349.000000 0.229231
350.000000 0.230139
351.000000 0.231080
352.000000 0.231992
353.000000 0.232569
354.000000 0.232778
355.000000 0.232581
356.000000 0.232386
357.000000 0.232351
358.000000 0.232116
359.000000 0.231634
360.000000 0.231147
361.000000 0.230599
362.000000 0.229906
363.000000 0.229223
364.000000 0.228358
365.000000 0.227219
366.000000 0.226112
367.000000 0.224933
368.000000 0.223720
369.000000 0.222587
370.000000 0.221823
371.000000 0.220703
372.000000 0.218410
373.000000 0.215666
374.000000 0.213766
375.000000 0.212436
376.000000 0.210747
377.000000 0.209009
378.000000 0.207264
379.000000 0.205130
380.000000 0.202845
381.000000 0.200505
382.000000 0.198518
383.000000 0.196990
384.000000 0.195318
385.000000 0.193822
386.000000 0.192461
387.000000 0.191361
388.000000 0.190534
389.000000 0.189635
390.000000 0.189017
391.000000 0.188613
392.000000 0.188412
393.000000 0.188493
394.000000 0.188540
395.000000 0.188775
396.000000 0.189028
397.000000 0.189192
398.000000 0.189961
399.000000 0.191101
400.000000 0.192005
401.000000 0.192786
402.000000 0.193623
403.000000 0.194661
404.000000 0.195866
405.000000 0.197039
406.000000 0.198007
407.000000 0.198822
408.000000 0.199732
409.000000 0.200673
410.000000 0.201485
411.000000 0.202298
412.000000 0.202916
413.000000 0.203511
414.000000 0.204311
415.000000 0.205008
416.000000 0.205711
417.000000 0.206419
418.000000 0.206976
419.000000 0.207634
420.000000 0.208357
421.000000 0.209206
422.000000 0.210297
423.000000 0.211661
424.000000 0.213206
425.000000 0.214791
426.000000 0.216563
427.000000 0.218475
428.000000 0.220263
429.000000 0.222148
430.000000 0.224097
431.000000 0.225811
432.000000 0.227491
433.000000 0.228812
434.000000 0.229731
435.000000 0.230416
436.000000 0.230797
437.000000 0.230769
438.000000 0.230248
439.000000 0.229294
440.000000 0.227835
441.000000 0.226115
442.000000 0.224193
443.000000 0.221809
444.000000 0.218981
445.000000 0.215835
446.000000 0.212305
447.000000 0.208472
448.000000 0.204398
449.000000 0.200233
450.000000 0.196050
451.000000 0.191451
452.000000 0.186605
453.000000 0.181934
454.000000 0.177212
455.000000 0.172383
456.000000 0.167447
457.000000 0.162536
458.000000 0.157833
459.000000 0.153006
460.000000 0.148265
461.000000 0.143730
462.000000 0.139039
463.000000 0.134437
464.000000 0.129941
465.000000 0.125465
466.000000 0.121298
467.000000 0.117187
468.000000 0.113140
469.000000 0.109117
470.000000 0.105191
471.000000 0.101553
472.000000 0.097928
473.000000 0.094420
474.000000 0.091023
475.000000 0.087721
476.000000 0.084678
477.000000 0.081683
478.000000 0.078798
479.000000 0.076087
480.000000 0.073486
481.000000 0.070967
482.000000 0.068596
483.000000 0.066496
484.000000 0.064410
485.000000 0.062354
486.000000 0.060424
487.000000 0.058647
488.000000 0.057018
489.000000 0.055284
490.000000 0.053686
491.000000 0.052421
492.000000 0.051304
493.000000 0.050305
494.000000 0.049218
495.000000 0.047965
496.000000 0.046841
497.000000 0.046026
498.000000 0.045401
499.000000 0.044633
500.000000 0.043491
501.000000 0.042352
502.000000 0.041656
503.000000 0.041263
504.000000 0.040832
505.000000 0.040313
506.000000 0.040110
507.000000 0.040057
508.000000 0.039735
509.000000 0.039361
510.000000 0.039040
511.000000 0.038629
512.000000 0.038234
513.000000 0.037834
514.000000 0.037443
515.000000 0.037173
516.000000 0.037066
517.000000 0.036762
518.000000 0.036505
519.000000 0.036688
520.000000 0.036759
521.000000 0.036605
522.000000 0.036572
523.000000 0.036392
524.000000 0.035872
525.000000 0.035675
526.000000 0.035795
527.000000 0.035843
528.000000 0.035909
529.000000 0.035913
530.000000 0.035776
531.000000 0.035724
532.000000 0.035639
533.000000 0.035620
534.000000 0.035849
535.000000 0.035950
536.000000 0.035982
537.000000 0.035912
538.000000 0.035765
539.000000 0.035900
540.000000 0.036248
541.000000 0.036547
542.000000 0.036880
543.000000 0.037051
544.000000 0.037038
545.000000 0.037281
546.000000 0.037821
547.000000 0.038453
548.000000 0.038921
549.000000 0.039188
550.000000 0.039669
551.000000 0.040354
552.000000 0.040896
553.000000 0.041460
554.000000 0.042088
555.000000 0.042833
556.000000 0.043397
557.000000 0.043752
558.000000 0.044154
559.000000 0.044683
560.000000 0.045340
561.000000 0.046026
562.000000 0.046689
563.000000 0.047195
564.000000 0.047801
565.000000 0.048556
566.000000 0.049232
567.000000 0.049840
568.000000 0.050387
569.000000 0.050932
570.000000 0.051608
571.000000 0.052341
572.000000 0.053128
573.000000 0.054020
574.000000 0.055037
575.000000 0.055989
576.000000 0.056884
577.000000 0.057999
578.000000 0.059136
579.000000 0.060319
580.000000 0.061614
581.000000 0.063012
582.000000 0.064553
583.000000 0.066163
584.000000 0.067612
585.000000 0.069023
586.000000 0.070798
587.000000 0.072716
588.000000 0.074621
589.000000 0.076592
590.000000 0.078651
591.000000 0.080828
592.000000 0.082949
593.000000 0.085084
594.000000 0.087201
595.000000 0.089214
596.000000 0.091403
597.000000 0.093608
598.000000 0.095716
599.000000 0.098023
600.000000 0.100381
601.000000 0.102611
602.000000 0.104805
603.000000 0.107075
604.000000 0.109525
605.000000 0.112001
606.000000 0.114367
607.000000 0.116839
608.000000 0.119366
609.000000 0.121979
610.000000 0.124821
611.000000 0.127655
612.000000 0.130606
613.000000 0.133745
614.000000 0.137057
615.000000 0.140696
616.000000 0.144354
617.000000 0.148107
618.000000 0.152240
619.000000 0.156420
620.000000 0.160763
621.000000 0.165620
622.000000 0.170617
623.000000 0.175719
624.000000 0.181236
625.000000 0.186996
626.000000 0.193018
627.000000 0.199482
628.000000 0.206017
629.000000 0.212766
630.000000 0.220084
631.000000 0.227753
632.000000 0.235351
633.000000 0.243120
634.000000 0.251443
635.000000 0.259678
636.000000 0.267983
637.000000 0.276799
638.000000 0.285475
639.000000 0.294050
640.000000 0.302911
641.000000 0.311879
642.000000 0.320355
643.000000 0.328548
644.000000 0.337091
645.000000 0.345273
646.000000 0.353084
647.000000 0.360981
648.000000 0.368718
649.000000 0.375862
650.000000 0.382625
651.000000 0.389326
652.000000 0.395831
653.000000 0.401795
654.000000 0.407316
655.000000 0.412687
656.000000 0.417807
657.000000 0.422572
658.000000 0.427086
659.000000 0.431597
660.000000 0.436002
661.000000 0.440138
662.000000 0.444213
663.000000 0.448453
664.000000 0.452752
665.000000 0.456977
666.000000 0.461274
667.000000 0.465922
668.000000 0.470896
669.000000 0.475987
670.000000 0.481387
671.000000 0.487467
672.000000 0.494146
673.000000 0.501459
674.000000 0.508970
675.000000 0.517015
676.000000 0.526159
677.000000 0.536238
678.000000 0.547221
679.000000 0.558533
680.000000 0.570547
681.000000 0.583892
682.000000 0.598378
683.000000 0.613904
684.000000 0.629864
685.000000 0.646600
686.000000 0.664894
687.000000 0.684258
688.000000 0.704369
689.000000 0.725226
690.000000 0.746072
691.000000 0.767327
692.000000 0.789839
693.000000 0.813001
694.000000 0.836534
695.000000 0.860329
696.000000 0.883204
697.000000 0.905514
698.000000 0.928439
699.000000 0.951230
700.000000 0.973551
701.000000 0.995025
702.000000 1.014806
703.000000 1.033369
704.000000 1.051388
705.000000 1.068078
706.000000 1.083023
707.000000 1.096116
708.000000 1.107309
709.000000 1.116572
710.000000 1.123733
711.000000 1.128733
712.000000 1.131650
713.000000 1.132339
714.000000 1.130738
715.000000 1.126702
716.000000 1.120343
717.000000 1.111664
718.000000 1.100880
719.000000 1.088970
720.000000 1.075382
721.000000 1.059441
722.000000 1.041576
723.000000 1.022089
724.000000 1.001277
725.000000 0.979481
726.000000 0.956898
727.000000 0.933449
728.000000 0.909080
729.000000 0.883946
730.000000 0.858334
731.000000 0.833908
732.000000 0.809609
733.000000 0.784034
734.000000 0.758053
735.000000 0.731836
736.000000 0.705575
737.000000 0.679451
738.000000 0.653423
739.000000 0.627569
740.000000 0.601994
741.000000 0.576811
742.000000 0.552235
743.000000 0.528247
744.000000 0.504793
745.000000 0.481828
746.000000 0.459348
747.000000 0.437397
748.000000 0.416115
749.000000 0.395501
750.000000 0.375600
751.000000 0.356381
752.000000 0.337831
753.000000 0.319816
754.000000 0.302364
755.000000 0.285671
756.000000 0.269664
757.000000 0.254306
758.000000 0.239623
759.000000 0.225509
760.000000 0.211997
761.000000 0.199111
762.000000 0.186827
763.000000 0.175134
764.000000 0.163981
765.000000 0.153269
766.000000 0.143028
767.000000 0.133445
768.000000 0.124528
769.000000 0.116126
770.000000 0.108176
771.000000 0.100773
772.000000 0.093825
773.000000 0.087247
774.000000 0.081082
775.000000 0.075326
776.000000 0.069664
777.000000 0.064201
778.000000 0.059331
779.000000 0.054938
780.000000 0.050856
781.000000 0.047037
782.000000 0.043524
783.000000 0.040273
784.000000 0.037275
785.000000 0.034504
786.000000 0.031906
787.000000 0.029545
788.000000 0.027297
789.000000 0.025209
790.000000 0.023395
791.000000 0.021763
792.000000 0.020244
793.000000 0.018837
794.000000 0.017498
795.000000 0.016236
796.000000 0.015100
797.000000 0.014067
798.000000 0.013152
799.000000 0.012302
800.000000 0.011463
801.000000 0.010742
802.000000 0.010122
803.000000 0.009520
804.000000 0.008963
805.000000 0.008386
806.000000 0.007841
807.000000 0.007406
808.000000 0.007049
809.000000 0.006740
810.000000 0.006430
811.000000 0.006031
812.000000 0.005617
813.000000 0.005327
814.000000 0.005114
815.000000 0.004899
816.000000 0.004720
817.000000 0.004548
818.000000 0.004326
819.000000 0.004135
820.000000 0.003973
821.000000 0.003807
822.000000 0.003652
823.000000 0.003538
824.000000 0.003457
825.000000 0.003340
826.000000 0.003262
827.000000 0.003211
828.000000 0.003082
829.000000 0.002960
830.000000 0.002882
831.000000 0.002847
832.000000 0.002818
833.000000 0.002745
834.000000 0.002658
835.000000 0.002592
836.000000 0.002511
837.000000 0.002396
838.000000 0.002315
839.000000 0.002235
840.000000 0.002167
841.000000 0.002123
842.000000 0.002064
843.000000 0.002017
844.000000 0.001994
845.000000 0.002016
846.000000 0.001991
847.000000 0.001923
848.000000 0.001877
849.000000 0.001822
850.000000 0.001781
851.000000 0.001743
852.000000 0.001705
853.000000 0.001681
854.000000 0.001671
855.000000 0.001629
856.000000 0.001580
857.000000 0.001576
858.000000 0.001612
859.000000 0.001638
860.000000 0.001641
861.000000 0.001662
862.000000 0.001638
863.000000 0.001580
864.000000 0.001556
865.000000 0.001545
866.000000 0.001509
867.000000 0.001450
868.000000 0.001404
869.000000 0.001403
870.000000 0.001398
871.000000 0.001383
872.000000 0.001402
873.000000 0.001432
874.000000 0.001443
875.000000 0.001461
876.000000 0.001454
877.000000 0.001412
878.000000 0.001379
879.000000 0.001383
880.000000 0.001393
881.000000 0.001371
882.000000 0.001352
883.000000 0.001354
884.000000 0.001358
885.000000 0.001346
886.000000 0.001332
887.000000 0.001329
888.000000 0.001317
889.000000 0.001291
890.000000 0.001275
891.000000 0.001244
892.000000 0.001196
893.000000 0.001175
894.000000 0.001160
895.000000 0.001166
896.000000 0.001186
897.000000 0.001216
898.000000 0.001241
899.000000 0.001242
900.000000 0.001247
