315.000000 0.169333
316.000000 0.170424
317.000000 0.171893
318.000000 0.173011
319.000000 0.173455
320.000000 0.174536
321.000000 0.175731
322.000000 0.177236
323.000000 0.179063
324.000000 0.180412
325.000000 0.182047
326.000000 0.183895
327.000000 0.185780
328.000000 0.187561
329.000000 0.189616
330.000000 0.191676
331.000000 0.193875
332.000000 0.196471
333.000000 0.198278
334.000000 0.199780
335.000000 0.201613
336.000000 0.203631
337.000000 0.205698
338.000000 0.208002
339.000000 0.210401
340.000000 0.212536
341.000000 0.214612
342.000000 0.216876
343.000000 0.219172
344.000000 0.221157
345.000000 0.223040
346.000000 0.224765
347.000000 0.226200
348.000000 0.227380
349.000000 0.228447
350.000000 0.229395
351.000000 0.230322
352.000000 0.231328
353.000000 0.232141
354.000000 0.232752
355.000000 0.232922
356.000000 0.232885
357.000000 0.232766
358.000000 0.232364
359.000000 0.231981
360.000000 0.231511
361.000000 0.230963
362.000000 0.230287
363.000000 0.229412
364.000000 0.228341
365.000000 0.227192
366.000000 0.226091
367.000000 0.224851
368.000000 0.223755
369.000000 0.222758
370.000000 0.221603
371.000000 0.220405
372.000000 0.218684
373.000000 0.216601
374.000000 0.214633
375.000000 0.212677
376.000000 0.210890
377.000000 0.208771
378.000000 0.206420
379.000000 0.204344
380.000000 0.202459
381.000000 0.200462
382.000000 0.198526
383.000000 0.196498
384.000000 0.194501
385.000000 0.193135
386.000000 0.191847
387.000000 0.190653
388.000000 0.189674
389.000000 0.188879
390.000000 0.188406
391.000000 0.188044
392.000000 0.187823
393.000000 0.187955
394.000000 0.188259
395.000000 0.188549
396.000000 0.188783
397.000000 0.189154
398.000000 0.189895
399.000000 0.190820
400.000000 0.191759
401.000000 0.192603
402.000000 0.193432
403.000000 0.194443
404.000000 0.195598
405.000000 0.196727
406.000000 0.197733
407.000000 0.198632
408.000000 0.199398
409.000000 0.200279
410.000000 0.201187
411.000000 0.201958
412.000000 0.202613
413.000000 0.203281
414.000000 0.204079
415.000000 0.204701
416.000000 0.205349
417.000000 0.206111
418.000000 0.206758
419.000000 0.207451
420.000000 0.208142
421.000000 0.208964
422.000000 0.210029
423.000000 0.211287
424.000000 0.212841
425.000000 0.214536
426.000000 0.216413
427.000000 0.218478
428.000000 0.220357
429.000000 0.222270
430.000000 0.224139
431.000000 0.225790
432.000000 0.227499
433.000000 0.228899
434.000000 0.229799
435.000000 0.230432
436.000000 0.230814
437.000000 0.230753
438.000000 0.230335
439.000000 0.229535
440.000000 0.228190
441.000000 0.226460
442.000000 0.224412
443.000000 0.221943
444.000000 0.219168
445.000000 0.216114
446.000000 0.212591
447.000000 0.208784
448.000000 0.204688
449.000000 0.200423
450.000000 0.196214
451.000000 0.191723
452.000000 0.186944
453.000000 0.182256
454.000000 0.177563
455.000000 0.172814
456.000000 0.167961
457.000000 0.163034
458.000000 0.158304
459.000000 0.153524
460.000000 0.148855
461.000000 0.144419
462.000000 0.139757
463.000000 0.135123
464.000000 0.130606
465.000000 0.126149
466.000000 0.121992
467.000000 0.117920
468.000000 0.113923
469.000000 0.109919
470.000000 0.106032
471.000000 0.102474
472.000000 0.098855
473.000000 0.095246
474.000000 0.091830
475.000000 0.088523
476.000000 0.085411
477.000000 0.082417
478.000000 0.079636
479.000000 0.076963
480.000000 0.074361
481.000000 0.071928
482.000000 0.069605
483.000000 0.067440
484.000000 0.065299
485.000000 0.063243
486.000000 0.061400
487.000000 0.059711
488.000000 0.058085
489.000000 0.056385
490.000000 0.054612
491.000000 0.052957
492.000000 0.051963
493.000000 0.051191
494.000000 0.050138
495.000000 0.049226
496.000000 0.048379
497.000000 0.047481
498.000000 0.046752
499.000000 0.046043
500.000000 0.044813
501.000000 0.043506
502.000000 0.042671
503.000000 0.042255
504.000000 0.041935
505.000000 0.041495
506.000000 0.041320
507.000000 0.041230
508.000000 0.040804
509.000000 0.040340
510.000000 0.039824
511.000000 0.039277
512.000000 0.038879
513.000000 0.038487
514.000000 0.038293
515.000000 0.038102
516.000000 0.038111
517.000000 0.038026
518.000000 0.037824
519.000000 0.037862
520.000000 0.037763
521.000000 0.037706
522.000000 0.037728
523.000000 0.037386
524.000000 0.036887
525.000000 0.036813
526.000000 0.036688
527.000000 0.036567
528.000000 0.036939
529.000000 0.037180
530.000000 0.036852
531.000000 0.036612
532.000000 0.036605
533.000000 0.036516
534.000000 0.036517
535.000000 0.036525
536.000000 0.036664
537.000000 0.036667
538.000000 0.036653
539.000000 0.036939
540.000000 0.037077
541.000000 0.037015
542.000000 0.037182
543.000000 0.037424
544.000000 0.037468
545.000000 0.037833
546.000000 0.038669
547.000000 0.039355
548.000000 0.039655
549.000000 0.039870
550.000000 0.040263
551.000000 0.040783
552.000000 0.041189
553.000000 0.041670
554.000000 0.042282
555.000000 0.042880
556.000000 0.043404
557.000000 0.043928
558.000000 0.044436
559.000000 0.045051
560.000000 0.045745
561.000000 0.046290
562.000000 0.046803
563.000000 0.047261
564.000000 0.047800
565.000000 0.048500
566.000000 0.049207
567.000000 0.049872
568.000000 0.050398
569.000000 0.051004
570.000000 0.051805
571.000000 0.052615
572.000000 0.053458
573.000000 0.054474
574.000000 0.055554
575.000000 0.056467
576.000000 0.057497
577.000000 0.058754
578.000000 0.059865
579.000000 0.061065
580.000000 0.062423
581.000000 0.063883
582.000000 0.065481
583.000000 0.067119
584.000000 0.068672
585.000000 0.070283
586.000000 0.072106
587.000000 0.073967
588.000000 0.075892
589.000000 0.077787
590.000000 0.079858
591.000000 0.082159
592.000000 0.084337
593.000000 0.086456
594.000000 0.088598
595.000000 0.090681
596.000000 0.092773
597.000000 0.094782
598.000000 0.096804
599.000000 0.099083
600.000000 0.101386
601.000000 0.103659
602.000000 0.105987
603.000000 0.108379
604.000000 0.110873
605.000000 0.113293
606.000000 0.115669
607.000000 0.118113
608.000000 0.120563
609.000000 0.123244
610.000000 0.126151
611.000000 0.128986
612.000000 0.131917
613.000000 0.135057
614.000000 0.138340
615.000000 0.141917
616.000000 0.145554
617.000000 0.149354
618.000000 0.153541
619.000000 0.157754
620.000000 0.162161
621.000000 0.167047
622.000000 0.172018
623.000000 0.177098
624.000000 0.182661
625.000000 0.188445
626.000000 0.194447
627.000000 0.200924
628.000000 0.207487
629.000000 0.214237
630.000000 0.221556
631.000000 0.229242
632.000000 0.236879
633.000000 0.244693
634.000000 0.253073
635.000000 0.261374
636.000000 0.269764
637.000000 0.278661
638.000000 0.287388
639.000000 0.296032
640.000000 0.304980
641.000000 0.314019
642.000000 0.322513
643.000000 0.330703
644.000000 0.339229
645.000000 0.347381
646.000000 0.355216
647.000000 0.363148
648.000000 0.370907
649.000000 0.378099
650.000000 0.384893
651.000000 0.391661
652.000000 0.398248
653.000000 0.404231
654.000000 0.409784
655.000000 0.415231
656.000000 0.420415
657.000000 0.425232
658.000000 0.429830
659.000000 0.434362
660.000000 0.438747
661.000000 0.442903
662.000000 0.446956
663.000000 0.451161
664.000000 0.455452
665.000000 0.459702
666.000000 0.464039
667.000000 0.468686
668.000000 0.473663
669.000000 0.478804
670.000000 0.484260
671.000000 0.490339
672.000000 0.497013
673.000000 0.504367
674.000000 0.511902
675.000000 0.519991
676.000000 0.529250
677.000000 0.539381
678.000000 0.550371
679.000000 0.561730
680.000000 0.573819
681.000000 0.587239
682.000000 0.601728
683.000000 0.617324
684.000000 0.633450
685.000000 0.650375
686.000000 0.668849
687.000000 0.688351
688.000000 0.708599
689.000000 0.729546
690.000000 0.750355
691.000000 0.771492
692.000000 0.793914
693.000000 0.817093
694.000000 0.840753
695.000000 0.864721
696.000000 0.887781
697.000000 0.910257
698.000000 0.933377
699.000000 0.956420
700.000000 0.978908
701.000000 1.000639
702.000000 1.020777
703.000000 1.039492
704.000000 1.057542
705.000000 1.074224
706.000000 1.089169
707.000000 1.102317
708.000000 1.113622
709.000000 1.122924
710.000000 1.130022
711.000000 1.135022
712.000000 1.137938
713.000000 1.138591
714.000000 1.136915
715.000000 1.132966
716.000000 1.126786
717.000000 1.118179
718.000000 1.107212
719.000000 1.094926
720.000000 1.080997
721.000000 1.064848
722.000000 1.047014
723.000000 1.027591
724.000000 1.006799
725.000000 0.984951
726.000000 0.962279
727.000000 0.938757
728.000000 0.914310
729.000000 0.889105
730.000000 0.863545
731.000000 0.839123
732.000000 0.814700
733.000000 0.788961
734.000000 0.762742
735.000000 0.736343
736.000000 0.709880
737.000000 0.683470
738.000000 0.657255
739.000000 0.631168
740.000000 0.605423
741.000000 0.580160
742.000000 0.555514
743.000000 0.531483
744.000000 0.507904
745.000000 0.484768
746.000000 0.462179
747.000000 0.440186
748.000000 0.418868
749.000000 0.398200
750.000000 0.378270
751.000000 0.358966
752.000000 0.340270
753.000000 0.322238
754.000000 0.304791
755.000000 0.287980
756.000000 0.271808
757.000000 0.256336
758.000000 0.241573
759.000000 0.227366
760.000000 0.213720
761.000000 0.200685
762.000000 0.188352
763.000000 0.176669
764.000000 0.165465
765.000000 0.154684
766.000000 0.144404
767.000000 0.134768
768.000000 0.125714
769.000000 0.117194
770.000000 0.109175
771.000000 0.101673
772.000000 0.094670
773.000000 0.088065
774.000000 0.081833
775.000000 0.076007
776.000000 0.070266
777.000000 0.064808
778.000000 0.060004
779.000000 0.055599
780.000000 0.051512
781.000000 0.047764
782.000000 0.044256
783.000000 0.040951
784.000000 0.037907
785.000000 0.035090
786.000000 0.032490
787.000000 0.030124
788.000000 0.027878
789.000000 0.025739
790.000000 0.023847
791.000000 0.022202
792.000000 0.020689
793.000000 0.019223
794.000000 0.017848
795.000000 0.016628
796.000000 0.015524
797.000000 0.014471
798.000000 0.013471
799.000000 0.012537
800.000000 0.011676
801.000000 0.010949
802.000000 0.010326
803.000000 0.009708
804.000000 0.009121
805.000000 0.008583
806.000000 0.008092
807.000000 0.007669
808.000000 0.007266
809.000000 0.006865
810.000000 0.006521
811.000000 0.006164
812.000000 0.005784
813.000000 0.005488
814.000000 0.005229
815.000000 0.004978
816.000000 0.004783
817.000000 0.004570
818.000000 0.004324
819.000000 0.004180
820.000000 0.004067
821.000000 0.003928
822.000000 0.003827
823.000000 0.003693
824.000000 0.003555
825.000000 0.003447
826.000000 0.003326
827.000000 0.003194
828.000000 0.003037
829.000000 0.002940
830.000000 0.002943
831.000000 0.002914
832.000000 0.002808
833.000000 0.002692
834.000000 0.002579
835.000000 0.002504
836.000000 0.002446
837.000000 0.002380
838.000000 0.002328
839.000000 0.002276
840.000000 0.002239
841.000000 0.002192
842.000000 0.002146
843.000000 0.002111
844.000000 0.002106
845.000000 0.002095
846.000000 0.002039
847.000000 0.001991
848.000000 0.001937
849.000000 0.001861
850.000000 0.001796
851.000000 0.001762
852.000000 0.001765
853.000000 0.001744
854.000000 0.001702
855.000000 0.001658
856.000000 0.001665
857.000000 0.001744
858.000000 0.001789
859.000000 0.001747
860.000000 0.001683
861.000000 0.001641
862.000000 0.001577
863.000000 0.001564
864.000000 0.001564
865.000000 0.001547
866.000000 0.001540
867.000000 0.001507
868.000000 0.001473
869.000000 0.001457
870.000000 0.001403
871.000000 0.001338
872.000000 0.001328
873.000000 0.001332
874.000000 0.001311
875.000000 0.001311
876.000000 0.001327
877.000000 0.001323
878.000000 0.001300
879.000000 0.001306
880.000000 0.001313
881.000000 0.001271
882.000000 0.001264
883.000000 0.001297
884.000000 0.001328
885.000000 0.001322
886.000000 0.001295
887.000000 0.001283
888.000000 0.001275
889.000000 0.001259
890.000000 0.001251
891.000000 0.001261
892.000000 0.001234
893.000000 0.001214
894.000000 0.001216
895.000000 0.001235
896.000000 0.001254
897.000000 0.001247
898.000000 0.001237
899.000000 0.001248
900.000000 0.001276
