315.000000 0.182056
316.000000 0.183383
317.000000 0.184980
318.000000 0.186544
319.000000 0.187754
320.000000 0.189374
321.000000 0.191253
322.000000 0.193117
323.000000 0.195028
324.000000 0.196844
325.000000 0.198573
326.000000 0.200470
327.000000 0.202954
328.000000 0.205430
329.000000 0.207081
330.000000 0.208667
331.000000 0.210557
332.000000 0.212672
333.000000 0.214608
334.000000 0.216331
335.000000 0.217957
336.000000 0.219518
337.000000 0.221232
338.000000 0.222714
339.000000 0.223943
340.000000 0.225485
341.000000 0.227119
342.000000 0.228607
343.000000 0.230151
344.000000 0.231679
345.000000 0.232575
346.000000 0.233367
347.000000 0.234442
348.000000 0.235144
349.000000 0.235537
350.000000 0.235678
351.000000 0.235480
352.000000 0.235088
353.000000 0.234559
354.000000 0.233947
355.000000 0.233141
356.000000 0.232246
357.000000 0.231242
358.000000 0.230081
359.000000 0.229080
360.000000 0.228021
361.000000 0.226977
362.000000 0.226036
363.000000 0.224867
364.000000 0.223781
365.000000 0.222842
366.000000 0.221824
367.000000 0.220790
368.000000 0.219647
369.000000 0.218552
370.000000 0.217304
371.000000 0.215877
372.000000 0.214951
373.000000 0.214550
374.000000 0.214130
375.000000 0.213213
376.000000 0.211918
377.000000 0.210716
378.000000 0.209132
379.000000 0.207505
380.000000 0.206565
381.000000 0.206041
382.000000 0.205520
383.000000 0.204640
384.000000 0.203906
385.000000 0.203424
386.000000 0.203037
387.000000 0.202858
388.000000 0.202938
389.000000 0.203150
390.000000 0.203290
391.000000 0.203850
392.000000 0.204508
393.000000 0.204962
394.000000 0.205795
395.000000 0.207043
396.000000 0.208232
397.000000 0.209265
398.000000 0.210450
399.000000 0.211811
400.000000 0.213297
401.000000 0.215035
402.000000 0.216657
403.000000 0.217937
404.000000 0.219252
405.000000 0.220843
406.000000 0.222489
407.000000 0.223901
408.000000 0.225395
409.000000 0.226978
410.000000 0.228372
411.000000 0.229531
412.000000 0.230704
413.000000 0.231905
414.000000 0.233026
415.000000 0.234104
416.000000 0.235218
417.000000 0.236562
418.000000 0.238004
419.000000 0.239239
420.000000 0.240483
421.000000 0.241946
422.000000 0.243382
423.000000 0.244884
424.000000 0.246473
425.000000 0.247861
426.000000 0.249216
427.000000 0.250683
428.000000 0.251922
429.000000 0.252922
430.000000 0.253712
431.000000 0.254276
432.000000 0.254491
433.000000 0.254225
434.000000 0.253710
435.000000 0.252729
436.000000 0.251272
437.000000 0.249574
438.000000 0.247507
439.000000 0.245132
440.000000 0.242604
441.000000 0.239892
442.000000 0.237099
443.000000 0.234081
444.000000 0.230765
445.000000 0.227323
446.000000 0.223578
447.000000 0.219699
448.000000 0.215679
449.000000 0.211489
450.000000 0.207423
451.000000 0.203114
452.000000 0.198558
453.000000 0.194242
454.000000 0.189889
455.000000 0.185468
456.000000 0.181001
457.000000 0.176484
458.000000 0.172253
459.000000 0.167998
460.000000 0.163820
461.000000 0.159937
462.000000 0.156005
463.000000 0.152159
464.000000 0.148353
465.000000 0.144606
466.000000 0.141260
467.000000 0.138030
468.000000 0.134807
469.000000 0.131693
470.000000 0.128691
471.000000 0.125917
472.000000 0.123272
473.000000 0.120754
474.000000 0.118348
475.000000 0.115935
476.000000 0.113700
477.000000 0.111642
478.000000 0.109696
479.000000 0.107907
480.000000 0.106287
481.000000 0.104715
482.000000 0.103245
483.000000 0.102023
484.000000 0.100797
485.000000 0.099611
486.000000 0.098630
487.000000 0.097742
488.000000 0.096940
489.000000 0.095949
490.000000 0.094989
491.000000 0.094688
492.000000 0.094629
493.000000 0.094294
494.000000 0.094366
495.000000 0.094583
496.000000 0.094511
497.000000 0.094744
498.000000 0.095199
499.000000 0.095746
500.000000 0.096443
501.000000 0.097144
502.000000 0.097983
503.000000 0.098981
504.000000 0.099997
505.000000 0.101171
506.000000 0.102742
507.000000 0.104556
508.000000 0.106133
509.000000 0.107650
510.000000 0.109404
511.000000 0.111332
512.000000 0.113486
513.000000 0.115718
514.000000 0.117859
515.000000 0.120114
516.000000 0.122206
517.000000 0.123898
518.000000 0.125558
519.000000 0.127410
520.000000 0.129184
521.000000 0.130962
522.000000 0.132685
523.000000 0.134104
524.000000 0.135377
525.000000 0.136574
526.000000 0.137527
527.000000 0.138288
528.000000 0.139055
529.000000 0.139694
530.000000 0.140241
531.000000 0.140627
532.000000 0.140835
533.000000 0.141243
534.000000 0.141658
535.000000 0.142056
536.000000 0.142975
537.000000 0.143959
538.000000 0.145261
539.000000 0.146613
540.000000 0.147929
541.000000 0.150050
542.000000 0.152451
543.000000 0.155153
544.000000 0.158502
545.000000 0.162469
546.000000 0.166744
547.000000 0.171464
548.000000 0.176572
549.000000 0.181645
550.000000 0.186745
551.000000 0.191816
552.000000 0.196870
553.000000 0.201960
554.000000 0.206998
555.000000 0.211663
556.000000 0.215540
557.000000 0.218905
558.000000 0.221985
559.000000 0.224416
560.000000 0.226091
561.000000 0.226795
562.000000 0.226550
563.000000 0.225547
564.000000 0.223615
565.000000 0.220887
566.000000 0.217340
567.000000 0.212900
568.000000 0.207989
569.000000 0.202548
570.000000 0.196780
571.000000 0.190629
572.000000 0.184143
573.000000 0.177420
574.000000 0.170287
575.000000 0.163522
576.000000 0.157200
577.000000 0.151066
578.000000 0.145049
579.000000 0.139416
580.000000 0.134082
581.000000 0.128750
582.000000 0.123857
583.000000 0.119506
584.000000 0.115778
585.000000 0.112419
586.000000 0.109301
587.000000 0.106602
588.000000 0.104286
589.000000 0.102260
590.000000 0.100368
591.000000 0.098576
592.000000 0.097109
593.000000 0.095943
594.000000 0.095130
595.000000 0.094563
596.000000 0.093976
597.000000 0.093473
598.000000 0.093108
599.000000 0.092897
600.000000 0.092801
601.000000 0.092844
602.000000 0.092996
603.000000 0.093255
604.000000 0.093537
605.000000 0.093802
606.000000 0.094266
607.000000 0.094916
608.000000 0.095681
609.000000 0.096465
610.000000 0.097242
611.000000 0.098142
612.000000 0.099264
613.000000 0.100500
614.000000 0.101798
615.000000 0.103311
616.000000 0.104810
617.000000 0.106438
618.000000 0.108425
619.000000 0.110427
620.000000 0.112490
621.000000 0.114883
622.000000 0.117468
623.000000 0.120146
624.000000 0.123053
625.000000 0.126086
626.000000 0.129309
627.000000 0.132881
628.000000 0.136509
629.000000 0.140232
630.000000 0.144273
631.000000 0.148521
632.000000 0.152762
633.000000 0.157101
634.000000 0.161716
635.000000 0.166315
636.000000 0.170963
637.000000 0.175870
638.000000 0.180658
639.000000 0.185398
640.000000 0.190331
641.000000 0.195302
642.000000 0.199955
643.000000 0.204461
644.000000 0.209145
645.000000 0.213626
646.000000 0.217936
647.000000 0.222254
648.000000 0.226468
649.000000 0.230372
650.000000 0.234087
651.000000 0.237784
652.000000 0.241365
653.000000 0.244640
654.000000 0.247698
655.000000 0.250670
656.000000 0.253484
657.000000 0.256091
658.000000 0.258566
659.000000 0.261047
660.000000 0.263512
661.000000 0.265882
662.000000 0.268182
663.000000 0.270634
664.000000 0.273251
665.000000 0.275829
666.000000 0.278418
667.000000 0.281242
668.000000 0.284295
669.000000 0.287416
670.000000 0.290729
671.000000 0.294470
672.000000 0.298610
673.000000 0.303114
674.000000 0.307721
675.000000 0.312639
676.000000 0.318235
677.000000 0.324467
678.000000 0.331222
679.000000 0.338118
680.000000 0.345405
681.000000 0.353470
682.000000 0.362211
683.000000 0.371538
684.000000 0.381081
685.000000 0.391050
686.000000 0.401894
687.000000 0.413372
688.000000 0.425264
689.000000 0.437548
690.000000 0.449741
691.000000 0.462118
692.000000 0.475209
693.000000 0.488589
694.000000 0.502121
695.000000 0.515744
696.000000 0.528799
697.000000 0.541506
698.000000 0.554374
699.000000 0.566976
700.000000 0.579159
701.000000 0.590800
702.000000 0.601439
703.000000 0.611204
704.000000 0.620475
705.000000 0.628939
706.000000 0.636354
707.000000 0.642714
708.000000 0.648011
709.000000 0.652154
710.000000 0.655040
711.000000 0.656668
712.000000 0.657109
713.000000 0.656181
714.000000 0.653965
715.000000 0.650589
716.000000 0.645965
717.000000 0.640096
718.000000 0.633080
719.000000 0.625446
720.000000 0.617081
721.000000 0.607539
722.000000 0.596960
723.000000 0.585587
724.000000 0.573601
725.000000 0.561145
726.000000 0.548276
727.000000 0.534950
728.000000 0.521132
729.000000 0.506903
730.000000 0.492437
731.000000 0.478600
732.000000 0.464920
733.000000 0.450513
734.000000 0.435744
735.000000 0.420861
736.000000 0.406023
737.000000 0.391250
738.000000 0.376550
739.000000 0.361848
740.000000 0.347326
741.000000 0.333054
742.000000 0.319019
743.000000 0.305289
744.000000 0.291857
745.000000 0.278666
746.000000 0.265742
747.000000 0.253028
748.000000 0.240623
749.000000 0.228620
750.000000 0.217051
751.000000 0.205875
752.000000 0.194997
753.000000 0.184542
754.000000 0.174534
755.000000 0.164870
756.000000 0.155548
757.000000 0.146632
758.000000 0.138171
759.000000 0.130098
760.000000 0.122364
761.000000 0.115007
762.000000 0.107991
763.000000 0.101331
764.000000 0.094971
765.000000 0.088849
766.000000 0.083069
767.000000 0.077678
768.000000 0.072651
769.000000 0.067954
770.000000 0.063523
771.000000 0.059410
772.000000 0.055596
773.000000 0.051992
774.000000 0.048627
775.000000 0.045493
776.000000 0.042426
777.000000 0.039503
778.000000 0.036856
779.000000 0.034481
780.000000 0.032347
781.000000 0.030338
782.000000 0.028478
783.000000 0.026758
784.000000 0.025155
785.000000 0.023710
786.000000 0.022354
787.000000 0.021082
788.000000 0.019963
789.000000 0.018996
790.000000 0.018136
791.000000 0.017350
792.000000 0.016647
793.000000 0.015978
794.000000 0.015365
795.000000 0.014834
796.000000 0.014266
797.000000 0.013707
798.000000 0.013262
799.000000 0.012906
800.000000 0.012569
801.000000 0.012244
802.000000 0.011975
803.000000 0.011711
804.000000 0.011500
805.000000 0.011354
806.000000 0.011179
807.000000 0.011032
808.000000 0.010900
809.000000 0.010692
810.000000 0.010526
811.000000 0.010411
812.000000 0.010238
813.000000 0.010108
814.000000 0.010035
815.000000 0.009965
816.000000 0.009860
817.000000 0.009758
818.000000 0.009694
819.000000 0.009603
820.000000 0.009503
821.000000 0.009417
822.000000 0.009317
823.000000 0.009231
824.000000 0.009187
825.000000 0.009059
826.000000 0.008894
827.000000 0.008779
828.000000 0.008699
829.000000 0.008592
830.000000 0.008430
831.000000 0.008276
832.000000 0.008156
833.000000 0.008041
834.000000 0.007875
835.000000 0.007728
836.000000 0.007630
837.000000 0.007500
838.000000 0.007342
839.000000 0.007197
840.000000 0.007049
841.000000 0.006889
842.000000 0.006736
843.000000 0.006565
844.000000 0.006386
845.000000 0.006264
846.000000 0.006176
847.000000 0.006065
848.000000 0.005937
849.000000 0.005781
850.000000 0.005615
851.000000 0.005459
852.000000 0.005287
853.000000 0.005171
854.000000 0.005140
855.000000 0.005099
856.000000 0.004999
857.000000 0.004869
858.000000 0.004772
859.000000 0.004698
860.000000 0.004623
861.000000 0.004524
862.000000 0.004368
863.000000 0.004239
864.000000 0.004165
865.000000 0.004064
866.000000 0.003940
867.000000 0.003868
868.000000 0.003812
869.000000 0.003758
870.000000 0.003720
871.000000 0.003637
872.000000 0.003561
873.000000 0.003538
874.000000 0.003508
875.000000 0.003426
876.000000 0.003350
877.000000 0.003301
878.000000 0.003206
879.000000 0.003108
880.000000 0.003052
881.000000 0.003009
882.000000 0.002954
883.000000 0.002916
884.000000 0.002887
885.000000 0.002832
886.000000 0.002786
887.000000 0.002781
888.000000 0.002770
889.000000 0.002725
890.000000 0.002682
891.000000 0.002610
892.000000 0.002570
893.000000 0.002576
894.000000 0.002571
895.000000 0.002560
896.000000 0.002523
897.000000 0.002494
898.000000 0.002489
899.000000 0.002470
900.000000 0.002445
