315.000000 0.089278
316.000000 0.090946
317.000000 0.092449
318.000000 0.093235
319.000000 0.094057
320.000000 0.095319
321.000000 0.096590
322.000000 0.098313
323.000000 0.100701
324.000000 0.102269
325.000000 0.103774
326.000000 0.106024
327.000000 0.107830
328.000000 0.109248
329.000000 0.111170
330.000000 0.113365
331.000000 0.115206
332.000000 0.117229
333.000000 0.119202
334.000000 0.121217
335.000000 0.123950
336.000000 0.126973
337.000000 0.129737
338.000000 0.132173
339.000000 0.135021
340.000000 0.138191
341.000000 0.141352
342.000000 0.144482
343.000000 0.147566
344.000000 0.150911
345.000000 0.154183
346.000000 0.157102
347.000000 0.159582
348.000000 0.161944
349.000000 0.163973
350.000000 0.165378
351.000000 0.166544
352.000000 0.167440
353.000000 0.168198
354.000000 0.168930
355.000000 0.169400
356.000000 0.169377
357.000000 0.169020
358.000000 0.168492
359.000000 0.167684
360.000000 0.166660
361.000000 0.165848
362.000000 0.165074
363.000000 0.163976
364.000000 0.162843
365.000000 0.161786
366.000000 0.160710
367.000000 0.159323
368.000000 0.157744
369.000000 0.156085
370.000000 0.154684
371.000000 0.152841
372.000000 0.150583
373.000000 0.148308
374.000000 0.145286
375.000000 0.142459
376.000000 0.139558
377.000000 0.136583
378.000000 0.133778
379.000000 0.130644
380.000000 0.127525
381.000000 0.124449
382.000000 0.121299
383.000000 0.118104
384.000000 0.115297
385.000000 0.112916
386.000000 0.110893
387.000000 0.109210
388.000000 0.107670
389.000000 0.106253
390.000000 0.104920
391.000000 0.103748
392.000000 0.103199
393.000000 0.103014
394.000000 0.102898
395.000000 0.102931
396.000000 0.102901
397.000000 0.103123
398.000000 0.103561
399.000000 0.103927
400.000000 0.104311
401.000000 0.104740
402.000000 0.105232
403.000000 0.105856
404.000000 0.106423
405.000000 0.106875
406.000000 0.107289
407.000000 0.107739
408.000000 0.108164
409.000000 0.108392
410.000000 0.108560
411.000000 0.108699
412.000000 0.108711
413.000000 0.109105
414.000000 0.110000
415.000000 0.110887
416.000000 0.111730
417.000000 0.112891
418.000000 0.114727
419.000000 0.116903
420.000000 0.119463
421.000000 0.122694
422.000000 0.126342
423.000000 0.130460
424.000000 0.135100
425.000000 0.140068
426.000000 0.145288
427.000000 0.150430
428.000000 0.155213
429.000000 0.159745
430.000000 0.163729
431.000000 0.166894
432.000000 0.169122
433.000000 0.170264
434.000000 0.170322
435.000000 0.169073
436.000000 0.166624
437.000000 0.163158
438.000000 0.158843
439.000000 0.153889
440.000000 0.148173
441.000000 0.142083
442.000000 0.136041
443.000000 0.129678
444.000000 0.123259
445.000000 0.117207
446.000000 0.111177
447.000000 0.105448
448.000000 0.100101
449.000000 0.094992
450.000000 0.090291
451.000000 0.085831
452.000000 0.081618
453.000000 0.077875
454.000000 0.074422
455.000000 0.071134
456.000000 0.068077
457.000000 0.065267
458.000000 0.062768
459.000000 0.060369
460.000000 0.057987
461.000000 0.055781
462.000000 0.053682
463.000000 0.051626
464.000000 0.049530
465.000000 0.047496
466.000000 0.045742
467.000000 0.043961
468.000000 0.042123
469.000000 0.040358
470.000000 0.038649
471.000000 0.037057
472.000000 0.035432
473.000000 0.033740
474.000000 0.032163
475.000000 0.030676
476.000000 0.029255
477.000000 0.027896
478.000000 0.026543
479.000000 0.025230
480.000000 0.023981
481.000000 0.022787
482.000000 0.021697
483.000000 0.020671
484.000000 0.019680
485.000000 0.018754
486.000000 0.017842
487.000000 0.016977
488.000000 0.016162
489.000000 0.015830
490.000000 0.015785
491.000000 0.015406
492.000000 0.014957
493.000000 0.014410
494.000000 0.013997
495.000000 0.013535
496.000000 0.012964
497.000000 0.012688
498.000000 0.012350
499.000000 0.012083
500.000000 0.011819
501.000000 0.011751
502.000000 0.011571
503.000000 0.011086
504.000000 0.011045
505.000000 0.010918
506.000000 0.010765
507.000000 0.010953
508.000000 0.011119
509.000000 0.011164
510.000000 0.011064
511.000000 0.011022
512.000000 0.011131
513.000000 0.011112
514.000000 0.011045
515.000000 0.011166
516.000000 0.011450
517.000000 0.011637
518.000000 0.011686
519.000000 0.011698
520.000000 0.011785
521.000000 0.012125
522.000000 0.012725
523.000000 0.013075
524.000000 0.013019
525.000000 0.012992
526.000000 0.013262
527.000000 0.013441
528.000000 0.013648
529.000000 0.014100
530.000000 0.014535
531.000000 0.014924
532.000000 0.015153
533.000000 0.015331
534.000000 0.015613
535.000000 0.016076
536.000000 0.016621
537.000000 0.017496
538.000000 0.018590
539.000000 0.019137
540.000000 0.019491
541.000000 0.020341
542.000000 0.021161
543.000000 0.021891
544.000000 0.022994
545.000000 0.024311
546.000000 0.025408
547.000000 0.026584
548.000000 0.028036
549.000000 0.029354
550.000000 0.030787
551.000000 0.032460
552.000000 0.034110
553.000000 0.035633
554.000000 0.037051
555.000000 0.038472
556.000000 0.039827
557.000000 0.041233
558.000000 0.042704
559.000000 0.043966
560.000000 0.045018
561.000000 0.045920
562.000000 0.046808
563.000000 0.047680
564.000000 0.048543
565.000000 0.049345
566.000000 0.050028
567.000000 0.050634
568.000000 0.051282
569.000000 0.051967
570.000000 0.052388
571.000000 0.052958
572.000000 0.053912
573.000000 0.054861
574.000000 0.055820
575.000000 0.056944
576.000000 0.058154
577.000000 0.059420
578.000000 0.060812
579.000000 0.062443
580.000000 0.064377
581.000000 0.066507
582.000000 0.068523
583.000000 0.070575
584.000000 0.072929
585.000000 0.075405
586.000000 0.078043
587.000000 0.080827
588.000000 0.083837
589.000000 0.086841
590.000000 0.089867
591.000000 0.093278
592.000000 0.096741
593.000000 0.100244
594.000000 0.103643
595.000000 0.106966
596.000000 0.110477
597.000000 0.113984
598.000000 0.117503
599.000000 0.121097
600.000000 0.124728
601.000000 0.128307
602.000000 0.131822
603.000000 0.135321
604.000000 0.138969
605.000000 0.142611
606.000000 0.146222
607.000000 0.150104
608.000000 0.154073
609.000000 0.158095
610.000000 0.162329
611.000000 0.166565
612.000000 0.170940
613.000000 0.175522
614.000000 0.180379
615.000000 0.185687
616.000000 0.190981
617.000000 0.196474
618.000000 0.202615
619.000000 0.208931
620.000000 0.215571
621.000000 0.222923
622.000000 0.230541
623.000000 0.238543
624.000000 0.247230
625.000000 0.256191
626.000000 0.265718
627.000000 0.276202
628.000000 0.286856
629.000000 0.297928
630.000000 0.310053
631.000000 0.322878
632.000000 0.335784
633.000000 0.349110
634.000000 0.363470
635.000000 0.377925
636.000000 0.392690
637.000000 0.408423
638.000000 0.424037
639.000000 0.439618
640.000000 0.455853
641.000000 0.472283
642.000000 0.487775
643.000000 0.502862
644.000000 0.518654
645.000000 0.533827
646.000000 0.548454
647.000000 0.563106
648.000000 0.577356
649.000000 0.590653
650.000000 0.603072
651.000000 0.615160
652.000000 0.626676
653.000000 0.637120
654.000000 0.646665
655.000000 0.655776
656.000000 0.664230
657.000000 0.671564
658.000000 0.678110
659.000000 0.684356
660.000000 0.690121
661.000000 0.695276
662.000000 0.700046
663.000000 0.704766
664.000000 0.709425
665.000000 0.714043
666.000000 0.718882
667.000000 0.724083
668.000000 0.729643
669.000000 0.735516
670.000000 0.741916
671.000000 0.749252
672.000000 0.757550
673.000000 0.766964
674.000000 0.777027
675.000000 0.788230
676.000000 0.801353
677.000000 0.816118
678.000000 0.832472
679.000000 0.849582
680.000000 0.868049
681.000000 0.889007
682.000000 0.912135
683.000000 0.937462
684.000000 0.964063
685.000000 0.992189
686.000000 1.023067
687.000000 1.056392
688.000000 1.091812
689.000000 1.128931
690.000000 1.166358
691.000000 1.205025
692.000000 1.246706
693.000000 1.290372
694.000000 1.335710
695.000000 1.382427
696.000000 1.428337
697.000000 1.473935
698.000000 1.521253
699.000000 1.568917
700.000000 1.616575
701.000000 1.663792
702.000000 1.708615
703.000000 1.751131
704.000000 1.792721
705.000000 1.832445
706.000000 1.869337
707.000000 1.903149
708.000000 1.933632
709.000000 1.960389
710.000000 1.982117
711.000000 1.998239
712.000000 2.010206
713.000000 2.017763
714.000000 2.019639
715.000000 2.016190
716.000000 2.007523
717.000000 1.993640
718.000000 1.974486
719.000000 1.951541
720.000000 1.924745
721.000000 1.892304
722.000000 1.854936
723.000000 1.813783
724.000000 1.769781
725.000000 1.724372
726.000000 1.677223
727.000000 1.627413
728.000000 1.575558
729.000000 1.522665
730.000000 1.469357
731.000000 1.419031
732.000000 1.369467
733.000000 1.317834
734.000000 1.265978
735.000000 1.214626
736.000000 1.164364
737.000000 1.114889
738.000000 1.066175
739.000000 1.018659
740.000000 0.972596
741.000000 0.928176
742.000000 0.885417
743.000000 0.844291
744.000000 0.804623
745.000000 0.766240
746.000000 0.729249
747.000000 0.693569
748.000000 0.659092
749.000000 0.625794
750.000000 0.593835
751.000000 0.563124
752.000000 0.533630
753.000000 0.505232
754.000000 0.477917
755.000000 0.451709
756.000000 0.426599
757.000000 0.402700
758.000000 0.379902
759.000000 0.357947
760.000000 0.336812
761.000000 0.316615
762.000000 0.297351
763.000000 0.278946
764.000000 0.261369
765.000000 0.244431
766.000000 0.228135
767.000000 0.212706
768.000000 0.198199
769.000000 0.184451
770.000000 0.171436
771.000000 0.159191
772.000000 0.147580
773.000000 0.136615
774.000000 0.126184
775.000000 0.116277
776.000000 0.106395
777.000000 0.096867
778.000000 0.088361
779.000000 0.080599
780.000000 0.073317
781.000000 0.066446
782.000000 0.060109
783.000000 0.054224
784.000000 0.048754
785.000000 0.043627
786.000000 0.038760
787.000000 0.034267
788.000000 0.030045
789.000000 0.026109
790.000000 0.022516
791.000000 0.019233
792.000000 0.016214
793.000000 0.013443
794.000000 0.010878
795.000000 0.008470
796.000000 0.006300
797.000000 0.004290
798.000000 0.002431
799.000000 0.000761
800.000000 -0.000809
801.000000 -0.002245
802.000000 -0.003481
803.000000 -0.004580
804.000000 -0.005647
805.000000 -0.006601
806.000000 -0.007429
807.000000 -0.008217
808.000000 -0.008931
809.000000 -0.009555
810.000000 -0.010083
811.000000 -0.010602
812.000000 -0.011128
813.000000 -0.011598
814.000000 -0.012002
815.000000 -0.012390
816.000000 -0.012735
817.000000 -0.013024
818.000000 -0.013347
819.000000 -0.013617
820.000000 -0.013813
821.000000 -0.014032
822.000000 -0.014241
823.000000 -0.014448
824.000000 -0.014595
825.000000 -0.014720
826.000000 -0.014901
827.000000 -0.015102
828.000000 -0.015289
829.000000 -0.015379
830.000000 -0.015434
831.000000 -0.015560
832.000000 -0.015659
833.000000 -0.015712
834.000000 -0.015795
835.000000 -0.015868
836.000000 -0.015966
837.000000 -0.016100
838.000000 -0.016186
839.000000 -0.016263
840.000000 -0.016340
841.000000 -0.016375
842.000000 -0.016398
843.000000 -0.016429
844.000000 -0.016464
845.000000 -0.016486
846.000000 -0.016539
847.000000 -0.016588
848.000000 -0.016582
849.000000 -0.016607
850.000000 -0.016666
851.000000 -0.016720
852.000000 -0.016785
853.000000 -0.016866
854.000000 -0.016920
855.000000 -0.016962
856.000000 -0.016982
857.000000 -0.016950
858.000000 -0.016931
859.000000 -0.016976
860.000000 -0.016994
861.000000 -0.016971
862.000000 -0.016991
863.000000 -0.017005
864.000000 -0.017038
865.000000 -0.017088
866.000000 -0.017111
867.000000 -0.017125
868.000000 -0.017139
869.000000 -0.017147
870.000000 -0.017017
871.000000 -0.016970
872.000000 -0.017078
873.000000 -0.017118
874.000000 -0.017112
875.000000 -0.017108
876.000000 -0.017103
877.000000 -0.017085
878.000000 -0.017074
879.000000 -0.017052
880.000000 -0.017050
881.000000 -0.017096
882.000000 -0.017133
883.000000 -0.017147
884.000000 -0.017165
885.000000 -0.017161
886.000000 -0.017144
887.000000 -0.017158
888.000000 -0.017177
889.000000 -0.017170
890.000000 -0.017156
891.000000 -0.017145
892.000000 -0.017154
893.000000 -0.017195
894.000000 -0.017211
895.000000 -0.017184
896.000000 -0.017175
897.000000 -0.017178
898.000000 -0.017176
899.000000 -0.017192
900.000000 -0.017210
