315.000000 0.066965
316.000000 0.067566
317.000000 0.068677
318.000000 0.069980
319.000000 0.071374
320.000000 0.073095
321.000000 0.074753
322.000000 0.076671
323.000000 0.079086
324.000000 0.080860
325.000000 0.082491
326.000000 0.084441
327.000000 0.086039
328.000000 0.087540
329.000000 0.089715
330.000000 0.092177
331.000000 0.094275
332.000000 0.096431
333.000000 0.098750
334.000000 0.101551
335.000000 0.104790
336.000000 0.108174
337.000000 0.111592
338.000000 0.114552
339.000000 0.117353
340.000000 0.120700
341.000000 0.124257
342.000000 0.127469
343.000000 0.130705
344.000000 0.134321
345.000000 0.137999
346.000000 0.141288
347.000000 0.144189
348.000000 0.147079
349.000000 0.149700
350.000000 0.151764
351.000000 0.153597
352.000000 0.155127
353.000000 0.156339
354.000000 0.157171
355.000000 0.157351
356.000000 0.157230
357.000000 0.157207
358.000000 0.156859
359.000000 0.156147
360.000000 0.155302
361.000000 0.154582
362.000000 0.153916
363.000000 0.152760
364.000000 0.151595
365.000000 0.150679
366.000000 0.149537
367.000000 0.148019
368.000000 0.146334
369.000000 0.144581
370.000000 0.143334
371.000000 0.141875
372.000000 0.139860
373.000000 0.137484
374.000000 0.134426
375.000000 0.131158
376.000000 0.127902
377.000000 0.124843
378.000000 0.121604
379.000000 0.118242
380.000000 0.114677
381.000000 0.111056
382.000000 0.107732
383.000000 0.104513
384.000000 0.101577
385.000000 0.099163
386.000000 0.096939
387.000000 0.094633
388.000000 0.092601
389.000000 0.090873
390.000000 0.089178
391.000000 0.087842
392.000000 0.087212
393.000000 0.086790
394.000000 0.086705
395.000000 0.086959
396.000000 0.087136
397.000000 0.087282
398.000000 0.087446
399.000000 0.087711
400.000000 0.088112
401.000000 0.088545
402.000000 0.089101
403.000000 0.089870
404.000000 0.090486
405.000000 0.091034
406.000000 0.091726
407.000000 0.092293
408.000000 0.092635
409.000000 0.092873
410.000000 0.093085
411.000000 0.093355
412.000000 0.093682
413.000000 0.094236
414.000000 0.094987
415.000000 0.095879
416.000000 0.096922
417.000000 0.098268
418.000000 0.100118
419.000000 0.102474
420.000000 0.105567
421.000000 0.109282
422.000000 0.113402
423.000000 0.118090
424.000000 0.123358
425.000000 0.129015
426.000000 0.135179
427.000000 0.141382
428.000000 0.147098
429.000000 0.152505
430.000000 0.157337
431.000000 0.161248
432.000000 0.164126
433.000000 0.165705
434.000000 0.166045
435.000000 0.165027
436.000000 0.162626
437.000000 0.158983
438.000000 0.154387
439.000000 0.149157
440.000000 0.143004
441.000000 0.136418
442.000000 0.129999
443.000000 0.123334
444.000000 0.116600
445.000000 0.110138
446.000000 0.103658
447.000000 0.097571
448.000000 0.091953
449.000000 0.086701
450.000000 0.081982
451.000000 0.077522
452.000000 0.073358
453.000000 0.069689
454.000000 0.066351
455.000000 0.063252
456.000000 0.060375
457.000000 0.057747
458.000000 0.055424
459.000000 0.053185
460.000000 0.051064
461.000000 0.049157
462.000000 0.047311
463.000000 0.045620
464.000000 0.043939
465.000000 0.042244
466.000000 0.040714
467.000000 0.039158
468.000000 0.037696
469.000000 0.036276
470.000000 0.034789
471.000000 0.033477
472.000000 0.032190
473.000000 0.030888
474.000000 0.029643
475.000000 0.028398
476.000000 0.027271
477.000000 0.026155
478.000000 0.025049
479.000000 0.023993
480.000000 0.023042
481.000000 0.022178
482.000000 0.021303
483.000000 0.020421
484.000000 0.019559
485.000000 0.018778
486.000000 0.018030
487.000000 0.017270
488.000000 0.016525
489.000000 0.016627
490.000000 0.017042
491.000000 0.016839
492.000000 0.016422
493.000000 0.015824
494.000000 0.015515
495.000000 0.015213
496.000000 0.014834
497.000000 0.014510
498.000000 0.014017
499.000000 0.013576
500.000000 0.013305
501.000000 0.013262
502.000000 0.013071
503.000000 0.012598
504.000000 0.012404
505.000000 0.011918
506.000000 0.011311
507.000000 0.011183
508.000000 0.011062
509.000000 0.010868
510.000000 0.010578
511.000000 0.010341
512.000000 0.009956
513.000000 0.009670
514.000000 0.009472
515.000000 0.009144
516.000000 0.008972
517.000000 0.009050
518.000000 0.009314
519.000000 0.009337
520.000000 0.009196
521.000000 0.009128
522.000000 0.009094
523.000000 0.008811
524.000000 0.008435
525.000000 0.008387
526.000000 0.008463
527.000000 0.008581
528.000000 0.008684
529.000000 0.008849
530.000000 0.009188
531.000000 0.009353
532.000000 0.009359
533.000000 0.009691
534.000000 0.010184
535.000000 0.010568
536.000000 0.010885
537.000000 0.011413
538.000000 0.012084
539.000000 0.012420
540.000000 0.012831
541.000000 0.013481
542.000000 0.014024
543.000000 0.014592
544.000000 0.015359
545.000000 0.016382
546.000000 0.017491
547.000000 0.018220
548.000000 0.018761
549.000000 0.019195
550.000000 0.019642
551.000000 0.020359
552.000000 0.021173
553.000000 0.021960
554.000000 0.022690
555.000000 0.023561
556.000000 0.024369
557.000000 0.025241
558.000000 0.026353
559.000000 0.027426
560.000000 0.028515
561.000000 0.029646
562.000000 0.030887
563.000000 0.032141
564.000000 0.033308
565.000000 0.034533
566.000000 0.035833
567.000000 0.037224
568.000000 0.038660
569.000000 0.040229
570.000000 0.041848
571.000000 0.043565
572.000000 0.045555
573.000000 0.047667
574.000000 0.049866
575.000000 0.052012
576.000000 0.054311
577.000000 0.056914
578.000000 0.059662
579.000000 0.062609
580.000000 0.065647
581.000000 0.069016
582.000000 0.072500
583.000000 0.075868
584.000000 0.079269
585.000000 0.082727
586.000000 0.086406
587.000000 0.090245
588.000000 0.094294
589.000000 0.098282
590.000000 0.102315
591.000000 0.106706
592.000000 0.111098
593.000000 0.115446
594.000000 0.119626
595.000000 0.123737
596.000000 0.128122
597.000000 0.132643
598.000000 0.137107
599.000000 0.141541
600.000000 0.145943
601.000000 0.150323
602.000000 0.154748
603.000000 0.159124
604.000000 0.163577
605.000000 0.168069
606.000000 0.172591
607.000000 0.177357
608.000000 0.182102
609.000000 0.186937
610.000000 0.192163
611.000000 0.197373
612.000000 0.202664
613.000000 0.208133
614.000000 0.213900
615.000000 0.220251
616.000000 0.226594
617.000000 0.233185
618.000000 0.240537
619.000000 0.248114
620.000000 0.256052
621.000000 0.264770
622.000000 0.273771
623.000000 0.283269
624.000000 0.293697
625.000000 0.304455
626.000000 0.315840
627.000000 0.328367
628.000000 0.341094
629.000000 0.354291
630.000000 0.368738
631.000000 0.384105
632.000000 0.399597
633.000000 0.415564
634.000000 0.432744
635.000000 0.450031
636.000000 0.467758
637.000000 0.486596
638.000000 0.505268
639.000000 0.523982
640.000000 0.543464
641.000000 0.563253
642.000000 0.582140
643.000000 0.600523
644.000000 0.619592
645.000000 0.637855
646.000000 0.655429
647.000000 0.673141
648.000000 0.690425
649.000000 0.706511
650.000000 0.721610
651.000000 0.736307
652.000000 0.750242
653.000000 0.762842
654.000000 0.774392
655.000000 0.785392
656.000000 0.795512
657.000000 0.804421
658.000000 0.812452
659.000000 0.820066
660.000000 0.827105
661.000000 0.833401
662.000000 0.839166
663.000000 0.844847
664.000000 0.850485
665.000000 0.855972
666.000000 0.861674
667.000000 0.867835
668.000000 0.874462
669.000000 0.881448
670.000000 0.889066
671.000000 0.897833
672.000000 0.907760
673.000000 0.919038
674.000000 0.930950
675.000000 0.944085
676.000000 0.959565
677.000000 0.977031
678.000000 0.996479
679.000000 1.016881
680.000000 1.038781
681.000000 1.063515
682.000000 1.090824
683.000000 1.120993
684.000000 1.152806
685.000000 1.186287
686.000000 1.223280
687.000000 1.263283
688.000000 1.305499
689.000000 1.349877
690.000000 1.394610
691.000000 1.440578
692.000000 1.490262
693.000000 1.542594
694.000000 1.596716
695.000000 1.652564
696.000000 1.707551
697.000000 1.761719
698.000000 1.818392
699.000000 1.875814
700.000000 1.932940
701.000000 1.989831
702.000000 2.043825
703.000000 2.094836
704.000000 2.144796
705.000000 2.192180
706.000000 2.236063
707.000000 2.275723
708.000000 2.312160
709.000000 2.344890
710.000000 2.371022
711.000000 2.390373
712.000000 2.404202
713.000000 2.412928
714.000000 2.416176
715.000000 2.412127
716.000000 2.400988
717.000000 2.384435
718.000000 2.361654
719.000000 2.336166
720.000000 2.305313
721.000000 2.266572
722.000000 2.223152
723.000000 2.175940
724.000000 2.124491
725.000000 2.069897
726.000000 2.013400
727.000000 1.954949
728.000000 1.893876
729.000000 1.831078
730.000000 1.767415
731.000000 1.707323
732.000000 1.648393
733.000000 1.586553
734.000000 1.524483
735.000000 1.463125
736.000000 1.402658
737.000000 1.343389
738.000000 1.285427
739.000000 1.228859
740.000000 1.173840
741.000000 1.120686
742.000000 1.069532
743.000000 1.020254
744.000000 0.972725
745.000000 0.926784
746.000000 0.882485
747.000000 0.839766
748.000000 0.798540
749.000000 0.758729
750.000000 0.720549
751.000000 0.683886
752.000000 0.648677
753.000000 0.614854
754.000000 0.582357
755.000000 0.551131
756.000000 0.521273
757.000000 0.492673
758.000000 0.465219
759.000000 0.438867
760.000000 0.413588
761.000000 0.389503
762.000000 0.366449
763.000000 0.344329
764.000000 0.323195
765.000000 0.302872
766.000000 0.283330
767.000000 0.264755
768.000000 0.247271
769.000000 0.230763
770.000000 0.214993
771.000000 0.200027
772.000000 0.185913
773.000000 0.172583
774.000000 0.159914
775.000000 0.147889
776.000000 0.135909
777.000000 0.124352
778.000000 0.113966
779.000000 0.104430
780.000000 0.095515
781.000000 0.087130
782.000000 0.079400
783.000000 0.072216
784.000000 0.065497
785.000000 0.059186
786.000000 0.053153
787.000000 0.047548
788.000000 0.042293
789.000000 0.037396
790.000000 0.032956
791.000000 0.028890
792.000000 0.025122
793.000000 0.021620
794.000000 0.018327
795.000000 0.015263
796.000000 0.012524
797.000000 0.010025
798.000000 0.007691
799.000000 0.005554
800.000000 0.003544
801.000000 0.001656
802.000000 0.000002
803.000000 -0.001432
804.000000 -0.002771
805.000000 -0.003990
806.000000 -0.005021
807.000000 -0.005992
808.000000 -0.006937
809.000000 -0.007821
810.000000 -0.008622
811.000000 -0.009328
812.000000 -0.009960
813.000000 -0.010584
814.000000 -0.011181
815.000000 -0.011687
816.000000 -0.012160
817.000000 -0.012595
818.000000 -0.012967
819.000000 -0.013295
820.000000 -0.013606
821.000000 -0.013900
822.000000 -0.014135
823.000000 -0.014317
824.000000 -0.014466
825.000000 -0.014660
826.000000 -0.014915
827.000000 -0.015163
828.000000 -0.015367
829.000000 -0.015474
830.000000 -0.015544
831.000000 -0.015659
832.000000 -0.015765
833.000000 -0.015879
834.000000 -0.015993
835.000000 -0.016057
836.000000 -0.016129
837.000000 -0.016247
838.000000 -0.016347
839.000000 -0.016439
840.000000 -0.016506
841.000000 -0.016545
842.000000 -0.016606
843.000000 -0.016638
844.000000 -0.016652
845.000000 -0.016699
846.000000 -0.016761
847.000000 -0.016810
848.000000 -0.016811
849.000000 -0.016796
850.000000 -0.016831
851.000000 -0.016911
852.000000 -0.017006
853.000000 -0.017082
854.000000 -0.017107
855.000000 -0.017104
856.000000 -0.017086
857.000000 -0.017085
858.000000 -0.017093
859.000000 -0.017109
860.000000 -0.017110
861.000000 -0.017094
862.000000 -0.017116
863.000000 -0.017039
864.000000 -0.017030
865.000000 -0.017132
866.000000 -0.017188
867.000000 -0.017222
868.000000 -0.017210
869.000000 -0.017174
870.000000 -0.017010
871.000000 -0.016969
872.000000 -0.017098
873.000000 -0.017132
874.000000 -0.017139
875.000000 -0.017146
876.000000 -0.017128
877.000000 -0.017118
878.000000 -0.017116
879.000000 -0.017090
880.000000 -0.017096
881.000000 -0.017125
882.000000 -0.017128
883.000000 -0.017113
884.000000 -0.017108
885.000000 -0.017121
886.000000 -0.017145
887.000000 -0.017170
888.000000 -0.017167
889.000000 -0.017165
890.000000 -0.017177
891.000000 -0.017167
892.000000 -0.017148
893.000000 -0.017162
894.000000 -0.017204
895.000000 -0.017208
896.000000 -0.017184
897.000000 -0.017174
898.000000 -0.017176
899.000000 -0.017169
900.000000 -0.017155
