315.000000 0.184514
316.000000 0.186091
317.000000 0.187615
318.000000 0.188604
319.000000 0.189288
320.000000 0.191030
321.000000 0.193185
322.000000 0.194937
323.000000 0.196549
324.000000 0.198342
325.000000 0.200249
326.000000 0.202617
327.000000 0.205640
328.000000 0.208457
329.000000 0.210157
330.000000 0.211706
331.000000 0.213933
332.000000 0.215870
333.000000 0.217476
334.000000 0.219343
335.000000 0.220770
336.000000 0.221998
337.000000 0.223244
338.000000 0.224285
339.000000 0.225515
340.000000 0.226826
341.000000 0.228186
342.000000 0.229472
343.000000 0.230775
344.000000 0.231998
345.000000 0.232825
346.000000 0.233525
347.000000 0.234090
348.000000 0.234348
349.000000 0.234409
350.000000 0.234321
351.000000 0.234004
352.000000 0.233303
353.000000 0.232101
354.000000 0.230944
355.000000 0.229868
356.000000 0.228733
357.000000 0.227405
358.000000 0.225882
359.000000 0.224494
360.000000 0.223091
361.000000 0.221906
362.000000 0.220864
363.000000 0.219639
364.000000 0.218465
365.000000 0.217414
366.000000 0.216438
367.000000 0.215540
368.000000 0.214565
369.000000 0.213507
370.000000 0.212607
371.000000 0.211804
372.000000 0.211030
373.000000 0.210505
374.000000 0.209982
375.000000 0.209130
376.000000 0.207850
377.000000 0.206634
378.000000 0.205680
379.000000 0.205064
380.000000 0.204669
381.000000 0.204524
382.000000 0.204440
383.000000 0.203865
384.000000 0.203223
385.000000 0.202860
386.000000 0.203001
387.000000 0.203422
388.000000 0.203777
389.000000 0.204175
390.000000 0.204837
391.000000 0.205720
392.000000 0.206746
393.000000 0.207738
394.000000 0.208817
395.000000 0.210411
396.000000 0.211958
397.000000 0.213319
398.000000 0.214843
399.000000 0.216380
400.000000 0.218033
401.000000 0.219850
402.000000 0.221618
403.000000 0.223216
404.000000 0.224790
405.000000 0.226608
406.000000 0.228516
407.000000 0.230206
408.000000 0.231912
409.000000 0.233601
410.000000 0.235119
411.000000 0.236434
412.000000 0.237668
413.000000 0.239082
414.000000 0.240684
415.000000 0.242063
416.000000 0.243361
417.000000 0.245057
418.000000 0.246794
419.000000 0.248202
420.000000 0.249708
421.000000 0.251379
422.000000 0.252795
423.000000 0.254341
424.000000 0.256103
425.000000 0.257633
426.000000 0.259071
427.000000 0.260510
428.000000 0.261671
429.000000 0.262527
430.000000 0.263127
431.000000 0.263309
432.000000 0.262882
433.000000 0.262130
434.000000 0.261094
435.000000 0.259484
436.000000 0.257487
437.000000 0.255194
438.000000 0.252509
439.000000 0.249523
440.000000 0.246335
441.000000 0.243110
442.000000 0.239954
443.000000 0.236536
444.000000 0.232827
445.000000 0.229098
446.000000 0.225197
447.000000 0.221248
448.000000 0.217244
449.000000 0.213103
450.000000 0.209003
451.000000 0.204729
452.000000 0.200434
453.000000 0.196386
454.000000 0.192260
455.000000 0.188129
456.000000 0.184038
457.000000 0.179897
458.000000 0.176057
459.000000 0.172271
460.000000 0.168565
461.000000 0.165071
462.000000 0.161521
463.000000 0.158127
464.000000 0.154781
465.000000 0.151555
466.000000 0.148771
467.000000 0.146112
468.000000 0.143462
469.000000 0.140881
470.000000 0.138388
471.000000 0.136144
472.000000 0.134075
473.000000 0.132125
474.000000 0.130240
475.000000 0.128403
476.000000 0.126753
477.000000 0.125221
478.000000 0.123768
479.000000 0.122482
480.000000 0.121361
481.000000 0.120266
482.000000 0.119264
483.000000 0.118458
484.000000 0.117698
485.000000 0.117000
486.000000 0.116516
487.000000 0.116168
488.000000 0.115845
489.000000 0.115395
490.000000 0.114907
491.000000 0.115223
492.000000 0.115789
493.000000 0.116059
494.000000 0.116762
495.000000 0.117491
496.000000 0.118028
497.000000 0.118764
498.000000 0.119694
499.000000 0.120838
500.000000 0.122136
501.000000 0.123385
502.000000 0.124779
503.000000 0.126350
504.000000 0.127988
505.000000 0.130085
506.000000 0.132600
507.000000 0.135211
508.000000 0.137748
509.000000 0.140192
510.000000 0.142764
511.000000 0.145517
512.000000 0.148383
513.000000 0.151465
514.000000 0.154558
515.000000 0.157846
516.000000 0.161175
517.000000 0.163919
518.000000 0.166400
519.000000 0.169062
520.000000 0.171810
521.000000 0.174317
522.000000 0.176583
523.000000 0.178559
524.000000 0.180423
525.000000 0.181916
526.000000 0.183073
527.000000 0.184419
528.000000 0.185626
529.000000 0.186333
530.000000 0.187061
531.000000 0.187852
532.000000 0.188393
533.000000 0.188951
534.000000 0.189514
535.000000 0.190293
536.000000 0.191553
537.000000 0.193002
538.000000 0.194868
539.000000 0.196771
540.000000 0.198656
541.000000 0.201346
542.000000 0.204597
543.000000 0.208644
544.000000 0.213254
545.000000 0.218307
546.000000 0.224450
547.000000 0.231251
548.000000 0.237846
549.000000 0.244479
550.000000 0.251479
551.000000 0.258685
552.000000 0.265838
553.000000 0.272750
554.000000 0.279541
555.000000 0.285736
556.000000 0.291048
557.000000 0.295719
558.000000 0.299829
559.000000 0.302952
560.000000 0.304927
561.000000 0.305781
562.000000 0.305324
563.000000 0.303735
564.000000 0.300909
565.000000 0.296829
566.000000 0.291696
567.000000 0.285307
568.000000 0.278075
569.000000 0.270070
570.000000 0.261527
571.000000 0.252426
572.000000 0.242908
573.000000 0.233089
574.000000 0.222713
575.000000 0.212780
576.000000 0.203346
577.000000 0.194275
578.000000 0.185390
579.000000 0.176790
580.000000 0.168629
581.000000 0.160597
582.000000 0.153195
583.000000 0.146535
584.000000 0.140582
585.000000 0.135117
586.000000 0.129881
587.000000 0.125222
588.000000 0.121120
589.000000 0.117325
590.000000 0.113886
591.000000 0.110796
592.000000 0.108094
593.000000 0.105564
594.000000 0.103435
595.000000 0.101726
596.000000 0.100077
597.000000 0.098541
598.000000 0.097259
599.000000 0.096176
600.000000 0.095155
601.000000 0.094342
602.000000 0.093667
603.000000 0.093087
604.000000 0.092600
605.000000 0.092196
606.000000 0.091990
607.000000 0.091933
608.000000 0.091907
609.000000 0.091896
610.000000 0.092022
611.000000 0.092251
612.000000 0.092632
613.000000 0.093167
614.000000 0.093780
615.000000 0.094540
616.000000 0.095298
617.000000 0.096223
618.000000 0.097499
619.000000 0.098807
620.000000 0.100195
621.000000 0.101817
622.000000 0.103517
623.000000 0.105319
624.000000 0.107342
625.000000 0.109428
626.000000 0.111687
627.000000 0.114243
628.000000 0.116823
629.000000 0.119497
630.000000 0.122444
631.000000 0.125556
632.000000 0.128689
633.000000 0.131949
634.000000 0.135470
635.000000 0.138954
636.000000 0.142427
637.000000 0.146110
638.000000 0.149742
639.000000 0.153367
640.000000 0.157102
641.000000 0.160845
642.000000 0.164355
643.000000 0.167741
644.000000 0.171236
645.000000 0.174609
646.000000 0.177871
647.000000 0.181151
648.000000 0.184357
649.000000 0.187319
650.000000 0.190121
651.000000 0.192850
652.000000 0.195511
653.000000 0.197959
654.000000 0.200246
655.000000 0.202529
656.000000 0.204669
657.000000 0.206576
658.000000 0.208452
659.000000 0.210406
660.000000 0.212310
661.000000 0.214108
662.000000 0.215852
663.000000 0.217699
664.000000 0.219689
665.000000 0.221699
666.000000 0.223770
667.000000 0.226041
668.000000 0.228437
669.000000 0.230880
670.000000 0.233471
671.000000 0.236389
672.000000 0.239636
673.000000 0.243180
674.000000 0.246787
675.000000 0.250689
676.000000 0.255158
677.000000 0.260081
678.000000 0.265414
679.000000 0.270860
680.000000 0.276605
681.000000 0.282961
682.000000 0.289843
683.000000 0.297215
684.000000 0.304740
685.000000 0.312563
686.000000 0.321081
687.000000 0.330090
688.000000 0.339408
689.000000 0.349039
690.000000 0.358628
691.000000 0.368321
692.000000 0.378497
693.000000 0.388929
694.000000 0.399484
695.000000 0.410058
696.000000 0.420128
697.000000 0.429853
698.000000 0.439722
699.000000 0.449452
700.000000 0.458842
701.000000 0.467768
702.000000 0.475906
703.000000 0.483311
704.000000 0.490319
705.000000 0.496713
706.000000 0.502305
707.000000 0.507073
708.000000 0.510882
709.000000 0.513733
710.000000 0.515705
711.000000 0.516704
712.000000 0.516749
713.000000 0.515785
714.000000 0.513880
715.000000 0.511053
716.000000 0.507243
717.000000 0.502467
718.000000 0.496778
719.000000 0.490638
720.000000 0.483962
721.000000 0.476410
722.000000 0.468060
723.000000 0.459075
724.000000 0.449659
725.000000 0.439905
726.000000 0.429824
727.000000 0.419416
728.000000 0.408704
729.000000 0.397639
730.000000 0.386302
731.000000 0.375496
732.000000 0.364837
733.000000 0.353607
734.000000 0.342127
735.000000 0.330531
736.000000 0.318972
737.000000 0.307471
738.000000 0.295981
739.000000 0.284528
740.000000 0.273233
741.000000 0.262089
742.000000 0.251138
743.000000 0.240475
744.000000 0.230020
745.000000 0.219691
746.000000 0.209548
747.000000 0.199644
748.000000 0.190032
749.000000 0.180733
750.000000 0.171775
751.000000 0.163109
752.000000 0.154663
753.000000 0.146488
754.000000 0.138663
755.000000 0.131160
756.000000 0.123932
757.000000 0.116994
758.000000 0.110367
759.000000 0.104060
760.000000 0.098013
761.000000 0.092254
762.000000 0.086798
763.000000 0.081633
764.000000 0.076715
765.000000 0.072037
766.000000 0.067604
767.000000 0.063423
768.000000 0.059546
769.000000 0.055918
770.000000 0.052528
771.000000 0.049391
772.000000 0.046442
773.000000 0.043617
774.000000 0.040960
775.000000 0.038517
776.000000 0.036136
777.000000 0.033864
778.000000 0.031776
779.000000 0.029943
780.000000 0.028353
781.000000 0.026864
782.000000 0.025503
783.000000 0.024208
784.000000 0.022992
785.000000 0.021963
786.000000 0.021040
787.000000 0.020124
788.000000 0.019262
789.000000 0.018501
790.000000 0.017866
791.000000 0.017323
792.000000 0.016829
793.000000 0.016341
794.000000 0.015875
795.000000 0.015478
796.000000 0.015088
797.000000 0.014749
798.000000 0.014461
799.000000 0.014240
800.000000 0.014053
801.000000 0.013854
802.000000 0.013707
803.000000 0.013544
804.000000 0.013372
805.000000 0.013215
806.000000 0.013091
807.000000 0.013038
808.000000 0.012982
809.000000 0.012861
810.000000 0.012776
811.000000 0.012734
812.000000 0.012666
813.000000 0.012596
814.000000 0.012544
815.000000 0.012490
816.000000 0.012405
817.000000 0.012325
818.000000 0.012280
819.000000 0.012238
820.000000 0.012174
821.000000 0.012087
822.000000 0.011959
823.000000 0.011807
824.000000 0.011681
825.000000 0.011532
826.000000 0.011375
827.000000 0.011252
828.000000 0.011180
829.000000 0.011089
830.000000 0.010923
831.000000 0.010762
832.000000 0.010610
833.000000 0.010453
834.000000 0.010285
835.000000 0.010131
836.000000 0.010004
837.000000 0.009838
838.000000 0.009648
839.000000 0.009460
840.000000 0.009228
841.000000 0.008999
842.000000 0.008834
843.000000 0.008663
844.000000 0.008455
845.000000 0.008271
846.000000 0.008125
847.000000 0.007984
848.000000 0.007792
849.000000 0.007569
850.000000 0.007382
851.000000 0.007164
852.000000 0.006909
853.000000 0.006724
854.000000 0.006650
855.000000 0.006586
856.000000 0.006455
857.000000 0.006255
858.000000 0.006075
859.000000 0.005936
860.000000 0.005805
861.000000 0.005666
862.000000 0.005502
863.000000 0.005361
864.000000 0.005245
865.000000 0.005097
866.000000 0.004913
867.000000 0.004813
868.000000 0.004742
869.000000 0.004651
870.000000 0.004575
871.000000 0.004476
872.000000 0.004414
873.000000 0.004381
874.000000 0.004317
875.000000 0.004206
876.000000 0.004087
877.000000 0.004011
878.000000 0.003929
879.000000 0.003845
880.000000 0.003785
881.000000 0.003725
882.000000 0.003651
883.000000 0.003594
884.000000 0.003537
885.000000 0.003471
886.000000 0.003437
887.000000 0.003409
888.000000 0.003353
889.000000 0.003272
890.000000 0.003224
891.000000 0.003167
892.000000 0.003094
893.000000 0.003076
894.000000 0.003062
895.000000 0.003018
896.000000 0.002996
897.000000 0.003001
898.000000 0.002974
899.000000 0.002933
900.000000 0.002912
