315.000000 0.102094
316.000000 0.104049
317.000000 0.105900
318.000000 0.107821
319.000000 0.110828
320.000000 0.113370
321.000000 0.115454
322.000000 0.118127
323.000000 0.120837
324.000000 0.123901
325.000000 0.126697
326.000000 0.128629
327.000000 0.130825
328.000000 0.133478
329.000000 0.136167
330.000000 0.138512
331.000000 0.141235
332.000000 0.144418
333.000000 0.147501
334.000000 0.150041
335.000000 0.152309
336.000000 0.155284
337.000000 0.158517
338.000000 0.161519
339.000000 0.164658
340.000000 0.168140
341.000000 0.171833
342.000000 0.175877
343.000000 0.179556
344.000000 0.182683
345.000000 0.185978
346.000000 0.189242
347.000000 0.192559
348.000000 0.196103
349.000000 0.199236
350.000000 0.201574
351.000000 0.203507
352.000000 0.205443
353.000000 0.207233
354.000000 0.208862
355.000000 0.210330
356.000000 0.211521
357.000000 0.212195
358.000000 0.212313
359.000000 0.212389
360.000000 0.212275
361.000000 0.211962
362.000000 0.211624
363.000000 0.211232
364.000000 0.210979
365.000000 0.210801
366.000000 0.210777
367.000000 0.211064
368.000000 0.211590
369.000000 0.212208
370.000000 0.213368
371.000000 0.214561
372.000000 0.215682
373.000000 0.217158
374.000000 0.218894
375.000000 0.220466
376.000000 0.221913
377.000000 0.223356
378.000000 0.224364
379.000000 0.225254
380.000000 0.226716
381.000000 0.228724
382.000000 0.229952
383.000000 0.230854
384.000000 0.231992
385.000000 0.233129
386.000000 0.234225
387.000000 0.235354
388.000000 0.236549
389.000000 0.237734
390.000000 0.239186
391.000000 0.240942
392.000000 0.242678
393.000000 0.244344
394.000000 0.246082
395.000000 0.247922
396.000000 0.249796
397.000000 0.251282
398.000000 0.252138
399.000000 0.252563
400.000000 0.252410
401.000000 0.251166
402.000000 0.249006
403.000000 0.246189
404.000000 0.242706
405.000000 0.238269
406.000000 0.233309
407.000000 0.228212
408.000000 0.222859
409.000000 0.217595
410.000000 0.212713
411.000000 0.207825
412.000000 0.202972
413.000000 0.198569
414.000000 0.194188
415.000000 0.189966
416.000000 0.186300
417.000000 0.182906
418.000000 0.179538
419.000000 0.176369
420.000000 0.173213
421.000000 0.169984
422.000000 0.166905
423.000000 0.163839
424.000000 0.160805
425.000000 0.157736
426.000000 0.154633
427.000000 0.151721
428.000000 0.149046
429.000000 0.146455
430.000000 0.143964
431.000000 0.141699
432.000000 0.139325
433.000000 0.137179
434.000000 0.135321
435.000000 0.133476
436.000000 0.132007
437.000000 0.130969
438.000000 0.130069
439.000000 0.129232
440.000000 0.128678
441.000000 0.128356
442.000000 0.128157
443.000000 0.128131
444.000000 0.128223
445.000000 0.128335
446.000000 0.128471
447.000000 0.128484
448.000000 0.128345
449.000000 0.128128
450.000000 0.127779
451.000000 0.127304
452.000000 0.126756
453.000000 0.126152
454.000000 0.125571
455.000000 0.125174
456.000000 0.124900
457.000000 0.124749
458.000000 0.124874
459.000000 0.125384
460.000000 0.126327
461.000000 0.127741
462.000000 0.129865
463.000000 0.132690
464.000000 0.136332
465.000000 0.140788
466.000000 0.145661
467.000000 0.151249
468.000000 0.157624
469.000000 0.164718
470.000000 0.172254
471.000000 0.179731
472.000000 0.187496
473.000000 0.195220
474.000000 0.202520
475.000000 0.209166
476.000000 0.214756
477.000000 0.219405
478.000000 0.222992
479.000000 0.225444
480.000000 0.226790
481.000000 0.227006
482.000000 0.226318
483.000000 0.224777
484.000000 0.222318
485.000000 0.219282
486.000000 0.215713
487.000000 0.211764
488.000000 0.207627
489.000000 0.203571
490.000000 0.199809
491.000000 0.195820
492.000000 0.191861
493.000000 0.188214
494.000000 0.184839
495.000000 0.181669
496.000000 0.179017
497.000000 0.176759
498.000000 0.174565
499.000000 0.172863
500.000000 0.171643
501.000000 0.170986
502.000000 0.170935
503.000000 0.171532
504.000000 0.172668
505.000000 0.174422
506.000000 0.176890
507.000000 0.180190
508.000000 0.184161
509.000000 0.188433
510.000000 0.192938
511.000000 0.198116
512.000000 0.204163
513.000000 0.210667
514.000000 0.217136
515.000000 0.223765
516.000000 0.230808
517.000000 0.237913
518.000000 0.245237
519.000000 0.252678
520.000000 0.259877
521.000000 0.266773
522.000000 0.273222
523.000000 0.279149
524.000000 0.284440
525.000000 0.289036
526.000000 0.293106
527.000000 0.296479
528.000000 0.299458
529.000000 0.301977
530.000000 0.303834
531.000000 0.305247
532.000000 0.306061
533.000000 0.306323
534.000000 0.306657
535.000000 0.307000
536.000000 0.307183
537.000000 0.307605
538.000000 0.308607
539.000000 0.310023
540.000000 0.311210
541.000000 0.312958
542.000000 0.315704
543.000000 0.319076
544.000000 0.323185
545.000000 0.328271
546.000000 0.334317
547.000000 0.341192
548.000000 0.349161
549.000000 0.358096
550.000000 0.367700
551.000000 0.378396
552.000000 0.390155
553.000000 0.402808
554.000000 0.416077
555.000000 0.429925
556.000000 0.444146
557.000000 0.458833
558.000000 0.474753
559.000000 0.490479
560.000000 0.505931
561.000000 0.520896
562.000000 0.535012
563.000000 0.548167
564.000000 0.560070
565.000000 0.570520
566.000000 0.578985
567.000000 0.585440
568.000000 0.589535
569.000000 0.590990
570.000000 0.589878
571.000000 0.586297
572.000000 0.580529
573.000000 0.572555
574.000000 0.562204
575.000000 0.550828
576.000000 0.538359
577.000000 0.524768
578.000000 0.510592
579.000000 0.496075
580.000000 0.481282
581.000000 0.466351
582.000000 0.452445
583.000000 0.439432
584.000000 0.427378
585.000000 0.416455
586.000000 0.406217
587.000000 0.397056
588.000000 0.389137
589.000000 0.382360
590.000000 0.376369
591.000000 0.370960
592.000000 0.366695
593.000000 0.363282
594.000000 0.360518
595.000000 0.358382
596.000000 0.356586
597.000000 0.355160
598.000000 0.354104
599.000000 0.353405
600.000000 0.353049
601.000000 0.352937
602.000000 0.352816
603.000000 0.352661
604.000000 0.352540
605.000000 0.352352
606.000000 0.351973
607.000000 0.351106
608.000000 0.349704
609.000000 0.347757
610.000000 0.345016
611.000000 0.341634
612.000000 0.337419
613.000000 0.332235
614.000000 0.326002
615.000000 0.318522
616.000000 0.310553
617.000000 0.301839
618.000000 0.291789
619.000000 0.281342
620.000000 0.270369
621.000000 0.258388
622.000000 0.246443
623.000000 0.234542
624.000000 0.222093
625.000000 0.209945
626.000000 0.197981
627.000000 0.185710
628.000000 0.174232
629.000000 0.163363
630.000000 0.152500
631.000000 0.142096
632.000000 0.132626
633.000000 0.123839
634.000000 0.115333
635.000000 0.107660
636.000000 0.100776
637.000000 0.094314
638.000000 0.088500
639.000000 0.083236
640.000000 0.078327
641.000000 0.073905
642.000000 0.070118
643.000000 0.066782
644.000000 0.063677
645.000000 0.060965
646.000000 0.058472
647.000000 0.056036
648.000000 0.053780
649.000000 0.051886
650.000000 0.050231
651.000000 0.048526
652.000000 0.046868
653.000000 0.045362
654.000000 0.043943
655.000000 0.042525
656.000000 0.041106
657.000000 0.039770
658.000000 0.038499
659.000000 0.037204
660.000000 0.035908
661.000000 0.034715
662.000000 0.033581
663.000000 0.032372
664.000000 0.031151
665.000000 0.030006
666.000000 0.028943
667.000000 0.027959
668.000000 0.027024
669.000000 0.026111
670.000000 0.025260
671.000000 0.024433
672.000000 0.023625
673.000000 0.022882
674.000000 0.022231
675.000000 0.021642
676.000000 0.021073
677.000000 0.020524
678.000000 0.020049
679.000000 0.019672
680.000000 0.019312
681.000000 0.018980
682.000000 0.018713
683.000000 0.018524
684.000000 0.018396
685.000000 0.018222
686.000000 0.018027
687.000000 0.017898
688.000000 0.017830
689.000000 0.017832
690.000000 0.017883
691.000000 0.017967
692.000000 0.018062
693.000000 0.018150
694.000000 0.018258
695.000000 0.018417
696.000000 0.018585
697.000000 0.018738
698.000000 0.018914
699.000000 0.019120
700.000000 0.019379
701.000000 0.019564
702.000000 0.019716
703.000000 0.019974
704.000000 0.020209
705.000000 0.020377
706.000000 0.020561
707.000000 0.020768
708.000000 0.020969
709.000000 0.021168
710.000000 0.021335
711.000000 0.021496
712.000000 0.021690
713.000000 0.021880
714.000000 0.022050
715.000000 0.022213
716.000000 0.022364
717.000000 0.022513
718.000000 0.022635
719.000000 0.022741
720.000000 0.022844
721.000000 0.022933
722.000000 0.023031
723.000000 0.023142
724.000000 0.023232
725.000000 0.023279
726.000000 0.023333
727.000000 0.023392
728.000000 0.023420
729.000000 0.023451
730.000000 0.023512
731.000000 0.023575
732.000000 0.023630
733.000000 0.023676
734.000000 0.023705
735.000000 0.023740
736.000000 0.023810
737.000000 0.023955
738.000000 0.024189
739.000000 0.024435
740.000000 0.024653
741.000000 0.024830
742.000000 0.025005
743.000000 0.025211
744.000000 0.025436
745.000000 0.025693
746.000000 0.025999
747.000000 0.026333
748.000000 0.026691
749.000000 0.027064
750.000000 0.027432
751.000000 0.027835
752.000000 0.028270
753.000000 0.028725
754.000000 0.029209
755.000000 0.029726
756.000000 0.030234
757.000000 0.030753
758.000000 0.031330
759.000000 0.031937
760.000000 0.032595
761.000000 0.033310
762.000000 0.033986
763.000000 0.034628
764.000000 0.035347
765.000000 0.036163
766.000000 0.036959
767.000000 0.037687
768.000000 0.038445
769.000000 0.039261
770.000000 0.040064
771.000000 0.040871
772.000000 0.041673
773.000000 0.042418
774.000000 0.043159
775.000000 0.043878
776.000000 0.044612
777.000000 0.045359
778.000000 0.046009
779.000000 0.046595
780.000000 0.047111
781.000000 0.047571
782.000000 0.048010
783.000000 0.048346
784.000000 0.048597
785.000000 0.048736
786.000000 0.048732
787.000000 0.048663
788.000000 0.048506
789.000000 0.048201
790.000000 0.047786
791.000000 0.047282
792.000000 0.046706
793.000000 0.046059
794.000000 0.045286
795.000000 0.044374
796.000000 0.043378
797.000000 0.042279
798.000000 0.041093
799.000000 0.039896
800.000000 0.038639
801.000000 0.037377
802.000000 0.036066
803.000000 0.034698
804.000000 0.033263
805.000000 0.031819
806.000000 0.030464
807.000000 0.029094
808.000000 0.027703
809.000000 0.026350
810.000000 0.024998
811.000000 0.023689
812.000000 0.022505
813.000000 0.021397
814.000000 0.020293
815.000000 0.019258
816.000000 0.018257
817.000000 0.017245
818.000000 0.016360
819.000000 0.015591
820.000000 0.014873
821.000000 0.014152
822.000000 0.013473
823.000000 0.012884
824.000000 0.012363
825.000000 0.011808
826.000000 0.011234
827.000000 0.010818
828.000000 0.010487
829.000000 0.010133
830.000000 0.009780
831.000000 0.009447
832.000000 0.009178
833.000000 0.008965
834.000000 0.008723
835.000000 0.008465
836.000000 0.008221
837.000000 0.008012
838.000000 0.007845
839.000000 0.007695
840.000000 0.007576
841.000000 0.007477
842.000000 0.007341
843.000000 0.007212
844.000000 0.007109
845.000000 0.007006
846.000000 0.006911
847.000000 0.006796
848.000000 0.006695
849.000000 0.006646
850.000000 0.006601
851.000000 0.006503
852.000000 0.006419
853.000000 0.006376
854.000000 0.006320
855.000000 0.006263
856.000000 0.006197
857.000000 0.006115
858.000000 0.006075
859.000000 0.006097
860.000000 0.006126
861.000000 0.006080
862.000000 0.006017
863.000000 0.006012
864.000000 0.006004
865.000000 0.006009
866.000000 0.005996
867.000000 0.005953
868.000000 0.005941
869.000000 0.005915
870.000000 0.005908
871.000000 0.005922
872.000000 0.005933
873.000000 0.005956
874.000000 0.005978
875.000000 0.005995
876.000000 0.005977
877.000000 0.005961
878.000000 0.005974
879.000000 0.005987
880.000000 0.005980
881.000000 0.005955
882.000000 0.005977
883.000000 0.006018
884.000000 0.006033
885.000000 0.006054
886.000000 0.006090
887.000000 0.006105
888.000000 0.006109
889.000000 0.006157
890.000000 0.006198
891.000000 0.006239
892.000000 0.006284
893.000000 0.006308
894.000000 0.006364
895.000000 0.006429
896.000000 0.006488
897.000000 0.006551
898.000000 0.006624
899.000000 0.006698
900.000000 0.006758
901.000000 0.006830
902.000000 0.006901
903.000000 0.006965
904.000000 0.007055
905.000000 0.007168
906.000000 0.007272
907.000000 0.007335
908.000000 0.007396
909.000000 0.007454
910.000000 0.007477
911.000000 0.007509
912.000000 0.007553
913.000000 0.007598
914.000000 0.007639
915.000000 0.007680
916.000000 0.007717
917.000000 0.007751
918.000000 0.007769
919.000000 0.007795
920.000000 0.007867
921.000000 0.007957
922.000000 0.008022
923.000000 0.008047
924.000000 0.008094
925.000000 0.008156
926.000000 0.008154
927.000000 0.008129
928.000000 0.008153
929.000000 0.008210
930.000000 0.008244
931.000000 0.008253
932.000000 0.008289
933.000000 0.008333
934.000000 0.008391
935.000000 0.008438
936.000000 0.008441
937.000000 0.008460
938.000000 0.008484
939.000000 0.008481
940.000000 0.008457
941.000000 0.008431
942.000000 0.008429
943.000000 0.008436
944.000000 0.008435
945.000000 0.008446
946.000000 0.008480
947.000000 0.008537
948.000000 0.008562
949.000000 0.008524
950.000000 0.008455
951.000000 0.008392
952.000000 0.008361
953.000000 0.008358
954.000000 0.008374
955.000000 0.008384
956.000000 0.008363
957.000000 0.008315
958.000000 0.008282
959.000000 0.008276
960.000000 0.008258
961.000000 0.008214
962.000000 0.008178
963.000000 0.008139
964.000000 0.008108
965.000000 0.008114
966.000000 0.008105
967.000000 0.008046
968.000000 0.008013
969.000000 0.008014
970.000000 0.007987
971.000000 0.007958
972.000000 0.007913
973.000000 0.007886
974.000000 0.007876
975.000000 0.007839
976.000000 0.007813
977.000000 0.007816
978.000000 0.007837
979.000000 0.007835
980.000000 0.007811
981.000000 0.007837
982.000000 0.007847
983.000000 0.007819
984.000000 0.007790
985.000000 0.007767
986.000000 0.007776
987.000000 0.007803
988.000000 0.007847
989.000000 0.007870
990.000000 0.007881
991.000000 0.007929
992.000000 0.007977
993.000000 0.008022
994.000000 0.008046
995.000000 0.008034
