315.000000 0.191854
316.000000 0.193114
317.000000 0.193718
318.000000 0.195042
319.000000 0.196586
320.000000 0.197900
321.000000 0.199596
322.000000 0.200966
323.000000 0.202680
324.000000 0.204993
325.000000 0.206895
326.000000 0.208737
327.000000 0.210366
328.000000 0.212033
329.000000 0.214189
330.000000 0.216139
331.000000 0.217742
332.000000 0.219303
333.000000 0.220899
334.000000 0.222861
335.000000 0.224857
336.000000 0.226344
337.000000 0.227317
338.000000 0.228368
339.000000 0.229862
340.000000 0.231997
341.000000 0.233781
342.000000 0.234585
343.000000 0.235545
344.000000 0.236721
345.000000 0.237562
346.000000 0.238043
347.000000 0.238487
348.000000 0.238745
349.000000 0.238895
350.000000 0.238895
351.000000 0.238468
352.000000 0.237905
353.000000 0.237222
354.000000 0.236482
355.000000 0.235677
356.000000 0.234709
357.000000 0.233679
358.000000 0.232344
359.000000 0.230816
360.000000 0.229305
361.000000 0.227766
362.000000 0.226417
363.000000 0.225087
364.000000 0.223614
365.000000 0.222305
366.000000 0.221108
367.000000 0.219735
368.000000 0.218248
369.000000 0.216656
370.000000 0.214197
371.000000 0.211654
372.000000 0.210114
373.000000 0.208471
374.000000 0.206947
375.000000 0.205222
376.000000 0.203660
377.000000 0.202450
378.000000 0.200971
379.000000 0.199524
380.000000 0.197934
381.000000 0.196475
382.000000 0.195050
383.000000 0.193572
384.000000 0.192614
385.000000 0.191883
386.000000 0.191362
387.000000 0.191227
388.000000 0.191016
389.000000 0.190954
390.000000 0.191176
391.000000 0.191382
392.000000 0.191601
393.000000 0.191999
394.000000 0.192400
395.000000 0.192980
396.000000 0.193652
397.000000 0.194214
398.000000 0.194777
399.000000 0.195256
400.000000 0.195836
401.000000 0.196750
402.000000 0.197736
403.000000 0.198555
404.000000 0.199207
405.000000 0.199849
406.000000 0.200556
407.000000 0.201213
408.000000 0.201740
409.000000 0.202191
410.000000 0.202669
411.000000 0.203095
412.000000 0.203219
413.000000 0.203309
414.000000 0.203443
415.000000 0.203840
416.000000 0.204416
417.000000 0.204798
418.000000 0.205096
419.000000 0.205537
420.000000 0.206069
421.000000 0.206656
422.000000 0.207429
423.000000 0.208342
424.000000 0.209361
425.000000 0.210208
426.000000 0.211072
427.000000 0.212132
428.000000 0.212969
429.000000 0.213456
430.000000 0.213885
431.000000 0.214148
432.000000 0.214073
433.000000 0.213867
434.000000 0.213385
435.000000 0.212358
436.000000 0.210946
437.000000 0.209110
438.000000 0.206996
439.000000 0.204668
440.000000 0.201842
441.000000 0.198691
442.000000 0.195443
443.000000 0.191715
444.000000 0.187618
445.000000 0.183467
446.000000 0.178967
447.000000 0.174295
448.000000 0.169491
449.000000 0.164649
450.000000 0.159876
451.000000 0.154881
452.000000 0.149794
453.000000 0.144922
454.000000 0.140016
455.000000 0.135125
456.000000 0.130375
457.000000 0.125720
458.000000 0.121321
459.000000 0.116937
460.000000 0.112666
461.000000 0.108637
462.000000 0.104580
463.000000 0.100695
464.000000 0.096960
465.000000 0.093384
466.000000 0.090156
467.000000 0.087011
468.000000 0.083979
469.000000 0.080985
470.000000 0.078136
471.000000 0.075588
472.000000 0.073136
473.000000 0.070843
474.000000 0.068669
475.000000 0.066578
476.000000 0.064732
477.000000 0.063065
478.000000 0.061495
479.000000 0.059989
480.000000 0.058622
481.000000 0.057291
482.000000 0.056026
483.000000 0.055045
484.000000 0.054165
485.000000 0.053319
486.000000 0.052569
487.000000 0.051893
488.000000 0.051285
489.000000 0.050735
490.000000 0.050108
491.000000 0.049748
492.000000 0.049671
493.000000 0.049311
494.000000 0.048841
495.000000 0.048533
496.000000 0.048587
497.000000 0.049051
498.000000 0.049373
499.000000 0.049493
500.000000 0.049793
501.000000 0.050148
502.000000 0.050644
503.000000 0.051309
504.000000 0.052041
505.000000 0.052871
506.000000 0.053609
507.000000 0.054074
508.000000 0.054551
509.000000 0.055256
510.000000 0.055835
511.000000 0.056395
512.000000 0.057014
513.000000 0.057591
514.000000 0.057887
515.000000 0.058087
516.000000 0.058569
517.000000 0.059034
518.000000 0.059240
519.000000 0.059388
520.000000 0.059643
521.000000 0.059748
522.000000 0.060134
523.000000 0.060840
524.000000 0.061426
525.000000 0.061892
526.000000 0.062077
527.000000 0.062393
528.000000 0.062901
529.000000 0.063524
530.000000 0.064520
531.000000 0.065425
532.000000 0.066120
533.000000 0.066856
534.000000 0.067894
535.000000 0.069298
536.000000 0.070605
537.000000 0.072105
538.000000 0.073879
539.000000 0.075530
540.000000 0.077529
541.000000 0.079705
542.000000 0.081528
543.000000 0.083385
544.000000 0.085362
545.000000 0.087356
546.000000 0.089477
547.000000 0.091335
548.000000 0.092959
549.000000 0.094570
550.000000 0.096045
551.000000 0.097233
552.000000 0.098203
553.000000 0.098838
554.000000 0.098818
555.000000 0.098375
556.000000 0.097850
557.000000 0.097173
558.000000 0.096162
559.000000 0.094931
560.000000 0.093591
561.000000 0.092079
562.000000 0.090258
563.000000 0.088391
564.000000 0.086540
565.000000 0.084733
566.000000 0.082948
567.000000 0.081122
568.000000 0.079430
569.000000 0.077952
570.000000 0.076625
571.000000 0.075332
572.000000 0.074176
573.000000 0.073238
574.000000 0.072666
575.000000 0.072246
576.000000 0.072066
577.000000 0.072022
578.000000 0.071892
579.000000 0.072028
580.000000 0.072357
581.000000 0.072936
582.000000 0.073749
583.000000 0.074603
584.000000 0.075516
585.000000 0.076515
586.000000 0.077621
587.000000 0.078860
588.000000 0.080254
589.000000 0.081769
590.000000 0.083302
591.000000 0.084792
592.000000 0.086296
593.000000 0.087777
594.000000 0.089303
595.000000 0.090786
596.000000 0.092342
597.000000 0.094067
598.000000 0.095826
599.000000 0.097746
600.000000 0.099816
601.000000 0.101872
602.000000 0.103867
603.000000 0.105888
604.000000 0.108080
605.000000 0.110331
606.000000 0.112662
607.000000 0.115214
608.000000 0.117822
609.000000 0.120597
610.000000 0.123729
611.000000 0.126979
612.000000 0.130344
613.000000 0.133899
614.000000 0.137760
615.000000 0.141992
616.000000 0.146214
617.000000 0.150615
618.000000 0.155392
619.000000 0.160309
620.000000 0.165514
621.000000 0.171066
622.000000 0.176629
623.000000 0.182377
624.000000 0.188594
625.000000 0.194915
626.000000 0.201405
627.000000 0.208297
628.000000 0.215087
629.000000 0.221912
630.000000 0.229119
631.000000 0.236426
632.000000 0.243557
633.000000 0.250655
634.000000 0.257981
635.000000 0.265069
636.000000 0.271945
637.000000 0.278938
638.000000 0.285580
639.000000 0.291909
640.000000 0.298157
641.000000 0.304179
642.000000 0.309687
643.000000 0.314835
644.000000 0.319942
645.000000 0.324602
646.000000 0.328924
647.000000 0.333117
648.000000 0.337071
649.000000 0.340708
650.000000 0.344109
651.000000 0.347432
652.000000 0.350604
653.000000 0.353536
654.000000 0.356332
655.000000 0.359193
656.000000 0.362103
657.000000 0.364939
658.000000 0.367806
659.000000 0.370933
660.000000 0.374407
661.000000 0.378043
662.000000 0.381948
663.000000 0.386464
664.000000 0.391538
665.000000 0.396958
666.000000 0.402816
667.000000 0.409333
668.000000 0.416544
669.000000 0.424120
670.000000 0.432336
671.000000 0.441580
672.000000 0.451618
673.000000 0.462509
674.000000 0.473528
675.000000 0.485193
676.000000 0.498322
677.000000 0.512405
678.000000 0.527304
679.000000 0.542322
680.000000 0.557820
681.000000 0.574461
682.000000 0.591879
683.000000 0.609981
684.000000 0.627987
685.000000 0.646053
686.000000 0.664922
687.000000 0.684161
688.000000 0.703353
689.000000 0.722259
690.000000 0.740161
691.000000 0.757331
692.000000 0.774454
693.000000 0.791022
694.000000 0.806673
695.000000 0.821166
696.000000 0.833898
697.000000 0.845027
698.000000 0.855069
699.000000 0.863631
700.000000 0.870362
701.000000 0.875160
702.000000 0.878084
703.000000 0.879072
704.000000 0.878034
705.000000 0.875024
706.000000 0.870140
707.000000 0.863376
708.000000 0.854599
709.000000 0.843906
710.000000 0.832045
711.000000 0.818769
712.000000 0.803532
713.000000 0.786926
714.000000 0.768939
715.000000 0.749605
716.000000 0.729377
717.000000 0.708350
718.000000 0.686681
719.000000 0.665462
720.000000 0.644174
721.000000 0.621896
722.000000 0.599168
723.000000 0.576414
724.000000 0.553852
725.000000 0.531541
726.000000 0.509719
727.000000 0.488151
728.000000 0.466649
729.000000 0.445431
730.000000 0.424619
731.000000 0.405473
732.000000 0.387259
733.000000 0.368694
734.000000 0.350327
735.000000 0.332300
736.000000 0.314772
737.000000 0.297776
738.000000 0.281265
739.000000 0.265262
740.000000 0.249913
741.000000 0.235268
742.000000 0.221241
743.000000 0.207837
744.000000 0.195023
745.000000 0.182721
746.000000 0.171003
747.000000 0.159792
748.000000 0.149095
749.000000 0.138962
750.000000 0.129388
751.000000 0.120344
752.000000 0.111795
753.000000 0.103691
754.000000 0.096032
755.000000 0.088899
756.000000 0.082210
757.000000 0.075932
758.000000 0.070099
759.000000 0.064637
760.000000 0.059504
761.000000 0.054703
762.000000 0.050237
763.000000 0.046153
764.000000 0.042356
765.000000 0.038769
766.000000 0.035450
767.000000 0.032468
768.000000 0.029723
769.000000 0.027133
770.000000 0.024766
771.000000 0.022621
772.000000 0.020670
773.000000 0.018925
774.000000 0.017315
775.000000 0.015822
776.000000 0.014384
777.000000 0.012999
778.000000 0.011782
779.000000 0.010790
780.000000 0.009946
781.000000 0.009190
782.000000 0.008489
783.000000 0.007775
784.000000 0.007119
785.000000 0.006572
786.000000 0.006130
787.000000 0.005676
788.000000 0.005227
789.000000 0.004843
790.000000 0.004482
791.000000 0.004190
792.000000 0.004002
793.000000 0.003855
794.000000 0.003689
795.000000 0.003537
796.000000 0.003358
797.000000 0.003134
798.000000 0.002927
799.000000 0.002790
800.000000 0.002668
801.000000 0.002578
802.000000 0.002529
803.000000 0.002465
804.000000 0.002381
805.000000 0.002299
806.000000 0.002270
807.000000 0.002269
808.000000 0.002238
809.000000 0.002171
810.000000 0.002101
811.000000 0.002039
812.000000 0.001992
813.000000 0.001936
814.000000 0.001894
815.000000 0.001873
816.000000 0.001870
817.000000 0.001820
818.000000 0.001762
819.000000 0.001739
820.000000 0.001688
821.000000 0.001618
822.000000 0.001588
823.000000 0.001558
824.000000 0.001468
825.000000 0.001400
826.000000 0.001335
827.000000 0.001262
828.000000 0.001176
829.000000 0.001126
830.000000 0.001105
831.000000 0.001047
832.000000 0.000980
833.000000 0.000918
834.000000 0.000898
835.000000 0.000898
836.000000 0.000871
837.000000 0.000812
838.000000 0.000763
839.000000 0.000722
840.000000 0.000660
841.000000 0.000623
842.000000 0.000626
843.000000 0.000610
844.000000 0.000538
845.000000 0.000465
846.000000 0.000437
847.000000 0.000400
848.000000 0.000351
849.000000 0.000335
850.000000 0.000328
851.000000 0.000284
852.000000 0.000235
853.000000 0.000208
854.000000 0.000142
855.000000 0.000052
856.000000 0.000011
857.000000 0.000004
858.000000 -0.000022
859.000000 -0.000059
860.000000 -0.000071
861.000000 -0.000065
862.000000 -0.000088
863.000000 -0.000121
864.000000 -0.000107
865.000000 -0.000111
866.000000 -0.000147
867.000000 -0.000173
868.000000 -0.000204
869.000000 -0.000251
870.000000 -0.000288
871.000000 -0.000277
872.000000 -0.000259
873.000000 -0.000260
874.000000 -0.000251
875.000000 -0.000247
876.000000 -0.000282
877.000000 -0.000313
878.000000 -0.000348
879.000000 -0.000369
880.000000 -0.000353
881.000000 -0.000340
882.000000 -0.000317
883.000000 -0.000307
884.000000 -0.000348
885.000000 -0.000378
886.000000 -0.000364
887.000000 -0.000339
888.000000 -0.000361
889.000000 -0.000392
890.000000 -0.000396
891.000000 -0.000438
892.000000 -0.000482
893.000000 -0.000490
894.000000 -0.000453
895.000000 -0.000422
896.000000 -0.000408
897.000000 -0.000385
898.000000 -0.000379
899.000000 -0.000371
900.000000 -0.000358
