315.000000 0.184327
316.000000 0.186784
317.000000 0.188253
318.000000 0.189954
319.000000 0.191930
320.000000 0.193347
321.000000 0.195021
322.000000 0.196844
323.000000 0.198664
324.000000 0.200758
325.000000 0.202515
326.000000 0.204084
327.000000 0.205866
328.000000 0.207385
329.000000 0.208731
330.000000 0.210532
331.000000 0.212580
332.000000 0.214728
333.000000 0.216672
334.000000 0.218714
335.000000 0.220873
336.000000 0.222437
337.000000 0.223630
338.000000 0.224864
339.000000 0.226527
340.000000 0.228604
341.000000 0.230358
342.000000 0.231233
343.000000 0.232053
344.000000 0.233262
345.000000 0.234388
346.000000 0.235288
347.000000 0.236080
348.000000 0.236693
349.000000 0.237039
350.000000 0.236987
351.000000 0.236514
352.000000 0.236006
353.000000 0.235424
354.000000 0.234681
355.000000 0.233841
356.000000 0.232853
357.000000 0.231781
358.000000 0.230574
359.000000 0.229258
360.000000 0.227816
361.000000 0.226344
362.000000 0.224919
363.000000 0.223310
364.000000 0.221558
365.000000 0.219974
366.000000 0.218669
367.000000 0.217380
368.000000 0.215920
369.000000 0.214241
370.000000 0.211913
371.000000 0.209716
372.000000 0.208143
373.000000 0.206361
374.000000 0.204473
375.000000 0.202595
376.000000 0.200893
377.000000 0.199008
378.000000 0.197113
379.000000 0.195386
380.000000 0.193397
381.000000 0.191915
382.000000 0.190302
383.000000 0.188273
384.000000 0.187102
385.000000 0.186423
386.000000 0.185815
387.000000 0.185483
388.000000 0.185124
389.000000 0.184666
390.000000 0.184602
391.000000 0.184766
392.000000 0.185044
393.000000 0.185505
394.000000 0.185785
395.000000 0.186093
396.000000 0.186743
397.000000 0.187339
398.000000 0.188070
399.000000 0.188579
400.000000 0.188626
401.000000 0.189195
402.000000 0.190062
403.000000 0.190885
404.000000 0.191675
405.000000 0.192443
406.000000 0.193142
407.000000 0.193692
408.000000 0.194185
409.000000 0.194552
410.000000 0.195044
411.000000 0.195641
412.000000 0.195720
413.000000 0.195556
414.000000 0.195693
415.000000 0.196062
416.000000 0.196389
417.000000 0.196707
418.000000 0.197110
419.000000 0.197778
420.000000 0.198588
421.000000 0.199463
422.000000 0.200329
423.000000 0.201320
424.000000 0.202559
425.000000 0.203688
426.000000 0.204933
427.000000 0.206348
428.000000 0.207594
429.000000 0.208454
430.000000 0.209096
431.000000 0.209636
432.000000 0.209985
433.000000 0.210174
434.000000 0.210066
435.000000 0.209415
436.000000 0.208390
437.000000 0.206929
438.000000 0.205046
439.000000 0.202829
440.000000 0.200171
441.000000 0.197131
442.000000 0.193878
443.000000 0.190208
444.000000 0.186204
445.000000 0.182085
446.000000 0.177531
447.000000 0.172781
448.000000 0.167908
449.000000 0.162981
450.000000 0.158102
451.000000 0.152973
452.000000 0.147663
453.000000 0.142586
454.000000 0.137508
455.000000 0.132476
456.000000 0.127602
457.000000 0.122771
458.000000 0.118197
459.000000 0.113583
460.000000 0.109102
461.000000 0.104970
462.000000 0.100781
463.000000 0.096734
464.000000 0.092863
465.000000 0.089109
466.000000 0.085658
467.000000 0.082307
468.000000 0.079084
469.000000 0.075975
470.000000 0.073007
471.000000 0.070336
472.000000 0.067759
473.000000 0.065276
474.000000 0.062951
475.000000 0.060728
476.000000 0.058692
477.000000 0.056796
478.000000 0.055110
479.000000 0.053484
480.000000 0.051887
481.000000 0.050385
482.000000 0.048987
483.000000 0.047804
484.000000 0.046710
485.000000 0.045685
486.000000 0.044718
487.000000 0.043860
488.000000 0.043085
489.000000 0.042498
490.000000 0.041882
491.000000 0.041291
492.000000 0.040740
493.000000 0.039817
494.000000 0.039222
495.000000 0.038916
496.000000 0.038679
497.000000 0.038887
498.000000 0.038782
499.000000 0.038399
500.000000 0.038229
501.000000 0.038228
502.000000 0.038564
503.000000 0.038970
504.000000 0.039423
505.000000 0.039822
506.000000 0.040133
507.000000 0.040232
508.000000 0.040281
509.000000 0.040480
510.000000 0.040806
511.000000 0.041123
512.000000 0.041234
513.000000 0.041585
514.000000 0.041921
515.000000 0.042062
516.000000 0.042218
517.000000 0.042366
518.000000 0.042501
519.000000 0.042543
520.000000 0.042632
521.000000 0.042794
522.000000 0.043097
523.000000 0.043643
524.000000 0.044151
525.000000 0.044477
526.000000 0.044316
527.000000 0.044423
528.000000 0.045029
529.000000 0.045538
530.000000 0.046062
531.000000 0.046309
532.000000 0.046473
533.000000 0.046925
534.000000 0.047751
535.000000 0.048886
536.000000 0.049725
537.000000 0.050423
538.000000 0.051464
539.000000 0.052493
540.000000 0.053685
541.000000 0.055136
542.000000 0.056823
543.000000 0.058735
544.000000 0.060515
545.000000 0.062157
546.000000 0.063539
547.000000 0.064787
548.000000 0.066016
549.000000 0.067076
550.000000 0.068013
551.000000 0.068834
552.000000 0.069646
553.000000 0.070451
554.000000 0.070987
555.000000 0.071157
556.000000 0.071092
557.000000 0.070947
558.000000 0.070708
559.000000 0.070302
560.000000 0.069966
561.000000 0.069615
562.000000 0.069037
563.000000 0.068496
564.000000 0.068039
565.000000 0.067628
566.000000 0.067132
567.000000 0.066518
568.000000 0.066025
569.000000 0.065798
570.000000 0.065716
571.000000 0.065666
572.000000 0.065719
573.000000 0.065921
574.000000 0.066364
575.000000 0.066907
576.000000 0.067598
577.000000 0.068219
578.000000 0.068933
579.000000 0.069982
580.000000 0.071114
581.000000 0.072362
582.000000 0.073698
583.000000 0.075219
584.000000 0.076828
585.000000 0.078520
586.000000 0.080363
587.000000 0.082195
588.000000 0.083973
589.000000 0.085725
590.000000 0.087589
591.000000 0.089619
592.000000 0.091657
593.000000 0.093648
594.000000 0.095617
595.000000 0.097566
596.000000 0.099668
597.000000 0.101868
598.000000 0.104030
599.000000 0.106294
600.000000 0.108708
601.000000 0.111213
602.000000 0.113739
603.000000 0.116191
604.000000 0.118743
605.000000 0.121450
606.000000 0.124341
607.000000 0.127478
608.000000 0.130681
609.000000 0.134020
610.000000 0.137647
611.000000 0.141416
612.000000 0.145279
613.000000 0.149378
614.000000 0.153817
615.000000 0.158623
616.000000 0.163421
617.000000 0.168499
618.000000 0.174156
619.000000 0.179874
620.000000 0.185820
621.000000 0.192165
622.000000 0.198514
623.000000 0.205077
624.000000 0.212192
625.000000 0.219397
626.000000 0.226770
627.000000 0.234657
628.000000 0.242394
629.000000 0.250138
630.000000 0.258402
631.000000 0.266851
632.000000 0.275008
633.000000 0.283085
634.000000 0.291450
635.000000 0.299540
636.000000 0.307432
637.000000 0.315506
638.000000 0.323217
639.000000 0.330544
640.000000 0.337764
641.000000 0.344792
642.000000 0.351183
643.000000 0.357048
644.000000 0.362925
645.000000 0.368351
646.000000 0.373381
647.000000 0.378323
648.000000 0.382974
649.000000 0.387208
650.000000 0.391169
651.000000 0.395038
652.000000 0.398737
653.000000 0.402113
654.000000 0.405338
655.000000 0.408618
656.000000 0.411950
657.000000 0.415236
658.000000 0.418513
659.000000 0.422060
660.000000 0.425996
661.000000 0.430135
662.000000 0.434580
663.000000 0.439670
664.000000 0.445399
665.000000 0.451480
666.000000 0.458052
667.000000 0.465447
668.000000 0.473602
669.000000 0.482162
670.000000 0.491382
671.000000 0.501726
672.000000 0.513008
673.000000 0.525294
674.000000 0.537746
675.000000 0.550920
676.000000 0.565775
677.000000 0.581627
678.000000 0.598444
679.000000 0.615488
680.000000 0.633049
681.000000 0.651949
682.000000 0.671766
683.000000 0.692387
684.000000 0.712931
685.000000 0.733512
686.000000 0.755022
687.000000 0.776929
688.000000 0.798770
689.000000 0.820399
690.000000 0.840885
691.000000 0.860551
692.000000 0.880295
693.000000 0.899446
694.000000 0.917551
695.000000 0.934410
696.000000 0.949329
697.000000 0.962431
698.000000 0.974290
699.000000 0.984524
700.000000 0.992816
701.000000 0.998958
702.000000 1.002827
703.000000 1.004497
704.000000 1.003973
705.000000 1.001118
706.000000 0.995982
707.000000 0.988627
708.000000 0.979084
709.000000 0.967390
710.000000 0.954202
711.000000 0.939375
712.000000 0.922364
713.000000 0.903702
714.000000 0.883456
715.000000 0.861784
716.000000 0.839041
717.000000 0.815217
718.000000 0.790518
719.000000 0.766277
720.000000 0.742009
721.000000 0.716682
722.000000 0.690878
723.000000 0.664946
724.000000 0.639117
725.000000 0.613625
726.000000 0.588843
727.000000 0.564231
728.000000 0.539464
729.000000 0.515067
730.000000 0.491272
731.000000 0.469395
732.000000 0.448436
733.000000 0.427066
734.000000 0.405999
735.000000 0.385414
736.000000 0.365324
737.000000 0.345738
738.000000 0.326842
739.000000 0.308607
740.000000 0.290998
741.000000 0.274087
742.000000 0.257921
743.000000 0.242510
744.000000 0.227731
745.000000 0.213491
746.000000 0.199898
747.000000 0.186924
748.000000 0.174589
749.000000 0.162849
750.000000 0.151747
751.000000 0.141253
752.000000 0.131299
753.000000 0.121897
754.000000 0.113013
755.000000 0.104674
756.000000 0.096817
757.000000 0.089481
758.000000 0.082682
759.000000 0.076245
760.000000 0.070153
761.000000 0.064522
762.000000 0.059340
763.000000 0.054546
764.000000 0.050057
765.000000 0.045834
766.000000 0.041906
767.000000 0.038342
768.000000 0.035081
769.000000 0.032018
770.000000 0.029145
771.000000 0.026564
772.000000 0.024256
773.000000 0.022148
774.000000 0.020233
775.000000 0.018450
776.000000 0.016717
777.000000 0.015069
778.000000 0.013647
779.000000 0.012439
780.000000 0.011356
781.000000 0.010361
782.000000 0.009438
783.000000 0.008581
784.000000 0.007824
785.000000 0.007185
786.000000 0.006603
787.000000 0.006055
788.000000 0.005519
789.000000 0.005062
790.000000 0.004658
791.000000 0.004226
792.000000 0.003903
793.000000 0.003671
794.000000 0.003445
795.000000 0.003192
796.000000 0.002975
797.000000 0.002780
798.000000 0.002540
799.000000 0.002343
800.000000 0.002246
801.000000 0.002221
802.000000 0.002155
803.000000 0.002037
804.000000 0.001892
805.000000 0.001733
806.000000 0.001639
807.000000 0.001568
808.000000 0.001483
809.000000 0.001461
810.000000 0.001446
811.000000 0.001385
812.000000 0.001295
813.000000 0.001180
814.000000 0.001153
815.000000 0.001191
816.000000 0.001232
817.000000 0.001217
818.000000 0.001140
819.000000 0.001075
820.000000 0.001044
821.000000 0.001003
822.000000 0.000965
823.000000 0.000940
824.000000 0.000884
825.000000 0.000844
826.000000 0.000793
827.000000 0.000759
828.000000 0.000741
829.000000 0.000688
830.000000 0.000614
831.000000 0.000557
832.000000 0.000546
833.000000 0.000516
834.000000 0.000492
835.000000 0.000481
836.000000 0.000455
837.000000 0.000382
838.000000 0.000324
839.000000 0.000315
840.000000 0.000261
841.000000 0.000227
842.000000 0.000260
843.000000 0.000308
844.000000 0.000300
845.000000 0.000231
846.000000 0.000160
847.000000 0.000110
848.000000 0.000062
849.000000 0.000074
850.000000 0.000086
851.000000 0.000039
852.000000 -0.000014
853.000000 -0.000052
854.000000 -0.000097
855.000000 -0.000132
856.000000 -0.000127
857.000000 -0.000152
858.000000 -0.000199
859.000000 -0.000245
860.000000 -0.000243
861.000000 -0.000225
862.000000 -0.000273
863.000000 -0.000303
864.000000 -0.000277
865.000000 -0.000249
866.000000 -0.000231
867.000000 -0.000266
868.000000 -0.000288
869.000000 -0.000301
870.000000 -0.000330
871.000000 -0.000311
872.000000 -0.000270
873.000000 -0.000228
874.000000 -0.000213
875.000000 -0.000239
876.000000 -0.000263
877.000000 -0.000241
878.000000 -0.000241
879.000000 -0.000294
880.000000 -0.000341
881.000000 -0.000339
882.000000 -0.000318
883.000000 -0.000291
884.000000 -0.000280
885.000000 -0.000293
886.000000 -0.000318
887.000000 -0.000327
888.000000 -0.000335
889.000000 -0.000360
890.000000 -0.000372
891.000000 -0.000398
892.000000 -0.000398
893.000000 -0.000405
894.000000 -0.000412
895.000000 -0.000397
896.000000 -0.000388
897.000000 -0.000368
898.000000 -0.000329
899.000000 -0.000303
900.000000 -0.000302
