315.000000 0.105202
316.000000 0.105980
317.000000 0.106805
318.000000 0.108197
319.000000 0.110244
320.000000 0.111799
321.000000 0.112685
322.000000 0.114016
323.000000 0.116051
324.000000 0.118021
325.000000 0.119915
326.000000 0.121874
327.000000 0.123515
328.000000 0.125222
329.000000 0.127238
330.000000 0.128984
331.000000 0.130729
332.000000 0.132932
333.000000 0.134805
334.000000 0.136754
335.000000 0.139219
336.000000 0.141810
337.000000 0.144551
338.000000 0.146744
339.000000 0.149084
340.000000 0.152017
341.000000 0.155002
342.000000 0.157722
343.000000 0.160198
344.000000 0.163021
345.000000 0.166121
346.000000 0.168561
347.000000 0.170529
348.000000 0.172651
349.000000 0.174440
350.000000 0.175905
351.000000 0.177136
352.000000 0.177956
353.000000 0.178577
354.000000 0.179126
355.000000 0.179267
356.000000 0.178904
357.000000 0.178587
358.000000 0.178136
359.000000 0.177378
360.000000 0.176441
361.000000 0.175535
362.000000 0.174679
363.000000 0.173651
364.000000 0.172689
365.000000 0.171788
366.000000 0.170792
367.000000 0.169674
368.000000 0.168433
369.000000 0.167010
370.000000 0.165726
371.000000 0.164403
372.000000 0.162755
373.000000 0.160959
374.000000 0.158398
375.000000 0.155566
376.000000 0.153000
377.000000 0.150476
378.000000 0.147563
379.000000 0.144479
380.000000 0.141672
381.000000 0.138794
382.000000 0.136149
383.000000 0.133702
384.000000 0.131433
385.000000 0.129380
386.000000 0.127525
387.000000 0.125868
388.000000 0.124391
389.000000 0.123081
390.000000 0.121548
391.000000 0.120323
392.000000 0.119963
393.000000 0.119848
394.000000 0.119840
395.000000 0.119968
396.000000 0.119934
397.000000 0.120039
398.000000 0.120336
399.000000 0.120771
400.000000 0.121342
401.000000 0.121965
402.000000 0.122682
403.000000 0.123304
404.000000 0.123836
405.000000 0.124414
406.000000 0.124956
407.000000 0.125396
408.000000 0.125834
409.000000 0.126192
410.000000 0.126171
411.000000 0.126062
412.000000 0.126450
413.000000 0.127111
414.000000 0.127761
415.000000 0.128545
416.000000 0.129392
417.000000 0.130532
418.000000 0.132318
419.000000 0.134300
420.000000 0.136635
421.000000 0.139587
422.000000 0.142880
423.000000 0.146515
424.000000 0.150466
425.000000 0.154741
426.000000 0.159372
427.000000 0.163833
428.000000 0.167950
429.000000 0.171846
430.000000 0.175038
431.000000 0.177476
432.000000 0.179144
433.000000 0.179879
434.000000 0.179540
435.000000 0.177934
436.000000 0.175415
437.000000 0.172080
438.000000 0.167937
439.000000 0.163117
440.000000 0.157607
441.000000 0.151983
442.000000 0.146534
443.000000 0.140727
444.000000 0.134723
445.000000 0.129033
446.000000 0.123296
447.000000 0.117731
448.000000 0.112561
449.000000 0.107612
450.000000 0.103057
451.000000 0.098745
452.000000 0.094532
453.000000 0.090689
454.000000 0.087110
455.000000 0.083677
456.000000 0.080475
457.000000 0.077532
458.000000 0.074908
459.000000 0.072319
460.000000 0.069740
461.000000 0.067323
462.000000 0.065028
463.000000 0.062852
464.000000 0.060601
465.000000 0.058388
466.000000 0.056454
467.000000 0.054426
468.000000 0.052384
469.000000 0.050488
470.000000 0.048600
471.000000 0.046829
472.000000 0.045045
473.000000 0.043222
474.000000 0.041537
475.000000 0.039944
476.000000 0.038413
477.000000 0.036939
478.000000 0.035489
479.000000 0.034080
480.000000 0.032769
481.000000 0.031583
482.000000 0.030466
483.000000 0.029371
484.000000 0.028330
485.000000 0.027375
486.000000 0.026438
487.000000 0.025521
488.000000 0.024634
489.000000 0.024548
490.000000 0.024874
491.000000 0.024693
492.000000 0.024464
493.000000 0.024091
494.000000 0.023719
495.000000 0.023369
496.000000 0.023084
497.000000 0.023121
498.000000 0.022824
499.000000 0.022370
500.000000 0.022160
501.000000 0.022170
502.000000 0.022194
503.000000 0.022008
504.000000 0.022119
505.000000 0.022199
506.000000 0.022120
507.000000 0.022274
508.000000 0.022645
509.000000 0.023152
510.000000 0.023394
511.000000 0.023635
512.000000 0.024232
513.000000 0.024800
514.000000 0.025330
515.000000 0.025992
516.000000 0.026406
517.000000 0.026785
518.000000 0.027302
519.000000 0.027815
520.000000 0.028390
521.000000 0.028936
522.000000 0.029426
523.000000 0.029546
524.000000 0.029682
525.000000 0.030102
526.000000 0.030423
527.000000 0.030506
528.000000 0.030513
529.000000 0.030874
530.000000 0.031473
531.000000 0.031689
532.000000 0.031780
533.000000 0.032355
534.000000 0.032776
535.000000 0.033146
536.000000 0.033844
537.000000 0.034695
538.000000 0.035805
539.000000 0.036848
540.000000 0.037829
541.000000 0.039113
542.000000 0.040558
543.000000 0.041968
544.000000 0.043475
545.000000 0.045194
546.000000 0.047022
547.000000 0.048683
548.000000 0.050531
549.000000 0.052747
550.000000 0.055002
551.000000 0.057181
552.000000 0.059379
553.000000 0.061561
554.000000 0.063711
555.000000 0.065874
556.000000 0.067818
557.000000 0.069589
558.000000 0.071248
559.000000 0.072663
560.000000 0.073807
561.000000 0.074588
562.000000 0.075071
563.000000 0.075340
564.000000 0.075430
565.000000 0.075420
566.000000 0.075260
567.000000 0.074850
568.000000 0.074104
569.000000 0.073249
570.000000 0.072287
571.000000 0.071443
572.000000 0.070941
573.000000 0.070292
574.000000 0.069519
575.000000 0.068856
576.000000 0.068508
577.000000 0.068468
578.000000 0.068491
579.000000 0.068719
580.000000 0.069181
581.000000 0.069886
582.000000 0.070684
583.000000 0.071709
584.000000 0.073133
585.000000 0.074534
586.000000 0.076084
587.000000 0.077886
588.000000 0.079770
589.000000 0.081722
590.000000 0.083872
591.000000 0.086338
592.000000 0.088854
593.000000 0.091348
594.000000 0.093745
595.000000 0.096180
596.000000 0.098846
597.000000 0.101632
598.000000 0.104404
599.000000 0.107225
600.000000 0.110101
601.000000 0.112959
602.000000 0.115773
603.000000 0.118574
604.000000 0.121492
605.000000 0.124433
606.000000 0.127440
607.000000 0.130683
608.000000 0.133906
609.000000 0.137203
610.000000 0.140788
611.000000 0.144358
612.000000 0.148069
613.000000 0.151938
614.000000 0.155990
615.000000 0.160372
616.000000 0.164689
617.000000 0.169255
618.000000 0.174479
619.000000 0.179898
620.000000 0.185549
621.000000 0.191722
622.000000 0.198128
623.000000 0.204925
624.000000 0.212372
625.000000 0.220017
626.000000 0.228024
627.000000 0.236899
628.000000 0.246041
629.000000 0.255510
630.000000 0.265813
631.000000 0.276668
632.000000 0.287606
633.000000 0.298945
634.000000 0.311160
635.000000 0.323441
636.000000 0.335993
637.000000 0.349306
638.000000 0.362496
639.000000 0.375699
640.000000 0.389426
641.000000 0.403268
642.000000 0.416402
643.000000 0.429267
644.000000 0.442670
645.000000 0.455530
646.000000 0.467893
647.000000 0.480283
648.000000 0.492360
649.000000 0.503609
650.000000 0.514104
651.000000 0.524283
652.000000 0.533954
653.000000 0.542716
654.000000 0.550735
655.000000 0.558348
656.000000 0.565370
657.000000 0.571564
658.000000 0.577203
659.000000 0.582562
660.000000 0.587428
661.000000 0.591808
662.000000 0.595951
663.000000 0.600016
664.000000 0.604070
665.000000 0.608055
666.000000 0.612152
667.000000 0.616679
668.000000 0.621549
669.000000 0.626582
670.000000 0.632056
671.000000 0.638407
672.000000 0.645642
673.000000 0.653924
674.000000 0.662736
675.000000 0.672421
676.000000 0.683701
677.000000 0.696366
678.000000 0.710408
679.000000 0.725183
680.000000 0.741102
681.000000 0.759057
682.000000 0.778849
683.000000 0.800504
684.000000 0.823185
685.000000 0.847159
686.000000 0.873721
687.000000 0.902428
688.000000 0.932753
689.000000 0.964565
690.000000 0.996629
691.000000 1.029616
692.000000 1.065105
693.000000 1.102327
694.000000 1.140961
695.000000 1.180816
696.000000 1.219852
697.000000 1.258397
698.000000 1.298442
699.000000 1.338949
700.000000 1.379567
701.000000 1.419644
702.000000 1.457452
703.000000 1.493385
704.000000 1.528483
705.000000 1.562064
706.000000 1.593344
707.000000 1.621705
708.000000 1.647237
709.000000 1.669536
710.000000 1.687527
711.000000 1.701679
712.000000 1.712207
713.000000 1.718070
714.000000 1.719146
715.000000 1.715346
716.000000 1.707019
717.000000 1.694180
718.000000 1.677153
719.000000 1.656848
720.000000 1.632843
721.000000 1.604626
722.000000 1.572991
723.000000 1.538464
724.000000 1.501336
725.000000 1.462505
726.000000 1.422150
727.000000 1.380005
728.000000 1.336349
729.000000 1.291580
730.000000 1.246218
731.000000 1.203410
732.000000 1.161531
733.000000 1.117870
734.000000 1.073886
735.000000 1.030364
736.000000 0.987333
737.000000 0.945141
738.000000 0.904111
739.000000 0.863970
740.000000 0.824839
741.000000 0.786984
742.000000 0.750509
743.000000 0.715383
744.000000 0.681502
745.000000 0.648839
746.000000 0.617468
747.000000 0.587095
748.000000 0.557669
749.000000 0.529269
750.000000 0.502081
751.000000 0.476030
752.000000 0.450995
753.000000 0.426919
754.000000 0.403781
755.000000 0.381604
756.000000 0.360350
757.000000 0.340046
758.000000 0.320598
759.000000 0.301844
760.000000 0.283849
761.000000 0.266733
762.000000 0.250447
763.000000 0.234856
764.000000 0.219899
765.000000 0.205507
766.000000 0.191636
767.000000 0.178514
768.000000 0.166188
769.000000 0.154508
770.000000 0.143451
771.000000 0.133014
772.000000 0.123135
773.000000 0.113797
774.000000 0.104966
775.000000 0.096592
776.000000 0.088258
777.000000 0.080228
778.000000 0.073043
779.000000 0.066467
780.000000 0.060275
781.000000 0.054447
782.000000 0.049102
783.000000 0.044140
784.000000 0.039517
785.000000 0.035192
786.000000 0.031096
787.000000 0.027323
788.000000 0.023760
789.000000 0.020433
790.000000 0.017426
791.000000 0.014727
792.000000 0.012229
793.000000 0.009878
794.000000 0.007698
795.000000 0.005681
796.000000 0.003876
797.000000 0.002213
798.000000 0.000652
799.000000 -0.000770
800.000000 -0.002103
801.000000 -0.003358
802.000000 -0.004433
803.000000 -0.005352
804.000000 -0.006212
805.000000 -0.006986
806.000000 -0.007651
807.000000 -0.008270
808.000000 -0.008856
809.000000 -0.009369
810.000000 -0.009839
811.000000 -0.010335
812.000000 -0.010814
813.000000 -0.011203
814.000000 -0.011507
815.000000 -0.011796
816.000000 -0.012099
817.000000 -0.012369
818.000000 -0.012632
819.000000 -0.012855
820.000000 -0.013011
821.000000 -0.013194
822.000000 -0.013397
823.000000 -0.013597
824.000000 -0.013731
825.000000 -0.013837
826.000000 -0.013975
827.000000 -0.014134
828.000000 -0.014312
829.000000 -0.014413
830.000000 -0.014471
831.000000 -0.014576
832.000000 -0.014665
833.000000 -0.014778
834.000000 -0.014943
835.000000 -0.015046
836.000000 -0.015149
837.000000 -0.015311
838.000000 -0.015420
839.000000 -0.015498
840.000000 -0.015550
841.000000 -0.015548
842.000000 -0.015582
843.000000 -0.015650
844.000000 -0.015706
845.000000 -0.015768
846.000000 -0.015858
847.000000 -0.015936
848.000000 -0.015999
849.000000 -0.016059
850.000000 -0.016116
851.000000 -0.016211
852.000000 -0.016310
853.000000 -0.016376
854.000000 -0.016422
855.000000 -0.016460
856.000000 -0.016462
857.000000 -0.016472
858.000000 -0.016519
859.000000 -0.016558
860.000000 -0.016563
861.000000 -0.016586
862.000000 -0.016660
863.000000 -0.016700
864.000000 -0.016716
865.000000 -0.016762
866.000000 -0.016807
867.000000 -0.016813
868.000000 -0.016802
869.000000 -0.016792
870.000000 -0.016659
871.000000 -0.016636
872.000000 -0.016769
873.000000 -0.016801
874.000000 -0.016829
875.000000 -0.016893
876.000000 -0.016910
877.000000 -0.016885
878.000000 -0.016867
879.000000 -0.016846
880.000000 -0.016872
881.000000 -0.016911
882.000000 -0.016898
883.000000 -0.016916
884.000000 -0.016974
885.000000 -0.016983
886.000000 -0.016959
887.000000 -0.016954
888.000000 -0.016956
889.000000 -0.016939
890.000000 -0.016920
891.000000 -0.016914
892.000000 -0.016904
893.000000 -0.016920
894.000000 -0.016959
895.000000 -0.016984
896.000000 -0.017000
897.000000 -0.017016
898.000000 -0.017029
899.000000 -0.017016
900.000000 -0.016997
