315.000000 0.119965
316.000000 0.120497
317.000000 0.120967
318.000000 0.122077
319.000000 0.123938
320.000000 0.125432
321.000000 0.126464
322.000000 0.128304
323.000000 0.131182
324.000000 0.133204
325.000000 0.134625
326.000000 0.136638
327.000000 0.138224
328.000000 0.139260
329.000000 0.140971
330.000000 0.142789
331.000000 0.144435
332.000000 0.146402
333.000000 0.148128
334.000000 0.149794
335.000000 0.151777
336.000000 0.154315
337.000000 0.156717
338.000000 0.158583
339.000000 0.160417
340.000000 0.162207
341.000000 0.164448
342.000000 0.166904
343.000000 0.168879
344.000000 0.170946
345.000000 0.173329
346.000000 0.175297
347.000000 0.176729
348.000000 0.177835
349.000000 0.178547
350.000000 0.179043
351.000000 0.179320
352.000000 0.179150
353.000000 0.179001
354.000000 0.178942
355.000000 0.178481
356.000000 0.177641
357.000000 0.176804
358.000000 0.175820
359.000000 0.174644
360.000000 0.173407
361.000000 0.172329
362.000000 0.171387
363.000000 0.170236
364.000000 0.169120
365.000000 0.168154
366.000000 0.167127
367.000000 0.166059
368.000000 0.164938
369.000000 0.163654
370.000000 0.162495
371.000000 0.161238
372.000000 0.159806
373.000000 0.158233
374.000000 0.156386
375.000000 0.154761
376.000000 0.152968
377.000000 0.151035
378.000000 0.149084
379.000000 0.147113
380.000000 0.145058
381.000000 0.143012
382.000000 0.141461
383.000000 0.139935
384.000000 0.138374
385.000000 0.136953
386.000000 0.135766
387.000000 0.134753
388.000000 0.134100
389.000000 0.133570
390.000000 0.132661
391.000000 0.132159
392.000000 0.132347
393.000000 0.132754
394.000000 0.133370
395.000000 0.133971
396.000000 0.134355
397.000000 0.134999
398.000000 0.135780
399.000000 0.136587
400.000000 0.137622
401.000000 0.138488
402.000000 0.139367
403.000000 0.140377
404.000000 0.141370
405.000000 0.142324
406.000000 0.143191
407.000000 0.144070
408.000000 0.144956
409.000000 0.145599
410.000000 0.146150
411.000000 0.146865
412.000000 0.147525
413.000000 0.148361
414.000000 0.149639
415.000000 0.151027
416.000000 0.152320
417.000000 0.153818
418.000000 0.155747
419.000000 0.157917
420.000000 0.160465
421.000000 0.163366
422.000000 0.166511
423.000000 0.169969
424.000000 0.173546
425.000000 0.177312
426.000000 0.181325
427.000000 0.185146
428.000000 0.188487
429.000000 0.191438
430.000000 0.193730
431.000000 0.195209
432.000000 0.195843
433.000000 0.195462
434.000000 0.194275
435.000000 0.192055
436.000000 0.188816
437.000000 0.184901
438.000000 0.180364
439.000000 0.175394
440.000000 0.169903
441.000000 0.164327
442.000000 0.158925
443.000000 0.153261
444.000000 0.147629
445.000000 0.142352
446.000000 0.137045
447.000000 0.131977
448.000000 0.127254
449.000000 0.122679
450.000000 0.118435
451.000000 0.114375
452.000000 0.110457
453.000000 0.106943
454.000000 0.103634
455.000000 0.100509
456.000000 0.097668
457.000000 0.094984
458.000000 0.092589
459.000000 0.090305
460.000000 0.088062
461.000000 0.086034
462.000000 0.084159
463.000000 0.082428
464.000000 0.080661
465.000000 0.078932
466.000000 0.077482
467.000000 0.076094
468.000000 0.074703
469.000000 0.073381
470.000000 0.072096
471.000000 0.070913
472.000000 0.069741
473.000000 0.068548
474.000000 0.067471
475.000000 0.066418
476.000000 0.065435
477.000000 0.064597
478.000000 0.063788
479.000000 0.062977
480.000000 0.062269
481.000000 0.061694
482.000000 0.061134
483.000000 0.060597
484.000000 0.060145
485.000000 0.059778
486.000000 0.059472
487.000000 0.059205
488.000000 0.059024
489.000000 0.059365
490.000000 0.060010
491.000000 0.060416
492.000000 0.060501
493.000000 0.060504
494.000000 0.060922
495.000000 0.061324
496.000000 0.061606
497.000000 0.062227
498.000000 0.062929
499.000000 0.063705
500.000000 0.064610
501.000000 0.065667
502.000000 0.066617
503.000000 0.067482
504.000000 0.068893
505.000000 0.070503
506.000000 0.072036
507.000000 0.073725
508.000000 0.075294
509.000000 0.076969
510.000000 0.078691
511.000000 0.080566
512.000000 0.082726
513.000000 0.085029
514.000000 0.087420
515.000000 0.089655
516.000000 0.091911
517.000000 0.094175
518.000000 0.096357
519.000000 0.098304
520.000000 0.100083
521.000000 0.101842
522.000000 0.103677
523.000000 0.105226
524.000000 0.106475
525.000000 0.107575
526.000000 0.108647
527.000000 0.109703
528.000000 0.110478
529.000000 0.111067
530.000000 0.111555
531.000000 0.111799
532.000000 0.111944
533.000000 0.112568
534.000000 0.113237
535.000000 0.113721
536.000000 0.114755
537.000000 0.116384
538.000000 0.118245
539.000000 0.119979
540.000000 0.122039
541.000000 0.124673
542.000000 0.127541
543.000000 0.130769
544.000000 0.134649
545.000000 0.139430
546.000000 0.144654
547.000000 0.150136
548.000000 0.155805
549.000000 0.161327
550.000000 0.166951
551.000000 0.172726
552.000000 0.178491
553.000000 0.184139
554.000000 0.189535
555.000000 0.194580
556.000000 0.198961
557.000000 0.202813
558.000000 0.206305
559.000000 0.208835
560.000000 0.210359
561.000000 0.210862
562.000000 0.210285
563.000000 0.208857
564.000000 0.206477
565.000000 0.203221
566.000000 0.199238
567.000000 0.194379
568.000000 0.188843
569.000000 0.182897
570.000000 0.176671
571.000000 0.170051
572.000000 0.163417
573.000000 0.156899
574.000000 0.150171
575.000000 0.143883
576.000000 0.138074
577.000000 0.132681
578.000000 0.127551
579.000000 0.122551
580.000000 0.117928
581.000000 0.113839
582.000000 0.110330
583.000000 0.107146
584.000000 0.104587
585.000000 0.102497
586.000000 0.100568
587.000000 0.099115
588.000000 0.098091
589.000000 0.097349
590.000000 0.097017
591.000000 0.097017
592.000000 0.097253
593.000000 0.097755
594.000000 0.098306
595.000000 0.098836
596.000000 0.099655
597.000000 0.100698
598.000000 0.101713
599.000000 0.102897
600.000000 0.104235
601.000000 0.105604
602.000000 0.107036
603.000000 0.108450
604.000000 0.109861
605.000000 0.111400
606.000000 0.113095
607.000000 0.114911
608.000000 0.116821
609.000000 0.118809
610.000000 0.120943
611.000000 0.123145
612.000000 0.125453
613.000000 0.127913
614.000000 0.130547
615.000000 0.133461
616.000000 0.136433
617.000000 0.139624
618.000000 0.143331
619.000000 0.147173
620.000000 0.151184
621.000000 0.155636
622.000000 0.160206
623.000000 0.165096
624.000000 0.170580
625.000000 0.176222
626.000000 0.182156
627.000000 0.188662
628.000000 0.195388
629.000000 0.202441
630.000000 0.210142
631.000000 0.218284
632.000000 0.226433
633.000000 0.234852
634.000000 0.243952
635.000000 0.253132
636.000000 0.262476
637.000000 0.272370
638.000000 0.282204
639.000000 0.292044
640.000000 0.302307
641.000000 0.312705
642.000000 0.322505
643.000000 0.332025
644.000000 0.341973
645.000000 0.351539
646.000000 0.360740
647.000000 0.369956
648.000000 0.378894
649.000000 0.387150
650.000000 0.394838
651.000000 0.402382
652.000000 0.409613
653.000000 0.416136
654.000000 0.422083
655.000000 0.427768
656.000000 0.433067
657.000000 0.437744
658.000000 0.441957
659.000000 0.445954
660.000000 0.449609
661.000000 0.452879
662.000000 0.455948
663.000000 0.459073
664.000000 0.462241
665.000000 0.465322
666.000000 0.468512
667.000000 0.472017
668.000000 0.475808
669.000000 0.479780
670.000000 0.484096
671.000000 0.489046
672.000000 0.494652
673.000000 0.501022
674.000000 0.507755
675.000000 0.515238
676.000000 0.524050
677.000000 0.533916
678.000000 0.544768
679.000000 0.556158
680.000000 0.568468
681.000000 0.582323
682.000000 0.597565
683.000000 0.614290
684.000000 0.631781
685.000000 0.650212
686.000000 0.670486
687.000000 0.692319
688.000000 0.715483
689.000000 0.739779
690.000000 0.764145
691.000000 0.789230
692.000000 0.816267
693.000000 0.844525
694.000000 0.873734
695.000000 0.903781
696.000000 0.933031
697.000000 0.961968
698.000000 0.992092
699.000000 1.022558
700.000000 1.052918
701.000000 1.082708
702.000000 1.110658
703.000000 1.137157
704.000000 1.163342
705.000000 1.188166
706.000000 1.211109
707.000000 1.232025
708.000000 1.250665
709.000000 1.266582
710.000000 1.279348
711.000000 1.288970
712.000000 1.295695
713.000000 1.299341
714.000000 1.299784
715.000000 1.296745
716.000000 1.290212
717.000000 1.280404
718.000000 1.267080
719.000000 1.251392
720.000000 1.233283
721.000000 1.211951
722.000000 1.188136
723.000000 1.162097
724.000000 1.134031
725.000000 1.104515
726.000000 1.073983
727.000000 1.042185
728.000000 1.009105
729.000000 0.975311
730.000000 0.941067
731.000000 0.908659
732.000000 0.876945
733.000000 0.843876
734.000000 0.810566
735.000000 0.777599
736.000000 0.745233
737.000000 0.713533
738.000000 0.682650
739.000000 0.652387
740.000000 0.622798
741.000000 0.594204
742.000000 0.566697
743.000000 0.540224
744.000000 0.514692
745.000000 0.489974
746.000000 0.466091
747.000000 0.442897
748.000000 0.420472
749.000000 0.398920
750.000000 0.378339
751.000000 0.358600
752.000000 0.339593
753.000000 0.321328
754.000000 0.303845
755.000000 0.287067
756.000000 0.270870
757.000000 0.255423
758.000000 0.240715
759.000000 0.226548
760.000000 0.212933
761.000000 0.200004
762.000000 0.187646
763.000000 0.175778
764.000000 0.164441
765.000000 0.153558
766.000000 0.143119
767.000000 0.133240
768.000000 0.123982
769.000000 0.115247
770.000000 0.106930
771.000000 0.099043
772.000000 0.091604
773.000000 0.084570
774.000000 0.077889
775.000000 0.071581
776.000000 0.065304
777.000000 0.059245
778.000000 0.053856
779.000000 0.048951
780.000000 0.044353
781.000000 0.040054
782.000000 0.036078
783.000000 0.032342
784.000000 0.028908
785.000000 0.025711
786.000000 0.022678
787.000000 0.019891
788.000000 0.017226
789.000000 0.014779
790.000000 0.012584
791.000000 0.010578
792.000000 0.008733
793.000000 0.007017
794.000000 0.005431
795.000000 0.003967
796.000000 0.002661
797.000000 0.001481
798.000000 0.000392
799.000000 -0.000600
800.000000 -0.001540
801.000000 -0.002418
802.000000 -0.003183
803.000000 -0.003826
804.000000 -0.004415
805.000000 -0.004949
806.000000 -0.005411
807.000000 -0.005868
808.000000 -0.006314
809.000000 -0.006669
810.000000 -0.006969
811.000000 -0.007273
812.000000 -0.007562
813.000000 -0.007846
814.000000 -0.008073
815.000000 -0.008258
816.000000 -0.008464
817.000000 -0.008685
818.000000 -0.008925
819.000000 -0.009136
820.000000 -0.009304
821.000000 -0.009461
822.000000 -0.009562
823.000000 -0.009694
824.000000 -0.009860
825.000000 -0.010044
826.000000 -0.010279
827.000000 -0.010544
828.000000 -0.010784
829.000000 -0.010955
830.000000 -0.011103
831.000000 -0.011297
832.000000 -0.011470
833.000000 -0.011630
834.000000 -0.011833
835.000000 -0.011982
836.000000 -0.012134
837.000000 -0.012356
838.000000 -0.012576
839.000000 -0.012755
840.000000 -0.012901
841.000000 -0.013019
842.000000 -0.013134
843.000000 -0.013260
844.000000 -0.013394
845.000000 -0.013520
846.000000 -0.013653
847.000000 -0.013795
848.000000 -0.013924
849.000000 -0.014036
850.000000 -0.014172
851.000000 -0.014345
852.000000 -0.014509
853.000000 -0.014663
854.000000 -0.014804
855.000000 -0.014933
856.000000 -0.015008
857.000000 -0.015022
858.000000 -0.015059
859.000000 -0.015141
860.000000 -0.015204
861.000000 -0.015272
862.000000 -0.015380
863.000000 -0.015480
864.000000 -0.015566
865.000000 -0.015641
866.000000 -0.015705
867.000000 -0.015763
868.000000 -0.015809
869.000000 -0.015839
870.000000 -0.015739
871.000000 -0.015763
872.000000 -0.015941
873.000000 -0.016003
874.000000 -0.016041
875.000000 -0.016099
876.000000 -0.016142
877.000000 -0.016153
878.000000 -0.016149
879.000000 -0.016138
880.000000 -0.016154
881.000000 -0.016229
882.000000 -0.016302
883.000000 -0.016335
884.000000 -0.016360
885.000000 -0.016361
886.000000 -0.016365
887.000000 -0.016367
888.000000 -0.016343
889.000000 -0.016348
890.000000 -0.016376
891.000000 -0.016390
892.000000 -0.016297
893.000000 -0.016104
894.000000 -0.015984
895.000000 -0.015976
896.000000 -0.016065
897.000000 -0.016203
898.000000 -0.016343
899.000000 -0.016402
900.000000 -0.016386
