315.000000 0.122239
316.000000 0.124178
317.000000 0.125746
318.000000 0.126736
319.000000 0.128455
320.000000 0.130498
321.000000 0.131816
322.000000 0.133505
323.000000 0.136274
324.000000 0.138854
325.000000 0.140688
326.000000 0.142280
327.000000 0.143846
328.000000 0.145443
329.000000 0.147146
330.000000 0.148743
331.000000 0.150039
332.000000 0.151159
333.000000 0.152852
334.000000 0.154697
335.000000 0.156377
336.000000 0.158474
337.000000 0.160383
338.000000 0.161534
339.000000 0.163096
340.000000 0.165180
341.000000 0.167137
342.000000 0.168944
343.000000 0.170548
344.000000 0.172468
345.000000 0.174566
346.000000 0.176269
347.000000 0.177688
348.000000 0.178977
349.000000 0.179698
350.000000 0.179905
351.000000 0.180007
352.000000 0.179708
353.000000 0.179137
354.000000 0.178513
355.000000 0.177678
356.000000 0.176644
357.000000 0.175588
358.000000 0.174314
359.000000 0.172873
360.000000 0.171523
361.000000 0.170417
362.000000 0.169377
363.000000 0.168128
364.000000 0.167042
365.000000 0.166120
366.000000 0.165109
367.000000 0.163928
368.000000 0.162743
369.000000 0.161522
370.000000 0.160649
371.000000 0.159602
372.000000 0.158355
373.000000 0.157263
374.000000 0.155472
375.000000 0.153835
376.000000 0.152647
377.000000 0.151394
378.000000 0.149691
379.000000 0.147786
380.000000 0.145972
381.000000 0.144187
382.000000 0.142588
383.000000 0.140540
384.000000 0.138750
385.000000 0.137903
386.000000 0.137115
387.000000 0.136326
388.000000 0.136016
389.000000 0.135900
390.000000 0.135607
391.000000 0.135450
392.000000 0.135789
393.000000 0.136090
394.000000 0.136525
395.000000 0.137396
396.000000 0.138140
397.000000 0.138948
398.000000 0.139857
399.000000 0.140867
400.000000 0.142013
401.000000 0.143073
402.000000 0.144264
403.000000 0.145643
404.000000 0.146801
405.000000 0.147732
406.000000 0.148833
407.000000 0.150022
408.000000 0.151014
409.000000 0.151855
410.000000 0.152720
411.000000 0.153488
412.000000 0.154176
413.000000 0.155322
414.000000 0.156741
415.000000 0.158104
416.000000 0.159396
417.000000 0.160935
418.000000 0.162941
419.000000 0.165137
420.000000 0.167633
421.000000 0.170522
422.000000 0.173747
423.000000 0.177262
424.000000 0.180938
425.000000 0.184602
426.000000 0.188438
427.000000 0.192074
428.000000 0.195141
429.000000 0.197821
430.000000 0.199853
431.000000 0.201043
432.000000 0.201333
433.000000 0.200722
434.000000 0.199259
435.000000 0.196728
436.000000 0.193363
437.000000 0.189356
438.000000 0.184732
439.000000 0.179685
440.000000 0.174117
441.000000 0.168483
442.000000 0.163075
443.000000 0.157483
444.000000 0.151999
445.000000 0.146796
446.000000 0.141583
447.000000 0.136655
448.000000 0.132015
449.000000 0.127532
450.000000 0.123425
451.000000 0.119546
452.000000 0.115784
453.000000 0.112370
454.000000 0.109166
455.000000 0.106159
456.000000 0.103382
457.000000 0.100737
458.000000 0.098415
459.000000 0.096245
460.000000 0.094101
461.000000 0.092176
462.000000 0.090417
463.000000 0.088862
464.000000 0.087285
465.000000 0.085685
466.000000 0.084325
467.000000 0.082942
468.000000 0.081668
469.000000 0.080561
470.000000 0.079451
471.000000 0.078436
472.000000 0.077429
473.000000 0.076420
474.000000 0.075527
475.000000 0.074684
476.000000 0.073926
477.000000 0.073306
478.000000 0.072705
479.000000 0.072130
480.000000 0.071614
481.000000 0.071165
482.000000 0.070794
483.000000 0.070453
484.000000 0.070186
485.000000 0.070029
486.000000 0.069895
487.000000 0.069813
488.000000 0.069814
489.000000 0.070334
490.000000 0.071253
491.000000 0.072045
492.000000 0.072717
493.000000 0.073382
494.000000 0.074061
495.000000 0.074645
496.000000 0.075214
497.000000 0.075692
498.000000 0.076242
499.000000 0.077136
500.000000 0.078348
501.000000 0.079867
502.000000 0.081355
503.000000 0.082583
504.000000 0.084117
505.000000 0.085911
506.000000 0.087827
507.000000 0.089958
508.000000 0.092190
509.000000 0.094736
510.000000 0.097237
511.000000 0.099756
512.000000 0.102355
513.000000 0.104866
514.000000 0.107601
515.000000 0.110559
516.000000 0.113343
517.000000 0.115989
518.000000 0.118542
519.000000 0.120800
520.000000 0.122897
521.000000 0.125099
522.000000 0.127220
523.000000 0.128826
524.000000 0.130089
525.000000 0.131232
526.000000 0.132447
527.000000 0.133393
528.000000 0.134254
529.000000 0.135160
530.000000 0.135891
531.000000 0.136487
532.000000 0.136892
533.000000 0.137481
534.000000 0.138203
535.000000 0.138969
536.000000 0.139977
537.000000 0.141457
538.000000 0.143335
539.000000 0.145274
540.000000 0.147890
541.000000 0.151354
542.000000 0.155199
543.000000 0.159399
544.000000 0.163948
545.000000 0.169240
546.000000 0.175107
547.000000 0.181293
548.000000 0.187876
549.000000 0.194564
550.000000 0.201397
551.000000 0.208393
552.000000 0.215260
553.000000 0.221985
554.000000 0.228429
555.000000 0.234247
556.000000 0.239163
557.000000 0.243371
558.000000 0.247233
559.000000 0.250080
560.000000 0.251694
561.000000 0.252142
562.000000 0.251350
563.000000 0.249337
564.000000 0.246082
565.000000 0.241991
566.000000 0.236984
567.000000 0.230783
568.000000 0.223992
569.000000 0.216464
570.000000 0.208327
571.000000 0.200022
572.000000 0.191772
573.000000 0.183479
574.000000 0.174834
575.000000 0.166839
576.000000 0.159502
577.000000 0.152420
578.000000 0.145675
579.000000 0.139213
580.000000 0.133078
581.000000 0.127496
582.000000 0.122734
583.000000 0.118474
584.000000 0.114849
585.000000 0.111675
586.000000 0.108759
587.000000 0.106532
588.000000 0.104741
589.000000 0.103205
590.000000 0.102128
591.000000 0.101313
592.000000 0.100727
593.000000 0.100474
594.000000 0.100406
595.000000 0.100458
596.000000 0.100703
597.000000 0.101276
598.000000 0.101922
599.000000 0.102568
600.000000 0.103502
601.000000 0.104670
602.000000 0.105894
603.000000 0.106900
604.000000 0.107673
605.000000 0.108602
606.000000 0.109824
607.000000 0.111311
608.000000 0.112880
609.000000 0.114483
610.000000 0.116184
611.000000 0.117913
612.000000 0.119879
613.000000 0.122054
614.000000 0.124392
615.000000 0.126955
616.000000 0.129505
617.000000 0.132207
618.000000 0.135333
619.000000 0.138686
620.000000 0.142267
621.000000 0.146211
622.000000 0.150357
623.000000 0.154794
624.000000 0.159654
625.000000 0.164740
626.000000 0.170124
627.000000 0.176029
628.000000 0.182084
629.000000 0.188426
630.000000 0.195378
631.000000 0.202767
632.000000 0.210203
633.000000 0.217838
634.000000 0.226121
635.000000 0.234479
636.000000 0.242949
637.000000 0.251919
638.000000 0.260815
639.000000 0.269696
640.000000 0.279008
641.000000 0.288503
642.000000 0.297403
643.000000 0.306008
644.000000 0.315061
645.000000 0.323812
646.000000 0.332161
647.000000 0.340394
648.000000 0.348364
649.000000 0.355828
650.000000 0.362814
651.000000 0.369623
652.000000 0.376186
653.000000 0.382178
654.000000 0.387600
655.000000 0.392716
656.000000 0.397445
657.000000 0.401610
658.000000 0.405387
659.000000 0.409044
660.000000 0.412452
661.000000 0.415531
662.000000 0.418451
663.000000 0.421320
664.000000 0.424142
665.000000 0.426973
666.000000 0.429961
667.000000 0.433188
668.000000 0.436732
669.000000 0.440496
670.000000 0.444524
671.000000 0.449115
672.000000 0.454317
673.000000 0.460245
674.000000 0.466513
675.000000 0.473452
676.000000 0.481636
677.000000 0.490818
678.000000 0.500886
679.000000 0.511353
680.000000 0.522566
681.000000 0.535267
682.000000 0.549339
683.000000 0.564729
684.000000 0.580797
685.000000 0.597727
686.000000 0.616370
687.000000 0.636452
688.000000 0.657636
689.000000 0.679846
690.000000 0.702258
691.000000 0.725243
692.000000 0.749893
693.000000 0.775675
694.000000 0.802308
695.000000 0.829578
696.000000 0.856129
697.000000 0.882531
698.000000 0.910089
699.000000 0.937919
700.000000 0.965540
701.000000 0.992537
702.000000 1.017660
703.000000 1.041386
704.000000 1.064992
705.000000 1.087586
706.000000 1.108479
707.000000 1.127315
708.000000 1.143903
709.000000 1.158163
710.000000 1.169506
711.000000 1.178075
712.000000 1.184175
713.000000 1.187263
714.000000 1.187398
715.000000 1.184536
716.000000 1.178317
717.000000 1.168916
718.000000 1.156736
719.000000 1.142565
720.000000 1.126050
721.000000 1.106604
722.000000 1.084737
723.000000 1.060770
724.000000 1.035185
725.000000 1.008329
726.000000 0.980369
727.000000 0.951436
728.000000 0.921647
729.000000 0.891037
730.000000 0.859764
731.000000 0.830188
732.000000 0.801265
733.000000 0.771174
734.000000 0.740954
735.000000 0.711026
736.000000 0.681564
737.000000 0.652614
738.000000 0.624321
739.000000 0.596566
740.000000 0.569484
741.000000 0.543339
742.000000 0.518188
743.000000 0.494040
744.000000 0.470821
745.000000 0.448304
746.000000 0.426424
747.000000 0.405154
748.000000 0.384661
749.000000 0.364976
750.000000 0.346181
751.000000 0.328148
752.000000 0.310742
753.000000 0.294023
754.000000 0.278034
755.000000 0.262645
756.000000 0.247789
757.000000 0.233654
758.000000 0.220175
759.000000 0.207200
760.000000 0.194721
761.000000 0.182842
762.000000 0.171470
763.000000 0.160557
764.000000 0.150180
765.000000 0.140222
766.000000 0.130690
767.000000 0.121624
768.000000 0.113069
769.000000 0.104974
770.000000 0.097288
771.000000 0.090096
772.000000 0.083339
773.000000 0.076989
774.000000 0.070928
775.000000 0.065128
776.000000 0.059381
777.000000 0.053867
778.000000 0.048962
779.000000 0.044498
780.000000 0.040297
781.000000 0.036330
782.000000 0.032690
783.000000 0.029366
784.000000 0.026307
785.000000 0.023474
786.000000 0.020767
787.000000 0.018245
788.000000 0.015841
789.000000 0.013573
790.000000 0.011505
791.000000 0.009596
792.000000 0.007855
793.000000 0.006304
794.000000 0.004927
795.000000 0.003641
796.000000 0.002482
797.000000 0.001445
798.000000 0.000439
799.000000 -0.000460
800.000000 -0.001319
801.000000 -0.002160
802.000000 -0.002818
803.000000 -0.003379
804.000000 -0.003920
805.000000 -0.004392
806.000000 -0.004791
807.000000 -0.005206
808.000000 -0.005610
809.000000 -0.005899
810.000000 -0.006130
811.000000 -0.006410
812.000000 -0.006705
813.000000 -0.006954
814.000000 -0.007213
815.000000 -0.007445
816.000000 -0.007597
817.000000 -0.007726
818.000000 -0.007913
819.000000 -0.008113
820.000000 -0.008246
821.000000 -0.008395
822.000000 -0.008604
823.000000 -0.008821
824.000000 -0.008916
825.000000 -0.008881
826.000000 -0.008804
827.000000 -0.008887
828.000000 -0.009211
829.000000 -0.009593
830.000000 -0.009914
831.000000 -0.010189
832.000000 -0.010391
833.000000 -0.010495
834.000000 -0.010542
835.000000 -0.010617
836.000000 -0.010924
837.000000 -0.011322
838.000000 -0.011590
839.000000 -0.011814
840.000000 -0.011999
841.000000 -0.012159
842.000000 -0.012335
843.000000 -0.012489
844.000000 -0.012656
845.000000 -0.012832
846.000000 -0.013026
847.000000 -0.013217
848.000000 -0.013354
849.000000 -0.013479
850.000000 -0.013618
851.000000 -0.013764
852.000000 -0.013930
853.000000 -0.014099
854.000000 -0.014248
855.000000 -0.014372
856.000000 -0.014470
857.000000 -0.014561
858.000000 -0.014663
859.000000 -0.014790
860.000000 -0.014880
861.000000 -0.014935
862.000000 -0.015021
863.000000 -0.015138
864.000000 -0.015245
865.000000 -0.015328
866.000000 -0.015394
867.000000 -0.015443
868.000000 -0.015503
869.000000 -0.015552
870.000000 -0.015469
871.000000 -0.015495
872.000000 -0.015673
873.000000 -0.015766
874.000000 -0.015823
875.000000 -0.015871
876.000000 -0.015898
877.000000 -0.015906
878.000000 -0.015914
879.000000 -0.015892
880.000000 -0.015897
881.000000 -0.015966
882.000000 -0.016021
883.000000 -0.016070
884.000000 -0.016107
885.000000 -0.016126
886.000000 -0.016173
887.000000 -0.016224
888.000000 -0.016241
889.000000 -0.016235
890.000000 -0.016234
891.000000 -0.016229
892.000000 -0.016230
893.000000 -0.016275
894.000000 -0.016331
895.000000 -0.016331
896.000000 -0.016327
897.000000 -0.016355
898.000000 -0.016377
899.000000 -0.016393
900.000000 -0.016408
