315.000000 0.069224
316.000000 0.069662
317.000000 0.070213
318.000000 0.071498
319.000000 0.073428
320.000000 0.075241
321.000000 0.076881
322.000000 0.079307
323.000000 0.082065
324.000000 0.084078
325.000000 0.085872
326.000000 0.087872
327.000000 0.089684
328.000000 0.091116
329.000000 0.092989
330.000000 0.095223
331.000000 0.097274
332.000000 0.099487
333.000000 0.101594
334.000000 0.103778
335.000000 0.107025
336.000000 0.110507
337.000000 0.113427
338.000000 0.116381
339.000000 0.119615
340.000000 0.123240
341.000000 0.126958
342.000000 0.130260
343.000000 0.133460
344.000000 0.136928
345.000000 0.140462
346.000000 0.143501
347.000000 0.146340
348.000000 0.149384
349.000000 0.151957
350.000000 0.153956
351.000000 0.155668
352.000000 0.156808
353.000000 0.157612
354.000000 0.158237
355.000000 0.158641
356.000000 0.158721
357.000000 0.158558
358.000000 0.158244
359.000000 0.157669
360.000000 0.156837
361.000000 0.155996
362.000000 0.155065
363.000000 0.153862
364.000000 0.152752
365.000000 0.151670
366.000000 0.150403
367.000000 0.148891
368.000000 0.147188
369.000000 0.145452
370.000000 0.143731
371.000000 0.141483
372.000000 0.139087
373.000000 0.136630
374.000000 0.133701
375.000000 0.131052
376.000000 0.128126
377.000000 0.124971
378.000000 0.121659
379.000000 0.118173
380.000000 0.114791
381.000000 0.111439
382.000000 0.107955
383.000000 0.104235
384.000000 0.101344
385.000000 0.099084
386.000000 0.096853
387.000000 0.094764
388.000000 0.093016
389.000000 0.091462
390.000000 0.089779
391.000000 0.088478
392.000000 0.087719
393.000000 0.087322
394.000000 0.087297
395.000000 0.087260
396.000000 0.087057
397.000000 0.087088
398.000000 0.087509
399.000000 0.088058
400.000000 0.088452
401.000000 0.088781
402.000000 0.089371
403.000000 0.090058
404.000000 0.090648
405.000000 0.091197
406.000000 0.091630
407.000000 0.092001
408.000000 0.092383
409.000000 0.092687
410.000000 0.092822
411.000000 0.092824
412.000000 0.092776
413.000000 0.093154
414.000000 0.093905
415.000000 0.094775
416.000000 0.095768
417.000000 0.096983
418.000000 0.098773
419.000000 0.101056
420.000000 0.104045
421.000000 0.107688
422.000000 0.111694
423.000000 0.116396
424.000000 0.121778
425.000000 0.127530
426.000000 0.133587
427.000000 0.139542
428.000000 0.145111
429.000000 0.150477
430.000000 0.155193
431.000000 0.158875
432.000000 0.161629
433.000000 0.163187
434.000000 0.163464
435.000000 0.162385
436.000000 0.159976
437.000000 0.156398
438.000000 0.151823
439.000000 0.146461
440.000000 0.140250
441.000000 0.133751
442.000000 0.127384
443.000000 0.120690
444.000000 0.113944
445.000000 0.107500
446.000000 0.101094
447.000000 0.095117
448.000000 0.089567
449.000000 0.084366
450.000000 0.079658
451.000000 0.075204
452.000000 0.071031
453.000000 0.067325
454.000000 0.063876
455.000000 0.060651
456.000000 0.057737
457.000000 0.055034
458.000000 0.052639
459.000000 0.050364
460.000000 0.048201
461.000000 0.046297
462.000000 0.044473
463.000000 0.042648
464.000000 0.040789
465.000000 0.038994
466.000000 0.037371
467.000000 0.035724
468.000000 0.034075
469.000000 0.032523
470.000000 0.031021
471.000000 0.029621
472.000000 0.028182
473.000000 0.026735
474.000000 0.025464
475.000000 0.024265
476.000000 0.023002
477.000000 0.021744
478.000000 0.020587
479.000000 0.019514
480.000000 0.018470
481.000000 0.017431
482.000000 0.016445
483.000000 0.015512
484.000000 0.014595
485.000000 0.013721
486.000000 0.012863
487.000000 0.012055
488.000000 0.011301
489.000000 0.010882
490.000000 0.010747
491.000000 0.010425
492.000000 0.010106
493.000000 0.009774
494.000000 0.009295
495.000000 0.008707
496.000000 0.008288
497.000000 0.007975
498.000000 0.007460
499.000000 0.007013
500.000000 0.006518
501.000000 0.006285
502.000000 0.005881
503.000000 0.005180
504.000000 0.005053
505.000000 0.004997
506.000000 0.004756
507.000000 0.004554
508.000000 0.004280
509.000000 0.003936
510.000000 0.003487
511.000000 0.003060
512.000000 0.003079
513.000000 0.003378
514.000000 0.003442
515.000000 0.003193
516.000000 0.002895
517.000000 0.002901
518.000000 0.003043
519.000000 0.003103
520.000000 0.003073
521.000000 0.002995
522.000000 0.002947
523.000000 0.002752
524.000000 0.002580
525.000000 0.002374
526.000000 0.002373
527.000000 0.002659
528.000000 0.002954
529.000000 0.003301
530.000000 0.003721
531.000000 0.004163
532.000000 0.004325
533.000000 0.004372
534.000000 0.004440
535.000000 0.004808
536.000000 0.005222
537.000000 0.005757
538.000000 0.006615
539.000000 0.007140
540.000000 0.007850
541.000000 0.009032
542.000000 0.010075
543.000000 0.010663
544.000000 0.011357
545.000000 0.012122
546.000000 0.012777
547.000000 0.013525
548.000000 0.014319
549.000000 0.015194
550.000000 0.016078
551.000000 0.017054
552.000000 0.018188
553.000000 0.019204
554.000000 0.020043
555.000000 0.021201
556.000000 0.022257
557.000000 0.023266
558.000000 0.024640
559.000000 0.025930
560.000000 0.027131
561.000000 0.028264
562.000000 0.029401
563.000000 0.030617
564.000000 0.031894
565.000000 0.033216
566.000000 0.034686
567.000000 0.036261
568.000000 0.037774
569.000000 0.039389
570.000000 0.040939
571.000000 0.042588
572.000000 0.044643
573.000000 0.046780
574.000000 0.048944
575.000000 0.051151
576.000000 0.053505
577.000000 0.056127
578.000000 0.058890
579.000000 0.061599
580.000000 0.064453
581.000000 0.067695
582.000000 0.070928
583.000000 0.074098
584.000000 0.077456
585.000000 0.080935
586.000000 0.084580
587.000000 0.088316
588.000000 0.092165
589.000000 0.096080
590.000000 0.100148
591.000000 0.104499
592.000000 0.108763
593.000000 0.113046
594.000000 0.117082
595.000000 0.121000
596.000000 0.125301
597.000000 0.129628
598.000000 0.133877
599.000000 0.138235
600.000000 0.142560
601.000000 0.146941
602.000000 0.151359
603.000000 0.155674
604.000000 0.160132
605.000000 0.164547
606.000000 0.168894
607.000000 0.173474
608.000000 0.178080
609.000000 0.182820
610.000000 0.187849
611.000000 0.192829
612.000000 0.197980
613.000000 0.203367
614.000000 0.209000
615.000000 0.215126
616.000000 0.221258
617.000000 0.227693
618.000000 0.234957
619.000000 0.242453
620.000000 0.250289
621.000000 0.258852
622.000000 0.267654
623.000000 0.276950
624.000000 0.287160
625.000000 0.297637
626.000000 0.308689
627.000000 0.320946
628.000000 0.333400
629.000000 0.346269
630.000000 0.360369
631.000000 0.375319
632.000000 0.390425
633.000000 0.405999
634.000000 0.422777
635.000000 0.439656
636.000000 0.456843
637.000000 0.475181
638.000000 0.493454
639.000000 0.511784
640.000000 0.530815
641.000000 0.550070
642.000000 0.568331
643.000000 0.586082
644.000000 0.604642
645.000000 0.622458
646.000000 0.639598
647.000000 0.656855
648.000000 0.673707
649.000000 0.689427
650.000000 0.704129
651.000000 0.718428
652.000000 0.732088
653.000000 0.744467
654.000000 0.755761
655.000000 0.766419
656.000000 0.776214
657.000000 0.784801
658.000000 0.792561
659.000000 0.800009
660.000000 0.806836
661.000000 0.812898
662.000000 0.818478
663.000000 0.824015
664.000000 0.829552
665.000000 0.834935
666.000000 0.840429
667.000000 0.846414
668.000000 0.852899
669.000000 0.859698
670.000000 0.867097
671.000000 0.875634
672.000000 0.885314
673.000000 0.896285
674.000000 0.907829
675.000000 0.920578
676.000000 0.935652
677.000000 0.952783
678.000000 0.971802
679.000000 0.991622
680.000000 1.012996
681.000000 1.037271
682.000000 1.064046
683.000000 1.093320
684.000000 1.124108
685.000000 1.156782
686.000000 1.192871
687.000000 1.231767
688.000000 1.272898
689.000000 1.316130
690.000000 1.359802
691.000000 1.404825
692.000000 1.453591
693.000000 1.504838
694.000000 1.557774
695.000000 1.612243
696.000000 1.665534
697.000000 1.718276
698.000000 1.773275
699.000000 1.829297
700.000000 1.885690
701.000000 1.941052
702.000000 1.992568
703.000000 2.041372
704.000000 2.090231
705.000000 2.136446
706.000000 2.179838
707.000000 2.220719
708.000000 2.256902
709.000000 2.288514
710.000000 2.314386
711.000000 2.333805
712.000000 2.348149
713.000000 2.356262
714.000000 2.358165
715.000000 2.354576
716.000000 2.345277
717.000000 2.329551
718.000000 2.308006
719.000000 2.282069
720.000000 2.250999
721.000000 2.213299
722.000000 2.170780
723.000000 2.125890
724.000000 2.077516
725.000000 2.025477
726.000000 1.970160
727.000000 1.911875
728.000000 1.851648
729.000000 1.790171
730.000000 1.727470
731.000000 1.668102
732.000000 1.609857
733.000000 1.549547
734.000000 1.489382
735.000000 1.429656
736.000000 1.370654
737.000000 1.312660
738.000000 1.255891
739.000000 1.200459
740.000000 1.146497
741.000000 1.094245
742.000000 1.044010
743.000000 0.995717
744.000000 0.949242
745.000000 0.904360
746.000000 0.860975
747.000000 0.818899
748.000000 0.778213
749.000000 0.739053
750.000000 0.701544
751.000000 0.665590
752.000000 0.631035
753.000000 0.597793
754.000000 0.565865
755.000000 0.535214
756.000000 0.505825
757.000000 0.477739
758.000000 0.450873
759.000000 0.425056
760.000000 0.400217
761.000000 0.376490
762.000000 0.353897
763.000000 0.332268
764.000000 0.311567
765.000000 0.291662
766.000000 0.272512
767.000000 0.254353
768.000000 0.237290
769.000000 0.221122
770.000000 0.205753
771.000000 0.191242
772.000000 0.177552
773.000000 0.164636
774.000000 0.152339
775.000000 0.140655
776.000000 0.129002
777.000000 0.117804
778.000000 0.107775
779.000000 0.098530
780.000000 0.089885
781.000000 0.081837
782.000000 0.074385
783.000000 0.067430
784.000000 0.060951
785.000000 0.054823
786.000000 0.048983
787.000000 0.043605
788.000000 0.038555
789.000000 0.033829
790.000000 0.029535
791.000000 0.025641
792.000000 0.022071
793.000000 0.018739
794.000000 0.015660
795.000000 0.012786
796.000000 0.010187
797.000000 0.007807
798.000000 0.005567
799.000000 0.003529
800.000000 0.001637
801.000000 -0.000149
802.000000 -0.001706
803.000000 -0.003015
804.000000 -0.004196
805.000000 -0.005285
806.000000 -0.006259
807.000000 -0.007148
808.000000 -0.008033
809.000000 -0.008889
810.000000 -0.009631
811.000000 -0.010300
812.000000 -0.010905
813.000000 -0.011435
814.000000 -0.011932
815.000000 -0.012390
816.000000 -0.012806
817.000000 -0.013154
818.000000 -0.013484
819.000000 -0.013799
820.000000 -0.014051
821.000000 -0.014343
822.000000 -0.014634
823.000000 -0.014876
824.000000 -0.015069
825.000000 -0.015209
826.000000 -0.015369
827.000000 -0.015568
828.000000 -0.015762
829.000000 -0.015859
830.000000 -0.015913
831.000000 -0.016006
832.000000 -0.016074
833.000000 -0.016151
834.000000 -0.016218
835.000000 -0.016260
836.000000 -0.016356
837.000000 -0.016453
838.000000 -0.016525
839.000000 -0.016651
840.000000 -0.016758
841.000000 -0.016795
842.000000 -0.016814
843.000000 -0.016836
844.000000 -0.016865
845.000000 -0.016888
846.000000 -0.016930
847.000000 -0.016974
848.000000 -0.016992
849.000000 -0.017013
850.000000 -0.017056
851.000000 -0.017102
852.000000 -0.017158
853.000000 -0.017224
854.000000 -0.017265
855.000000 -0.017270
856.000000 -0.017239
857.000000 -0.017213
858.000000 -0.017226
859.000000 -0.017265
860.000000 -0.017257
861.000000 -0.017231
862.000000 -0.017277
863.000000 -0.017322
864.000000 -0.017325
865.000000 -0.017324
866.000000 -0.017309
867.000000 -0.017313
868.000000 -0.017331
869.000000 -0.017329
870.000000 -0.017195
871.000000 -0.017184
872.000000 -0.017344
873.000000 -0.017391
874.000000 -0.017403
875.000000 -0.017410
876.000000 -0.017383
877.000000 -0.017348
878.000000 -0.017326
879.000000 -0.017277
880.000000 -0.017238
881.000000 -0.017245
882.000000 -0.017243
883.000000 -0.017236
884.000000 -0.017247
885.000000 -0.017250
886.000000 -0.017263
887.000000 -0.017298
888.000000 -0.017317
889.000000 -0.017290
890.000000 -0.017256
891.000000 -0.017249
892.000000 -0.017253
893.000000 -0.017275
894.000000 -0.017292
895.000000 -0.017290
896.000000 -0.017304
897.000000 -0.017319
898.000000 -0.017325
899.000000 -0.017318
900.000000 -0.017314
