315.000000 0.125240
316.000000 0.125992
317.000000 0.127203
318.000000 0.128831
319.000000 0.130536
320.000000 0.131952
321.000000 0.133517
322.000000 0.135802
323.000000 0.138536
324.000000 0.140731
325.000000 0.142744
326.000000 0.144761
327.000000 0.146180
328.000000 0.147383
329.000000 0.148792
330.000000 0.150435
331.000000 0.152279
332.000000 0.153844
333.000000 0.155086
334.000000 0.156628
335.000000 0.158161
336.000000 0.159794
337.000000 0.161837
338.000000 0.163649
339.000000 0.165236
340.000000 0.167070
341.000000 0.169045
342.000000 0.170704
343.000000 0.172250
344.000000 0.173977
345.000000 0.175890
346.000000 0.177445
347.000000 0.178328
348.000000 0.178993
349.000000 0.179619
350.000000 0.179975
351.000000 0.179873
352.000000 0.179219
353.000000 0.178459
354.000000 0.177732
355.000000 0.176714
356.000000 0.175396
357.000000 0.174140
358.000000 0.173007
359.000000 0.171684
360.000000 0.170272
361.000000 0.168977
362.000000 0.167764
363.000000 0.166563
364.000000 0.165572
365.000000 0.164678
366.000000 0.163731
367.000000 0.162714
368.000000 0.161615
369.000000 0.160487
370.000000 0.159677
371.000000 0.158763
372.000000 0.157532
373.000000 0.156283
374.000000 0.154447
375.000000 0.152892
376.000000 0.151660
377.000000 0.150582
378.000000 0.149211
379.000000 0.147036
380.000000 0.145166
381.000000 0.143645
382.000000 0.142368
383.000000 0.141156
384.000000 0.140196
385.000000 0.139544
386.000000 0.138929
387.000000 0.138551
388.000000 0.138500
389.000000 0.138418
390.000000 0.137976
391.000000 0.137788
392.000000 0.138313
393.000000 0.139086
394.000000 0.140008
395.000000 0.140899
396.000000 0.141561
397.000000 0.142356
398.000000 0.143356
399.000000 0.144455
400.000000 0.145741
401.000000 0.147124
402.000000 0.148475
403.000000 0.149826
404.000000 0.151058
405.000000 0.152228
406.000000 0.153424
407.000000 0.154578
408.000000 0.155603
409.000000 0.156679
410.000000 0.157747
411.000000 0.158718
412.000000 0.159510
413.000000 0.160403
414.000000 0.161839
415.000000 0.163369
416.000000 0.164746
417.000000 0.166442
418.000000 0.168607
419.000000 0.170832
420.000000 0.173458
421.000000 0.176635
422.000000 0.179855
423.000000 0.183194
424.000000 0.186655
425.000000 0.190083
426.000000 0.193619
427.000000 0.196872
428.000000 0.199668
429.000000 0.202096
430.000000 0.203800
431.000000 0.204847
432.000000 0.205050
433.000000 0.204175
434.000000 0.202466
435.000000 0.199822
436.000000 0.196347
437.000000 0.192240
438.000000 0.187639
439.000000 0.182678
440.000000 0.177224
441.000000 0.171748
442.000000 0.166575
443.000000 0.161168
444.000000 0.155739
445.000000 0.150627
446.000000 0.145470
447.000000 0.140611
448.000000 0.136185
449.000000 0.131899
450.000000 0.127775
451.000000 0.123837
452.000000 0.120170
453.000000 0.116861
454.000000 0.113680
455.000000 0.110635
456.000000 0.107843
457.000000 0.105236
458.000000 0.102939
459.000000 0.100775
460.000000 0.098760
461.000000 0.096994
462.000000 0.095354
463.000000 0.093798
464.000000 0.092189
465.000000 0.090647
466.000000 0.089373
467.000000 0.088162
468.000000 0.087003
469.000000 0.085994
470.000000 0.085045
471.000000 0.084164
472.000000 0.083289
473.000000 0.082483
474.000000 0.081819
475.000000 0.081118
476.000000 0.080467
477.000000 0.079956
478.000000 0.079495
479.000000 0.079103
480.000000 0.078749
481.000000 0.078439
482.000000 0.078206
483.000000 0.078011
484.000000 0.077884
485.000000 0.077872
486.000000 0.077915
487.000000 0.077968
488.000000 0.078055
489.000000 0.078717
490.000000 0.079870
491.000000 0.080942
492.000000 0.081778
493.000000 0.082240
494.000000 0.082733
495.000000 0.083453
496.000000 0.084385
497.000000 0.085445
498.000000 0.086386
499.000000 0.087362
500.000000 0.088627
501.000000 0.090211
502.000000 0.091790
503.000000 0.093237
504.000000 0.095158
505.000000 0.097270
506.000000 0.099465
507.000000 0.102095
508.000000 0.104610
509.000000 0.107237
510.000000 0.110129
511.000000 0.112958
512.000000 0.115866
513.000000 0.118959
514.000000 0.121944
515.000000 0.124912
516.000000 0.127925
517.000000 0.130875
518.000000 0.133795
519.000000 0.136583
520.000000 0.139147
521.000000 0.141487
522.000000 0.143860
523.000000 0.145784
524.000000 0.147193
525.000000 0.148432
526.000000 0.149643
527.000000 0.150872
528.000000 0.152059
529.000000 0.153075
530.000000 0.153863
531.000000 0.154250
532.000000 0.154517
533.000000 0.155241
534.000000 0.155974
535.000000 0.156664
536.000000 0.157712
537.000000 0.159355
538.000000 0.161409
539.000000 0.163594
540.000000 0.166294
541.000000 0.169822
542.000000 0.174086
543.000000 0.179024
544.000000 0.184483
545.000000 0.190571
546.000000 0.197088
547.000000 0.203783
548.000000 0.210883
549.000000 0.218381
550.000000 0.225958
551.000000 0.233594
552.000000 0.241308
553.000000 0.248760
554.000000 0.255796
555.000000 0.262268
556.000000 0.267774
557.000000 0.272401
558.000000 0.276637
559.000000 0.279849
560.000000 0.281482
561.000000 0.281655
562.000000 0.280526
563.000000 0.278082
564.000000 0.274306
565.000000 0.269537
566.000000 0.263657
567.000000 0.256417
568.000000 0.248468
569.000000 0.239760
570.000000 0.230499
571.000000 0.220943
572.000000 0.211449
573.000000 0.201906
574.000000 0.191990
575.000000 0.182775
576.000000 0.174024
577.000000 0.165682
578.000000 0.157972
579.000000 0.150667
580.000000 0.143653
581.000000 0.136990
582.000000 0.131122
583.000000 0.125982
584.000000 0.121637
585.000000 0.117820
586.000000 0.114192
587.000000 0.111187
588.000000 0.108803
589.000000 0.106694
590.000000 0.104931
591.000000 0.103600
592.000000 0.102657
593.000000 0.101904
594.000000 0.101302
595.000000 0.100981
596.000000 0.100867
597.000000 0.100958
598.000000 0.101179
599.000000 0.101469
600.000000 0.101975
601.000000 0.102591
602.000000 0.103251
603.000000 0.103950
604.000000 0.104721
605.000000 0.105610
606.000000 0.106590
607.000000 0.107619
608.000000 0.108718
609.000000 0.109972
610.000000 0.111439
611.000000 0.113030
612.000000 0.114792
613.000000 0.116734
614.000000 0.118737
615.000000 0.120951
616.000000 0.123274
617.000000 0.125802
618.000000 0.128677
619.000000 0.131656
620.000000 0.134840
621.000000 0.138382
622.000000 0.142135
623.000000 0.146223
624.000000 0.150721
625.000000 0.155335
626.000000 0.160201
627.000000 0.165579
628.000000 0.171113
629.000000 0.176905
630.000000 0.183288
631.000000 0.190111
632.000000 0.196914
633.000000 0.203920
634.000000 0.211535
635.000000 0.219138
636.000000 0.226941
637.000000 0.235280
638.000000 0.243476
639.000000 0.251631
640.000000 0.260158
641.000000 0.268785
642.000000 0.276917
643.000000 0.284855
644.000000 0.293133
645.000000 0.301057
646.000000 0.308633
647.000000 0.316216
648.000000 0.323615
649.000000 0.330472
650.000000 0.336852
651.000000 0.343123
652.000000 0.349132
653.000000 0.354544
654.000000 0.359472
655.000000 0.364146
656.000000 0.368479
657.000000 0.372311
658.000000 0.375782
659.000000 0.379124
660.000000 0.382251
661.000000 0.385111
662.000000 0.387812
663.000000 0.390462
664.000000 0.393153
665.000000 0.395858
666.000000 0.398714
667.000000 0.401822
668.000000 0.405095
669.000000 0.408523
670.000000 0.412293
671.000000 0.416635
672.000000 0.421533
673.000000 0.427131
674.000000 0.433035
675.000000 0.439553
676.000000 0.447235
677.000000 0.455779
678.000000 0.465138
679.000000 0.474960
680.000000 0.485511
681.000000 0.497357
682.000000 0.510401
683.000000 0.524719
684.000000 0.539683
685.000000 0.555436
686.000000 0.572763
687.000000 0.591400
688.000000 0.611065
689.000000 0.631595
690.000000 0.652261
691.000000 0.673489
692.000000 0.696273
693.000000 0.720089
694.000000 0.744565
695.000000 0.769659
696.000000 0.794150
697.000000 0.818388
698.000000 0.843540
699.000000 0.868849
700.000000 0.893954
701.000000 0.918444
702.000000 0.941411
703.000000 0.963251
704.000000 0.984694
705.000000 1.005010
706.000000 1.023762
707.000000 1.040597
708.000000 1.055433
709.000000 1.068121
710.000000 1.078278
711.000000 1.085975
712.000000 1.091164
713.000000 1.093638
714.000000 1.093365
715.000000 1.090268
716.000000 1.084437
717.000000 1.075855
718.000000 1.064523
719.000000 1.051388
720.000000 1.036287
721.000000 1.018372
722.000000 0.998091
723.000000 0.975927
724.000000 0.952254
725.000000 0.927648
726.000000 0.902271
727.000000 0.875866
728.000000 0.848327
729.000000 0.819992
730.000000 0.791328
731.000000 0.764221
732.000000 0.737643
733.000000 0.710003
734.000000 0.682271
735.000000 0.654758
736.000000 0.627761
737.000000 0.601250
738.000000 0.575305
739.000000 0.549826
740.000000 0.524838
741.000000 0.500706
742.000000 0.477538
743.000000 0.455255
744.000000 0.433715
745.000000 0.412898
746.000000 0.392798
747.000000 0.373328
748.000000 0.354488
749.000000 0.336283
750.000000 0.318884
751.000000 0.302201
752.000000 0.286162
753.000000 0.270749
754.000000 0.255959
755.000000 0.241724
756.000000 0.228012
757.000000 0.214979
758.000000 0.202559
759.000000 0.190575
760.000000 0.179028
761.000000 0.167994
762.000000 0.157462
763.000000 0.147398
764.000000 0.137856
765.000000 0.128743
766.000000 0.119940
767.000000 0.111599
768.000000 0.103742
769.000000 0.096309
770.000000 0.089261
771.000000 0.082583
772.000000 0.076281
773.000000 0.070347
774.000000 0.064772
775.000000 0.059524
776.000000 0.054251
777.000000 0.049170
778.000000 0.044689
779.000000 0.040593
780.000000 0.036734
781.000000 0.033075
782.000000 0.029676
783.000000 0.026564
784.000000 0.023762
785.000000 0.021128
786.000000 0.018581
787.000000 0.016267
788.000000 0.014105
789.000000 0.012097
790.000000 0.010249
791.000000 0.008563
792.000000 0.007031
793.000000 0.005648
794.000000 0.004388
795.000000 0.003172
796.000000 0.002103
797.000000 0.001149
798.000000 0.000242
799.000000 -0.000574
800.000000 -0.001331
801.000000 -0.002029
802.000000 -0.002625
803.000000 -0.003145
804.000000 -0.003622
805.000000 -0.004039
806.000000 -0.004378
807.000000 -0.004720
808.000000 -0.005062
809.000000 -0.005376
810.000000 -0.005648
811.000000 -0.005891
812.000000 -0.006146
813.000000 -0.006376
814.000000 -0.006568
815.000000 -0.006720
816.000000 -0.006900
817.000000 -0.007089
818.000000 -0.007241
819.000000 -0.007380
820.000000 -0.007522
821.000000 -0.007704
822.000000 -0.007885
823.000000 -0.008070
824.000000 -0.008229
825.000000 -0.008381
826.000000 -0.008586
827.000000 -0.008818
828.000000 -0.009045
829.000000 -0.009228
830.000000 -0.009414
831.000000 -0.009631
832.000000 -0.009826
833.000000 -0.010009
834.000000 -0.010211
835.000000 -0.010404
836.000000 -0.010633
837.000000 -0.010925
838.000000 -0.011178
839.000000 -0.011371
840.000000 -0.011528
841.000000 -0.011689
842.000000 -0.011873
843.000000 -0.012061
844.000000 -0.012238
845.000000 -0.012400
846.000000 -0.012604
847.000000 -0.012796
848.000000 -0.012949
849.000000 -0.013112
850.000000 -0.013284
851.000000 -0.013453
852.000000 -0.013596
853.000000 -0.013748
854.000000 -0.013927
855.000000 -0.014091
856.000000 -0.014218
857.000000 -0.014352
858.000000 -0.014494
859.000000 -0.014593
860.000000 -0.014635
861.000000 -0.014709
862.000000 -0.014879
863.000000 -0.015016
864.000000 -0.015111
865.000000 -0.015235
866.000000 -0.015333
867.000000 -0.015399
868.000000 -0.015452
869.000000 -0.015502
870.000000 -0.015422
871.000000 -0.015442
872.000000 -0.015631
873.000000 -0.015712
874.000000 -0.015739
875.000000 -0.015798
876.000000 -0.015842
877.000000 -0.015850
878.000000 -0.015876
879.000000 -0.015900
880.000000 -0.015934
881.000000 -0.015981
882.000000 -0.015992
883.000000 -0.016012
884.000000 -0.016068
885.000000 -0.016080
886.000000 -0.016062
887.000000 -0.016076
888.000000 -0.016099
889.000000 -0.016111
890.000000 -0.016130
891.000000 -0.016146
892.000000 -0.016174
893.000000 -0.016202
894.000000 -0.016254
895.000000 -0.016289
896.000000 -0.016262
897.000000 -0.016284
898.000000 -0.016313
899.000000 -0.016292
900.000000 -0.016282
