315.000000 0.129876
316.000000 0.131112
317.000000 0.132114
318.000000 0.133525
319.000000 0.135646
320.000000 0.137934
321.000000 0.139508
322.000000 0.141424
323.000000 0.143974
324.000000 0.146136
325.000000 0.147794
326.000000 0.149277
327.000000 0.150526
328.000000 0.151441
329.000000 0.152794
330.000000 0.154375
331.000000 0.155861
332.000000 0.157735
333.000000 0.159459
334.000000 0.161051
335.000000 0.163014
336.000000 0.164921
337.000000 0.166569
338.000000 0.167811
339.000000 0.169238
340.000000 0.171215
341.000000 0.173149
342.000000 0.174430
343.000000 0.175418
344.000000 0.176803
345.000000 0.178142
346.000000 0.179117
347.000000 0.179734
348.000000 0.180385
349.000000 0.180905
350.000000 0.180801
351.000000 0.180397
352.000000 0.179864
353.000000 0.179298
354.000000 0.178516
355.000000 0.177287
356.000000 0.175762
357.000000 0.174334
358.000000 0.173059
359.000000 0.171611
360.000000 0.169976
361.000000 0.168699
362.000000 0.167713
363.000000 0.166483
364.000000 0.165283
365.000000 0.164327
366.000000 0.163293
367.000000 0.162054
368.000000 0.160992
369.000000 0.159937
370.000000 0.159230
371.000000 0.158542
372.000000 0.157507
373.000000 0.156183
374.000000 0.154285
375.000000 0.153173
376.000000 0.152285
377.000000 0.151332
378.000000 0.150434
379.000000 0.148860
380.000000 0.147242
381.000000 0.146017
382.000000 0.145073
383.000000 0.143925
384.000000 0.142686
385.000000 0.141647
386.000000 0.141001
387.000000 0.140853
388.000000 0.140938
389.000000 0.141011
390.000000 0.140830
391.000000 0.140796
392.000000 0.141586
393.000000 0.142599
394.000000 0.143655
395.000000 0.144762
396.000000 0.145684
397.000000 0.146804
398.000000 0.148104
399.000000 0.149250
400.000000 0.150280
401.000000 0.151317
402.000000 0.152621
403.000000 0.154213
404.000000 0.155582
405.000000 0.156762
406.000000 0.157968
407.000000 0.159232
408.000000 0.160372
409.000000 0.161282
410.000000 0.162463
411.000000 0.163809
412.000000 0.164703
413.000000 0.165619
414.000000 0.167174
415.000000 0.168931
416.000000 0.170466
417.000000 0.172146
418.000000 0.174166
419.000000 0.176273
420.000000 0.178691
421.000000 0.181540
422.000000 0.184579
423.000000 0.187878
424.000000 0.191263
425.000000 0.194646
426.000000 0.198136
427.000000 0.201438
428.000000 0.204231
429.000000 0.206437
430.000000 0.207990
431.000000 0.208817
432.000000 0.208746
433.000000 0.207819
434.000000 0.206071
435.000000 0.203194
436.000000 0.199596
437.000000 0.195456
438.000000 0.190819
439.000000 0.185981
440.000000 0.180691
441.000000 0.175251
442.000000 0.169989
443.000000 0.164583
444.000000 0.159311
445.000000 0.154363
446.000000 0.149366
447.000000 0.144656
448.000000 0.140274
449.000000 0.136044
450.000000 0.132086
451.000000 0.128290
452.000000 0.124662
453.000000 0.121351
454.000000 0.118230
455.000000 0.115265
456.000000 0.112506
457.000000 0.109938
458.000000 0.107692
459.000000 0.105584
460.000000 0.103463
461.000000 0.101502
462.000000 0.099754
463.000000 0.098224
464.000000 0.096696
465.000000 0.095227
466.000000 0.094023
467.000000 0.092856
468.000000 0.091758
469.000000 0.090804
470.000000 0.089929
471.000000 0.089150
472.000000 0.088377
473.000000 0.087591
474.000000 0.086917
475.000000 0.086309
476.000000 0.085754
477.000000 0.085348
478.000000 0.084996
479.000000 0.084628
480.000000 0.084315
481.000000 0.084107
482.000000 0.083986
483.000000 0.083859
484.000000 0.083765
485.000000 0.083790
486.000000 0.083895
487.000000 0.084018
488.000000 0.084205
489.000000 0.085186
490.000000 0.086496
491.000000 0.087276
492.000000 0.087929
493.000000 0.088558
494.000000 0.089353
495.000000 0.090376
496.000000 0.091553
497.000000 0.092706
498.000000 0.093847
499.000000 0.095297
500.000000 0.096929
501.000000 0.098706
502.000000 0.100562
503.000000 0.102346
504.000000 0.104565
505.000000 0.106868
506.000000 0.109024
507.000000 0.111531
508.000000 0.114080
509.000000 0.116751
510.000000 0.119587
511.000000 0.122724
512.000000 0.126127
513.000000 0.129446
514.000000 0.132840
515.000000 0.136315
516.000000 0.139547
517.000000 0.142706
518.000000 0.145914
519.000000 0.148971
520.000000 0.151812
521.000000 0.154503
522.000000 0.156959
523.000000 0.158922
524.000000 0.160646
525.000000 0.162131
526.000000 0.163388
527.000000 0.164575
528.000000 0.165554
529.000000 0.166299
530.000000 0.167076
531.000000 0.167598
532.000000 0.167788
533.000000 0.168250
534.000000 0.168819
535.000000 0.169634
536.000000 0.170845
537.000000 0.172686
538.000000 0.174944
539.000000 0.177124
540.000000 0.179960
541.000000 0.183746
542.000000 0.188261
543.000000 0.193395
544.000000 0.199186
545.000000 0.205623
546.000000 0.212584
547.000000 0.220023
548.000000 0.227753
549.000000 0.235661
550.000000 0.243719
551.000000 0.251715
552.000000 0.259788
553.000000 0.267852
554.000000 0.275507
555.000000 0.282589
556.000000 0.288603
557.000000 0.293652
558.000000 0.298095
559.000000 0.301210
560.000000 0.302791
561.000000 0.302957
562.000000 0.301668
563.000000 0.298906
564.000000 0.294683
565.000000 0.289352
566.000000 0.282841
567.000000 0.275032
568.000000 0.266479
569.000000 0.257131
570.000000 0.246997
571.000000 0.236390
572.000000 0.225919
573.000000 0.215351
574.000000 0.204484
575.000000 0.194406
576.000000 0.184869
577.000000 0.175790
578.000000 0.167134
579.000000 0.158817
580.000000 0.151081
581.000000 0.143805
582.000000 0.137293
583.000000 0.131494
584.000000 0.126441
585.000000 0.121903
586.000000 0.117731
587.000000 0.114212
588.000000 0.111286
589.000000 0.108711
590.000000 0.106538
591.000000 0.104857
592.000000 0.103570
593.000000 0.102550
594.000000 0.101674
595.000000 0.100910
596.000000 0.100340
597.000000 0.100188
598.000000 0.100170
599.000000 0.100126
600.000000 0.100292
601.000000 0.100654
602.000000 0.101147
603.000000 0.101646
604.000000 0.102142
605.000000 0.102722
606.000000 0.103429
607.000000 0.104368
608.000000 0.105392
609.000000 0.106442
610.000000 0.107658
611.000000 0.108985
612.000000 0.110446
613.000000 0.112023
614.000000 0.113768
615.000000 0.115761
616.000000 0.117784
617.000000 0.120026
618.000000 0.122650
619.000000 0.125423
620.000000 0.128418
621.000000 0.131702
622.000000 0.135109
623.000000 0.138781
624.000000 0.142860
625.000000 0.147125
626.000000 0.151668
627.000000 0.156669
628.000000 0.161808
629.000000 0.167230
630.000000 0.173208
631.000000 0.179474
632.000000 0.185753
633.000000 0.192276
634.000000 0.199282
635.000000 0.206313
636.000000 0.213475
637.000000 0.221069
638.000000 0.228636
639.000000 0.236171
640.000000 0.244052
641.000000 0.252042
642.000000 0.259483
643.000000 0.266755
644.000000 0.274378
645.000000 0.281725
646.000000 0.288810
647.000000 0.295869
648.000000 0.302737
649.000000 0.309093
650.000000 0.314954
651.000000 0.320680
652.000000 0.326153
653.000000 0.331080
654.000000 0.335619
655.000000 0.339993
656.000000 0.344044
657.000000 0.347606
658.000000 0.350859
659.000000 0.353961
660.000000 0.356840
661.000000 0.359494
662.000000 0.362027
663.000000 0.364532
664.000000 0.367029
665.000000 0.369563
666.000000 0.372274
667.000000 0.375237
668.000000 0.378421
669.000000 0.381744
670.000000 0.385376
671.000000 0.389572
672.000000 0.394251
673.000000 0.399562
674.000000 0.405175
675.000000 0.411296
676.000000 0.418453
677.000000 0.426463
678.000000 0.435288
679.000000 0.444537
680.000000 0.454468
681.000000 0.465621
682.000000 0.477866
683.000000 0.491254
684.000000 0.505253
685.000000 0.519988
686.000000 0.536214
687.000000 0.553667
688.000000 0.572027
689.000000 0.591166
690.000000 0.610380
691.000000 0.630111
692.000000 0.651303
693.000000 0.673394
694.000000 0.696065
695.000000 0.719350
696.000000 0.742021
697.000000 0.764436
698.000000 0.787666
699.000000 0.810991
700.000000 0.834124
701.000000 0.856705
702.000000 0.877700
703.000000 0.897449
704.000000 0.916875
705.000000 0.935245
706.000000 0.952159
707.000000 0.967441
708.000000 0.980930
709.000000 0.992339
710.000000 1.001247
711.000000 1.007736
712.000000 1.012101
713.000000 1.014225
714.000000 1.013893
715.000000 1.010858
716.000000 1.005197
717.000000 0.997022
718.000000 0.986198
719.000000 0.973663
720.000000 0.959438
721.000000 0.942755
722.000000 0.924037
723.000000 0.903781
724.000000 0.882129
725.000000 0.859212
726.000000 0.835466
727.000000 0.810972
728.000000 0.785514
729.000000 0.759423
730.000000 0.733124
731.000000 0.708225
732.000000 0.683815
733.000000 0.658305
734.000000 0.632597
735.000000 0.607193
736.000000 0.582227
737.000000 0.557664
738.000000 0.533567
739.000000 0.509947
740.000000 0.486889
741.000000 0.464519
742.000000 0.442950
743.000000 0.422242
744.000000 0.402290
745.000000 0.382978
746.000000 0.364347
747.000000 0.346343
748.000000 0.328819
749.000000 0.311859
750.000000 0.295729
751.000000 0.280255
752.000000 0.265382
753.000000 0.251075
754.000000 0.237263
755.000000 0.223979
756.000000 0.211238
757.000000 0.199124
758.000000 0.187636
759.000000 0.176562
760.000000 0.165802
761.000000 0.155573
762.000000 0.145851
763.000000 0.136542
764.000000 0.127696
765.000000 0.119223
766.000000 0.111052
767.000000 0.103284
768.000000 0.095981
769.000000 0.089067
770.000000 0.082479
771.000000 0.076255
772.000000 0.070442
773.000000 0.064980
774.000000 0.059760
775.000000 0.054833
776.000000 0.049992
777.000000 0.045299
778.000000 0.041067
779.000000 0.037196
780.000000 0.033568
781.000000 0.030209
782.000000 0.027180
783.000000 0.024374
784.000000 0.021799
785.000000 0.019377
786.000000 0.017017
787.000000 0.014854
788.000000 0.012840
789.000000 0.010994
790.000000 0.009305
791.000000 0.007773
792.000000 0.006334
793.000000 0.005030
794.000000 0.003866
795.000000 0.002773
796.000000 0.001847
797.000000 0.000995
798.000000 0.000163
799.000000 -0.000601
800.000000 -0.001341
801.000000 -0.002015
802.000000 -0.002565
803.000000 -0.003066
804.000000 -0.003518
805.000000 -0.003885
806.000000 -0.004185
807.000000 -0.004471
808.000000 -0.004765
809.000000 -0.005017
810.000000 -0.005231
811.000000 -0.005471
812.000000 -0.005702
813.000000 -0.005888
814.000000 -0.006060
815.000000 -0.006279
816.000000 -0.006521
817.000000 -0.006700
818.000000 -0.006900
819.000000 -0.007068
820.000000 -0.007191
821.000000 -0.007395
822.000000 -0.007581
823.000000 -0.007732
824.000000 -0.007845
825.000000 -0.007962
826.000000 -0.008173
827.000000 -0.008416
828.000000 -0.008649
829.000000 -0.008818
830.000000 -0.008949
831.000000 -0.009142
832.000000 -0.009350
833.000000 -0.009562
834.000000 -0.009834
835.000000 -0.010060
836.000000 -0.010252
837.000000 -0.010480
838.000000 -0.010693
839.000000 -0.010879
840.000000 -0.011112
841.000000 -0.011361
842.000000 -0.011557
843.000000 -0.011739
844.000000 -0.011905
845.000000 -0.012064
846.000000 -0.012287
847.000000 -0.012489
848.000000 -0.012630
849.000000 -0.012782
850.000000 -0.012947
851.000000 -0.013144
852.000000 -0.013374
853.000000 -0.013574
854.000000 -0.013741
855.000000 -0.013889
856.000000 -0.013991
857.000000 -0.014092
858.000000 -0.014212
859.000000 -0.014313
860.000000 -0.014413
861.000000 -0.014523
862.000000 -0.014641
863.000000 -0.014773
864.000000 -0.014895
865.000000 -0.015001
866.000000 -0.015094
867.000000 -0.015160
868.000000 -0.015220
869.000000 -0.015268
870.000000 -0.015185
871.000000 -0.015223
872.000000 -0.015403
873.000000 -0.015502
874.000000 -0.015597
875.000000 -0.015663
876.000000 -0.015687
877.000000 -0.015690
878.000000 -0.015672
879.000000 -0.015670
880.000000 -0.015749
881.000000 -0.015835
882.000000 -0.015858
883.000000 -0.015890
884.000000 -0.015948
885.000000 -0.015948
886.000000 -0.015952
887.000000 -0.015999
888.000000 -0.016034
889.000000 -0.016061
890.000000 -0.016096
891.000000 -0.016118
892.000000 -0.016097
893.000000 -0.016126
894.000000 -0.016199
895.000000 -0.016233
896.000000 -0.016228
897.000000 -0.016237
898.000000 -0.016253
899.000000 -0.016216
900.000000 -0.016174
