315.000000 0.131367
316.000000 0.133892
317.000000 0.135617
318.000000 0.137154
319.000000 0.138887
320.000000 0.140458
321.000000 0.142083
322.000000 0.144168
323.000000 0.146766
324.000000 0.148855
325.000000 0.150823
326.000000 0.153037
327.000000 0.154617
328.000000 0.155527
329.000000 0.156498
330.000000 0.157954
331.000000 0.159353
332.000000 0.160958
333.000000 0.162577
334.000000 0.163949
335.000000 0.165749
336.000000 0.167760
337.000000 0.169610
338.000000 0.170915
339.000000 0.172071
340.000000 0.173557
341.000000 0.175083
342.000000 0.176371
343.000000 0.177739
344.000000 0.179136
345.000000 0.180248
346.000000 0.181229
347.000000 0.181833
348.000000 0.182011
349.000000 0.182092
350.000000 0.182011
351.000000 0.181495
352.000000 0.180596
353.000000 0.179675
354.000000 0.178910
355.000000 0.177888
356.000000 0.176387
357.000000 0.174891
358.000000 0.173453
359.000000 0.172022
360.000000 0.170678
361.000000 0.169488
362.000000 0.168341
363.000000 0.167102
364.000000 0.166004
365.000000 0.165014
366.000000 0.163963
367.000000 0.162825
368.000000 0.161793
369.000000 0.160812
370.000000 0.160401
371.000000 0.159930
372.000000 0.158785
373.000000 0.157398
374.000000 0.155553
375.000000 0.154025
376.000000 0.152942
377.000000 0.151933
378.000000 0.150705
379.000000 0.149364
380.000000 0.147950
381.000000 0.146757
382.000000 0.146031
383.000000 0.145236
384.000000 0.144552
385.000000 0.144137
386.000000 0.144000
387.000000 0.143954
388.000000 0.144134
389.000000 0.144372
390.000000 0.144453
391.000000 0.144737
392.000000 0.145504
393.000000 0.146558
394.000000 0.147818
395.000000 0.149249
396.000000 0.150424
397.000000 0.151617
398.000000 0.152901
399.000000 0.154205
400.000000 0.155531
401.000000 0.156798
402.000000 0.158339
403.000000 0.160031
404.000000 0.161502
405.000000 0.162831
406.000000 0.164151
407.000000 0.165468
408.000000 0.166789
409.000000 0.167978
410.000000 0.169260
411.000000 0.170399
412.000000 0.171252
413.000000 0.172463
414.000000 0.174227
415.000000 0.176051
416.000000 0.177662
417.000000 0.179366
418.000000 0.181217
419.000000 0.183232
420.000000 0.185748
421.000000 0.188592
422.000000 0.191542
423.000000 0.194733
424.000000 0.197929
425.000000 0.201112
426.000000 0.204361
427.000000 0.207326
428.000000 0.209782
429.000000 0.211725
430.000000 0.212908
431.000000 0.213337
432.000000 0.213023
433.000000 0.211874
434.000000 0.210048
435.000000 0.207320
436.000000 0.203810
437.000000 0.199803
438.000000 0.195388
439.000000 0.190691
440.000000 0.185539
441.000000 0.180374
442.000000 0.175508
443.000000 0.170452
444.000000 0.165468
445.000000 0.160762
446.000000 0.155988
447.000000 0.151419
448.000000 0.147076
449.000000 0.142877
450.000000 0.138992
451.000000 0.135229
452.000000 0.131585
453.000000 0.128267
454.000000 0.125078
455.000000 0.122043
456.000000 0.119272
457.000000 0.116689
458.000000 0.114351
459.000000 0.112124
460.000000 0.109969
461.000000 0.108012
462.000000 0.106278
463.000000 0.104744
464.000000 0.103179
465.000000 0.101676
466.000000 0.100421
467.000000 0.099212
468.000000 0.098053
469.000000 0.097050
470.000000 0.096135
471.000000 0.095296
472.000000 0.094504
473.000000 0.093710
474.000000 0.093046
475.000000 0.092429
476.000000 0.091851
477.000000 0.091448
478.000000 0.091110
479.000000 0.090803
480.000000 0.090514
481.000000 0.090298
482.000000 0.090170
483.000000 0.090090
484.000000 0.090127
485.000000 0.090285
486.000000 0.090517
487.000000 0.090785
488.000000 0.091073
489.000000 0.091855
490.000000 0.092894
491.000000 0.093941
492.000000 0.095035
493.000000 0.096101
494.000000 0.097290
495.000000 0.098258
496.000000 0.099289
497.000000 0.100408
498.000000 0.101276
499.000000 0.102479
500.000000 0.104046
501.000000 0.105794
502.000000 0.107762
503.000000 0.109609
504.000000 0.111965
505.000000 0.114597
506.000000 0.117152
507.000000 0.120177
508.000000 0.123282
509.000000 0.126502
510.000000 0.129634
511.000000 0.132916
512.000000 0.136564
513.000000 0.140116
514.000000 0.143563
515.000000 0.147179
516.000000 0.150920
517.000000 0.154441
518.000000 0.157859
519.000000 0.161010
520.000000 0.163923
521.000000 0.166733
522.000000 0.169149
523.000000 0.171231
524.000000 0.173203
525.000000 0.174685
526.000000 0.175786
527.000000 0.176811
528.000000 0.177849
529.000000 0.179047
530.000000 0.180039
531.000000 0.180608
532.000000 0.180732
533.000000 0.180983
534.000000 0.181679
535.000000 0.182512
536.000000 0.183679
537.000000 0.185538
538.000000 0.187890
539.000000 0.190243
540.000000 0.193349
541.000000 0.197578
542.000000 0.202195
543.000000 0.207284
544.000000 0.213206
545.000000 0.220169
546.000000 0.227933
547.000000 0.235934
548.000000 0.243939
549.000000 0.252134
550.000000 0.260885
551.000000 0.269876
552.000000 0.278693
553.000000 0.287137
554.000000 0.294911
555.000000 0.302078
556.000000 0.308381
557.000000 0.313835
558.000000 0.318506
559.000000 0.321599
560.000000 0.323237
561.000000 0.323379
562.000000 0.321886
563.000000 0.318889
564.000000 0.314326
565.000000 0.308572
566.000000 0.301588
567.000000 0.293057
568.000000 0.283712
569.000000 0.273552
570.000000 0.262692
571.000000 0.251305
572.000000 0.239796
573.000000 0.228157
574.000000 0.216232
575.000000 0.205203
576.000000 0.194786
577.000000 0.184733
578.000000 0.175194
579.000000 0.166230
580.000000 0.157776
581.000000 0.149702
582.000000 0.142421
583.000000 0.135820
584.000000 0.130136
585.000000 0.125028
586.000000 0.120182
587.000000 0.116117
588.000000 0.112590
589.000000 0.109524
590.000000 0.106969
591.000000 0.104884
592.000000 0.103194
593.000000 0.101629
594.000000 0.100341
595.000000 0.099221
596.000000 0.098293
597.000000 0.097807
598.000000 0.097433
599.000000 0.096969
600.000000 0.096686
601.000000 0.096617
602.000000 0.096661
603.000000 0.096841
604.000000 0.097057
605.000000 0.097356
606.000000 0.097764
607.000000 0.098314
608.000000 0.099004
609.000000 0.099754
610.000000 0.100651
611.000000 0.101684
612.000000 0.102860
613.000000 0.104172
614.000000 0.105611
615.000000 0.107254
616.000000 0.108945
617.000000 0.110773
618.000000 0.112972
619.000000 0.115404
620.000000 0.117974
621.000000 0.120734
622.000000 0.123658
623.000000 0.126940
624.000000 0.130557
625.000000 0.134261
626.000000 0.138278
627.000000 0.142740
628.000000 0.147276
629.000000 0.152003
630.000000 0.157202
631.000000 0.162724
632.000000 0.168246
633.000000 0.173945
634.000000 0.180154
635.000000 0.186363
636.000000 0.192667
637.000000 0.199365
638.000000 0.205989
639.000000 0.212606
640.000000 0.219511
641.000000 0.226473
642.000000 0.232928
643.000000 0.239208
644.000000 0.245798
645.000000 0.252110
646.000000 0.258190
647.000000 0.264248
648.000000 0.270118
649.000000 0.275601
650.000000 0.280705
651.000000 0.285683
652.000000 0.290457
653.000000 0.294773
654.000000 0.298765
655.000000 0.302590
656.000000 0.306105
657.000000 0.309183
658.000000 0.312003
659.000000 0.314761
660.000000 0.317366
661.000000 0.319771
662.000000 0.322090
663.000000 0.324404
664.000000 0.326721
665.000000 0.329084
666.000000 0.331603
667.000000 0.334358
668.000000 0.337323
669.000000 0.340425
670.000000 0.343771
671.000000 0.347587
672.000000 0.351866
673.000000 0.356755
674.000000 0.361918
675.000000 0.367534
676.000000 0.374111
677.000000 0.381452
678.000000 0.389515
679.000000 0.397965
680.000000 0.406988
681.000000 0.417015
682.000000 0.427971
683.000000 0.439963
684.000000 0.452598
685.000000 0.465945
686.000000 0.480452
687.000000 0.495872
688.000000 0.512112
689.000000 0.529093
690.000000 0.546116
691.000000 0.563591
692.000000 0.582283
693.000000 0.601570
694.000000 0.621423
695.000000 0.641858
696.000000 0.661628
697.000000 0.681040
698.000000 0.701031
699.000000 0.721119
700.000000 0.741006
701.000000 0.760316
702.000000 0.778246
703.000000 0.795059
704.000000 0.811507
705.000000 0.827061
706.000000 0.841255
707.000000 0.853855
708.000000 0.864837
709.000000 0.874049
710.000000 0.881210
711.000000 0.886384
712.000000 0.889581
713.000000 0.890691
714.000000 0.889763
715.000000 0.886658
716.000000 0.881237
717.000000 0.873607
718.000000 0.863850
719.000000 0.852644
720.000000 0.840007
721.000000 0.825341
722.000000 0.808885
723.000000 0.791010
724.000000 0.771924
725.000000 0.751968
726.000000 0.731385
727.000000 0.710071
728.000000 0.687955
729.000000 0.665390
730.000000 0.642647
731.000000 0.620992
732.000000 0.599672
733.000000 0.577468
734.000000 0.555151
735.000000 0.532957
736.000000 0.511071
737.000000 0.489591
738.000000 0.468592
739.000000 0.448004
740.000000 0.427804
741.000000 0.408244
742.000000 0.389423
743.000000 0.371250
744.000000 0.353709
745.000000 0.336741
746.000000 0.320340
747.000000 0.304472
748.000000 0.289114
749.000000 0.274222
750.000000 0.259953
751.000000 0.246285
752.000000 0.233181
753.000000 0.220560
754.000000 0.208365
755.000000 0.196654
756.000000 0.185417
757.000000 0.174689
758.000000 0.164406
759.000000 0.154563
760.000000 0.145110
761.000000 0.136072
762.000000 0.127455
763.000000 0.119162
764.000000 0.111265
765.000000 0.103718
766.000000 0.096462
767.000000 0.089585
768.000000 0.083147
769.000000 0.077076
770.000000 0.071306
771.000000 0.065860
772.000000 0.060746
773.000000 0.055949
774.000000 0.051407
775.000000 0.047119
776.000000 0.042833
777.000000 0.038663
778.000000 0.034943
779.000000 0.031574
780.000000 0.028415
781.000000 0.025444
782.000000 0.022726
783.000000 0.020238
784.000000 0.018014
785.000000 0.015951
786.000000 0.013923
787.000000 0.012032
788.000000 0.010297
789.000000 0.008717
790.000000 0.007224
791.000000 0.005892
792.000000 0.004715
793.000000 0.003595
794.000000 0.002579
795.000000 0.001652
796.000000 0.000824
797.000000 0.000057
798.000000 -0.000669
799.000000 -0.001328
800.000000 -0.001961
801.000000 -0.002497
802.000000 -0.002918
803.000000 -0.003277
804.000000 -0.003595
805.000000 -0.003919
806.000000 -0.004226
807.000000 -0.004457
808.000000 -0.004685
809.000000 -0.004905
810.000000 -0.005088
811.000000 -0.005304
812.000000 -0.005508
813.000000 -0.005672
814.000000 -0.005826
815.000000 -0.005983
816.000000 -0.006152
817.000000 -0.006340
818.000000 -0.006542
819.000000 -0.006711
820.000000 -0.006849
821.000000 -0.007008
822.000000 -0.007163
823.000000 -0.007336
824.000000 -0.007471
825.000000 -0.007573
826.000000 -0.007747
827.000000 -0.007978
828.000000 -0.008210
829.000000 -0.008389
830.000000 -0.008603
831.000000 -0.008868
832.000000 -0.009053
833.000000 -0.009251
834.000000 -0.009499
835.000000 -0.009646
836.000000 -0.009862
837.000000 -0.010175
838.000000 -0.010454
839.000000 -0.010737
840.000000 -0.010966
841.000000 -0.011127
842.000000 -0.011301
843.000000 -0.011492
844.000000 -0.011677
845.000000 -0.011861
846.000000 -0.012051
847.000000 -0.012252
848.000000 -0.012441
849.000000 -0.012635
850.000000 -0.012828
851.000000 -0.013006
852.000000 -0.013176
853.000000 -0.013322
854.000000 -0.013497
855.000000 -0.013693
856.000000 -0.013840
857.000000 -0.013989
858.000000 -0.014148
859.000000 -0.014279
860.000000 -0.014366
861.000000 -0.014454
862.000000 -0.014592
863.000000 -0.014714
864.000000 -0.014825
865.000000 -0.014930
866.000000 -0.015017
867.000000 -0.015072
868.000000 -0.015098
869.000000 -0.015183
870.000000 -0.015143
871.000000 -0.015179
872.000000 -0.015370
873.000000 -0.015461
874.000000 -0.015526
875.000000 -0.015590
876.000000 -0.015637
877.000000 -0.015641
878.000000 -0.015654
879.000000 -0.015666
880.000000 -0.015698
881.000000 -0.015778
882.000000 -0.015828
883.000000 -0.015861
884.000000 -0.015910
885.000000 -0.015916
886.000000 -0.015939
887.000000 -0.016025
888.000000 -0.016089
889.000000 -0.016117
890.000000 -0.016121
891.000000 -0.016129
892.000000 -0.016144
893.000000 -0.016179
894.000000 -0.016225
895.000000 -0.016241
896.000000 -0.016242
897.000000 -0.016245
898.000000 -0.016247
899.000000 -0.016246
900.000000 -0.016248
