315.000000 0.135077
316.000000 0.136964
317.000000 0.138805
318.000000 0.140045
319.000000 0.141273
320.000000 0.142998
321.000000 0.144589
322.000000 0.146665
323.000000 0.149184
324.000000 0.151136
325.000000 0.152936
326.000000 0.154720
327.000000 0.156307
328.000000 0.157627
329.000000 0.158969
330.000000 0.160670
331.000000 0.162399
332.000000 0.164128
333.000000 0.165574
334.000000 0.166843
335.000000 0.168444
336.000000 0.170371
337.000000 0.172103
338.000000 0.173028
339.000000 0.173962
340.000000 0.175539
341.000000 0.177227
342.000000 0.178643
343.000000 0.179688
344.000000 0.180798
345.000000 0.181954
346.000000 0.182850
347.000000 0.183378
348.000000 0.183653
349.000000 0.183684
350.000000 0.183512
351.000000 0.183194
352.000000 0.182211
353.000000 0.181011
354.000000 0.180045
355.000000 0.178801
356.000000 0.177243
357.000000 0.175935
358.000000 0.174698
359.000000 0.173146
360.000000 0.171446
361.000000 0.170124
362.000000 0.169096
363.000000 0.167817
364.000000 0.166561
365.000000 0.165604
366.000000 0.164663
367.000000 0.163565
368.000000 0.162491
369.000000 0.161520
370.000000 0.160882
371.000000 0.159971
372.000000 0.158663
373.000000 0.157139
374.000000 0.155239
375.000000 0.153944
376.000000 0.153131
377.000000 0.152609
378.000000 0.152097
379.000000 0.150864
380.000000 0.149808
381.000000 0.149155
382.000000 0.148322
383.000000 0.147354
384.000000 0.146800
385.000000 0.146589
386.000000 0.146329
387.000000 0.146279
388.000000 0.146478
389.000000 0.146706
390.000000 0.146740
391.000000 0.147042
392.000000 0.147880
393.000000 0.148874
394.000000 0.150104
395.000000 0.151388
396.000000 0.152417
397.000000 0.153788
398.000000 0.155365
399.000000 0.156638
400.000000 0.157917
401.000000 0.159215
402.000000 0.160702
403.000000 0.162392
404.000000 0.164007
405.000000 0.165511
406.000000 0.166905
407.000000 0.168317
408.000000 0.169803
409.000000 0.171154
410.000000 0.172216
411.000000 0.173338
412.000000 0.174480
413.000000 0.175693
414.000000 0.177277
415.000000 0.178960
416.000000 0.180392
417.000000 0.181894
418.000000 0.183825
419.000000 0.185853
420.000000 0.188348
421.000000 0.191294
422.000000 0.194214
423.000000 0.197231
424.000000 0.200289
425.000000 0.203296
426.000000 0.206354
427.000000 0.209143
428.000000 0.211311
429.000000 0.212999
430.000000 0.214186
431.000000 0.214735
432.000000 0.214406
433.000000 0.213189
434.000000 0.211351
435.000000 0.208726
436.000000 0.205328
437.000000 0.201443
438.000000 0.197193
439.000000 0.192690
440.000000 0.187756
441.000000 0.182715
442.000000 0.177903
443.000000 0.172941
444.000000 0.168086
445.000000 0.163489
446.000000 0.158798
447.000000 0.154342
448.000000 0.150158
449.000000 0.146067
450.000000 0.142227
451.000000 0.138463
452.000000 0.134763
453.000000 0.131324
454.000000 0.128016
455.000000 0.124915
456.000000 0.122068
457.000000 0.119356
458.000000 0.116889
459.000000 0.114577
460.000000 0.112361
461.000000 0.110421
462.000000 0.108685
463.000000 0.107055
464.000000 0.105394
465.000000 0.103855
466.000000 0.102606
467.000000 0.101373
468.000000 0.100214
469.000000 0.099133
470.000000 0.098040
471.000000 0.097112
472.000000 0.096288
473.000000 0.095494
474.000000 0.094779
475.000000 0.094118
476.000000 0.093600
477.000000 0.093183
478.000000 0.092763
479.000000 0.092409
480.000000 0.092131
481.000000 0.091937
482.000000 0.091802
483.000000 0.091682
484.000000 0.091690
485.000000 0.091801
486.000000 0.091935
487.000000 0.092145
488.000000 0.092434
489.000000 0.093038
490.000000 0.094009
491.000000 0.095045
492.000000 0.096054
493.000000 0.096871
494.000000 0.097752
495.000000 0.098651
496.000000 0.099624
497.000000 0.100796
498.000000 0.101819
499.000000 0.103241
500.000000 0.105039
501.000000 0.107050
502.000000 0.109087
503.000000 0.111105
504.000000 0.113686
505.000000 0.116384
506.000000 0.119106
507.000000 0.122036
508.000000 0.124872
509.000000 0.127869
510.000000 0.131011
511.000000 0.134438
512.000000 0.138100
513.000000 0.141890
514.000000 0.145670
515.000000 0.149245
516.000000 0.152816
517.000000 0.156327
518.000000 0.159656
519.000000 0.162771
520.000000 0.165884
521.000000 0.168710
522.000000 0.171302
523.000000 0.173577
524.000000 0.175501
525.000000 0.177236
526.000000 0.178713
527.000000 0.179947
528.000000 0.180998
529.000000 0.181881
530.000000 0.182688
531.000000 0.183216
532.000000 0.183514
533.000000 0.184181
534.000000 0.184874
535.000000 0.185688
536.000000 0.186950
537.000000 0.188694
538.000000 0.191080
539.000000 0.193547
540.000000 0.196438
541.000000 0.200292
542.000000 0.204768
543.000000 0.210064
544.000000 0.216117
545.000000 0.223106
546.000000 0.230797
547.000000 0.238691
548.000000 0.246980
549.000000 0.255549
550.000000 0.264327
551.000000 0.273277
552.000000 0.282061
553.000000 0.290370
554.000000 0.298195
555.000000 0.305657
556.000000 0.312160
557.000000 0.317528
558.000000 0.322148
559.000000 0.325361
560.000000 0.326949
561.000000 0.327038
562.000000 0.325585
563.000000 0.322596
564.000000 0.318088
565.000000 0.312371
566.000000 0.305246
567.000000 0.296391
568.000000 0.286850
569.000000 0.276618
570.000000 0.265569
571.000000 0.254018
572.000000 0.242385
573.000000 0.230683
574.000000 0.218621
575.000000 0.207384
576.000000 0.196856
577.000000 0.186753
578.000000 0.176943
579.000000 0.167483
580.000000 0.158748
581.000000 0.150540
582.000000 0.143079
583.000000 0.136233
584.000000 0.130316
585.000000 0.125047
586.000000 0.120130
587.000000 0.116000
588.000000 0.112354
589.000000 0.109097
590.000000 0.106343
591.000000 0.103917
592.000000 0.101883
593.000000 0.100232
594.000000 0.098869
595.000000 0.097756
596.000000 0.096773
597.000000 0.096080
598.000000 0.095523
599.000000 0.094969
600.000000 0.094668
601.000000 0.094613
602.000000 0.094652
603.000000 0.094698
604.000000 0.094789
605.000000 0.094973
606.000000 0.095229
607.000000 0.095670
608.000000 0.096250
609.000000 0.096887
610.000000 0.097765
611.000000 0.098816
612.000000 0.099995
613.000000 0.101225
614.000000 0.102449
615.000000 0.103815
616.000000 0.105289
617.000000 0.107009
618.000000 0.109122
619.000000 0.111404
620.000000 0.113800
621.000000 0.116427
622.000000 0.119234
623.000000 0.122318
624.000000 0.125703
625.000000 0.129182
626.000000 0.132912
627.000000 0.137079
628.000000 0.141378
629.000000 0.145889
630.000000 0.150848
631.000000 0.156125
632.000000 0.161412
633.000000 0.166824
634.000000 0.172649
635.000000 0.178471
636.000000 0.184417
637.000000 0.190754
638.000000 0.196995
639.000000 0.203222
640.000000 0.209747
641.000000 0.216326
642.000000 0.222482
643.000000 0.228465
644.000000 0.234725
645.000000 0.240744
646.000000 0.246464
647.000000 0.252158
648.000000 0.257743
649.000000 0.262938
650.000000 0.267747
651.000000 0.272447
652.000000 0.276954
653.000000 0.281034
654.000000 0.284755
655.000000 0.288286
656.000000 0.291633
657.000000 0.294617
658.000000 0.297333
659.000000 0.299982
660.000000 0.302417
661.000000 0.304664
662.000000 0.306850
663.000000 0.309068
664.000000 0.311360
665.000000 0.313687
666.000000 0.316182
667.000000 0.318922
668.000000 0.321860
669.000000 0.324943
670.000000 0.328251
671.000000 0.331972
672.000000 0.336162
673.000000 0.340923
674.000000 0.345932
675.000000 0.351430
676.000000 0.357785
677.000000 0.364835
678.000000 0.372552
679.000000 0.380635
680.000000 0.389342
681.000000 0.399058
682.000000 0.409677
683.000000 0.421226
684.000000 0.433258
685.000000 0.445898
686.000000 0.459725
687.000000 0.474591
688.000000 0.490243
689.000000 0.506470
690.000000 0.522631
691.000000 0.539147
692.000000 0.556803
693.000000 0.575186
694.000000 0.594090
695.000000 0.613369
696.000000 0.632029
697.000000 0.650369
698.000000 0.669218
699.000000 0.688039
700.000000 0.706650
701.000000 0.724731
702.000000 0.741544
703.000000 0.757323
704.000000 0.772631
705.000000 0.786985
706.000000 0.800060
707.000000 0.811740
708.000000 0.821930
709.000000 0.830383
710.000000 0.836816
711.000000 0.841377
712.000000 0.844145
713.000000 0.844885
714.000000 0.843602
715.000000 0.840277
716.000000 0.834899
717.000000 0.827479
718.000000 0.818116
719.000000 0.807527
720.000000 0.795488
721.000000 0.781500
722.000000 0.765917
723.000000 0.748988
724.000000 0.730945
725.000000 0.712191
726.000000 0.692852
727.000000 0.672692
728.000000 0.651739
729.000000 0.630260
730.000000 0.608590
731.000000 0.588113
732.000000 0.568006
733.000000 0.547102
734.000000 0.526152
735.000000 0.505311
736.000000 0.484682
737.000000 0.464373
738.000000 0.444457
739.000000 0.424916
740.000000 0.405840
741.000000 0.387420
742.000000 0.369635
743.000000 0.352389
744.000000 0.335742
745.000000 0.319675
746.000000 0.304185
747.000000 0.289199
748.000000 0.274683
749.000000 0.260642
750.000000 0.247269
751.000000 0.234412
752.000000 0.221803
753.000000 0.209469
754.000000 0.197612
755.000000 0.186406
756.000000 0.175695
757.000000 0.165427
758.000000 0.155686
759.000000 0.146345
760.000000 0.137322
761.000000 0.128751
762.000000 0.120573
763.000000 0.112708
764.000000 0.105238
765.000000 0.098099
766.000000 0.091200
767.000000 0.084650
768.000000 0.078529
769.000000 0.072711
770.000000 0.067218
771.000000 0.062080
772.000000 0.057221
773.000000 0.052629
774.000000 0.048264
775.000000 0.044173
776.000000 0.040088
777.000000 0.036117
778.000000 0.032645
779.000000 0.029497
780.000000 0.026508
781.000000 0.023709
782.000000 0.021152
783.000000 0.018794
784.000000 0.016640
785.000000 0.014630
786.000000 0.012733
787.000000 0.011016
788.000000 0.009419
789.000000 0.007971
790.000000 0.006595
791.000000 0.005326
792.000000 0.004202
793.000000 0.003146
794.000000 0.002162
795.000000 0.001264
796.000000 0.000490
797.000000 -0.000206
798.000000 -0.000893
799.000000 -0.001516
800.000000 -0.002059
801.000000 -0.002590
802.000000 -0.003037
803.000000 -0.003375
804.000000 -0.003641
805.000000 -0.003914
806.000000 -0.004196
807.000000 -0.004461
808.000000 -0.004737
809.000000 -0.004942
810.000000 -0.005097
811.000000 -0.005271
812.000000 -0.005431
813.000000 -0.005598
814.000000 -0.005769
815.000000 -0.005907
816.000000 -0.006054
817.000000 -0.006218
818.000000 -0.006416
819.000000 -0.006601
820.000000 -0.006736
821.000000 -0.006929
822.000000 -0.007148
823.000000 -0.007350
824.000000 -0.007486
825.000000 -0.007584
826.000000 -0.007760
827.000000 -0.008000
828.000000 -0.008247
829.000000 -0.008439
830.000000 -0.008611
831.000000 -0.008821
832.000000 -0.009015
833.000000 -0.009227
834.000000 -0.009509
835.000000 -0.009743
836.000000 -0.009960
837.000000 -0.010211
838.000000 -0.010436
839.000000 -0.010671
840.000000 -0.010900
841.000000 -0.011104
842.000000 -0.011285
843.000000 -0.011476
844.000000 -0.011657
845.000000 -0.011824
846.000000 -0.012040
847.000000 -0.012242
848.000000 -0.012424
849.000000 -0.012611
850.000000 -0.012794
851.000000 -0.013001
852.000000 -0.013217
853.000000 -0.013400
854.000000 -0.013541
855.000000 -0.013671
856.000000 -0.013786
857.000000 -0.013912
858.000000 -0.014056
859.000000 -0.014176
860.000000 -0.014263
861.000000 -0.014329
862.000000 -0.014459
863.000000 -0.014613
864.000000 -0.014720
865.000000 -0.014830
866.000000 -0.014934
867.000000 -0.015013
868.000000 -0.015096
869.000000 -0.015165
870.000000 -0.015089
871.000000 -0.015132
872.000000 -0.015340
873.000000 -0.015443
874.000000 -0.015466
875.000000 -0.015496
876.000000 -0.015553
877.000000 -0.015594
878.000000 -0.015624
879.000000 -0.015621
880.000000 -0.015627
881.000000 -0.015684
882.000000 -0.015740
883.000000 -0.015795
884.000000 -0.015861
885.000000 -0.015892
886.000000 -0.015935
887.000000 -0.016005
888.000000 -0.016026
889.000000 -0.016020
890.000000 -0.016035
891.000000 -0.016061
892.000000 -0.016087
893.000000 -0.016134
894.000000 -0.016189
895.000000 -0.016226
896.000000 -0.016258
897.000000 -0.016263
898.000000 -0.016253
899.000000 -0.016243
900.000000 -0.016233
