315.000000 0.138597
316.000000 0.140090
317.000000 0.141561
318.000000 0.143307
319.000000 0.145191
320.000000 0.147123
321.000000 0.148940
322.000000 0.150970
323.000000 0.153761
324.000000 0.156316
325.000000 0.158244
326.000000 0.159796
327.000000 0.160733
328.000000 0.161114
329.000000 0.162109
330.000000 0.164151
331.000000 0.165815
332.000000 0.167389
333.000000 0.169163
334.000000 0.170540
335.000000 0.172240
336.000000 0.173928
337.000000 0.174967
338.000000 0.175683
339.000000 0.176630
340.000000 0.177694
341.000000 0.179034
342.000000 0.180581
343.000000 0.181814
344.000000 0.182912
345.000000 0.184017
346.000000 0.184992
347.000000 0.185468
348.000000 0.185741
349.000000 0.185765
350.000000 0.185365
351.000000 0.184912
352.000000 0.184139
353.000000 0.183166
354.000000 0.182224
355.000000 0.180956
356.000000 0.179346
357.000000 0.177874
358.000000 0.176471
359.000000 0.175023
360.000000 0.173466
361.000000 0.171953
362.000000 0.170646
363.000000 0.169300
364.000000 0.168113
365.000000 0.167111
366.000000 0.166085
367.000000 0.164987
368.000000 0.163984
369.000000 0.162958
370.000000 0.161964
371.000000 0.161037
372.000000 0.160152
373.000000 0.159271
374.000000 0.157955
375.000000 0.157031
376.000000 0.156010
377.000000 0.154779
378.000000 0.153835
379.000000 0.152757
380.000000 0.151773
381.000000 0.150975
382.000000 0.150364
383.000000 0.149665
384.000000 0.149178
385.000000 0.148937
386.000000 0.148810
387.000000 0.148835
388.000000 0.148994
389.000000 0.149352
390.000000 0.149493
391.000000 0.149762
392.000000 0.150720
393.000000 0.151699
394.000000 0.152860
395.000000 0.154381
396.000000 0.155731
397.000000 0.157094
398.000000 0.158457
399.000000 0.159808
400.000000 0.161337
401.000000 0.162801
402.000000 0.164431
403.000000 0.166164
404.000000 0.167556
405.000000 0.168907
406.000000 0.170368
407.000000 0.171784
408.000000 0.173046
409.000000 0.174185
410.000000 0.175435
411.000000 0.176754
412.000000 0.177849
413.000000 0.179063
414.000000 0.180660
415.000000 0.182411
416.000000 0.183951
417.000000 0.185567
418.000000 0.187589
419.000000 0.189598
420.000000 0.191864
421.000000 0.194539
422.000000 0.197285
423.000000 0.200103
424.000000 0.203146
425.000000 0.206151
426.000000 0.208977
427.000000 0.211538
428.000000 0.213672
429.000000 0.215392
430.000000 0.216443
431.000000 0.216749
432.000000 0.216259
433.000000 0.215056
434.000000 0.213224
435.000000 0.210555
436.000000 0.207285
437.000000 0.203549
438.000000 0.199399
439.000000 0.194868
440.000000 0.189891
441.000000 0.185007
442.000000 0.180337
443.000000 0.175491
444.000000 0.170692
445.000000 0.166210
446.000000 0.161670
447.000000 0.157286
448.000000 0.153119
449.000000 0.149017
450.000000 0.145196
451.000000 0.141457
452.000000 0.137754
453.000000 0.134347
454.000000 0.131056
455.000000 0.127876
456.000000 0.124925
457.000000 0.122147
458.000000 0.119627
459.000000 0.117195
460.000000 0.114918
461.000000 0.112942
462.000000 0.111090
463.000000 0.109365
464.000000 0.107611
465.000000 0.105925
466.000000 0.104547
467.000000 0.103203
468.000000 0.101905
469.000000 0.100742
470.000000 0.099616
471.000000 0.098624
472.000000 0.097727
473.000000 0.096845
474.000000 0.096141
475.000000 0.095511
476.000000 0.094901
477.000000 0.094377
478.000000 0.093914
479.000000 0.093525
480.000000 0.093195
481.000000 0.092961
482.000000 0.092816
483.000000 0.092694
484.000000 0.092682
485.000000 0.092784
486.000000 0.092944
487.000000 0.093176
488.000000 0.093454
489.000000 0.094294
490.000000 0.095459
491.000000 0.096382
492.000000 0.097219
493.000000 0.097911
494.000000 0.098902
495.000000 0.099893
496.000000 0.100956
497.000000 0.102392
498.000000 0.103751
499.000000 0.105194
500.000000 0.106684
501.000000 0.108512
502.000000 0.110404
503.000000 0.112228
504.000000 0.114678
505.000000 0.117230
506.000000 0.119890
507.000000 0.122908
508.000000 0.125787
509.000000 0.128715
510.000000 0.131961
511.000000 0.135483
512.000000 0.138936
513.000000 0.142433
514.000000 0.146138
515.000000 0.149947
516.000000 0.153654
517.000000 0.157430
518.000000 0.161120
519.000000 0.164410
520.000000 0.167438
521.000000 0.170115
522.000000 0.172740
523.000000 0.175114
524.000000 0.176954
525.000000 0.178383
526.000000 0.179794
527.000000 0.181115
528.000000 0.182054
529.000000 0.182871
530.000000 0.183665
531.000000 0.184150
532.000000 0.184457
533.000000 0.185116
534.000000 0.185876
535.000000 0.186755
536.000000 0.188065
537.000000 0.189891
538.000000 0.192186
539.000000 0.194738
540.000000 0.197880
541.000000 0.201885
542.000000 0.206472
543.000000 0.211651
544.000000 0.217574
545.000000 0.224461
546.000000 0.231998
547.000000 0.239791
548.000000 0.247911
549.000000 0.256231
550.000000 0.264816
551.000000 0.273639
552.000000 0.282437
553.000000 0.290929
554.000000 0.298826
555.000000 0.306127
556.000000 0.312497
557.000000 0.317764
558.000000 0.322338
559.000000 0.325645
560.000000 0.327429
561.000000 0.327630
562.000000 0.326104
563.000000 0.323049
564.000000 0.318541
565.000000 0.312677
566.000000 0.305563
567.000000 0.296895
568.000000 0.287229
569.000000 0.276728
570.000000 0.265529
571.000000 0.253904
572.000000 0.242272
573.000000 0.230665
574.000000 0.218701
575.000000 0.207529
576.000000 0.196879
577.000000 0.186636
578.000000 0.176875
579.000000 0.167467
580.000000 0.158708
581.000000 0.150477
582.000000 0.143009
583.000000 0.136239
584.000000 0.130296
585.000000 0.124837
586.000000 0.119694
587.000000 0.115275
588.000000 0.111520
589.000000 0.108291
590.000000 0.105501
591.000000 0.103040
592.000000 0.100863
593.000000 0.098993
594.000000 0.097589
595.000000 0.096344
596.000000 0.095115
597.000000 0.094300
598.000000 0.093709
599.000000 0.093132
600.000000 0.092777
601.000000 0.092584
602.000000 0.092514
603.000000 0.092529
604.000000 0.092528
605.000000 0.092633
606.000000 0.092877
607.000000 0.093348
608.000000 0.093892
609.000000 0.094429
610.000000 0.095191
611.000000 0.096104
612.000000 0.097076
613.000000 0.098148
614.000000 0.099347
615.000000 0.100767
616.000000 0.102257
617.000000 0.103895
618.000000 0.105949
619.000000 0.108120
620.000000 0.110369
621.000000 0.112891
622.000000 0.115566
623.000000 0.118533
624.000000 0.121799
625.000000 0.125106
626.000000 0.128639
627.000000 0.132581
628.000000 0.136686
629.000000 0.141034
630.000000 0.145802
631.000000 0.150869
632.000000 0.155877
633.000000 0.160971
634.000000 0.166512
635.000000 0.172085
636.000000 0.177804
637.000000 0.183882
638.000000 0.189805
639.000000 0.195739
640.000000 0.201944
641.000000 0.208156
642.000000 0.213939
643.000000 0.219579
644.000000 0.225538
645.000000 0.231261
646.000000 0.236763
647.000000 0.242235
648.000000 0.247484
649.000000 0.252307
650.000000 0.256793
651.000000 0.261178
652.000000 0.265436
653.000000 0.269348
654.000000 0.272944
655.000000 0.276349
656.000000 0.279471
657.000000 0.282254
658.000000 0.284814
659.000000 0.287353
660.000000 0.289741
661.000000 0.291905
662.000000 0.294049
663.000000 0.296278
664.000000 0.298540
665.000000 0.300781
666.000000 0.303142
667.000000 0.305761
668.000000 0.308626
669.000000 0.311664
670.000000 0.314934
671.000000 0.318685
672.000000 0.322945
673.000000 0.327598
674.000000 0.332299
675.000000 0.337458
676.000000 0.343599
677.000000 0.350526
678.000000 0.358088
679.000000 0.365896
680.000000 0.374191
681.000000 0.383433
682.000000 0.393585
683.000000 0.404726
684.000000 0.416353
685.000000 0.428499
686.000000 0.441764
687.000000 0.455986
688.000000 0.470893
689.000000 0.486375
690.000000 0.501865
691.000000 0.517681
692.000000 0.534504
693.000000 0.551946
694.000000 0.569833
695.000000 0.588045
696.000000 0.605577
697.000000 0.622844
698.000000 0.640720
699.000000 0.658554
700.000000 0.676067
701.000000 0.693015
702.000000 0.708726
703.000000 0.723365
704.000000 0.737657
705.000000 0.751090
706.000000 0.763164
707.000000 0.773839
708.000000 0.783016
709.000000 0.790592
710.000000 0.796441
711.000000 0.800541
712.000000 0.802879
713.000000 0.803275
714.000000 0.801842
715.000000 0.798513
716.000000 0.793169
717.000000 0.785902
718.000000 0.776703
719.000000 0.766338
720.000000 0.754849
721.000000 0.741605
722.000000 0.726747
723.000000 0.710614
724.000000 0.693509
725.000000 0.675711
726.000000 0.657348
727.000000 0.638272
728.000000 0.618552
729.000000 0.598436
730.000000 0.578054
731.000000 0.558671
732.000000 0.539675
733.000000 0.519916
734.000000 0.499999
735.000000 0.480158
736.000000 0.460614
737.000000 0.441448
738.000000 0.422643
739.000000 0.404180
740.000000 0.386111
741.000000 0.368562
742.000000 0.351641
743.000000 0.335319
744.000000 0.319493
745.000000 0.304142
746.000000 0.289344
747.000000 0.274943
748.000000 0.260943
749.000000 0.247430
750.000000 0.234495
751.000000 0.222080
752.000000 0.210137
753.000000 0.198634
754.000000 0.187541
755.000000 0.176896
756.000000 0.166692
757.000000 0.156962
758.000000 0.147670
759.000000 0.138768
760.000000 0.130183
761.000000 0.121960
762.000000 0.114139
763.000000 0.106679
764.000000 0.099564
765.000000 0.092712
766.000000 0.086130
767.000000 0.079909
768.000000 0.074071
769.000000 0.068557
770.000000 0.063340
771.000000 0.058415
772.000000 0.053781
773.000000 0.049451
774.000000 0.045367
775.000000 0.041470
776.000000 0.037590
777.000000 0.033867
778.000000 0.030558
779.000000 0.027579
780.000000 0.024758
781.000000 0.022048
782.000000 0.019578
783.000000 0.017347
784.000000 0.015334
785.000000 0.013485
786.000000 0.011682
787.000000 0.010007
788.000000 0.008457
789.000000 0.007031
790.000000 0.005749
791.000000 0.004571
792.000000 0.003458
793.000000 0.002257
794.000000 0.001291
795.000000 0.000646
796.000000 0.000006
797.000000 -0.000621
798.000000 -0.001239
799.000000 -0.001820
800.000000 -0.002367
801.000000 -0.002899
802.000000 -0.003323
803.000000 -0.003599
804.000000 -0.003845
805.000000 -0.004104
806.000000 -0.004334
807.000000 -0.004527
808.000000 -0.004706
809.000000 -0.004874
810.000000 -0.005022
811.000000 -0.005176
812.000000 -0.005357
813.000000 -0.005544
814.000000 -0.005719
815.000000 -0.005899
816.000000 -0.006067
817.000000 -0.006191
818.000000 -0.006345
819.000000 -0.006502
820.000000 -0.006644
821.000000 -0.006827
822.000000 -0.007012
823.000000 -0.007199
824.000000 -0.007341
825.000000 -0.007466
826.000000 -0.007625
827.000000 -0.007849
828.000000 -0.008140
829.000000 -0.008334
830.000000 -0.008488
831.000000 -0.008701
832.000000 -0.008880
833.000000 -0.009069
834.000000 -0.009293
835.000000 -0.009495
836.000000 -0.009708
837.000000 -0.009990
838.000000 -0.010271
839.000000 -0.010508
840.000000 -0.010727
841.000000 -0.010918
842.000000 -0.011112
843.000000 -0.011306
844.000000 -0.011502
845.000000 -0.011695
846.000000 -0.011863
847.000000 -0.012055
848.000000 -0.012293
849.000000 -0.012472
850.000000 -0.012636
851.000000 -0.012839
852.000000 -0.013046
853.000000 -0.013273
854.000000 -0.013456
855.000000 -0.013577
856.000000 -0.013691
857.000000 -0.013831
858.000000 -0.013977
859.000000 -0.014078
860.000000 -0.014143
861.000000 -0.014269
862.000000 -0.014454
863.000000 -0.014610
864.000000 -0.014718
865.000000 -0.014820
866.000000 -0.014922
867.000000 -0.014993
868.000000 -0.015049
869.000000 -0.015103
870.000000 -0.015040
871.000000 -0.015084
872.000000 -0.015283
873.000000 -0.015377
874.000000 -0.015432
875.000000 -0.015514
876.000000 -0.015564
877.000000 -0.015591
878.000000 -0.015629
879.000000 -0.015628
880.000000 -0.015639
881.000000 -0.015687
882.000000 -0.015718
883.000000 -0.015749
884.000000 -0.015775
885.000000 -0.015740
886.000000 -0.015672
887.000000 -0.015637
888.000000 -0.015672
889.000000 -0.015783
890.000000 -0.015898
891.000000 -0.015957
892.000000 -0.015992
893.000000 -0.016062
894.000000 -0.016156
895.000000 -0.016211
896.000000 -0.016222
897.000000 -0.016209
898.000000 -0.016189
899.000000 -0.016177
900.000000 -0.016174
