315.000000 0.139788
316.000000 0.141551
317.000000 0.143567
318.000000 0.145070
319.000000 0.146710
320.000000 0.148459
321.000000 0.150074
322.000000 0.151871
323.000000 0.154169
324.000000 0.156273
325.000000 0.158496
326.000000 0.160891
327.000000 0.162521
328.000000 0.163429
329.000000 0.164987
330.000000 0.166697
331.000000 0.167887
332.000000 0.169147
333.000000 0.170445
334.000000 0.172053
335.000000 0.173774
336.000000 0.175360
337.000000 0.176849
338.000000 0.177927
339.000000 0.179162
340.000000 0.180684
341.000000 0.182030
342.000000 0.183158
343.000000 0.184127
344.000000 0.185225
345.000000 0.186237
346.000000 0.186925
347.000000 0.187232
348.000000 0.187346
349.000000 0.187124
350.000000 0.186692
351.000000 0.186236
352.000000 0.185315
353.000000 0.184363
354.000000 0.183525
355.000000 0.182380
356.000000 0.180884
357.000000 0.179402
358.000000 0.177964
359.000000 0.176349
360.000000 0.174712
361.000000 0.173469
362.000000 0.172355
363.000000 0.171009
364.000000 0.169805
365.000000 0.168862
366.000000 0.167924
367.000000 0.166869
368.000000 0.165804
369.000000 0.164685
370.000000 0.163925
371.000000 0.163366
372.000000 0.162723
373.000000 0.161864
374.000000 0.160251
375.000000 0.159071
376.000000 0.158176
377.000000 0.157252
378.000000 0.156466
379.000000 0.155375
380.000000 0.154376
381.000000 0.153603
382.000000 0.152916
383.000000 0.151955
384.000000 0.151080
385.000000 0.150638
386.000000 0.150735
387.000000 0.151160
388.000000 0.151377
389.000000 0.151330
390.000000 0.151306
391.000000 0.151826
392.000000 0.153031
393.000000 0.154218
394.000000 0.155278
395.000000 0.156615
396.000000 0.157927
397.000000 0.159174
398.000000 0.160583
399.000000 0.162033
400.000000 0.163470
401.000000 0.164819
402.000000 0.166338
403.000000 0.167944
404.000000 0.169373
405.000000 0.170816
406.000000 0.172214
407.000000 0.173586
408.000000 0.174950
409.000000 0.176244
410.000000 0.177550
411.000000 0.178741
412.000000 0.179719
413.000000 0.180826
414.000000 0.182465
415.000000 0.184343
416.000000 0.185877
417.000000 0.187422
418.000000 0.189379
419.000000 0.191371
420.000000 0.193536
421.000000 0.196129
422.000000 0.198886
423.000000 0.201746
424.000000 0.204543
425.000000 0.207225
426.000000 0.210024
427.000000 0.212517
428.000000 0.214400
429.000000 0.215890
430.000000 0.216882
431.000000 0.217240
432.000000 0.216741
433.000000 0.215493
434.000000 0.213750
435.000000 0.211183
436.000000 0.207989
437.000000 0.204351
438.000000 0.200320
439.000000 0.196038
440.000000 0.191314
441.000000 0.186539
442.000000 0.182068
443.000000 0.177524
444.000000 0.172976
445.000000 0.168590
446.000000 0.164046
447.000000 0.159662
448.000000 0.155483
449.000000 0.151395
450.000000 0.147579
451.000000 0.143880
452.000000 0.140246
453.000000 0.136848
454.000000 0.133535
455.000000 0.130267
456.000000 0.127218
457.000000 0.124400
458.000000 0.121800
459.000000 0.119279
460.000000 0.116857
461.000000 0.114681
462.000000 0.112720
463.000000 0.110889
464.000000 0.109046
465.000000 0.107317
466.000000 0.105851
467.000000 0.104402
468.000000 0.103064
469.000000 0.101885
470.000000 0.100764
471.000000 0.099800
472.000000 0.098852
473.000000 0.097823
474.000000 0.096936
475.000000 0.096223
476.000000 0.095585
477.000000 0.095025
478.000000 0.094582
479.000000 0.094186
480.000000 0.093807
481.000000 0.093542
482.000000 0.093361
483.000000 0.093195
484.000000 0.093212
485.000000 0.093359
486.000000 0.093477
487.000000 0.093609
488.000000 0.093798
489.000000 0.094297
490.000000 0.095182
491.000000 0.096229
492.000000 0.097146
493.000000 0.098005
494.000000 0.098840
495.000000 0.099506
496.000000 0.100433
497.000000 0.101700
498.000000 0.103176
499.000000 0.104680
500.000000 0.106257
501.000000 0.108423
502.000000 0.110665
503.000000 0.112796
504.000000 0.115376
505.000000 0.117935
506.000000 0.120544
507.000000 0.123437
508.000000 0.126242
509.000000 0.129211
510.000000 0.132440
511.000000 0.135822
512.000000 0.139073
513.000000 0.142535
514.000000 0.146430
515.000000 0.150407
516.000000 0.153995
517.000000 0.157067
518.000000 0.160206
519.000000 0.163464
520.000000 0.166490
521.000000 0.169540
522.000000 0.172673
523.000000 0.175017
524.000000 0.176809
525.000000 0.178255
526.000000 0.179304
527.000000 0.180301
528.000000 0.181216
529.000000 0.182080
530.000000 0.183056
531.000000 0.183549
532.000000 0.183692
533.000000 0.184294
534.000000 0.185093
535.000000 0.186017
536.000000 0.187191
537.000000 0.188964
538.000000 0.191436
539.000000 0.193944
540.000000 0.196908
541.000000 0.200705
542.000000 0.205031
543.000000 0.210251
544.000000 0.216434
545.000000 0.223492
546.000000 0.231032
547.000000 0.238878
548.000000 0.246941
549.000000 0.255150
550.000000 0.263693
551.000000 0.272396
552.000000 0.281030
553.000000 0.289427
554.000000 0.297414
555.000000 0.304724
556.000000 0.311016
557.000000 0.316329
558.000000 0.320924
559.000000 0.324073
560.000000 0.325672
561.000000 0.325853
562.000000 0.324300
563.000000 0.321141
564.000000 0.316493
565.000000 0.310624
566.000000 0.303532
567.000000 0.294905
568.000000 0.285461
569.000000 0.275136
570.000000 0.264115
571.000000 0.252726
572.000000 0.241196
573.000000 0.229497
574.000000 0.217448
575.000000 0.206208
576.000000 0.195654
577.000000 0.185513
578.000000 0.175713
579.000000 0.166299
580.000000 0.157494
581.000000 0.149158
582.000000 0.141652
583.000000 0.134903
584.000000 0.128947
585.000000 0.123551
586.000000 0.118442
587.000000 0.114031
588.000000 0.110220
589.000000 0.106883
590.000000 0.104067
591.000000 0.101654
592.000000 0.099597
593.000000 0.097748
594.000000 0.096192
595.000000 0.094846
596.000000 0.093536
597.000000 0.092580
598.000000 0.091810
599.000000 0.091169
600.000000 0.090799
601.000000 0.090550
602.000000 0.090453
603.000000 0.090405
604.000000 0.090296
605.000000 0.090251
606.000000 0.090326
607.000000 0.090593
608.000000 0.091034
609.000000 0.091596
610.000000 0.092351
611.000000 0.093122
612.000000 0.093988
613.000000 0.095014
614.000000 0.096204
615.000000 0.097591
616.000000 0.098981
617.000000 0.100549
618.000000 0.102472
619.000000 0.104551
620.000000 0.106782
621.000000 0.109261
622.000000 0.111871
623.000000 0.114698
624.000000 0.117823
625.000000 0.121036
626.000000 0.124433
627.000000 0.128231
628.000000 0.132171
629.000000 0.136296
630.000000 0.140857
631.000000 0.145726
632.000000 0.150564
633.000000 0.155504
634.000000 0.160828
635.000000 0.166146
636.000000 0.171562
637.000000 0.177316
638.000000 0.182977
639.000000 0.188634
640.000000 0.194569
641.000000 0.200530
642.000000 0.206065
643.000000 0.211418
644.000000 0.217074
645.000000 0.222516
646.000000 0.227671
647.000000 0.232828
648.000000 0.237821
649.000000 0.242418
650.000000 0.246699
651.000000 0.250912
652.000000 0.254964
653.000000 0.258590
654.000000 0.261917
655.000000 0.265134
656.000000 0.268159
657.000000 0.270842
658.000000 0.273320
659.000000 0.275751
660.000000 0.278031
661.000000 0.280163
662.000000 0.282271
663.000000 0.284414
664.000000 0.286585
665.000000 0.288796
666.000000 0.291160
667.000000 0.293778
668.000000 0.296617
669.000000 0.299583
670.000000 0.302767
671.000000 0.306362
672.000000 0.310340
673.000000 0.314854
674.000000 0.319608
675.000000 0.324795
676.000000 0.330845
677.000000 0.337529
678.000000 0.344850
679.000000 0.352463
680.000000 0.360591
681.000000 0.369673
682.000000 0.379509
683.000000 0.390235
684.000000 0.401486
685.000000 0.413254
686.000000 0.426021
687.000000 0.439674
688.000000 0.453998
689.000000 0.468845
690.000000 0.483700
691.000000 0.498871
692.000000 0.515034
693.000000 0.531712
694.000000 0.548702
695.000000 0.566045
696.000000 0.582800
697.000000 0.599174
698.000000 0.615995
699.000000 0.632735
700.000000 0.649157
701.000000 0.665091
702.000000 0.679848
703.000000 0.693623
704.000000 0.707030
705.000000 0.719519
706.000000 0.730767
707.000000 0.740686
708.000000 0.749184
709.000000 0.756111
710.000000 0.761220
711.000000 0.764661
712.000000 0.766523
713.000000 0.766645
714.000000 0.765033
715.000000 0.761643
716.000000 0.756338
717.000000 0.749237
718.000000 0.740508
719.000000 0.730652
720.000000 0.719617
721.000000 0.706882
722.000000 0.692714
723.000000 0.677400
724.000000 0.661085
725.000000 0.644038
726.000000 0.626494
727.000000 0.608425
728.000000 0.589760
729.000000 0.570590
730.000000 0.551048
731.000000 0.532557
732.000000 0.514611
733.000000 0.495927
734.000000 0.476984
735.000000 0.458100
736.000000 0.439552
737.000000 0.421317
738.000000 0.403428
739.000000 0.385841
740.000000 0.368606
741.000000 0.351923
742.000000 0.335786
743.000000 0.320128
744.000000 0.304988
745.000000 0.290393
746.000000 0.276272
747.000000 0.262569
748.000000 0.249315
749.000000 0.236436
750.000000 0.224055
751.000000 0.212160
752.000000 0.200713
753.000000 0.189701
754.000000 0.179112
755.000000 0.168946
756.000000 0.159149
757.000000 0.149850
758.000000 0.141019
759.000000 0.132487
760.000000 0.124249
761.000000 0.116423
762.000000 0.108918
763.000000 0.101720
764.000000 0.094896
765.000000 0.088341
766.000000 0.082039
767.000000 0.076098
768.000000 0.070531
769.000000 0.065228
770.000000 0.060182
771.000000 0.055474
772.000000 0.051085
773.000000 0.046936
774.000000 0.042987
775.000000 0.039232
776.000000 0.035520
777.000000 0.031994
778.000000 0.028839
779.000000 0.025951
780.000000 0.023248
781.000000 0.020711
782.000000 0.018400
783.000000 0.016307
784.000000 0.014365
785.000000 0.012486
786.000000 0.010727
787.000000 0.009171
788.000000 0.007699
789.000000 0.006354
790.000000 0.005137
791.000000 0.004006
792.000000 0.002958
793.000000 0.002041
794.000000 0.001228
795.000000 0.000426
796.000000 -0.000260
797.000000 -0.000870
798.000000 -0.001456
799.000000 -0.001965
800.000000 -0.002443
801.000000 -0.002936
802.000000 -0.003357
803.000000 -0.003672
804.000000 -0.003935
805.000000 -0.004189
806.000000 -0.004429
807.000000 -0.004627
808.000000 -0.004816
809.000000 -0.004995
810.000000 -0.005157
811.000000 -0.005350
812.000000 -0.005515
813.000000 -0.005654
814.000000 -0.005811
815.000000 -0.005969
816.000000 -0.006096
817.000000 -0.006206
818.000000 -0.006362
819.000000 -0.006528
820.000000 -0.006658
821.000000 -0.006821
822.000000 -0.006972
823.000000 -0.007120
824.000000 -0.007275
825.000000 -0.007412
826.000000 -0.007590
827.000000 -0.007821
828.000000 -0.008051
829.000000 -0.008222
830.000000 -0.008404
831.000000 -0.008616
832.000000 -0.008800
833.000000 -0.009005
834.000000 -0.009259
835.000000 -0.009484
836.000000 -0.009736
837.000000 -0.010042
838.000000 -0.010287
839.000000 -0.010489
840.000000 -0.010699
841.000000 -0.010875
842.000000 -0.011080
843.000000 -0.011268
844.000000 -0.011410
845.000000 -0.011625
846.000000 -0.011902
847.000000 -0.012145
848.000000 -0.012329
849.000000 -0.012479
850.000000 -0.012652
851.000000 -0.012875
852.000000 -0.013092
853.000000 -0.013269
854.000000 -0.013430
855.000000 -0.013577
856.000000 -0.013689
857.000000 -0.013819
858.000000 -0.013956
859.000000 -0.014048
860.000000 -0.014118
861.000000 -0.014240
862.000000 -0.014394
863.000000 -0.014508
864.000000 -0.014611
865.000000 -0.014714
866.000000 -0.014811
867.000000 -0.014903
868.000000 -0.014963
869.000000 -0.015010
870.000000 -0.014929
871.000000 -0.014954
872.000000 -0.015166
873.000000 -0.015265
874.000000 -0.015307
875.000000 -0.015366
876.000000 -0.015419
877.000000 -0.015462
878.000000 -0.015519
879.000000 -0.015564
880.000000 -0.015594
881.000000 -0.015634
882.000000 -0.015661
883.000000 -0.015704
884.000000 -0.015770
885.000000 -0.015832
886.000000 -0.015890
887.000000 -0.015904
888.000000 -0.015895
889.000000 -0.015920
890.000000 -0.015977
891.000000 -0.015997
892.000000 -0.015987
893.000000 -0.016023
894.000000 -0.016076
895.000000 -0.016120
896.000000 -0.016162
897.000000 -0.016186
898.000000 -0.016202
899.000000 -0.016187
900.000000 -0.016150
