315.000000 0.143416
316.000000 0.145052
317.000000 0.146355
318.000000 0.147734
319.000000 0.149799
320.000000 0.151503
321.000000 0.153284
322.000000 0.155445
323.000000 0.158077
324.000000 0.160238
325.000000 0.161535
326.000000 0.163086
327.000000 0.164473
328.000000 0.165415
329.000000 0.166847
330.000000 0.168896
331.000000 0.170613
332.000000 0.172281
333.000000 0.174174
334.000000 0.175613
335.000000 0.176684
336.000000 0.177866
337.000000 0.179070
338.000000 0.179879
339.000000 0.180688
340.000000 0.182112
341.000000 0.183452
342.000000 0.184247
343.000000 0.185051
344.000000 0.186206
345.000000 0.187562
346.000000 0.188439
347.000000 0.188733
348.000000 0.188826
349.000000 0.188513
350.000000 0.187922
351.000000 0.187429
352.000000 0.186620
353.000000 0.185511
354.000000 0.184373
355.000000 0.183108
356.000000 0.181536
357.000000 0.180019
358.000000 0.178728
359.000000 0.177298
360.000000 0.175690
361.000000 0.174317
362.000000 0.173192
363.000000 0.171959
364.000000 0.170869
365.000000 0.170115
366.000000 0.169272
367.000000 0.168052
368.000000 0.166896
369.000000 0.165917
370.000000 0.165442
371.000000 0.164916
372.000000 0.164110
373.000000 0.163168
374.000000 0.161713
375.000000 0.160812
376.000000 0.160072
377.000000 0.159152
378.000000 0.158426
379.000000 0.157717
380.000000 0.157048
381.000000 0.156186
382.000000 0.154943
383.000000 0.153617
384.000000 0.153028
385.000000 0.152798
386.000000 0.152762
387.000000 0.153186
388.000000 0.153653
389.000000 0.154124
390.000000 0.154378
391.000000 0.154704
392.000000 0.155577
393.000000 0.156590
394.000000 0.157743
395.000000 0.158954
396.000000 0.160077
397.000000 0.161443
398.000000 0.162859
399.000000 0.164201
400.000000 0.165597
401.000000 0.167061
402.000000 0.168561
403.000000 0.170169
404.000000 0.171838
405.000000 0.173278
406.000000 0.174625
407.000000 0.176029
408.000000 0.177296
409.000000 0.178469
410.000000 0.179695
411.000000 0.180963
412.000000 0.182157
413.000000 0.183424
414.000000 0.185009
415.000000 0.186731
416.000000 0.188314
417.000000 0.189799
418.000000 0.191532
419.000000 0.193408
420.000000 0.195517
421.000000 0.197885
422.000000 0.200396
423.000000 0.203085
424.000000 0.205725
425.000000 0.208339
426.000000 0.211016
427.000000 0.213445
428.000000 0.215393
429.000000 0.216940
430.000000 0.217776
431.000000 0.218014
432.000000 0.217677
433.000000 0.216575
434.000000 0.214825
435.000000 0.212299
436.000000 0.209128
437.000000 0.205565
438.000000 0.201754
439.000000 0.197635
440.000000 0.193098
441.000000 0.188499
442.000000 0.184097
443.000000 0.179613
444.000000 0.175122
445.000000 0.170821
446.000000 0.166383
447.000000 0.162062
448.000000 0.157968
449.000000 0.153988
450.000000 0.150224
451.000000 0.146459
452.000000 0.142703
453.000000 0.139200
454.000000 0.135807
455.000000 0.132545
456.000000 0.129477
457.000000 0.126497
458.000000 0.123731
459.000000 0.121140
460.000000 0.118654
461.000000 0.116397
462.000000 0.114342
463.000000 0.112448
464.000000 0.110540
465.000000 0.108696
466.000000 0.107160
467.000000 0.105636
468.000000 0.104172
469.000000 0.102910
470.000000 0.101737
471.000000 0.100689
472.000000 0.099707
473.000000 0.098748
474.000000 0.097871
475.000000 0.097055
476.000000 0.096372
477.000000 0.095785
478.000000 0.095171
479.000000 0.094612
480.000000 0.094183
481.000000 0.093904
482.000000 0.093689
483.000000 0.093462
484.000000 0.093323
485.000000 0.093365
486.000000 0.093526
487.000000 0.093703
488.000000 0.093932
489.000000 0.094520
490.000000 0.095506
491.000000 0.096627
492.000000 0.097557
493.000000 0.098422
494.000000 0.099382
495.000000 0.100372
496.000000 0.101485
497.000000 0.102611
498.000000 0.103649
499.000000 0.104830
500.000000 0.106387
501.000000 0.108249
502.000000 0.110262
503.000000 0.112263
504.000000 0.114739
505.000000 0.117389
506.000000 0.120130
507.000000 0.122945
508.000000 0.125473
509.000000 0.128360
510.000000 0.131601
511.000000 0.135031
512.000000 0.138586
513.000000 0.142257
514.000000 0.145956
515.000000 0.149486
516.000000 0.152743
517.000000 0.156064
518.000000 0.159353
519.000000 0.162467
520.000000 0.165419
521.000000 0.168122
522.000000 0.170849
523.000000 0.173169
524.000000 0.174990
525.000000 0.176609
526.000000 0.178009
527.000000 0.179020
528.000000 0.179827
529.000000 0.180552
530.000000 0.181167
531.000000 0.181714
532.000000 0.182134
533.000000 0.182737
534.000000 0.183409
535.000000 0.184211
536.000000 0.185470
537.000000 0.187205
538.000000 0.189534
539.000000 0.192126
540.000000 0.195345
541.000000 0.199098
542.000000 0.203581
543.000000 0.209027
544.000000 0.215168
545.000000 0.222123
546.000000 0.229178
547.000000 0.236502
548.000000 0.244419
549.000000 0.252772
550.000000 0.261277
551.000000 0.269720
552.000000 0.278205
553.000000 0.286504
554.000000 0.294348
555.000000 0.301518
556.000000 0.307638
557.000000 0.312861
558.000000 0.317465
559.000000 0.320747
560.000000 0.322451
561.000000 0.322590
562.000000 0.321161
563.000000 0.318347
564.000000 0.314047
565.000000 0.308331
566.000000 0.301246
567.000000 0.292587
568.000000 0.283068
569.000000 0.272779
570.000000 0.261874
571.000000 0.250514
572.000000 0.239059
573.000000 0.227628
574.000000 0.215748
575.000000 0.204451
576.000000 0.193770
577.000000 0.183641
578.000000 0.173964
579.000000 0.164584
580.000000 0.155771
581.000000 0.147477
582.000000 0.139956
583.000000 0.133062
584.000000 0.127082
585.000000 0.121725
586.000000 0.116706
587.000000 0.112445
588.000000 0.108777
589.000000 0.105513
590.000000 0.102672
591.000000 0.100167
592.000000 0.098021
593.000000 0.096132
594.000000 0.094417
595.000000 0.092916
596.000000 0.091625
597.000000 0.090697
598.000000 0.089908
599.000000 0.089145
600.000000 0.088659
601.000000 0.088390
602.000000 0.088209
603.000000 0.088037
604.000000 0.087978
605.000000 0.088070
606.000000 0.088186
607.000000 0.088424
608.000000 0.088793
609.000000 0.089288
610.000000 0.089926
611.000000 0.090666
612.000000 0.091536
613.000000 0.092584
614.000000 0.093795
615.000000 0.095113
616.000000 0.096422
617.000000 0.097942
618.000000 0.099826
619.000000 0.101810
620.000000 0.103903
621.000000 0.106277
622.000000 0.108855
623.000000 0.111640
624.000000 0.114645
625.000000 0.117721
626.000000 0.121023
627.000000 0.124690
628.000000 0.128460
629.000000 0.132412
630.000000 0.136807
631.000000 0.141477
632.000000 0.146124
633.000000 0.150886
634.000000 0.156014
635.000000 0.161176
636.000000 0.166397
637.000000 0.171899
638.000000 0.177268
639.000000 0.182624
640.000000 0.188258
641.000000 0.193932
642.000000 0.199266
643.000000 0.204419
644.000000 0.209773
645.000000 0.214937
646.000000 0.219856
647.000000 0.224749
648.000000 0.229509
649.000000 0.233887
650.000000 0.237941
651.000000 0.241948
652.000000 0.245832
653.000000 0.249332
654.000000 0.252569
655.000000 0.255675
656.000000 0.258561
657.000000 0.261135
658.000000 0.263530
659.000000 0.265854
660.000000 0.268054
661.000000 0.270159
662.000000 0.272226
663.000000 0.274309
664.000000 0.276410
665.000000 0.278585
666.000000 0.280940
667.000000 0.283532
668.000000 0.286362
669.000000 0.289284
670.000000 0.292356
671.000000 0.295886
672.000000 0.299859
673.000000 0.304340
674.000000 0.309060
675.000000 0.314151
676.000000 0.320017
677.000000 0.326551
678.000000 0.333726
679.000000 0.341196
680.000000 0.349128
681.000000 0.357921
682.000000 0.367483
683.000000 0.377895
684.000000 0.388727
685.000000 0.400063
686.000000 0.412470
687.000000 0.425693
688.000000 0.439481
689.000000 0.453769
690.000000 0.468014
691.000000 0.482519
692.000000 0.497964
693.000000 0.513994
694.000000 0.530354
695.000000 0.546947
696.000000 0.562898
697.000000 0.578479
698.000000 0.594490
699.000000 0.610447
700.000000 0.626104
701.000000 0.641190
702.000000 0.655074
703.000000 0.667944
704.000000 0.680424
705.000000 0.692068
706.000000 0.702531
707.000000 0.711749
708.000000 0.719590
709.000000 0.725948
710.000000 0.730623
711.000000 0.733686
712.000000 0.735239
713.000000 0.735006
714.000000 0.733070
715.000000 0.729503
716.000000 0.724266
717.000000 0.717371
718.000000 0.708735
719.000000 0.699039
720.000000 0.688209
721.000000 0.675818
722.000000 0.662226
723.000000 0.647625
724.000000 0.632111
725.000000 0.615922
726.000000 0.599236
727.000000 0.581949
728.000000 0.564070
729.000000 0.545733
730.000000 0.527185
731.000000 0.509702
732.000000 0.492667
733.000000 0.474911
734.000000 0.456866
735.000000 0.438866
736.000000 0.421118
737.000000 0.403639
738.000000 0.386584
739.000000 0.369841
740.000000 0.353385
741.000000 0.337374
742.000000 0.321887
743.000000 0.306950
744.000000 0.292467
745.000000 0.278418
746.000000 0.264850
747.000000 0.251730
748.000000 0.239001
749.000000 0.226606
750.000000 0.214739
751.000000 0.203343
752.000000 0.192325
753.000000 0.181728
754.000000 0.171529
755.000000 0.161741
756.000000 0.152344
757.000000 0.143351
758.000000 0.134772
759.000000 0.126519
760.000000 0.118577
761.000000 0.111074
762.000000 0.103902
763.000000 0.097009
764.000000 0.090440
765.000000 0.084081
766.000000 0.077975
767.000000 0.072214
768.000000 0.066840
769.000000 0.061795
770.000000 0.057030
771.000000 0.052586
772.000000 0.048358
773.000000 0.044285
774.000000 0.040416
775.000000 0.036813
776.000000 0.033278
777.000000 0.029881
778.000000 0.026864
779.000000 0.024099
780.000000 0.021496
781.000000 0.019068
782.000000 0.016885
783.000000 0.014866
784.000000 0.013003
785.000000 0.011298
786.000000 0.009676
787.000000 0.008140
788.000000 0.006689
789.000000 0.005396
790.000000 0.004226
791.000000 0.003179
792.000000 0.002195
793.000000 0.001282
794.000000 0.000503
795.000000 -0.000219
796.000000 -0.000866
797.000000 -0.001446
798.000000 -0.001999
799.000000 -0.002511
800.000000 -0.003002
801.000000 -0.003459
802.000000 -0.003804
803.000000 -0.004061
804.000000 -0.004311
805.000000 -0.004530
806.000000 -0.004728
807.000000 -0.004932
808.000000 -0.005125
809.000000 -0.005284
810.000000 -0.005369
811.000000 -0.005498
812.000000 -0.005681
813.000000 -0.005832
814.000000 -0.005942
815.000000 -0.006055
816.000000 -0.006184
817.000000 -0.006286
818.000000 -0.006455
819.000000 -0.006625
820.000000 -0.006735
821.000000 -0.006879
822.000000 -0.007064
823.000000 -0.007266
824.000000 -0.007413
825.000000 -0.007517
826.000000 -0.007664
827.000000 -0.007871
828.000000 -0.008121
829.000000 -0.008323
830.000000 -0.008519
831.000000 -0.008760
832.000000 -0.008909
833.000000 -0.009050
834.000000 -0.009265
835.000000 -0.009474
836.000000 -0.009709
837.000000 -0.009982
838.000000 -0.010223
839.000000 -0.010451
840.000000 -0.010657
841.000000 -0.010829
842.000000 -0.011033
843.000000 -0.011234
844.000000 -0.011416
845.000000 -0.011582
846.000000 -0.011774
847.000000 -0.011975
848.000000 -0.012138
849.000000 -0.012344
850.000000 -0.012547
851.000000 -0.012721
852.000000 -0.012931
853.000000 -0.013142
854.000000 -0.013308
855.000000 -0.013473
856.000000 -0.013615
857.000000 -0.013743
858.000000 -0.013899
859.000000 -0.014032
860.000000 -0.014128
861.000000 -0.014224
862.000000 -0.014367
863.000000 -0.014532
864.000000 -0.014675
865.000000 -0.014772
866.000000 -0.014846
867.000000 -0.014920
868.000000 -0.014989
869.000000 -0.015068
870.000000 -0.015017
871.000000 -0.015059
872.000000 -0.015269
873.000000 -0.015369
874.000000 -0.015414
875.000000 -0.015474
876.000000 -0.015544
877.000000 -0.015578
878.000000 -0.015581
879.000000 -0.015605
880.000000 -0.015669
881.000000 -0.015762
882.000000 -0.015816
883.000000 -0.015843
884.000000 -0.015898
885.000000 -0.015932
886.000000 -0.015942
887.000000 -0.015957
888.000000 -0.015965
889.000000 -0.015955
890.000000 -0.015965
891.000000 -0.015993
892.000000 -0.016008
893.000000 -0.016059
894.000000 -0.016146
895.000000 -0.016211
896.000000 -0.016256
897.000000 -0.016297
898.000000 -0.016299
899.000000 -0.016267
900.000000 -0.016245
