315.000000 0.097636
316.000000 0.098567
317.000000 0.099342
318.000000 0.100787
319.000000 0.102638
320.000000 0.103917
321.000000 0.104976
322.000000 0.106493
323.000000 0.108659
324.000000 0.110830
325.000000 0.112743
326.000000 0.114691
327.000000 0.116262
328.000000 0.117514
329.000000 0.119099
330.000000 0.121235
331.000000 0.123619
332.000000 0.125936
333.000000 0.128084
334.000000 0.130125
335.000000 0.132399
336.000000 0.135287
337.000000 0.138150
338.000000 0.140446
339.000000 0.142752
340.000000 0.145624
341.000000 0.148986
342.000000 0.151830
343.000000 0.154517
344.000000 0.157513
345.000000 0.160425
346.000000 0.163216
347.000000 0.165790
348.000000 0.168054
349.000000 0.169900
350.000000 0.171327
351.000000 0.172486
352.000000 0.173274
353.000000 0.173771
354.000000 0.174378
355.000000 0.174799
356.000000 0.174652
357.000000 0.174193
358.000000 0.173755
359.000000 0.173140
360.000000 0.172300
361.000000 0.171511
362.000000 0.170632
363.000000 0.169528
364.000000 0.168505
365.000000 0.167466
366.000000 0.166212
367.000000 0.164813
368.000000 0.163329
369.000000 0.161732
370.000000 0.160043
371.000000 0.158087
372.000000 0.155928
373.000000 0.153674
374.000000 0.151176
375.000000 0.148496
376.000000 0.145647
377.000000 0.143251
378.000000 0.140624
379.000000 0.137364
380.000000 0.134074
381.000000 0.130862
382.000000 0.128101
383.000000 0.125676
384.000000 0.123479
385.000000 0.121513
386.000000 0.119419
387.000000 0.117545
388.000000 0.116194
389.000000 0.114930
390.000000 0.113758
391.000000 0.112781
392.000000 0.112177
393.000000 0.111886
394.000000 0.111801
395.000000 0.111993
396.000000 0.112251
397.000000 0.112559
398.000000 0.112934
399.000000 0.113185
400.000000 0.113444
401.000000 0.113754
402.000000 0.114140
403.000000 0.114706
404.000000 0.115297
405.000000 0.115746
406.000000 0.116225
407.000000 0.116778
408.000000 0.117198
409.000000 0.117517
410.000000 0.117623
411.000000 0.117735
412.000000 0.117853
413.000000 0.118184
414.000000 0.118925
415.000000 0.119642
416.000000 0.120372
417.000000 0.121397
418.000000 0.123016
419.000000 0.125196
420.000000 0.127816
421.000000 0.130889
422.000000 0.134314
423.000000 0.138156
424.000000 0.142426
425.000000 0.147021
426.000000 0.151966
427.000000 0.156880
428.000000 0.161343
429.000000 0.165478
430.000000 0.169019
431.000000 0.171713
432.000000 0.173652
433.000000 0.174672
434.000000 0.174694
435.000000 0.173449
436.000000 0.171034
437.000000 0.167636
438.000000 0.163432
439.000000 0.158592
440.000000 0.152981
441.000000 0.147168
442.000000 0.141440
443.000000 0.135364
444.000000 0.129196
445.000000 0.123328
446.000000 0.117442
447.000000 0.111814
448.000000 0.106584
449.000000 0.101554
450.000000 0.096967
451.000000 0.092570
452.000000 0.088339
453.000000 0.084576
454.000000 0.081075
455.000000 0.077826
456.000000 0.074705
457.000000 0.071702
458.000000 0.069015
459.000000 0.066418
460.000000 0.063918
461.000000 0.061628
462.000000 0.059419
463.000000 0.057264
464.000000 0.055006
465.000000 0.052758
466.000000 0.050856
467.000000 0.048947
468.000000 0.047012
469.000000 0.045191
470.000000 0.043382
471.000000 0.041676
472.000000 0.039968
473.000000 0.038238
474.000000 0.036584
475.000000 0.035008
476.000000 0.033538
477.000000 0.032114
478.000000 0.030712
479.000000 0.029349
480.000000 0.028075
481.000000 0.026860
482.000000 0.025689
483.000000 0.024564
484.000000 0.023454
485.000000 0.022447
486.000000 0.021522
487.000000 0.020597
488.000000 0.019727
489.000000 0.019173
490.000000 0.018968
491.000000 0.018637
492.000000 0.018289
493.000000 0.018010
494.000000 0.017683
495.000000 0.017301
496.000000 0.016824
497.000000 0.016317
498.000000 0.015896
499.000000 0.015677
500.000000 0.015420
501.000000 0.015457
502.000000 0.015489
503.000000 0.015226
504.000000 0.015307
505.000000 0.015275
506.000000 0.015058
507.000000 0.015299
508.000000 0.015588
509.000000 0.015876
510.000000 0.016229
511.000000 0.016431
512.000000 0.016559
513.000000 0.016546
514.000000 0.016660
515.000000 0.016905
516.000000 0.017216
517.000000 0.017790
518.000000 0.018271
519.000000 0.018679
520.000000 0.019119
521.000000 0.019507
522.000000 0.019965
523.000000 0.019998
524.000000 0.019842
525.000000 0.020000
526.000000 0.020214
527.000000 0.020399
528.000000 0.020656
529.000000 0.020936
530.000000 0.021276
531.000000 0.021633
532.000000 0.021911
533.000000 0.022157
534.000000 0.022373
535.000000 0.022773
536.000000 0.023336
537.000000 0.024031
538.000000 0.024859
539.000000 0.025729
540.000000 0.026796
541.000000 0.027926
542.000000 0.028821
543.000000 0.029847
544.000000 0.031059
545.000000 0.032465
546.000000 0.034097
547.000000 0.035709
548.000000 0.037358
549.000000 0.038829
550.000000 0.040374
551.000000 0.042089
552.000000 0.043889
553.000000 0.045746
554.000000 0.047605
555.000000 0.049505
556.000000 0.050970
557.000000 0.052432
558.000000 0.054134
559.000000 0.055584
560.000000 0.056764
561.000000 0.057611
562.000000 0.058303
563.000000 0.058925
564.000000 0.059500
565.000000 0.060013
566.000000 0.060388
567.000000 0.060576
568.000000 0.060581
569.000000 0.060407
570.000000 0.060098
571.000000 0.059965
572.000000 0.060153
573.000000 0.060541
574.000000 0.060932
575.000000 0.061298
576.000000 0.061706
577.000000 0.062264
578.000000 0.063022
579.000000 0.063913
580.000000 0.065029
581.000000 0.066515
582.000000 0.068086
583.000000 0.069732
584.000000 0.071565
585.000000 0.073439
586.000000 0.075527
587.000000 0.077864
588.000000 0.080366
589.000000 0.082924
590.000000 0.085612
591.000000 0.088636
592.000000 0.091701
593.000000 0.094697
594.000000 0.097575
595.000000 0.100421
596.000000 0.103538
597.000000 0.106755
598.000000 0.109930
599.000000 0.113144
600.000000 0.116427
601.000000 0.119723
602.000000 0.122960
603.000000 0.126208
604.000000 0.129589
605.000000 0.132835
606.000000 0.136078
607.000000 0.139654
608.000000 0.143289
609.000000 0.146929
610.000000 0.150812
611.000000 0.154699
612.000000 0.158684
613.000000 0.162898
614.000000 0.167310
615.000000 0.172109
616.000000 0.176920
617.000000 0.181977
618.000000 0.187682
619.000000 0.193555
620.000000 0.199669
621.000000 0.206378
622.000000 0.213366
623.000000 0.220749
624.000000 0.228795
625.000000 0.237114
626.000000 0.245883
627.000000 0.255519
628.000000 0.265400
629.000000 0.275688
630.000000 0.286901
631.000000 0.298778
632.000000 0.310722
633.000000 0.323028
634.000000 0.336282
635.000000 0.349604
636.000000 0.363205
637.000000 0.377622
638.000000 0.391954
639.000000 0.406373
640.000000 0.421362
641.000000 0.436466
642.000000 0.450726
643.000000 0.464563
644.000000 0.479057
645.000000 0.493035
646.000000 0.506503
647.000000 0.520034
648.000000 0.533219
649.000000 0.545452
650.000000 0.556870
651.000000 0.568001
652.000000 0.578575
653.000000 0.588131
654.000000 0.596852
655.000000 0.605116
656.000000 0.612722
657.000000 0.619463
658.000000 0.625560
659.000000 0.631373
660.000000 0.636697
661.000000 0.641418
662.000000 0.645889
663.000000 0.650388
664.000000 0.654838
665.000000 0.659156
666.000000 0.663620
667.000000 0.668480
668.000000 0.673657
669.000000 0.679050
670.000000 0.684934
671.000000 0.691717
672.000000 0.699396
673.000000 0.708257
674.000000 0.717702
675.000000 0.728038
676.000000 0.740174
677.000000 0.753859
678.000000 0.769044
679.000000 0.785005
680.000000 0.802233
681.000000 0.821690
682.000000 0.843129
683.000000 0.866661
684.000000 0.891237
685.000000 0.917139
686.000000 0.945807
687.000000 0.976828
688.000000 1.009720
689.000000 1.044077
690.000000 1.078681
691.000000 1.114391
692.000000 1.152821
693.000000 1.193171
694.000000 1.235077
695.000000 1.278363
696.000000 1.320780
697.000000 1.362725
698.000000 1.406417
699.000000 1.450464
700.000000 1.494449
701.000000 1.537693
702.000000 1.578388
703.000000 1.617375
704.000000 1.655692
705.000000 1.692407
706.000000 1.726899
707.000000 1.758032
708.000000 1.785788
709.000000 1.809995
710.000000 1.829903
711.000000 1.845276
712.000000 1.856319
713.000000 1.862464
714.000000 1.863736
715.000000 1.860366
716.000000 1.851999
717.000000 1.838379
718.000000 1.819717
719.000000 1.798094
720.000000 1.772860
721.000000 1.742546
722.000000 1.708290
723.000000 1.671055
724.000000 1.631213
725.000000 1.589198
726.000000 1.545287
727.000000 1.499305
728.000000 1.451518
729.000000 1.402872
730.000000 1.353590
731.000000 1.307043
732.000000 1.261483
733.000000 1.214082
734.000000 1.166534
735.000000 1.119223
736.000000 1.072424
737.000000 1.026659
738.000000 0.982015
739.000000 0.938219
740.000000 0.895683
741.000000 0.854668
742.000000 0.815185
743.000000 0.777206
744.000000 0.740604
745.000000 0.705184
746.000000 0.670999
747.000000 0.637953
748.000000 0.606013
749.000000 0.575251
750.000000 0.545782
751.000000 0.517508
752.000000 0.490308
753.000000 0.464142
754.000000 0.439019
755.000000 0.414959
756.000000 0.391908
757.000000 0.369850
758.000000 0.348716
759.000000 0.328380
760.000000 0.308856
761.000000 0.290276
762.000000 0.272651
763.000000 0.255749
764.000000 0.239522
765.000000 0.223880
766.000000 0.208810
767.000000 0.194623
768.000000 0.181256
769.000000 0.168595
770.000000 0.156594
771.000000 0.145227
772.000000 0.134536
773.000000 0.124415
774.000000 0.114794
775.000000 0.105710
776.000000 0.096650
777.000000 0.087884
778.000000 0.080057
779.000000 0.072943
780.000000 0.066241
781.000000 0.059906
782.000000 0.054086
783.000000 0.048670
784.000000 0.043641
785.000000 0.038916
786.000000 0.034442
787.000000 0.030332
788.000000 0.026446
789.000000 0.022865
790.000000 0.019643
791.000000 0.016657
792.000000 0.013832
793.000000 0.011252
794.000000 0.008911
795.000000 0.006720
796.000000 0.004770
797.000000 0.002965
798.000000 0.001260
799.000000 -0.000313
800.000000 -0.001800
801.000000 -0.003149
802.000000 -0.004277
803.000000 -0.005238
804.000000 -0.006180
805.000000 -0.007047
806.000000 -0.007799
807.000000 -0.008503
808.000000 -0.009185
809.000000 -0.009806
810.000000 -0.010355
811.000000 -0.010886
812.000000 -0.011350
813.000000 -0.011742
814.000000 -0.012076
815.000000 -0.012405
816.000000 -0.012726
817.000000 -0.013021
818.000000 -0.013277
819.000000 -0.013479
820.000000 -0.013676
821.000000 -0.013896
822.000000 -0.014089
823.000000 -0.014248
824.000000 -0.014350
825.000000 -0.014446
826.000000 -0.014593
827.000000 -0.014757
828.000000 -0.014938
829.000000 -0.015067
830.000000 -0.015020
831.000000 -0.015083
832.000000 -0.015289
833.000000 -0.015415
834.000000 -0.015555
835.000000 -0.015645
836.000000 -0.015711
837.000000 -0.015810
838.000000 -0.015902
839.000000 -0.015998
840.000000 -0.016074
841.000000 -0.016124
842.000000 -0.016217
843.000000 -0.016280
844.000000 -0.016320
845.000000 -0.016374
846.000000 -0.016428
847.000000 -0.016467
848.000000 -0.016489
849.000000 -0.016531
850.000000 -0.016583
851.000000 -0.016654
852.000000 -0.016739
853.000000 -0.016818
854.000000 -0.016862
855.000000 -0.016880
856.000000 -0.016871
857.000000 -0.016854
858.000000 -0.016868
859.000000 -0.016920
860.000000 -0.016959
861.000000 -0.016947
862.000000 -0.016948
863.000000 -0.016960
864.000000 -0.016972
865.000000 -0.017008
866.000000 -0.017060
867.000000 -0.017109
868.000000 -0.017126
869.000000 -0.017116
870.000000 -0.016976
871.000000 -0.016935
872.000000 -0.017062
873.000000 -0.017117
874.000000 -0.017117
875.000000 -0.017113
876.000000 -0.017112
877.000000 -0.017076
878.000000 -0.017073
879.000000 -0.017082
880.000000 -0.017087
881.000000 -0.017122
882.000000 -0.017137
883.000000 -0.017134
884.000000 -0.017131
885.000000 -0.017122
886.000000 -0.017107
887.000000 -0.017116
888.000000 -0.017152
889.000000 -0.017157
890.000000 -0.017131
891.000000 -0.017107
892.000000 -0.017112
893.000000 -0.017143
894.000000 -0.017167
895.000000 -0.017170
896.000000 -0.017177
897.000000 -0.017192
898.000000 -0.017190
899.000000 -0.017193
900.000000 -0.017199
