315.000000 0.140063
316.000000 0.140170
317.000000 0.141419
318.000000 0.142569
319.000000 0.142948
320.000000 0.143969
321.000000 0.145446
322.000000 0.146588
323.000000 0.148429
324.000000 0.150189
325.000000 0.151284
326.000000 0.152731
327.000000 0.154197
328.000000 0.155329
329.000000 0.156915
330.000000 0.158494
331.000000 0.160009
332.000000 0.161533
333.000000 0.162490
334.000000 0.163664
335.000000 0.165582
336.000000 0.167466
337.000000 0.168779
338.000000 0.170092
339.000000 0.171783
340.000000 0.173630
341.000000 0.175451
342.000000 0.177655
343.000000 0.179872
344.000000 0.182206
345.000000 0.184803
346.000000 0.187311
347.000000 0.189710
348.000000 0.192068
349.000000 0.194196
350.000000 0.196180
351.000000 0.198321
352.000000 0.200565
353.000000 0.202938
354.000000 0.205160
355.000000 0.207113
356.000000 0.209136
357.000000 0.211391
358.000000 0.213478
359.000000 0.215366
360.000000 0.217489
361.000000 0.219680
362.000000 0.221792
363.000000 0.223922
364.000000 0.226224
365.000000 0.228535
366.000000 0.230699
367.000000 0.232929
368.000000 0.234976
369.000000 0.236592
370.000000 0.238282
371.000000 0.239890
372.000000 0.241392
373.000000 0.242749
374.000000 0.244341
375.000000 0.246284
376.000000 0.247531
377.000000 0.248504
378.000000 0.249553
379.000000 0.250823
380.000000 0.252257
381.000000 0.253871
382.000000 0.255553
383.000000 0.257074
384.000000 0.258320
385.000000 0.259122
386.000000 0.259853
387.000000 0.260374
388.000000 0.260314
389.000000 0.260271
390.000000 0.260198
391.000000 0.259659
392.000000 0.258610
393.000000 0.257264
394.000000 0.256015
395.000000 0.254640
396.000000 0.253187
397.000000 0.251742
398.000000 0.250002
399.000000 0.248042
400.000000 0.246108
401.000000 0.244031
402.000000 0.241858
403.000000 0.239489
404.000000 0.237155
405.000000 0.234708
406.000000 0.232057
407.000000 0.229452
408.000000 0.226639
409.000000 0.223881
410.000000 0.221306
411.000000 0.218622
412.000000 0.215908
413.000000 0.213411
414.000000 0.210843
415.000000 0.208144
416.000000 0.205556
417.000000 0.202786
418.000000 0.199915
419.000000 0.197215
420.000000 0.194265
421.000000 0.191138
422.000000 0.188242
423.000000 0.185179
424.000000 0.181892
425.000000 0.178639
426.000000 0.175165
427.000000 0.171572
428.000000 0.168248
429.000000 0.164893
430.000000 0.161423
431.000000 0.158056
432.000000 0.154526
433.000000 0.151015
434.000000 0.147750
435.000000 0.144535
436.000000 0.141409
437.000000 0.138335
438.000000 0.135283
439.000000 0.132441
440.000000 0.129706
441.000000 0.127129
442.000000 0.124850
443.000000 0.122539
444.000000 0.120187
445.000000 0.117915
446.000000 0.115501
447.000000 0.113037
448.000000 0.110570
449.000000 0.108105
450.000000 0.105639
451.000000 0.102922
452.000000 0.100116
453.000000 0.097388
454.000000 0.094514
455.000000 0.091653
456.000000 0.088814
457.000000 0.085951
458.000000 0.083253
459.000000 0.080593
460.000000 0.078079
461.000000 0.075923
462.000000 0.073917
463.000000 0.072063
464.000000 0.070499
465.000000 0.069251
466.000000 0.068382
467.000000 0.067753
468.000000 0.067346
469.000000 0.067227
470.000000 0.067363
471.000000 0.067665
472.000000 0.068037
473.000000 0.068476
474.000000 0.068989
475.000000 0.069403
476.000000 0.069672
477.000000 0.069830
478.000000 0.069789
479.000000 0.069561
480.000000 0.069210
481.000000 0.068619
482.000000 0.067855
483.000000 0.067016
484.000000 0.065977
485.000000 0.064749
486.000000 0.063453
487.000000 0.062171
488.000000 0.060825
489.000000 0.059792
490.000000 0.059060
491.000000 0.058190
492.000000 0.057064
493.000000 0.055675
494.000000 0.054329
495.000000 0.052985
496.000000 0.051932
497.000000 0.051162
498.000000 0.050505
499.000000 0.049903
500.000000 0.049280
501.000000 0.048744
502.000000 0.048283
503.000000 0.048052
504.000000 0.048031
505.000000 0.048281
506.000000 0.048778
507.000000 0.049475
508.000000 0.050145
509.000000 0.050815
510.000000 0.051610
511.000000 0.052328
512.000000 0.053169
513.000000 0.054448
514.000000 0.055911
515.000000 0.057379
516.000000 0.058872
517.000000 0.060391
518.000000 0.062053
519.000000 0.063824
520.000000 0.065440
521.000000 0.066748
522.000000 0.067826
523.000000 0.068906
524.000000 0.069855
525.000000 0.070697
526.000000 0.071619
527.000000 0.072368
528.000000 0.072829
529.000000 0.073069
530.000000 0.073440
531.000000 0.073653
532.000000 0.073504
533.000000 0.073633
534.000000 0.074033
535.000000 0.074091
536.000000 0.074244
537.000000 0.074619
538.000000 0.074824
539.000000 0.074914
540.000000 0.075318
541.000000 0.076229
542.000000 0.076954
543.000000 0.077459
544.000000 0.078450
545.000000 0.079738
546.000000 0.081148
547.000000 0.082978
548.000000 0.084975
549.000000 0.087167
550.000000 0.089530
551.000000 0.092127
552.000000 0.094857
553.000000 0.097769
554.000000 0.100925
555.000000 0.104180
556.000000 0.107502
557.000000 0.110941
558.000000 0.114626
559.000000 0.118277
560.000000 0.121955
561.000000 0.125504
562.000000 0.128759
563.000000 0.131854
564.000000 0.134756
565.000000 0.137160
566.000000 0.139138
567.000000 0.140780
568.000000 0.141946
569.000000 0.142555
570.000000 0.142661
571.000000 0.142333
572.000000 0.141500
573.000000 0.140050
574.000000 0.138052
575.000000 0.135835
576.000000 0.133071
577.000000 0.130404
578.000000 0.128015
579.000000 0.125397
580.000000 0.122671
581.000000 0.119803
582.000000 0.117120
583.000000 0.114657
584.000000 0.112334
585.000000 0.110289
586.000000 0.108527
587.000000 0.106933
588.000000 0.105523
589.000000 0.104471
590.000000 0.103692
591.000000 0.102978
592.000000 0.102507
593.000000 0.102275
594.000000 0.102133
595.000000 0.102160
596.000000 0.102363
597.000000 0.102658
598.000000 0.103067
599.000000 0.103575
600.000000 0.104174
601.000000 0.104820
602.000000 0.105472
603.000000 0.106226
604.000000 0.106987
605.000000 0.107539
606.000000 0.108038
607.000000 0.108604
608.000000 0.109056
609.000000 0.109427
610.000000 0.109686
611.000000 0.109817
612.000000 0.109782
613.000000 0.109533
614.000000 0.109135
615.000000 0.108534
616.000000 0.107680
617.000000 0.106646
618.000000 0.105466
619.000000 0.104225
620.000000 0.102835
621.000000 0.101247
622.000000 0.099697
623.000000 0.098167
624.000000 0.096595
625.000000 0.095098
626.000000 0.093633
627.000000 0.092181
628.000000 0.090870
629.000000 0.089706
630.000000 0.088720
631.000000 0.087846
632.000000 0.087118
633.000000 0.086601
634.000000 0.086236
635.000000 0.086041
636.000000 0.086010
637.000000 0.086077
638.000000 0.086203
639.000000 0.086559
640.000000 0.087147
641.000000 0.087816
642.000000 0.088587
643.000000 0.089441
644.000000 0.090413
645.000000 0.091431
646.000000 0.092530
647.000000 0.093708
648.000000 0.094915
649.000000 0.096151
650.000000 0.097397
651.000000 0.098701
652.000000 0.100045
653.000000 0.101401
654.000000 0.102775
655.000000 0.104222
656.000000 0.105736
657.000000 0.107177
658.000000 0.108621
659.000000 0.110190
660.000000 0.111802
661.000000 0.113401
662.000000 0.114986
663.000000 0.116664
664.000000 0.118453
665.000000 0.120289
666.000000 0.122236
667.000000 0.124267
668.000000 0.126315
669.000000 0.128346
670.000000 0.130408
671.000000 0.132637
672.000000 0.135010
673.000000 0.137510
674.000000 0.139945
675.000000 0.142468
676.000000 0.145257
677.000000 0.148208
678.000000 0.151270
679.000000 0.154240
680.000000 0.157244
681.000000 0.160498
682.000000 0.163942
683.000000 0.167550
684.000000 0.171195
685.000000 0.174868
686.000000 0.178773
687.000000 0.182860
688.000000 0.186990
689.000000 0.191228
690.000000 0.195447
691.000000 0.199697
692.000000 0.204188
693.000000 0.208787
694.000000 0.213494
695.000000 0.218343
696.000000 0.223033
697.000000 0.227683
698.000000 0.232525
699.000000 0.237430
700.000000 0.242362
701.000000 0.247326
702.000000 0.252085
703.000000 0.256744
704.000000 0.261545
705.000000 0.266302
706.000000 0.270977
707.000000 0.275601
708.000000 0.280143
709.000000 0.284515
710.000000 0.288572
711.000000 0.292443
712.000000 0.296291
713.000000 0.299985
714.000000 0.303438
715.000000 0.306695
716.000000 0.309767
717.000000 0.312609
718.000000 0.315234
719.000000 0.317565
720.000000 0.319644
721.000000 0.321607
722.000000 0.323497
723.000000 0.325216
724.000000 0.326750
725.000000 0.328188
726.000000 0.329544
727.000000 0.330874
728.000000 0.332186
729.000000 0.333468
730.000000 0.334837
731.000000 0.336250
732.000000 0.337699
733.000000 0.339319
734.000000 0.341183
735.000000 0.343273
736.000000 0.345559
737.000000 0.348112
738.000000 0.350997
739.000000 0.354093
740.000000 0.357657
741.000000 0.361789
742.000000 0.366208
743.000000 0.370946
744.000000 0.376030
745.000000 0.381598
746.000000 0.387666
747.000000 0.394174
748.000000 0.401166
749.000000 0.408660
750.000000 0.416545
751.000000 0.424846
752.000000 0.433604
753.000000 0.442825
754.000000 0.452498
755.000000 0.462607
756.000000 0.473246
757.000000 0.484401
758.000000 0.495929
759.000000 0.507956
760.000000 0.520517
761.000000 0.533493
762.000000 0.546922
763.000000 0.560735
764.000000 0.574929
765.000000 0.589779
766.000000 0.605172
767.000000 0.620761
768.000000 0.636523
769.000000 0.652444
770.000000 0.668589
771.000000 0.684846
772.000000 0.701104
773.000000 0.717283
774.000000 0.733354
775.000000 0.749290
776.000000 0.765886
777.000000 0.782323
778.000000 0.797161
779.000000 0.810797
780.000000 0.823342
781.000000 0.834686
782.000000 0.844571
783.000000 0.852861
784.000000 0.859478
785.000000 0.864276
786.000000 0.867048
787.000000 0.867657
788.000000 0.865811
789.000000 0.861367
790.000000 0.854567
791.000000 0.845412
792.000000 0.833856
793.000000 0.819936
794.000000 0.803749
795.000000 0.785345
796.000000 0.764835
797.000000 0.741618
798.000000 0.716504
799.000000 0.690651
800.000000 0.663824
801.000000 0.636035
802.000000 0.607557
803.000000 0.578633
804.000000 0.548122
805.000000 0.517171
806.000000 0.487576
807.000000 0.458716
808.000000 0.430290
809.000000 0.402362
810.000000 0.374094
811.000000 0.346403
812.000000 0.320695
813.000000 0.296453
814.000000 0.273486
815.000000 0.251824
816.000000 0.230593
817.000000 0.210343
818.000000 0.191991
819.000000 0.175086
820.000000 0.159481
821.000000 0.144625
822.000000 0.130792
823.000000 0.118519
824.000000 0.107461
825.000000 0.097092
826.000000 0.087510
827.000000 0.078985
828.000000 0.071341
829.000000 0.064473
830.000000 0.057930
831.000000 0.051882
832.000000 0.046731
833.000000 0.042190
834.000000 0.037970
835.000000 0.034181
836.000000 0.030860
837.000000 0.027763
838.000000 0.024937
839.000000 0.022515
840.000000 0.020394
841.000000 0.018440
842.000000 0.016679
843.000000 0.015159
844.000000 0.013780
845.000000 0.012493
846.000000 0.011363
847.000000 0.010354
848.000000 0.009437
849.000000 0.008626
850.000000 0.007883
851.000000 0.007196
852.000000 0.006577
853.000000 0.006053
854.000000 0.005547
855.000000 0.005067
856.000000 0.004671
857.000000 0.004316
858.000000 0.003979
859.000000 0.003694
860.000000 0.003443
861.000000 0.003191
862.000000 0.002978
863.000000 0.002768
864.000000 0.002559
865.000000 0.002375
866.000000 0.002200
867.000000 0.002051
868.000000 0.001908
869.000000 0.001800
870.000000 0.001731
871.000000 0.001657
872.000000 0.001590
873.000000 0.001528
874.000000 0.001436
875.000000 0.001351
876.000000 0.001268
877.000000 0.001206
878.000000 0.001183
879.000000 0.001154
880.000000 0.001104
881.000000 0.001047
882.000000 0.000983
883.000000 0.000897
884.000000 0.000872
885.000000 0.000884
886.000000 0.000846
887.000000 0.000817
888.000000 0.000808
889.000000 0.000802
890.000000 0.000784
891.000000 0.000764
892.000000 0.000752
893.000000 0.000716
894.000000 0.000676
895.000000 0.000684
896.000000 0.000693
897.000000 0.000682
898.000000 0.000711
899.000000 0.000749
900.000000 0.000770
