315.000000 0.122272
316.000000 0.121083
317.000000 0.121426
318.000000 0.122215
319.000000 0.122667
320.000000 0.122296
321.000000 0.122071
322.000000 0.122120
323.000000 0.122538
324.000000 0.123096
325.000000 0.123290
326.000000 0.123375
327.000000 0.123842
328.000000 0.124564
329.000000 0.124671
330.000000 0.124204
331.000000 0.124134
332.000000 0.124274
333.000000 0.124124
334.000000 0.123948
335.000000 0.124347
336.000000 0.124960
337.000000 0.125559
338.000000 0.126092
339.000000 0.126227
340.000000 0.126455
341.000000 0.126716
342.000000 0.127169
343.000000 0.127776
344.000000 0.128309
345.000000 0.128870
346.000000 0.129365
347.000000 0.130135
348.000000 0.131197
349.000000 0.132133
350.000000 0.132816
351.000000 0.133490
352.000000 0.134157
353.000000 0.134869
354.000000 0.135937
355.000000 0.137145
356.000000 0.138293
357.000000 0.139321
358.000000 0.140296
359.000000 0.141422
360.000000 0.142732
361.000000 0.144145
362.000000 0.145690
363.000000 0.147265
364.000000 0.148835
365.000000 0.150527
366.000000 0.152315
367.000000 0.154191
368.000000 0.156065
369.000000 0.157631
370.000000 0.158911
371.000000 0.160464
372.000000 0.162417
373.000000 0.164094
374.000000 0.165831
375.000000 0.167889
376.000000 0.169472
377.000000 0.171131
378.000000 0.173194
379.000000 0.175431
380.000000 0.177894
381.000000 0.180047
382.000000 0.181839
383.000000 0.184268
384.000000 0.186850
385.000000 0.189153
386.000000 0.191126
387.000000 0.192433
388.000000 0.193732
389.000000 0.195322
390.000000 0.196819
391.000000 0.198168
392.000000 0.199695
393.000000 0.201099
394.000000 0.202622
395.000000 0.204251
396.000000 0.205638
397.000000 0.206874
398.000000 0.208510
399.000000 0.210304
400.000000 0.211904
401.000000 0.213579
402.000000 0.215301
403.000000 0.217096
404.000000 0.218635
405.000000 0.220130
406.000000 0.221752
407.000000 0.223168
408.000000 0.224592
409.000000 0.226118
410.000000 0.227785
411.000000 0.229510
412.000000 0.230960
413.000000 0.232140
414.000000 0.233197
415.000000 0.234215
416.000000 0.235637
417.000000 0.237283
418.000000 0.238408
419.000000 0.238992
420.000000 0.239472
421.000000 0.240068
422.000000 0.240367
423.000000 0.240434
424.000000 0.240603
425.000000 0.240701
426.000000 0.240605
427.000000 0.240313
428.000000 0.239860
429.000000 0.239275
430.000000 0.238586
431.000000 0.237857
432.000000 0.236951
433.000000 0.235828
434.000000 0.234594
435.000000 0.233375
436.000000 0.232156
437.000000 0.230845
438.000000 0.229481
439.000000 0.228160
440.000000 0.226776
441.000000 0.225314
442.000000 0.223848
443.000000 0.222166
444.000000 0.220311
445.000000 0.218599
446.000000 0.216849
447.000000 0.214856
448.000000 0.212818
449.000000 0.210790
450.000000 0.208840
451.000000 0.206787
452.000000 0.204575
453.000000 0.202492
454.000000 0.200358
455.000000 0.198103
456.000000 0.195792
457.000000 0.193373
458.000000 0.191069
459.000000 0.188732
460.000000 0.186479
461.000000 0.184408
462.000000 0.182263
463.000000 0.180202
464.000000 0.178279
465.000000 0.176461
466.000000 0.174853
467.000000 0.173251
468.000000 0.171705
469.000000 0.170320
470.000000 0.168940
471.000000 0.167694
472.000000 0.166614
473.000000 0.165690
474.000000 0.164906
475.000000 0.164162
476.000000 0.163509
477.000000 0.162982
478.000000 0.162596
479.000000 0.162337
480.000000 0.162167
481.000000 0.162075
482.000000 0.162094
483.000000 0.162181
484.000000 0.162263
485.000000 0.162475
486.000000 0.162836
487.000000 0.163179
488.000000 0.163526
489.000000 0.163828
490.000000 0.164561
491.000000 0.165221
492.000000 0.165421
493.000000 0.166133
494.000000 0.167100
495.000000 0.167903
496.000000 0.168575
497.000000 0.169199
498.000000 0.169826
499.000000 0.170429
500.000000 0.171143
501.000000 0.171833
502.000000 0.172507
503.000000 0.173596
504.000000 0.174625
505.000000 0.175337
506.000000 0.175871
507.000000 0.176281
508.000000 0.177215
509.000000 0.178305
510.000000 0.178933
511.000000 0.179672
512.000000 0.180635
513.000000 0.181677
514.000000 0.182597
515.000000 0.183059
516.000000 0.183355
517.000000 0.183891
518.000000 0.184817
519.000000 0.185841
520.000000 0.186542
521.000000 0.186979
522.000000 0.187525
523.000000 0.188260
524.000000 0.188762
525.000000 0.188931
526.000000 0.189404
527.000000 0.190181
528.000000 0.190767
529.000000 0.191184
530.000000 0.191857
531.000000 0.192755
532.000000 0.193385
533.000000 0.193774
534.000000 0.194228
535.000000 0.194506
536.000000 0.194399
537.000000 0.194360
538.000000 0.194243
539.000000 0.194431
540.000000 0.194856
541.000000 0.195232
542.000000 0.196039
543.000000 0.196473
544.000000 0.196275
545.000000 0.195774
546.000000 0.195585
547.000000 0.195613
548.000000 0.195449
549.000000 0.195201
550.000000 0.194893
551.000000 0.194556
552.000000 0.194161
553.000000 0.193862
554.000000 0.193634
555.000000 0.193318
556.000000 0.192896
557.000000 0.192597
558.000000 0.192242
559.000000 0.191852
560.000000 0.191479
561.000000 0.191038
562.000000 0.190596
563.000000 0.190115
564.000000 0.189582
565.000000 0.189191
566.000000 0.188765
567.000000 0.188360
568.000000 0.187912
569.000000 0.187298
570.000000 0.186812
571.000000 0.186441
572.000000 0.185981
573.000000 0.185463
574.000000 0.184899
575.000000 0.184412
576.000000 0.184104
577.000000 0.183634
578.000000 0.183052
579.000000 0.182511
580.000000 0.182036
581.000000 0.181712
582.000000 0.181502
583.000000 0.181123
584.000000 0.180624
585.000000 0.180319
586.000000 0.180056
587.000000 0.179635
588.000000 0.179224
589.000000 0.178931
590.000000 0.178744
591.000000 0.178659
592.000000 0.178686
593.000000 0.178671
594.000000 0.178527
595.000000 0.178461
596.000000 0.178515
597.000000 0.178539
598.000000 0.178476
599.000000 0.178538
600.000000 0.178730
601.000000 0.178908
602.000000 0.179126
603.000000 0.179401
604.000000 0.179789
605.000000 0.180220
606.000000 0.180714
607.000000 0.181351
608.000000 0.181941
609.000000 0.182614
610.000000 0.183486
611.000000 0.184335
612.000000 0.185156
613.000000 0.186070
614.000000 0.187075
615.000000 0.188234
616.000000 0.189411
617.000000 0.190616
618.000000 0.191997
619.000000 0.193406
620.000000 0.194828
621.000000 0.196351
622.000000 0.197921
623.000000 0.199585
624.000000 0.201445
625.000000 0.203284
626.000000 0.205187
627.000000 0.207219
628.000000 0.209222
629.000000 0.211363
630.000000 0.213667
631.000000 0.216038
632.000000 0.218354
633.000000 0.220737
634.000000 0.223322
635.000000 0.225805
636.000000 0.228281
637.000000 0.230954
638.000000 0.233623
639.000000 0.236324
640.000000 0.239137
641.000000 0.242026
642.000000 0.244769
643.000000 0.247529
644.000000 0.250537
645.000000 0.253515
646.000000 0.256535
647.000000 0.259726
648.000000 0.263030
649.000000 0.266255
650.000000 0.269487
651.000000 0.272874
652.000000 0.276345
653.000000 0.279788
654.000000 0.283264
655.000000 0.286896
656.000000 0.290549
657.000000 0.294029
658.000000 0.297492
659.000000 0.301172
660.000000 0.304931
661.000000 0.308559
662.000000 0.312136
663.000000 0.315818
664.000000 0.319496
665.000000 0.323005
666.000000 0.326359
667.000000 0.329759
668.000000 0.333115
669.000000 0.336228
670.000000 0.339197
671.000000 0.342136
672.000000 0.344965
673.000000 0.347680
674.000000 0.350160
675.000000 0.352446
676.000000 0.354649
677.000000 0.356719
678.000000 0.358643
679.000000 0.360321
680.000000 0.361852
681.000000 0.363361
682.000000 0.364799
683.000000 0.366161
684.000000 0.367466
685.000000 0.368757
686.000000 0.370093
687.000000 0.371450
688.000000 0.372849
689.000000 0.374331
690.000000 0.375885
691.000000 0.377623
692.000000 0.379540
693.000000 0.381609
694.000000 0.383932
695.000000 0.386548
696.000000 0.389318
697.000000 0.392359
698.000000 0.395825
699.000000 0.399702
700.000000 0.403990
701.000000 0.408581
702.000000 0.413254
703.000000 0.418185
704.000000 0.423729
705.000000 0.429693
706.000000 0.435901
707.000000 0.442464
708.000000 0.449361
709.000000 0.456421
710.000000 0.463407
711.000000 0.470603
712.000000 0.478192
713.000000 0.485907
714.000000 0.493725
715.000000 0.501542
716.000000 0.509380
717.000000 0.517215
718.000000 0.524966
719.000000 0.532322
720.000000 0.539392
721.000000 0.546473
722.000000 0.553368
723.000000 0.559949
724.000000 0.566129
725.000000 0.571913
726.000000 0.577328
727.000000 0.582405
728.000000 0.587134
729.000000 0.591404
730.000000 0.595236
731.000000 0.598432
732.000000 0.601027
733.000000 0.603275
734.000000 0.604997
735.000000 0.606153
736.000000 0.606775
737.000000 0.606728
738.000000 0.605974
739.000000 0.604588
740.000000 0.602487
741.000000 0.599611
742.000000 0.596072
743.000000 0.591886
744.000000 0.586978
745.000000 0.581343
746.000000 0.574980
747.000000 0.567853
748.000000 0.559975
749.000000 0.551359
750.000000 0.542133
751.000000 0.532397
752.000000 0.522042
753.000000 0.510941
754.000000 0.499163
755.000000 0.486893
756.000000 0.474160
757.000000 0.461055
758.000000 0.447750
759.000000 0.434094
760.000000 0.420024
761.000000 0.405803
762.000000 0.391645
763.000000 0.377452
764.000000 0.363161
765.000000 0.348716
766.000000 0.334364
767.000000 0.320274
768.000000 0.306460
769.000000 0.292968
770.000000 0.279740
771.000000 0.266892
772.000000 0.254503
773.000000 0.242508
774.000000 0.230817
775.000000 0.219494
776.000000 0.207951
777.000000 0.196680
778.000000 0.186452
779.000000 0.176908
780.000000 0.167846
781.000000 0.159186
782.000000 0.151040
783.000000 0.143400
784.000000 0.136150
785.000000 0.129219
786.000000 0.122616
787.000000 0.116353
788.000000 0.110286
789.000000 0.104581
790.000000 0.099338
791.000000 0.094417
792.000000 0.089830
793.000000 0.085500
794.000000 0.081372
795.000000 0.077475
796.000000 0.073796
797.000000 0.070187
798.000000 0.066772
799.000000 0.063642
800.000000 0.060714
801.000000 0.058004
802.000000 0.055440
803.000000 0.053030
804.000000 0.050619
805.000000 0.048294
806.000000 0.046241
807.000000 0.044307
808.000000 0.042434
809.000000 0.040618
810.000000 0.038829
811.000000 0.037166
812.000000 0.035722
813.000000 0.034403
814.000000 0.033080
815.000000 0.031744
816.000000 0.030451
817.000000 0.029235
818.000000 0.028141
819.000000 0.027134
820.000000 0.026150
821.000000 0.025189
822.000000 0.024299
823.000000 0.023473
824.000000 0.022730
825.000000 0.021969
826.000000 0.021214
827.000000 0.020542
828.000000 0.019871
829.000000 0.019249
830.000000 0.018633
831.000000 0.018041
832.000000 0.017516
833.000000 0.017009
834.000000 0.016491
835.000000 0.016012
836.000000 0.015515
837.000000 0.015025
838.000000 0.014617
839.000000 0.014223
840.000000 0.013834
841.000000 0.013398
842.000000 0.012965
843.000000 0.012652
844.000000 0.012354
845.000000 0.012013
846.000000 0.011702
847.000000 0.011385
848.000000 0.011086
849.000000 0.010822
850.000000 0.010570
851.000000 0.010320
852.000000 0.010047
853.000000 0.009795
854.000000 0.009562
855.000000 0.009304
856.000000 0.009025
857.000000 0.008820
858.000000 0.008656
859.000000 0.008480
860.000000 0.008361
861.000000 0.008246
862.000000 0.008082
863.000000 0.007922
864.000000 0.007767
865.000000 0.007597
866.000000 0.007416
867.000000 0.007285
868.000000 0.007192
869.000000 0.007100
870.000000 0.007025
871.000000 0.006923
872.000000 0.006730
873.000000 0.006559
874.000000 0.006483
875.000000 0.006403
876.000000 0.006284
877.000000 0.006170
878.000000 0.006092
879.000000 0.005988
880.000000 0.005864
881.000000 0.005763
882.000000 0.005662
883.000000 0.005576
884.000000 0.005482
885.000000 0.005384
886.000000 0.005306
887.000000 0.005227
888.000000 0.005178
889.000000 0.005141
890.000000 0.005090
891.000000 0.005026
892.000000 0.004982
893.000000 0.004908
894.000000 0.004796
895.000000 0.004717
896.000000 0.004658
897.000000 0.004613
898.000000 0.004635
899.000000 0.004701
900.000000 0.004714
901.000000 0.004615
902.000000 0.004462
903.000000 0.004368
904.000000 0.004324
905.000000 0.004287
906.000000 0.004268
907.000000 0.004235
908.000000 0.004164
909.000000 0.004103
910.000000 0.004068
911.000000 0.004042
912.000000 0.004012
913.000000 0.003971
914.000000 0.003950
915.000000 0.003940
916.000000 0.003904
917.000000 0.003874
918.000000 0.003827
919.000000 0.003749
920.000000 0.003671
921.000000 0.003622
922.000000 0.003605
923.000000 0.003571
924.000000 0.003510
925.000000 0.003436
926.000000 0.003375
927.000000 0.003328
928.000000 0.003293
929.000000 0.003262
930.000000 0.003223
931.000000 0.003202
932.000000 0.003190
933.000000 0.003171
934.000000 0.003148
935.000000 0.003106
936.000000 0.003056
937.000000 0.003022
938.000000 0.003026
939.000000 0.003049
940.000000 0.003051
941.000000 0.003048
942.000000 0.003108
943.000000 0.003183
944.000000 0.003154
945.000000 0.003088
946.000000 0.003044
947.000000 0.003012
948.000000 0.002976
949.000000 0.002940
950.000000 0.002930
