315.000000 0.137585
316.000000 0.138113
317.000000 0.139006
318.000000 0.140151
319.000000 0.141348
320.000000 0.141423
321.000000 0.141368
322.000000 0.141828
323.000000 0.142664
324.000000 0.143075
325.000000 0.142729
326.000000 0.142884
327.000000 0.143466
328.000000 0.143896
329.000000 0.144022
330.000000 0.144050
331.000000 0.144555
332.000000 0.145013
333.000000 0.144912
334.000000 0.144836
335.000000 0.145151
336.000000 0.145589
337.000000 0.146061
338.000000 0.146342
339.000000 0.146511
340.000000 0.147099
341.000000 0.147201
342.000000 0.146972
343.000000 0.147323
344.000000 0.147741
345.000000 0.148059
346.000000 0.148507
347.000000 0.149195
348.000000 0.150276
349.000000 0.151246
350.000000 0.151643
351.000000 0.152008
352.000000 0.152735
353.000000 0.153562
354.000000 0.154606
355.000000 0.155767
356.000000 0.156822
357.000000 0.157819
358.000000 0.158826
359.000000 0.160052
360.000000 0.161378
361.000000 0.162760
362.000000 0.164337
363.000000 0.166067
364.000000 0.167766
365.000000 0.169487
366.000000 0.171301
367.000000 0.173311
368.000000 0.175536
369.000000 0.177561
370.000000 0.178858
371.000000 0.180391
372.000000 0.182995
373.000000 0.185438
374.000000 0.187459
375.000000 0.189655
376.000000 0.191481
377.000000 0.193477
378.000000 0.196049
379.000000 0.198666
380.000000 0.201438
381.000000 0.204207
382.000000 0.206599
383.000000 0.208956
384.000000 0.211846
385.000000 0.215057
386.000000 0.218115
387.000000 0.220839
388.000000 0.223332
389.000000 0.225984
390.000000 0.228857
391.000000 0.231738
392.000000 0.234889
393.000000 0.237991
394.000000 0.240808
395.000000 0.243820
396.000000 0.246751
397.000000 0.249345
398.000000 0.252340
399.000000 0.255448
400.000000 0.258223
401.000000 0.261023
402.000000 0.263837
403.000000 0.266607
404.000000 0.269188
405.000000 0.271662
406.000000 0.274335
407.000000 0.276963
408.000000 0.279622
409.000000 0.282221
410.000000 0.284581
411.000000 0.287055
412.000000 0.289446
413.000000 0.291441
414.000000 0.293290
415.000000 0.295206
416.000000 0.297207
417.000000 0.299084
418.000000 0.300714
419.000000 0.302171
420.000000 0.303626
421.000000 0.304932
422.000000 0.305846
423.000000 0.306512
424.000000 0.307092
425.000000 0.307371
426.000000 0.307407
427.000000 0.307463
428.000000 0.307327
429.000000 0.307114
430.000000 0.306792
431.000000 0.306302
432.000000 0.305682
433.000000 0.304889
434.000000 0.304069
435.000000 0.303157
436.000000 0.302078
437.000000 0.300881
438.000000 0.299637
439.000000 0.298402
440.000000 0.297042
441.000000 0.295565
442.000000 0.294007
443.000000 0.292150
444.000000 0.290056
445.000000 0.287944
446.000000 0.285723
447.000000 0.283395
448.000000 0.280899
449.000000 0.278244
450.000000 0.275598
451.000000 0.272791
452.000000 0.269851
453.000000 0.266948
454.000000 0.263943
455.000000 0.260804
456.000000 0.257505
457.000000 0.254117
458.000000 0.250864
459.000000 0.247613
460.000000 0.244552
461.000000 0.241691
462.000000 0.238665
463.000000 0.235587
464.000000 0.232630
465.000000 0.229879
466.000000 0.227447
467.000000 0.225135
468.000000 0.222971
469.000000 0.220973
470.000000 0.219013
471.000000 0.217278
472.000000 0.215808
473.000000 0.214505
474.000000 0.213292
475.000000 0.212185
476.000000 0.211275
477.000000 0.210591
478.000000 0.210065
479.000000 0.209622
480.000000 0.209250
481.000000 0.209013
482.000000 0.208953
483.000000 0.209020
484.000000 0.209195
485.000000 0.209488
486.000000 0.209831
487.000000 0.210162
488.000000 0.210582
489.000000 0.211009
490.000000 0.211455
491.000000 0.212039
492.000000 0.212787
493.000000 0.213622
494.000000 0.214413
495.000000 0.215331
496.000000 0.216454
497.000000 0.217488
498.000000 0.218137
499.000000 0.218502
500.000000 0.219105
501.000000 0.220129
502.000000 0.221124
503.000000 0.222209
504.000000 0.223389
505.000000 0.224197
506.000000 0.224820
507.000000 0.225729
508.000000 0.227020
509.000000 0.228172
510.000000 0.229007
511.000000 0.229959
512.000000 0.230746
513.000000 0.231562
514.000000 0.232504
515.000000 0.233196
516.000000 0.233691
517.000000 0.234228
518.000000 0.234875
519.000000 0.235531
520.000000 0.236087
521.000000 0.236550
522.000000 0.237259
523.000000 0.237911
524.000000 0.238405
525.000000 0.238877
526.000000 0.239301
527.000000 0.239776
528.000000 0.240190
529.000000 0.240577
530.000000 0.241283
531.000000 0.241890
532.000000 0.242107
533.000000 0.242375
534.000000 0.242536
535.000000 0.242370
536.000000 0.242021
537.000000 0.241697
538.000000 0.241660
539.000000 0.241991
540.000000 0.242018
541.000000 0.241686
542.000000 0.241421
543.000000 0.240969
544.000000 0.240414
545.000000 0.239804
546.000000 0.239184
547.000000 0.238546
548.000000 0.238000
549.000000 0.237410
550.000000 0.236650
551.000000 0.235707
552.000000 0.234557
553.000000 0.233508
554.000000 0.232571
555.000000 0.231583
556.000000 0.230503
557.000000 0.229339
558.000000 0.227945
559.000000 0.226651
560.000000 0.225471
561.000000 0.224179
562.000000 0.222814
563.000000 0.221435
564.000000 0.220053
565.000000 0.218693
566.000000 0.217362
567.000000 0.215929
568.000000 0.214445
569.000000 0.212937
570.000000 0.211447
571.000000 0.209821
572.000000 0.208045
573.000000 0.206335
574.000000 0.204590
575.000000 0.202902
576.000000 0.201268
577.000000 0.199441
578.000000 0.197578
579.000000 0.195896
580.000000 0.194200
581.000000 0.192321
582.000000 0.190994
583.000000 0.189302
584.000000 0.186921
585.000000 0.184924
586.000000 0.182982
587.000000 0.181127
588.000000 0.179336
589.000000 0.177439
590.000000 0.175580
591.000000 0.173768
592.000000 0.172104
593.000000 0.170455
594.000000 0.168660
595.000000 0.166895
596.000000 0.165216
597.000000 0.163627
598.000000 0.162008
599.000000 0.160410
600.000000 0.158947
601.000000 0.157512
602.000000 0.156063
603.000000 0.154676
604.000000 0.153328
605.000000 0.152096
606.000000 0.150995
607.000000 0.149871
608.000000 0.148804
609.000000 0.147828
610.000000 0.146796
611.000000 0.145827
612.000000 0.144960
613.000000 0.144178
614.000000 0.143492
615.000000 0.142873
616.000000 0.142367
617.000000 0.142021
618.000000 0.141768
619.000000 0.141539
620.000000 0.141257
621.000000 0.140954
622.000000 0.140798
623.000000 0.140739
624.000000 0.140780
625.000000 0.140903
626.000000 0.141043
627.000000 0.141213
628.000000 0.141352
629.000000 0.141578
630.000000 0.141893
631.000000 0.142170
632.000000 0.142452
633.000000 0.142787
634.000000 0.143179
635.000000 0.143555
636.000000 0.143827
637.000000 0.144011
638.000000 0.144192
639.000000 0.144418
640.000000 0.144647
641.000000 0.144854
642.000000 0.145043
643.000000 0.145158
644.000000 0.145197
645.000000 0.145228
646.000000 0.145263
647.000000 0.145347
648.000000 0.145418
649.000000 0.145493
650.000000 0.145619
651.000000 0.145698
652.000000 0.145773
653.000000 0.145906
654.000000 0.146078
655.000000 0.146303
656.000000 0.146609
657.000000 0.146918
658.000000 0.147207
659.000000 0.147534
660.000000 0.147883
661.000000 0.148253
662.000000 0.148628
663.000000 0.148984
664.000000 0.149416
665.000000 0.149908
666.000000 0.150365
667.000000 0.150853
668.000000 0.151424
669.000000 0.151986
670.000000 0.152484
671.000000 0.152920
672.000000 0.153337
673.000000 0.153777
674.000000 0.154186
675.000000 0.154582
676.000000 0.155035
677.000000 0.155448
678.000000 0.155822
679.000000 0.156214
680.000000 0.156550
681.000000 0.156877
682.000000 0.157225
683.000000 0.157544
684.000000 0.157826
685.000000 0.158193
686.000000 0.158668
687.000000 0.159127
688.000000 0.159563
689.000000 0.160051
690.000000 0.160630
691.000000 0.161254
692.000000 0.161858
693.000000 0.162539
694.000000 0.163364
695.000000 0.164314
696.000000 0.165296
697.000000 0.166273
698.000000 0.167298
699.000000 0.168445
700.000000 0.169761
701.000000 0.171149
702.000000 0.172572
703.000000 0.174081
704.000000 0.175695
705.000000 0.177414
706.000000 0.179220
707.000000 0.181120
708.000000 0.183061
709.000000 0.185037
710.000000 0.187017
711.000000 0.189073
712.000000 0.191259
713.000000 0.193503
714.000000 0.195848
715.000000 0.198250
716.000000 0.200594
717.000000 0.202810
718.000000 0.204934
719.000000 0.206945
720.000000 0.208923
721.000000 0.210941
722.000000 0.212883
723.000000 0.214768
724.000000 0.216581
725.000000 0.218184
726.000000 0.219610
727.000000 0.220924
728.000000 0.222080
729.000000 0.223031
730.000000 0.223805
731.000000 0.224377
732.000000 0.224725
733.000000 0.224799
734.000000 0.224566
735.000000 0.224114
736.000000 0.223474
737.000000 0.222626
738.000000 0.221492
739.000000 0.219951
740.000000 0.218091
741.000000 0.215964
742.000000 0.213612
743.000000 0.211084
744.000000 0.208360
745.000000 0.205375
746.000000 0.202082
747.000000 0.198560
748.000000 0.194889
749.000000 0.191044
750.000000 0.187069
751.000000 0.183015
752.000000 0.178843
753.000000 0.174537
754.000000 0.170177
755.000000 0.165751
756.000000 0.161249
757.000000 0.156792
758.000000 0.152383
759.000000 0.147993
760.000000 0.143550
761.000000 0.139121
762.000000 0.134912
763.000000 0.130825
764.000000 0.126773
765.000000 0.122801
766.000000 0.118870
767.000000 0.114981
768.000000 0.111222
769.000000 0.107612
770.000000 0.104101
771.000000 0.100728
772.000000 0.097496
773.000000 0.094421
774.000000 0.091416
775.000000 0.088493
776.000000 0.085531
777.000000 0.082609
778.000000 0.079933
779.000000 0.077325
780.000000 0.074772
781.000000 0.072369
782.000000 0.070137
783.000000 0.068088
784.000000 0.066094
785.000000 0.064036
786.000000 0.062027
787.000000 0.060098
788.000000 0.058153
789.000000 0.056266
790.000000 0.054500
791.000000 0.052781
792.000000 0.051101
793.000000 0.049479
794.000000 0.047904
795.000000 0.046395
796.000000 0.044964
797.000000 0.043509
798.000000 0.042062
799.000000 0.040642
800.000000 0.039253
801.000000 0.037938
802.000000 0.036686
803.000000 0.035480
804.000000 0.034297
805.000000 0.033190
806.000000 0.032129
807.000000 0.031033
808.000000 0.029959
809.000000 0.028988
810.000000 0.028066
811.000000 0.027155
812.000000 0.026350
813.000000 0.025617
814.000000 0.024845
815.000000 0.024072
816.000000 0.023265
817.000000 0.022455
818.000000 0.021764
819.000000 0.021149
820.000000 0.020508
821.000000 0.019894
822.000000 0.019334
823.000000 0.018781
824.000000 0.018280
825.000000 0.017762
826.000000 0.017287
827.000000 0.016824
828.000000 0.016291
829.000000 0.015809
830.000000 0.015389
831.000000 0.015006
832.000000 0.014625
833.000000 0.014235
834.000000 0.013820
835.000000 0.013423
836.000000 0.013085
837.000000 0.012765
838.000000 0.012458
839.000000 0.012204
840.000000 0.011949
841.000000 0.011586
842.000000 0.011237
843.000000 0.010977
844.000000 0.010725
845.000000 0.010491
846.000000 0.010275
847.000000 0.010009
848.000000 0.009773
849.000000 0.009547
850.000000 0.009305
851.000000 0.009087
852.000000 0.008849
853.000000 0.008649
854.000000 0.008476
855.000000 0.008268
856.000000 0.008032
857.000000 0.007849
858.000000 0.007712
859.000000 0.007568
860.000000 0.007440
861.000000 0.007337
862.000000 0.007222
863.000000 0.007078
864.000000 0.006934
865.000000 0.006795
866.000000 0.006667
867.000000 0.006572
868.000000 0.006497
869.000000 0.006405
870.000000 0.006303
871.000000 0.006228
872.000000 0.006129
873.000000 0.005999
874.000000 0.005891
875.000000 0.005821
876.000000 0.005741
877.000000 0.005625
878.000000 0.005524
879.000000 0.005437
880.000000 0.005337
881.000000 0.005231
882.000000 0.005165
883.000000 0.005130
884.000000 0.005079
885.000000 0.005019
886.000000 0.004943
887.000000 0.004850
888.000000 0.004773
889.000000 0.004696
890.000000 0.004611
891.000000 0.004539
892.000000 0.004501
893.000000 0.004462
894.000000 0.004415
895.000000 0.004377
896.000000 0.004322
897.000000 0.004266
898.000000 0.004246
899.000000 0.004220
900.000000 0.004160
901.000000 0.004092
902.000000 0.004029
903.000000 0.004027
904.000000 0.004023
905.000000 0.003972
906.000000 0.003951
907.000000 0.003935
908.000000 0.003918
909.000000 0.003912
910.000000 0.003887
911.000000 0.003827
912.000000 0.003750
913.000000 0.003686
914.000000 0.003657
915.000000 0.003647
916.000000 0.003623
917.000000 0.003593
918.000000 0.003553
919.000000 0.003490
920.000000 0.003418
921.000000 0.003347
922.000000 0.003286
923.000000 0.003231
924.000000 0.003181
925.000000 0.003155
926.000000 0.003134
927.000000 0.003104
928.000000 0.003061
929.000000 0.003013
930.000000 0.002977
931.000000 0.002948
932.000000 0.002938
933.000000 0.002958
934.000000 0.002967
935.000000 0.002938
936.000000 0.002888
937.000000 0.002859
938.000000 0.002872
939.000000 0.002892
940.000000 0.002869
941.000000 0.002838
942.000000 0.002873
943.000000 0.002930
944.000000 0.002912
945.000000 0.002884
946.000000 0.002869
947.000000 0.002828
948.000000 0.002764
949.000000 0.002751
950.000000 0.002790
