315.000000 0.106363
316.000000 0.108137
317.000000 0.110210
318.000000 0.112630
319.000000 0.116206
320.000000 0.119420
321.000000 0.121544
322.000000 0.123627
323.000000 0.125907
324.000000 0.129142
325.000000 0.131823
326.000000 0.133702
327.000000 0.136333
328.000000 0.138695
329.000000 0.140627
330.000000 0.142972
331.000000 0.146132
332.000000 0.149572
333.000000 0.152658
334.000000 0.155147
335.000000 0.157765
336.000000 0.161065
337.000000 0.164184
338.000000 0.167095
339.000000 0.170270
340.000000 0.173760
341.000000 0.177356
342.000000 0.181259
343.000000 0.184826
344.000000 0.188040
345.000000 0.191453
346.000000 0.194815
347.000000 0.198165
348.000000 0.201451
349.000000 0.204294
350.000000 0.206639
351.000000 0.208678
352.000000 0.210584
353.000000 0.212401
354.000000 0.213948
355.000000 0.215275
356.000000 0.216526
357.000000 0.217425
358.000000 0.217926
359.000000 0.218193
360.000000 0.218042
361.000000 0.217823
362.000000 0.217640
363.000000 0.217297
364.000000 0.217169
365.000000 0.217188
366.000000 0.217241
367.000000 0.217683
368.000000 0.218342
369.000000 0.218989
370.000000 0.220226
371.000000 0.221689
372.000000 0.223165
373.000000 0.224814
374.000000 0.226189
375.000000 0.227943
376.000000 0.229826
377.000000 0.231059
378.000000 0.231890
379.000000 0.232782
380.000000 0.234339
381.000000 0.236064
382.000000 0.237030
383.000000 0.237722
384.000000 0.238694
385.000000 0.240032
386.000000 0.241417
387.000000 0.242637
388.000000 0.243704
389.000000 0.244691
390.000000 0.245833
391.000000 0.247311
392.000000 0.249106
393.000000 0.250809
394.000000 0.252408
395.000000 0.254256
396.000000 0.256095
397.000000 0.257603
398.000000 0.258462
399.000000 0.258524
400.000000 0.257931
401.000000 0.256502
402.000000 0.254252
403.000000 0.251326
404.000000 0.247876
405.000000 0.243564
406.000000 0.238764
407.000000 0.233866
408.000000 0.228600
409.000000 0.223344
410.000000 0.218429
411.000000 0.213464
412.000000 0.208794
413.000000 0.204463
414.000000 0.199971
415.000000 0.195655
416.000000 0.191684
417.000000 0.187817
418.000000 0.184083
419.000000 0.180857
420.000000 0.177587
421.000000 0.174088
422.000000 0.170780
423.000000 0.167455
424.000000 0.164139
425.000000 0.160952
426.000000 0.157776
427.000000 0.154744
428.000000 0.151960
429.000000 0.149223
430.000000 0.146571
431.000000 0.144036
432.000000 0.141360
433.000000 0.138952
434.000000 0.137001
435.000000 0.135187
436.000000 0.133479
437.000000 0.132104
438.000000 0.131020
439.000000 0.130102
440.000000 0.129364
441.000000 0.128829
442.000000 0.128530
443.000000 0.128382
444.000000 0.128245
445.000000 0.128113
446.000000 0.128001
447.000000 0.127792
448.000000 0.127532
449.000000 0.127198
450.000000 0.126762
451.000000 0.126234
452.000000 0.125566
453.000000 0.124818
454.000000 0.124129
455.000000 0.123587
456.000000 0.123091
457.000000 0.122773
458.000000 0.122774
459.000000 0.123154
460.000000 0.123970
461.000000 0.125229
462.000000 0.127147
463.000000 0.129735
464.000000 0.133185
465.000000 0.137405
466.000000 0.142005
467.000000 0.147358
468.000000 0.153402
469.000000 0.160137
470.000000 0.167382
471.000000 0.174548
472.000000 0.181970
473.000000 0.189327
474.000000 0.196300
475.000000 0.202669
476.000000 0.208031
477.000000 0.212511
478.000000 0.215906
479.000000 0.218155
480.000000 0.219306
481.000000 0.219396
482.000000 0.218641
483.000000 0.217132
484.000000 0.214810
485.000000 0.211775
486.000000 0.208213
487.000000 0.204424
488.000000 0.200461
489.000000 0.196746
490.000000 0.193321
491.000000 0.189586
492.000000 0.185748
493.000000 0.182260
494.000000 0.178961
495.000000 0.175958
496.000000 0.173877
497.000000 0.171828
498.000000 0.169361
499.000000 0.167418
500.000000 0.166306
501.000000 0.165675
502.000000 0.165611
503.000000 0.166330
504.000000 0.167487
505.000000 0.169126
506.000000 0.171760
507.000000 0.175162
508.000000 0.178857
509.000000 0.182887
510.000000 0.187217
511.000000 0.192357
512.000000 0.198208
513.000000 0.204284
514.000000 0.210621
515.000000 0.217223
516.000000 0.223772
517.000000 0.230464
518.000000 0.237313
519.000000 0.244477
520.000000 0.251702
521.000000 0.258254
522.000000 0.264347
523.000000 0.269963
524.000000 0.275157
525.000000 0.279651
526.000000 0.283525
527.000000 0.286899
528.000000 0.289669
529.000000 0.292039
530.000000 0.293964
531.000000 0.295323
532.000000 0.296001
533.000000 0.296187
534.000000 0.296654
535.000000 0.297241
536.000000 0.297560
537.000000 0.297899
538.000000 0.298600
539.000000 0.299729
540.000000 0.301012
541.000000 0.302917
542.000000 0.305222
543.000000 0.308160
544.000000 0.312058
545.000000 0.316821
546.000000 0.322876
547.000000 0.329808
548.000000 0.337378
549.000000 0.345901
550.000000 0.355186
551.000000 0.365379
552.000000 0.376704
553.000000 0.389057
554.000000 0.402053
555.000000 0.415497
556.000000 0.429057
557.000000 0.443094
558.000000 0.458618
559.000000 0.473939
560.000000 0.489007
561.000000 0.503708
562.000000 0.517399
563.000000 0.529949
564.000000 0.541288
565.000000 0.551347
566.000000 0.559379
567.000000 0.565500
568.000000 0.569558
569.000000 0.570958
570.000000 0.569952
571.000000 0.566670
572.000000 0.561204
573.000000 0.553535
574.000000 0.543566
575.000000 0.532670
576.000000 0.520559
577.000000 0.507392
578.000000 0.493694
579.000000 0.479576
580.000000 0.465382
581.000000 0.451035
582.000000 0.437520
583.000000 0.424837
584.000000 0.413219
585.000000 0.402662
586.000000 0.392546
587.000000 0.383586
588.000000 0.375989
589.000000 0.369420
590.000000 0.363620
591.000000 0.358372
592.000000 0.354026
593.000000 0.350602
594.000000 0.347951
595.000000 0.345965
596.000000 0.344308
597.000000 0.342920
598.000000 0.341875
599.000000 0.341216
600.000000 0.340901
601.000000 0.340777
602.000000 0.340714
603.000000 0.340683
604.000000 0.340592
605.000000 0.340370
606.000000 0.340027
607.000000 0.339195
608.000000 0.337835
609.000000 0.336026
610.000000 0.333387
611.000000 0.329999
612.000000 0.325886
613.000000 0.320952
614.000000 0.315001
615.000000 0.307799
616.000000 0.300061
617.000000 0.291572
618.000000 0.281887
619.000000 0.271805
620.000000 0.261187
621.000000 0.249602
622.000000 0.238056
623.000000 0.226553
624.000000 0.214489
625.000000 0.202721
626.000000 0.191132
627.000000 0.179222
628.000000 0.168008
629.000000 0.157415
630.000000 0.146899
631.000000 0.136811
632.000000 0.127677
633.000000 0.119274
634.000000 0.111146
635.000000 0.103785
636.000000 0.097098
637.000000 0.090737
638.000000 0.085060
639.000000 0.079991
640.000000 0.075248
641.000000 0.070965
642.000000 0.067283
643.000000 0.063981
644.000000 0.060923
645.000000 0.058269
646.000000 0.055871
647.000000 0.053600
648.000000 0.051449
649.000000 0.049561
650.000000 0.047893
651.000000 0.046189
652.000000 0.044559
653.000000 0.043107
654.000000 0.041724
655.000000 0.040345
656.000000 0.038948
657.000000 0.037640
658.000000 0.036390
659.000000 0.035050
660.000000 0.033704
661.000000 0.032532
662.000000 0.031426
663.000000 0.030255
664.000000 0.029091
665.000000 0.028030
666.000000 0.027030
667.000000 0.026025
668.000000 0.025038
669.000000 0.024081
670.000000 0.023211
671.000000 0.022375
672.000000 0.021567
673.000000 0.020863
674.000000 0.020240
675.000000 0.019643
676.000000 0.019036
677.000000 0.018451
678.000000 0.018017
679.000000 0.017645
680.000000 0.017263
681.000000 0.016959
682.000000 0.016679
683.000000 0.016451
684.000000 0.016259
685.000000 0.016014
686.000000 0.015789
687.000000 0.015640
688.000000 0.015577
689.000000 0.015557
690.000000 0.015529
691.000000 0.015498
692.000000 0.015475
693.000000 0.015524
694.000000 0.015645
695.000000 0.015721
696.000000 0.015777
697.000000 0.015900
698.000000 0.016042
699.000000 0.016195
700.000000 0.016360
701.000000 0.016502
702.000000 0.016613
703.000000 0.016704
704.000000 0.016822
705.000000 0.016989
706.000000 0.017205
707.000000 0.017379
708.000000 0.017505
709.000000 0.017643
710.000000 0.017792
711.000000 0.017917
712.000000 0.018067
713.000000 0.018251
714.000000 0.018381
715.000000 0.018490
716.000000 0.018574
717.000000 0.018674
718.000000 0.018792
719.000000 0.018915
720.000000 0.019022
721.000000 0.019087
722.000000 0.019146
723.000000 0.019204
724.000000 0.019200
725.000000 0.019165
726.000000 0.019213
727.000000 0.019259
728.000000 0.019238
729.000000 0.019266
730.000000 0.019358
731.000000 0.019427
732.000000 0.019506
733.000000 0.019597
734.000000 0.019622
735.000000 0.019629
736.000000 0.019681
737.000000 0.019762
738.000000 0.019898
739.000000 0.020075
740.000000 0.020191
741.000000 0.020297
742.000000 0.020452
743.000000 0.020611
744.000000 0.020786
745.000000 0.020984
746.000000 0.021171
747.000000 0.021344
748.000000 0.021566
749.000000 0.021830
750.000000 0.022119
751.000000 0.022462
752.000000 0.022805
753.000000 0.023154
754.000000 0.023552
755.000000 0.023967
756.000000 0.024355
757.000000 0.024749
758.000000 0.025196
759.000000 0.025708
760.000000 0.026237
761.000000 0.026692
762.000000 0.027162
763.000000 0.027718
764.000000 0.028324
765.000000 0.028971
766.000000 0.029591
767.000000 0.030193
768.000000 0.030800
769.000000 0.031416
770.000000 0.031997
771.000000 0.032593
772.000000 0.033212
773.000000 0.033804
774.000000 0.034412
775.000000 0.034920
776.000000 0.035403
777.000000 0.035964
778.000000 0.036452
779.000000 0.036873
780.000000 0.037247
781.000000 0.037600
782.000000 0.037940
783.000000 0.038197
784.000000 0.038415
785.000000 0.038544
786.000000 0.038560
787.000000 0.038522
788.000000 0.038415
789.000000 0.038191
790.000000 0.037845
791.000000 0.037445
792.000000 0.037034
793.000000 0.036519
794.000000 0.035898
795.000000 0.035191
796.000000 0.034430
797.000000 0.033620
798.000000 0.032745
799.000000 0.031837
800.000000 0.030863
801.000000 0.029897
802.000000 0.028936
803.000000 0.027924
804.000000 0.026834
805.000000 0.025744
806.000000 0.024743
807.000000 0.023752
808.000000 0.022730
809.000000 0.021708
810.000000 0.020676
811.000000 0.019657
812.000000 0.018770
813.000000 0.017970
814.000000 0.017140
815.000000 0.016335
816.000000 0.015527
817.000000 0.014745
818.000000 0.014092
819.000000 0.013527
820.000000 0.012956
821.000000 0.012371
822.000000 0.011879
823.000000 0.011446
824.000000 0.011059
825.000000 0.010701
826.000000 0.010285
827.000000 0.009927
828.000000 0.009660
829.000000 0.009364
830.000000 0.009057
831.000000 0.008770
832.000000 0.008537
833.000000 0.008354
834.000000 0.008175
835.000000 0.007993
836.000000 0.007784
837.000000 0.007622
838.000000 0.007504
839.000000 0.007371
840.000000 0.007237
841.000000 0.007108
842.000000 0.006994
843.000000 0.006893
844.000000 0.006812
845.000000 0.006739
846.000000 0.006655
847.000000 0.006584
848.000000 0.006547
849.000000 0.006549
850.000000 0.006503
851.000000 0.006408
852.000000 0.006329
853.000000 0.006267
854.000000 0.006204
855.000000 0.006157
856.000000 0.006147
857.000000 0.006132
858.000000 0.006107
859.000000 0.006105
860.000000 0.006085
861.000000 0.006021
862.000000 0.005980
863.000000 0.005968
864.000000 0.005953
865.000000 0.005972
866.000000 0.005980
867.000000 0.005929
868.000000 0.005903
869.000000 0.005927
870.000000 0.005937
871.000000 0.005915
872.000000 0.005927
873.000000 0.005979
874.000000 0.006001
875.000000 0.005987
876.000000 0.005975
877.000000 0.005965
878.000000 0.005976
879.000000 0.006020
880.000000 0.006046
881.000000 0.006022
882.000000 0.006043
883.000000 0.006114
884.000000 0.006152
885.000000 0.006156
886.000000 0.006175
887.000000 0.006186
888.000000 0.006175
889.000000 0.006197
890.000000 0.006232
891.000000 0.006270
892.000000 0.006324
893.000000 0.006363
894.000000 0.006402
895.000000 0.006458
896.000000 0.006517
897.000000 0.006582
898.000000 0.006664
899.000000 0.006705
900.000000 0.006749
901.000000 0.006828
902.000000 0.006860
903.000000 0.006908
904.000000 0.007021
905.000000 0.007155
906.000000 0.007294
907.000000 0.007399
908.000000 0.007465
909.000000 0.007507
910.000000 0.007534
911.000000 0.007560
912.000000 0.007580
913.000000 0.007610
914.000000 0.007651
915.000000 0.007682
916.000000 0.007690
917.000000 0.007728
918.000000 0.007785
919.000000 0.007832
920.000000 0.007900
921.000000 0.007967
922.000000 0.008013
923.000000 0.008025
924.000000 0.008032
925.000000 0.008046
926.000000 0.008044
927.000000 0.008059
928.000000 0.008099
929.000000 0.008144
930.000000 0.008197
931.000000 0.008244
932.000000 0.008278
933.000000 0.008299
934.000000 0.008319
935.000000 0.008370
936.000000 0.008414
937.000000 0.008421
938.000000 0.008421
939.000000 0.008421
940.000000 0.008412
941.000000 0.008407
942.000000 0.008421
943.000000 0.008420
944.000000 0.008397
945.000000 0.008378
946.000000 0.008400
947.000000 0.008434
948.000000 0.008443
949.000000 0.008424
950.000000 0.008359
951.000000 0.008310
952.000000 0.008289
953.000000 0.008280
954.000000 0.008279
955.000000 0.008273
956.000000 0.008276
957.000000 0.008267
958.000000 0.008252
959.000000 0.008242
960.000000 0.008218
961.000000 0.008189
962.000000 0.008173
963.000000 0.008131
964.000000 0.008095
965.000000 0.008090
966.000000 0.008062
967.000000 0.007997
968.000000 0.007918
969.000000 0.007880
970.000000 0.007876
971.000000 0.007862
972.000000 0.007830
973.000000 0.007803
974.000000 0.007792
975.000000 0.007773
976.000000 0.007769
977.000000 0.007771
978.000000 0.007785
979.000000 0.007806
980.000000 0.007764
981.000000 0.007733
982.000000 0.007745
983.000000 0.007744
984.000000 0.007747
985.000000 0.007780
986.000000 0.007799
987.000000 0.007797
988.000000 0.007802
989.000000 0.007821
990.000000 0.007875
991.000000 0.007947
992.000000 0.007977
993.000000 0.007984
994.000000 0.008015
995.000000 0.008030
