315.000000 0.097865
316.000000 0.099258
317.000000 0.101348
318.000000 0.103651
319.000000 0.106629
320.000000 0.109504
321.000000 0.111867
322.000000 0.114527
323.000000 0.117244
324.000000 0.120269
325.000000 0.122974
326.000000 0.125048
327.000000 0.127607
328.000000 0.130059
329.000000 0.132075
330.000000 0.134172
331.000000 0.136451
332.000000 0.139281
333.000000 0.142510
334.000000 0.145319
335.000000 0.148009
336.000000 0.151295
337.000000 0.154290
338.000000 0.156976
339.000000 0.160133
340.000000 0.163516
341.000000 0.167061
342.000000 0.170916
343.000000 0.174502
344.000000 0.177959
345.000000 0.181571
346.000000 0.184972
347.000000 0.188031
348.000000 0.190971
349.000000 0.193698
350.000000 0.195987
351.000000 0.198030
352.000000 0.199954
353.000000 0.201507
354.000000 0.202763
355.000000 0.204059
356.000000 0.205211
357.000000 0.205848
358.000000 0.206108
359.000000 0.206177
360.000000 0.205807
361.000000 0.205393
362.000000 0.205141
363.000000 0.204758
364.000000 0.204508
365.000000 0.204344
366.000000 0.204159
367.000000 0.204269
368.000000 0.204580
369.000000 0.205010
370.000000 0.205399
371.000000 0.205648
372.000000 0.206668
373.000000 0.208070
374.000000 0.209749
375.000000 0.211790
376.000000 0.213573
377.000000 0.214902
378.000000 0.216050
379.000000 0.217600
380.000000 0.219227
381.000000 0.220890
382.000000 0.222062
383.000000 0.222980
384.000000 0.224306
385.000000 0.225829
386.000000 0.227434
387.000000 0.228903
388.000000 0.229885
389.000000 0.230966
390.000000 0.232473
391.000000 0.234092
392.000000 0.235988
393.000000 0.238123
394.000000 0.240358
395.000000 0.242641
396.000000 0.244640
397.000000 0.246093
398.000000 0.247221
399.000000 0.247917
400.000000 0.247828
401.000000 0.246717
402.000000 0.244507
403.000000 0.241514
404.000000 0.238146
405.000000 0.233931
406.000000 0.229001
407.000000 0.224042
408.000000 0.218946
409.000000 0.213840
410.000000 0.208703
411.000000 0.203370
412.000000 0.198577
413.000000 0.194383
414.000000 0.190259
415.000000 0.186337
416.000000 0.182739
417.000000 0.179454
418.000000 0.176180
419.000000 0.173027
420.000000 0.169999
421.000000 0.166977
422.000000 0.164173
423.000000 0.161349
424.000000 0.158396
425.000000 0.155555
426.000000 0.152767
427.000000 0.150032
428.000000 0.147413
429.000000 0.144816
430.000000 0.142342
431.000000 0.140151
432.000000 0.137958
433.000000 0.135927
434.000000 0.134271
435.000000 0.132691
436.000000 0.131347
437.000000 0.130370
438.000000 0.129625
439.000000 0.129031
440.000000 0.128642
441.000000 0.128453
442.000000 0.128515
443.000000 0.128808
444.000000 0.129146
445.000000 0.129444
446.000000 0.129675
447.000000 0.129859
448.000000 0.129943
449.000000 0.129872
450.000000 0.129638
451.000000 0.129267
452.000000 0.128808
453.000000 0.128268
454.000000 0.127783
455.000000 0.127416
456.000000 0.127136
457.000000 0.127080
458.000000 0.127293
459.000000 0.127921
460.000000 0.129029
461.000000 0.130612
462.000000 0.132906
463.000000 0.135845
464.000000 0.139616
465.000000 0.144327
466.000000 0.149473
467.000000 0.155323
468.000000 0.162018
469.000000 0.169443
470.000000 0.177373
471.000000 0.185243
472.000000 0.193379
473.000000 0.201446
474.000000 0.209038
475.000000 0.216042
476.000000 0.222032
477.000000 0.227025
478.000000 0.230853
479.000000 0.233428
480.000000 0.234799
481.000000 0.235001
482.000000 0.234224
483.000000 0.232648
484.000000 0.230223
485.000000 0.227032
486.000000 0.223230
487.000000 0.219171
488.000000 0.214978
489.000000 0.210671
490.000000 0.206515
491.000000 0.202368
492.000000 0.198236
493.000000 0.194383
494.000000 0.190877
495.000000 0.187500
496.000000 0.184582
497.000000 0.182250
498.000000 0.180140
499.000000 0.178454
500.000000 0.177256
501.000000 0.176261
502.000000 0.175975
503.000000 0.176749
504.000000 0.178059
505.000000 0.180137
506.000000 0.182945
507.000000 0.186375
508.000000 0.190217
509.000000 0.194332
510.000000 0.198997
511.000000 0.204639
512.000000 0.210837
513.000000 0.217200
514.000000 0.224090
515.000000 0.231329
516.000000 0.238365
517.000000 0.245583
518.000000 0.253325
519.000000 0.260904
520.000000 0.268243
521.000000 0.275383
522.000000 0.282257
523.000000 0.288465
524.000000 0.293812
525.000000 0.298416
526.000000 0.302677
527.000000 0.306268
528.000000 0.309120
529.000000 0.311392
530.000000 0.313074
531.000000 0.314477
532.000000 0.315522
533.000000 0.316274
534.000000 0.316673
535.000000 0.316793
536.000000 0.317083
537.000000 0.317624
538.000000 0.318533
539.000000 0.319727
540.000000 0.321015
541.000000 0.323030
542.000000 0.325747
543.000000 0.329259
544.000000 0.333626
545.000000 0.338620
546.000000 0.344864
547.000000 0.352259
548.000000 0.360603
549.000000 0.369780
550.000000 0.379513
551.000000 0.390469
552.000000 0.402636
553.000000 0.415765
554.000000 0.429629
555.000000 0.444115
556.000000 0.458809
557.000000 0.473939
558.000000 0.490384
559.000000 0.506591
560.000000 0.522597
561.000000 0.538120
562.000000 0.552842
563.000000 0.566545
564.000000 0.578794
565.000000 0.589581
566.000000 0.598385
567.000000 0.605231
568.000000 0.609590
569.000000 0.611071
570.000000 0.609868
571.000000 0.606161
572.000000 0.600276
573.000000 0.592190
574.000000 0.581650
575.000000 0.569957
576.000000 0.556991
577.000000 0.543005
578.000000 0.528436
579.000000 0.513289
580.000000 0.497965
581.000000 0.482520
582.000000 0.468037
583.000000 0.454625
584.000000 0.442393
585.000000 0.431166
586.000000 0.420428
587.000000 0.410940
588.000000 0.402750
589.000000 0.395548
590.000000 0.389253
591.000000 0.383775
592.000000 0.379407
593.000000 0.375942
594.000000 0.373255
595.000000 0.371190
596.000000 0.369336
597.000000 0.367792
598.000000 0.366755
599.000000 0.366016
600.000000 0.365656
601.000000 0.365676
602.000000 0.365634
603.000000 0.365538
604.000000 0.365504
605.000000 0.365262
606.000000 0.364795
607.000000 0.363898
608.000000 0.362417
609.000000 0.360449
610.000000 0.357623
611.000000 0.354081
612.000000 0.349756
613.000000 0.344452
614.000000 0.338042
615.000000 0.330337
616.000000 0.322169
617.000000 0.313160
618.000000 0.302792
619.000000 0.292020
620.000000 0.280631
621.000000 0.268196
622.000000 0.255793
623.000000 0.243457
624.000000 0.230545
625.000000 0.217941
626.000000 0.205584
627.000000 0.193024
628.000000 0.181253
629.000000 0.170065
630.000000 0.158904
631.000000 0.148150
632.000000 0.138332
633.000000 0.129236
634.000000 0.120435
635.000000 0.112532
636.000000 0.105432
637.000000 0.098708
638.000000 0.092719
639.000000 0.087355
640.000000 0.082351
641.000000 0.077828
642.000000 0.073862
643.000000 0.070388
644.000000 0.067231
645.000000 0.064408
646.000000 0.061863
647.000000 0.059472
648.000000 0.057235
649.000000 0.055298
650.000000 0.053555
651.000000 0.051776
652.000000 0.050086
653.000000 0.048555
654.000000 0.047088
655.000000 0.045654
656.000000 0.044256
657.000000 0.042926
658.000000 0.041593
659.000000 0.040187
660.000000 0.038825
661.000000 0.037590
662.000000 0.036423
663.000000 0.035249
664.000000 0.034063
665.000000 0.032964
666.000000 0.031942
667.000000 0.030945
668.000000 0.030014
669.000000 0.029153
670.000000 0.028326
671.000000 0.027483
672.000000 0.026677
673.000000 0.025988
674.000000 0.025389
675.000000 0.024814
676.000000 0.024254
677.000000 0.023745
678.000000 0.023336
679.000000 0.023001
680.000000 0.022698
681.000000 0.022459
682.000000 0.022285
683.000000 0.022128
684.000000 0.022002
685.000000 0.021863
686.000000 0.021729
687.000000 0.021690
688.000000 0.021741
689.000000 0.021825
690.000000 0.021921
691.000000 0.022041
692.000000 0.022214
693.000000 0.022462
694.000000 0.022711
695.000000 0.022943
696.000000 0.023187
697.000000 0.023443
698.000000 0.023698
699.000000 0.023967
700.000000 0.024268
701.000000 0.024582
702.000000 0.024897
703.000000 0.025214
704.000000 0.025526
705.000000 0.025812
706.000000 0.026126
707.000000 0.026431
708.000000 0.026717
709.000000 0.027023
710.000000 0.027299
711.000000 0.027515
712.000000 0.027766
713.000000 0.028056
714.000000 0.028282
715.000000 0.028507
716.000000 0.028697
717.000000 0.028893
718.000000 0.029070
719.000000 0.029203
720.000000 0.029341
721.000000 0.029472
722.000000 0.029613
723.000000 0.029751
724.000000 0.029813
725.000000 0.029831
726.000000 0.029923
727.000000 0.030023
728.000000 0.030089
729.000000 0.030163
730.000000 0.030259
731.000000 0.030342
732.000000 0.030441
733.000000 0.030553
734.000000 0.030691
735.000000 0.030828
736.000000 0.030960
737.000000 0.031127
738.000000 0.031329
739.000000 0.031581
740.000000 0.031795
741.000000 0.032052
742.000000 0.032373
743.000000 0.032685
744.000000 0.033020
745.000000 0.033396
746.000000 0.033806
747.000000 0.034243
748.000000 0.034737
749.000000 0.035238
750.000000 0.035759
751.000000 0.036409
752.000000 0.037079
753.000000 0.037729
754.000000 0.038422
755.000000 0.039113
756.000000 0.039837
757.000000 0.040625
758.000000 0.041443
759.000000 0.042331
760.000000 0.043243
761.000000 0.044113
762.000000 0.045014
763.000000 0.045973
764.000000 0.047001
765.000000 0.048101
766.000000 0.049234
767.000000 0.050325
768.000000 0.051414
769.000000 0.052519
770.000000 0.053601
771.000000 0.054732
772.000000 0.055856
773.000000 0.056944
774.000000 0.058045
775.000000 0.059068
776.000000 0.060066
777.000000 0.061101
778.000000 0.062037
779.000000 0.062877
780.000000 0.063641
781.000000 0.064328
782.000000 0.064948
783.000000 0.065421
784.000000 0.065774
785.000000 0.065991
786.000000 0.066036
787.000000 0.065946
788.000000 0.065755
789.000000 0.065395
790.000000 0.064839
791.000000 0.064170
792.000000 0.063370
793.000000 0.062454
794.000000 0.061369
795.000000 0.060083
796.000000 0.058681
797.000000 0.057116
798.000000 0.055426
799.000000 0.053709
800.000000 0.051925
801.000000 0.050067
802.000000 0.048128
803.000000 0.046126
804.000000 0.044085
805.000000 0.042061
806.000000 0.040138
807.000000 0.038223
808.000000 0.036303
809.000000 0.034444
810.000000 0.032559
811.000000 0.030695
812.000000 0.029000
813.000000 0.027433
814.000000 0.025902
815.000000 0.024414
816.000000 0.022952
817.000000 0.021543
818.000000 0.020254
819.000000 0.019101
820.000000 0.018058
821.000000 0.017028
822.000000 0.016053
823.000000 0.015191
824.000000 0.014446
825.000000 0.013716
826.000000 0.012983
827.000000 0.012406
828.000000 0.011932
829.000000 0.011436
830.000000 0.010894
831.000000 0.010377
832.000000 0.010007
833.000000 0.009712
834.000000 0.009399
835.000000 0.009102
836.000000 0.008815
837.000000 0.008581
838.000000 0.008369
839.000000 0.008133
840.000000 0.007940
841.000000 0.007755
842.000000 0.007556
843.000000 0.007423
844.000000 0.007302
845.000000 0.007144
846.000000 0.007014
847.000000 0.006920
848.000000 0.006838
849.000000 0.006798
850.000000 0.006740
851.000000 0.006671
852.000000 0.006604
853.000000 0.006521
854.000000 0.006439
855.000000 0.006383
856.000000 0.006344
857.000000 0.006300
858.000000 0.006270
859.000000 0.006258
860.000000 0.006221
861.000000 0.006147
862.000000 0.006092
863.000000 0.006053
864.000000 0.006026
865.000000 0.006030
866.000000 0.006019
867.000000 0.005985
868.000000 0.005971
869.000000 0.005953
870.000000 0.005945
871.000000 0.005950
872.000000 0.005970
873.000000 0.006001
874.000000 0.006055
875.000000 0.006083
876.000000 0.006049
877.000000 0.006021
878.000000 0.006015
879.000000 0.006044
880.000000 0.006082
881.000000 0.006088
882.000000 0.006110
883.000000 0.006151
884.000000 0.006158
885.000000 0.006163
886.000000 0.006176
887.000000 0.006181
888.000000 0.006175
889.000000 0.006165
890.000000 0.006166
891.000000 0.006185
892.000000 0.006226
893.000000 0.006260
894.000000 0.006317
895.000000 0.006413
896.000000 0.006521
897.000000 0.006626
898.000000 0.006717
899.000000 0.006793
900.000000 0.006842
901.000000 0.006896
902.000000 0.006984
903.000000 0.007056
904.000000 0.007132
905.000000 0.007229
906.000000 0.007316
907.000000 0.007377
908.000000 0.007448
909.000000 0.007538
910.000000 0.007588
911.000000 0.007611
912.000000 0.007640
913.000000 0.007683
914.000000 0.007734
915.000000 0.007771
916.000000 0.007785
917.000000 0.007808
918.000000 0.007855
919.000000 0.007911
920.000000 0.007996
921.000000 0.008058
922.000000 0.008100
923.000000 0.008123
924.000000 0.008146
925.000000 0.008187
926.000000 0.008175
927.000000 0.008164
928.000000 0.008210
929.000000 0.008277
930.000000 0.008305
931.000000 0.008318
932.000000 0.008349
933.000000 0.008355
934.000000 0.008374
935.000000 0.008425
936.000000 0.008446
937.000000 0.008463
938.000000 0.008484
939.000000 0.008477
940.000000 0.008481
941.000000 0.008490
942.000000 0.008492
943.000000 0.008496
944.000000 0.008506
945.000000 0.008512
946.000000 0.008526
947.000000 0.008549
948.000000 0.008554
949.000000 0.008529
950.000000 0.008477
951.000000 0.008432
952.000000 0.008409
953.000000 0.008387
954.000000 0.008369
955.000000 0.008378
956.000000 0.008375
957.000000 0.008351
958.000000 0.008340
959.000000 0.008332
960.000000 0.008303
961.000000 0.008249
962.000000 0.008197
963.000000 0.008127
964.000000 0.008076
965.000000 0.008101
966.000000 0.008102
967.000000 0.008044
968.000000 0.008021
969.000000 0.008043
970.000000 0.008039
971.000000 0.008003
972.000000 0.007928
973.000000 0.007841
974.000000 0.007791
975.000000 0.007775
976.000000 0.007759
977.000000 0.007742
978.000000 0.007762
979.000000 0.007783
980.000000 0.007756
981.000000 0.007740
982.000000 0.007725
983.000000 0.007693
984.000000 0.007716
985.000000 0.007763
986.000000 0.007788
987.000000 0.007815
988.000000 0.007857
989.000000 0.007887
990.000000 0.007925
991.000000 0.007945
992.000000 0.007947
993.000000 0.007952
994.000000 0.007946
995.000000 0.007946
