315.000000 0.094737
316.000000 0.096072
317.000000 0.098136
318.000000 0.099949
319.000000 0.102444
320.000000 0.104824
321.000000 0.106825
322.000000 0.108972
323.000000 0.111020
324.000000 0.113835
325.000000 0.116125
326.000000 0.117892
327.000000 0.119920
328.000000 0.122015
329.000000 0.124327
330.000000 0.126668
331.000000 0.129248
332.000000 0.131924
333.000000 0.134344
334.000000 0.136536
335.000000 0.138950
336.000000 0.142016
337.000000 0.144941
338.000000 0.147580
339.000000 0.150365
340.000000 0.153621
341.000000 0.157433
342.000000 0.161543
343.000000 0.165523
344.000000 0.169175
345.000000 0.172574
346.000000 0.175724
347.000000 0.178985
348.000000 0.182160
349.000000 0.184863
350.000000 0.187151
351.000000 0.188957
352.000000 0.190695
353.000000 0.192217
354.000000 0.193503
355.000000 0.194824
356.000000 0.195883
357.000000 0.196472
358.000000 0.196669
359.000000 0.196751
360.000000 0.196506
361.000000 0.195957
362.000000 0.195348
363.000000 0.194677
364.000000 0.194136
365.000000 0.193703
366.000000 0.193514
367.000000 0.193815
368.000000 0.194254
369.000000 0.194732
370.000000 0.195490
371.000000 0.196599
372.000000 0.198013
373.000000 0.199289
374.000000 0.200508
375.000000 0.202072
376.000000 0.203711
377.000000 0.204828
378.000000 0.205914
379.000000 0.207420
380.000000 0.209230
381.000000 0.211343
382.000000 0.212811
383.000000 0.213908
384.000000 0.215222
385.000000 0.216860
386.000000 0.218618
387.000000 0.220178
388.000000 0.221420
389.000000 0.222872
390.000000 0.224729
391.000000 0.226654
392.000000 0.228948
393.000000 0.231061
394.000000 0.233016
395.000000 0.235279
396.000000 0.237588
397.000000 0.239457
398.000000 0.240860
399.000000 0.241744
400.000000 0.241861
401.000000 0.240892
402.000000 0.238719
403.000000 0.235760
404.000000 0.232381
405.000000 0.228233
406.000000 0.223509
407.000000 0.218748
408.000000 0.213779
409.000000 0.208720
410.000000 0.203884
411.000000 0.199082
412.000000 0.194654
413.000000 0.190591
414.000000 0.186536
415.000000 0.182848
416.000000 0.179473
417.000000 0.176219
418.000000 0.173164
419.000000 0.170481
420.000000 0.167683
421.000000 0.164689
422.000000 0.161907
423.000000 0.159091
424.000000 0.156398
425.000000 0.153920
426.000000 0.151278
427.000000 0.148589
428.000000 0.146128
429.000000 0.143812
430.000000 0.141637
431.000000 0.139596
432.000000 0.137442
433.000000 0.135604
434.000000 0.134239
435.000000 0.132894
436.000000 0.131760
437.000000 0.130937
438.000000 0.130280
439.000000 0.129952
440.000000 0.129877
441.000000 0.129946
442.000000 0.130216
443.000000 0.130713
444.000000 0.131237
445.000000 0.131653
446.000000 0.132060
447.000000 0.132437
448.000000 0.132675
449.000000 0.132734
450.000000 0.132639
451.000000 0.132392
452.000000 0.132015
453.000000 0.131565
454.000000 0.131116
455.000000 0.130769
456.000000 0.130511
457.000000 0.130476
458.000000 0.130753
459.000000 0.131408
460.000000 0.132584
461.000000 0.134262
462.000000 0.136704
463.000000 0.139900
464.000000 0.143970
465.000000 0.148965
466.000000 0.154398
467.000000 0.160703
468.000000 0.167923
469.000000 0.175839
470.000000 0.184250
471.000000 0.192642
472.000000 0.201306
473.000000 0.209823
474.000000 0.217917
475.000000 0.225458
476.000000 0.231881
477.000000 0.237244
478.000000 0.241351
479.000000 0.244176
480.000000 0.245783
481.000000 0.246125
482.000000 0.245453
483.000000 0.243879
484.000000 0.241457
485.000000 0.238287
486.000000 0.234458
487.000000 0.230302
488.000000 0.225884
489.000000 0.221569
490.000000 0.217487
491.000000 0.213078
492.000000 0.208738
493.000000 0.204656
494.000000 0.200853
495.000000 0.197581
496.000000 0.195097
497.000000 0.193051
498.000000 0.190756
499.000000 0.188840
500.000000 0.187703
501.000000 0.186876
502.000000 0.186870
503.000000 0.187819
504.000000 0.188984
505.000000 0.190878
506.000000 0.193497
507.000000 0.196688
508.000000 0.200507
509.000000 0.205040
510.000000 0.210527
511.000000 0.216547
512.000000 0.222863
513.000000 0.229798
514.000000 0.237192
515.000000 0.244642
516.000000 0.252226
517.000000 0.260037
518.000000 0.267987
519.000000 0.276170
520.000000 0.284267
521.000000 0.291654
522.000000 0.298541
523.000000 0.305040
524.000000 0.310810
525.000000 0.315595
526.000000 0.319812
527.000000 0.323598
528.000000 0.326818
529.000000 0.329440
530.000000 0.331443
531.000000 0.332940
532.000000 0.333876
533.000000 0.334436
534.000000 0.334943
535.000000 0.335295
536.000000 0.335529
537.000000 0.335774
538.000000 0.336475
539.000000 0.337828
540.000000 0.339392
541.000000 0.341459
542.000000 0.344281
543.000000 0.347698
544.000000 0.352141
545.000000 0.357893
546.000000 0.364519
547.000000 0.372170
548.000000 0.380935
549.000000 0.390597
550.000000 0.400976
551.000000 0.412419
552.000000 0.425040
553.000000 0.438770
554.000000 0.453296
555.000000 0.468461
556.000000 0.483822
557.000000 0.499628
558.000000 0.517017
559.000000 0.534326
560.000000 0.551239
561.000000 0.567506
562.000000 0.582988
563.000000 0.597406
564.000000 0.610355
565.000000 0.621728
566.000000 0.630977
567.000000 0.638149
568.000000 0.642668
569.000000 0.644240
570.000000 0.643162
571.000000 0.639453
572.000000 0.633384
573.000000 0.625024
574.000000 0.613970
575.000000 0.601614
576.000000 0.588042
577.000000 0.573554
578.000000 0.558384
579.000000 0.542564
580.000000 0.526529
581.000000 0.510110
582.000000 0.494724
583.000000 0.480525
584.000000 0.467531
585.000000 0.455725
586.000000 0.444422
587.000000 0.434392
588.000000 0.425840
589.000000 0.418464
590.000000 0.411954
591.000000 0.406130
592.000000 0.401485
593.000000 0.397877
594.000000 0.395052
595.000000 0.392887
596.000000 0.391048
597.000000 0.389575
598.000000 0.388551
599.000000 0.387818
600.000000 0.387487
601.000000 0.387467
602.000000 0.387454
603.000000 0.387458
604.000000 0.387546
605.000000 0.387455
606.000000 0.387067
607.000000 0.386220
608.000000 0.384771
609.000000 0.382728
610.000000 0.379839
611.000000 0.376213
612.000000 0.371673
613.000000 0.366115
614.000000 0.359428
615.000000 0.351334
616.000000 0.342675
617.000000 0.333234
618.000000 0.322406
619.000000 0.311042
620.000000 0.299080
621.000000 0.286155
622.000000 0.273196
623.000000 0.260231
624.000000 0.246770
625.000000 0.233622
626.000000 0.220706
627.000000 0.207590
628.000000 0.195229
629.000000 0.183430
630.000000 0.171665
631.000000 0.160403
632.000000 0.150205
633.000000 0.140774
634.000000 0.131635
635.000000 0.123405
636.000000 0.115975
637.000000 0.108988
638.000000 0.102752
639.000000 0.097175
640.000000 0.092033
641.000000 0.087400
642.000000 0.083383
643.000000 0.079824
644.000000 0.076533
645.000000 0.073646
646.000000 0.071086
647.000000 0.068677
648.000000 0.066410
649.000000 0.064450
650.000000 0.062681
651.000000 0.060911
652.000000 0.059327
653.000000 0.057896
654.000000 0.056514
655.000000 0.055157
656.000000 0.053797
657.000000 0.052503
658.000000 0.051252
659.000000 0.049956
660.000000 0.048694
661.000000 0.047577
662.000000 0.046523
663.000000 0.045411
664.000000 0.044337
665.000000 0.043366
666.000000 0.042418
667.000000 0.041528
668.000000 0.040687
669.000000 0.039869
670.000000 0.039184
671.000000 0.038545
672.000000 0.037888
673.000000 0.037316
674.000000 0.036858
675.000000 0.036457
676.000000 0.036108
677.000000 0.035804
678.000000 0.035553
679.000000 0.035425
680.000000 0.035402
681.000000 0.035425
682.000000 0.035459
683.000000 0.035562
684.000000 0.035700
685.000000 0.035784
686.000000 0.035889
687.000000 0.036132
688.000000 0.036497
689.000000 0.036894
690.000000 0.037304
691.000000 0.037762
692.000000 0.038275
693.000000 0.038834
694.000000 0.039452
695.000000 0.040065
696.000000 0.040646
697.000000 0.041247
698.000000 0.041886
699.000000 0.042525
700.000000 0.043231
701.000000 0.043948
702.000000 0.044600
703.000000 0.045263
704.000000 0.045945
705.000000 0.046613
706.000000 0.047317
707.000000 0.048056
708.000000 0.048725
709.000000 0.049356
710.000000 0.049947
711.000000 0.050474
712.000000 0.051052
713.000000 0.051620
714.000000 0.052082
715.000000 0.052577
716.000000 0.053075
717.000000 0.053539
718.000000 0.053938
719.000000 0.054254
720.000000 0.054558
721.000000 0.054852
722.000000 0.055099
723.000000 0.055320
724.000000 0.055553
725.000000 0.055763
726.000000 0.055977
727.000000 0.056142
728.000000 0.056232
729.000000 0.056365
730.000000 0.056552
731.000000 0.056771
732.000000 0.057001
733.000000 0.057208
734.000000 0.057463
735.000000 0.057776
736.000000 0.058091
737.000000 0.058467
738.000000 0.058903
739.000000 0.059397
740.000000 0.059936
741.000000 0.060500
742.000000 0.061139
743.000000 0.061812
744.000000 0.062527
745.000000 0.063323
746.000000 0.064211
747.000000 0.065112
748.000000 0.066054
749.000000 0.067107
750.000000 0.068269
751.000000 0.069566
752.000000 0.070860
753.000000 0.072208
754.000000 0.073673
755.000000 0.075175
756.000000 0.076741
757.000000 0.078394
758.000000 0.080101
759.000000 0.081911
760.000000 0.083808
761.000000 0.085720
762.000000 0.087664
763.000000 0.089659
764.000000 0.091776
765.000000 0.094016
766.000000 0.096274
767.000000 0.098553
768.000000 0.100903
769.000000 0.103260
770.000000 0.105617
771.000000 0.108003
772.000000 0.110363
773.000000 0.112692
774.000000 0.115057
775.000000 0.117360
776.000000 0.119706
777.000000 0.122062
778.000000 0.124148
779.000000 0.126070
780.000000 0.127851
781.000000 0.129425
782.000000 0.130826
783.000000 0.131998
784.000000 0.132940
785.000000 0.133577
786.000000 0.133857
787.000000 0.133870
788.000000 0.133582
789.000000 0.132920
790.000000 0.131910
791.000000 0.130597
792.000000 0.128960
793.000000 0.126976
794.000000 0.124651
795.000000 0.121999
796.000000 0.119079
797.000000 0.115778
798.000000 0.112193
799.000000 0.108471
800.000000 0.104577
801.000000 0.100576
802.000000 0.096449
803.000000 0.092219
804.000000 0.087796
805.000000 0.083357
806.000000 0.079102
807.000000 0.074880
808.000000 0.070699
809.000000 0.066656
810.000000 0.062574
811.000000 0.058476
812.000000 0.054697
813.000000 0.051233
814.000000 0.047904
815.000000 0.044702
816.000000 0.041564
817.000000 0.038543
818.000000 0.035877
819.000000 0.033479
820.000000 0.031178
821.000000 0.028905
822.000000 0.026786
823.000000 0.024945
824.000000 0.023299
825.000000 0.021761
826.000000 0.020326
827.000000 0.019095
828.000000 0.018031
829.000000 0.016965
830.000000 0.015876
831.000000 0.014874
832.000000 0.014039
833.000000 0.013322
834.000000 0.012666
835.000000 0.012065
836.000000 0.011515
837.000000 0.011029
838.000000 0.010603
839.000000 0.010198
840.000000 0.009823
841.000000 0.009480
842.000000 0.009161
843.000000 0.008887
844.000000 0.008649
845.000000 0.008413
846.000000 0.008187
847.000000 0.008006
848.000000 0.007865
849.000000 0.007730
850.000000 0.007562
851.000000 0.007386
852.000000 0.007231
853.000000 0.007118
854.000000 0.007035
855.000000 0.006985
856.000000 0.006946
857.000000 0.006879
858.000000 0.006802
859.000000 0.006742
860.000000 0.006646
861.000000 0.006518
862.000000 0.006422
863.000000 0.006363
864.000000 0.006317
865.000000 0.006320
866.000000 0.006334
867.000000 0.006302
868.000000 0.006286
869.000000 0.006290
870.000000 0.006296
871.000000 0.006252
872.000000 0.006217
873.000000 0.006260
874.000000 0.006305
875.000000 0.006302
876.000000 0.006278
877.000000 0.006255
878.000000 0.006245
879.000000 0.006259
880.000000 0.006248
881.000000 0.006233
882.000000 0.006276
883.000000 0.006334
884.000000 0.006330
885.000000 0.006311
886.000000 0.006341
887.000000 0.006343
888.000000 0.006331
889.000000 0.006366
890.000000 0.006388
891.000000 0.006410
892.000000 0.006461
893.000000 0.006490
894.000000 0.006523
895.000000 0.006583
896.000000 0.006656
897.000000 0.006777
898.000000 0.006912
899.000000 0.006998
900.000000 0.007053
901.000000 0.007125
902.000000 0.007199
903.000000 0.007256
904.000000 0.007358
905.000000 0.007467
906.000000 0.007540
907.000000 0.007611
908.000000 0.007662
909.000000 0.007706
910.000000 0.007739
911.000000 0.007785
912.000000 0.007835
913.000000 0.007877
914.000000 0.007922
915.000000 0.007964
916.000000 0.007995
917.000000 0.008031
918.000000 0.008103
919.000000 0.008166
920.000000 0.008221
921.000000 0.008261
922.000000 0.008284
923.000000 0.008305
924.000000 0.008342
925.000000 0.008385
926.000000 0.008391
927.000000 0.008393
928.000000 0.008437
929.000000 0.008508
930.000000 0.008538
931.000000 0.008528
932.000000 0.008565
933.000000 0.008612
934.000000 0.008664
935.000000 0.008747
936.000000 0.008788
937.000000 0.008793
938.000000 0.008786
939.000000 0.008759
940.000000 0.008755
941.000000 0.008798
942.000000 0.008828
943.000000 0.008813
944.000000 0.008774
945.000000 0.008741
946.000000 0.008752
947.000000 0.008793
948.000000 0.008821
949.000000 0.008792
950.000000 0.008713
951.000000 0.008661
952.000000 0.008647
953.000000 0.008642
954.000000 0.008642
955.000000 0.008655
956.000000 0.008637
957.000000 0.008583
958.000000 0.008528
959.000000 0.008482
960.000000 0.008463
961.000000 0.008452
962.000000 0.008436
963.000000 0.008388
964.000000 0.008341
965.000000 0.008340
966.000000 0.008329
967.000000 0.008289
968.000000 0.008257
969.000000 0.008242
970.000000 0.008219
971.000000 0.008172
972.000000 0.008104
973.000000 0.008038
974.000000 0.008014
975.000000 0.007999
976.000000 0.007983
977.000000 0.007988
978.000000 0.007997
979.000000 0.008002
980.000000 0.007982
981.000000 0.007994
982.000000 0.008016
983.000000 0.007989
984.000000 0.007987
985.000000 0.008009
986.000000 0.008015
987.000000 0.008023
988.000000 0.008018
989.000000 0.008016
990.000000 0.008033
991.000000 0.008070
992.000000 0.008105
993.000000 0.008116
994.000000 0.008121
995.000000 0.008119
