315.000000 0.094360
316.000000 0.095909
317.000000 0.097652
318.000000 0.100067
319.000000 0.102511
320.000000 0.104713
321.000000 0.106786
322.000000 0.108711
323.000000 0.110961
324.000000 0.113509
325.000000 0.115534
326.000000 0.116820
327.000000 0.118499
328.000000 0.120601
329.000000 0.122700
330.000000 0.124891
331.000000 0.127237
332.000000 0.129731
333.000000 0.132446
334.000000 0.134762
335.000000 0.136590
336.000000 0.139186
337.000000 0.142147
338.000000 0.144620
339.000000 0.147269
340.000000 0.150455
341.000000 0.154148
342.000000 0.157965
343.000000 0.161362
344.000000 0.164681
345.000000 0.168118
346.000000 0.171300
347.000000 0.174250
348.000000 0.177273
349.000000 0.180142
350.000000 0.182406
351.000000 0.184371
352.000000 0.186336
353.000000 0.187879
354.000000 0.189140
355.000000 0.190300
356.000000 0.191344
357.000000 0.192080
358.000000 0.192505
359.000000 0.192826
360.000000 0.192634
361.000000 0.192265
362.000000 0.191953
363.000000 0.191449
364.000000 0.190920
365.000000 0.190568
366.000000 0.190561
367.000000 0.190886
368.000000 0.191338
369.000000 0.191888
370.000000 0.192717
371.000000 0.193898
372.000000 0.195525
373.000000 0.197065
374.000000 0.198329
375.000000 0.200373
376.000000 0.202432
377.000000 0.203822
378.000000 0.205162
379.000000 0.206580
380.000000 0.208409
381.000000 0.210591
382.000000 0.212244
383.000000 0.213500
384.000000 0.214810
385.000000 0.216437
386.000000 0.218317
387.000000 0.219870
388.000000 0.221227
389.000000 0.222633
390.000000 0.224054
391.000000 0.225648
392.000000 0.227674
393.000000 0.229843
394.000000 0.231896
395.000000 0.234035
396.000000 0.236318
397.000000 0.238201
398.000000 0.239519
399.000000 0.240349
400.000000 0.240337
401.000000 0.239286
402.000000 0.237396
403.000000 0.234707
404.000000 0.231599
405.000000 0.227765
406.000000 0.223168
407.000000 0.218532
408.000000 0.213601
409.000000 0.208595
410.000000 0.203824
411.000000 0.199256
412.000000 0.195125
413.000000 0.191264
414.000000 0.187461
415.000000 0.183756
416.000000 0.180317
417.000000 0.177137
418.000000 0.174103
419.000000 0.171335
420.000000 0.168602
421.000000 0.165904
422.000000 0.163340
423.000000 0.160687
424.000000 0.158006
425.000000 0.155376
426.000000 0.152727
427.000000 0.150083
428.000000 0.147522
429.000000 0.145098
430.000000 0.142798
431.000000 0.140682
432.000000 0.138585
433.000000 0.136773
434.000000 0.135374
435.000000 0.133978
436.000000 0.132745
437.000000 0.131953
438.000000 0.131400
439.000000 0.131011
440.000000 0.130867
441.000000 0.130853
442.000000 0.131000
443.000000 0.131358
444.000000 0.131762
445.000000 0.132120
446.000000 0.132504
447.000000 0.132774
448.000000 0.132839
449.000000 0.132836
450.000000 0.132720
451.000000 0.132339
452.000000 0.131778
453.000000 0.131164
454.000000 0.130625
455.000000 0.130180
456.000000 0.129839
457.000000 0.129773
458.000000 0.129974
459.000000 0.130563
460.000000 0.131604
461.000000 0.133111
462.000000 0.135430
463.000000 0.138517
464.000000 0.142464
465.000000 0.147332
466.000000 0.152691
467.000000 0.158875
468.000000 0.165960
469.000000 0.173808
470.000000 0.182101
471.000000 0.190280
472.000000 0.198747
473.000000 0.207126
474.000000 0.215086
475.000000 0.222480
476.000000 0.228811
477.000000 0.234121
478.000000 0.238206
479.000000 0.241014
480.000000 0.242604
481.000000 0.243045
482.000000 0.242477
483.000000 0.240951
484.000000 0.238521
485.000000 0.235363
486.000000 0.231592
487.000000 0.227478
488.000000 0.223182
489.000000 0.218923
490.000000 0.214777
491.000000 0.210632
492.000000 0.206422
493.000000 0.202416
494.000000 0.198872
495.000000 0.195426
496.000000 0.192825
497.000000 0.190664
498.000000 0.188254
499.000000 0.186329
500.000000 0.185168
501.000000 0.184657
502.000000 0.184751
503.000000 0.185386
504.000000 0.186591
505.000000 0.188696
506.000000 0.191521
507.000000 0.194881
508.000000 0.198798
509.000000 0.203353
510.000000 0.208368
511.000000 0.214081
512.000000 0.220606
513.000000 0.227542
514.000000 0.234538
515.000000 0.241659
516.000000 0.249280
517.000000 0.257258
518.000000 0.265077
519.000000 0.272877
520.000000 0.280757
521.000000 0.288113
522.000000 0.294857
523.000000 0.301245
524.000000 0.306988
525.000000 0.311956
526.000000 0.316469
527.000000 0.320328
528.000000 0.323694
529.000000 0.326300
530.000000 0.327919
531.000000 0.329170
532.000000 0.330143
533.000000 0.330775
534.000000 0.331417
535.000000 0.331910
536.000000 0.332255
537.000000 0.332832
538.000000 0.333686
539.000000 0.334770
540.000000 0.335978
541.000000 0.338102
542.000000 0.341032
543.000000 0.344582
544.000000 0.349104
545.000000 0.354578
546.000000 0.360958
547.000000 0.368413
548.000000 0.377036
549.000000 0.386353
550.000000 0.396434
551.000000 0.407854
552.000000 0.420530
553.000000 0.434113
554.000000 0.448374
555.000000 0.463403
556.000000 0.478756
557.000000 0.494454
558.000000 0.511495
559.000000 0.528276
560.000000 0.544832
561.000000 0.561109
562.000000 0.576606
563.000000 0.590962
564.000000 0.603801
565.000000 0.615159
566.000000 0.624376
567.000000 0.631412
568.000000 0.635861
569.000000 0.637379
570.000000 0.636349
571.000000 0.632794
572.000000 0.626912
573.000000 0.618720
574.000000 0.607798
575.000000 0.595711
576.000000 0.582413
577.000000 0.567832
578.000000 0.552572
579.000000 0.536905
580.000000 0.521203
581.000000 0.505291
582.000000 0.490360
583.000000 0.476478
584.000000 0.463749
585.000000 0.452128
586.000000 0.440976
587.000000 0.431157
588.000000 0.422752
589.000000 0.415412
590.000000 0.409053
591.000000 0.403476
592.000000 0.398915
593.000000 0.395313
594.000000 0.392534
595.000000 0.390381
596.000000 0.388542
597.000000 0.387082
598.000000 0.386154
599.000000 0.385647
600.000000 0.385398
601.000000 0.385339
602.000000 0.385389
603.000000 0.385547
604.000000 0.385652
605.000000 0.385484
606.000000 0.385080
607.000000 0.384223
608.000000 0.382855
609.000000 0.380973
610.000000 0.378259
611.000000 0.374772
612.000000 0.370313
613.000000 0.364906
614.000000 0.358421
615.000000 0.350534
616.000000 0.342118
617.000000 0.332839
618.000000 0.322192
619.000000 0.311167
620.000000 0.299501
621.000000 0.286810
622.000000 0.274070
623.000000 0.261300
624.000000 0.248042
625.000000 0.235135
626.000000 0.222451
627.000000 0.209469
628.000000 0.197253
629.000000 0.185687
630.000000 0.174236
631.000000 0.163270
632.000000 0.153303
633.000000 0.144062
634.000000 0.135124
635.000000 0.127124
636.000000 0.119898
637.000000 0.113045
638.000000 0.106988
639.000000 0.101592
640.000000 0.096545
641.000000 0.092046
642.000000 0.088236
643.000000 0.084893
644.000000 0.081791
645.000000 0.079094
646.000000 0.076679
647.000000 0.074393
648.000000 0.072333
649.000000 0.070602
650.000000 0.069029
651.000000 0.067442
652.000000 0.065991
653.000000 0.064687
654.000000 0.063433
655.000000 0.062237
656.000000 0.061056
657.000000 0.059917
658.000000 0.058830
659.000000 0.057705
660.000000 0.056606
661.000000 0.055606
662.000000 0.054675
663.000000 0.053766
664.000000 0.052893
665.000000 0.052109
666.000000 0.051371
667.000000 0.050666
668.000000 0.050039
669.000000 0.049452
670.000000 0.048922
671.000000 0.048440
672.000000 0.048019
673.000000 0.047692
674.000000 0.047473
675.000000 0.047318
676.000000 0.047195
677.000000 0.047136
678.000000 0.047181
679.000000 0.047342
680.000000 0.047549
681.000000 0.047821
682.000000 0.048155
683.000000 0.048576
684.000000 0.049057
685.000000 0.049514
686.000000 0.049987
687.000000 0.050521
688.000000 0.051187
689.000000 0.051918
690.000000 0.052656
691.000000 0.053429
692.000000 0.054288
693.000000 0.055230
694.000000 0.056152
695.000000 0.057067
696.000000 0.058014
697.000000 0.059015
698.000000 0.060084
699.000000 0.061177
700.000000 0.062291
701.000000 0.063381
702.000000 0.064423
703.000000 0.065469
704.000000 0.066504
705.000000 0.067506
706.000000 0.068561
707.000000 0.069619
708.000000 0.070639
709.000000 0.071632
710.000000 0.072523
711.000000 0.073362
712.000000 0.074217
713.000000 0.075086
714.000000 0.075894
715.000000 0.076623
716.000000 0.077323
717.000000 0.078031
718.000000 0.078682
719.000000 0.079212
720.000000 0.079688
721.000000 0.080129
722.000000 0.080519
723.000000 0.080918
724.000000 0.081275
725.000000 0.081530
726.000000 0.081779
727.000000 0.082028
728.000000 0.082246
729.000000 0.082507
730.000000 0.082854
731.000000 0.083163
732.000000 0.083439
733.000000 0.083821
734.000000 0.084233
735.000000 0.084652
736.000000 0.085159
737.000000 0.085748
738.000000 0.086410
739.000000 0.087171
740.000000 0.087999
741.000000 0.088880
742.000000 0.089846
743.000000 0.090892
744.000000 0.092027
745.000000 0.093253
746.000000 0.094568
747.000000 0.095956
748.000000 0.097449
749.000000 0.099092
750.000000 0.100873
751.000000 0.102784
752.000000 0.104791
753.000000 0.106922
754.000000 0.109147
755.000000 0.111457
756.000000 0.113883
757.000000 0.116362
758.000000 0.118941
759.000000 0.121701
760.000000 0.124605
761.000000 0.127561
762.000000 0.130571
763.000000 0.133680
764.000000 0.136934
765.000000 0.140361
766.000000 0.143883
767.000000 0.147406
768.000000 0.150948
769.000000 0.154587
770.000000 0.158256
771.000000 0.161883
772.000000 0.165498
773.000000 0.169105
774.000000 0.172733
775.000000 0.176270
776.000000 0.179940
777.000000 0.183601
778.000000 0.186844
779.000000 0.189795
780.000000 0.192499
781.000000 0.194985
782.000000 0.197189
783.000000 0.198987
784.000000 0.200429
785.000000 0.201459
786.000000 0.201984
787.000000 0.202037
788.000000 0.201610
789.000000 0.200672
790.000000 0.199185
791.000000 0.197161
792.000000 0.194604
793.000000 0.191503
794.000000 0.187912
795.000000 0.183825
796.000000 0.179295
797.000000 0.174193
798.000000 0.168631
799.000000 0.162916
800.000000 0.156997
801.000000 0.150876
802.000000 0.144559
803.000000 0.138119
804.000000 0.131320
805.000000 0.124399
806.000000 0.117804
807.000000 0.111326
808.000000 0.104910
809.000000 0.098599
810.000000 0.092201
811.000000 0.085942
812.000000 0.080176
813.000000 0.074761
814.000000 0.069592
815.000000 0.064687
816.000000 0.059857
817.000000 0.055249
818.000000 0.051113
819.000000 0.047342
820.000000 0.043801
821.000000 0.040355
822.000000 0.037169
823.000000 0.034353
824.000000 0.031826
825.000000 0.029433
826.000000 0.027176
827.000000 0.025194
828.000000 0.023454
829.000000 0.021850
830.000000 0.020289
831.000000 0.018859
832.000000 0.017670
833.000000 0.016647
834.000000 0.015663
835.000000 0.014762
836.000000 0.013956
837.000000 0.013217
838.000000 0.012539
839.000000 0.011927
840.000000 0.011398
841.000000 0.010908
842.000000 0.010433
843.000000 0.010043
844.000000 0.009746
845.000000 0.009433
846.000000 0.009103
847.000000 0.008812
848.000000 0.008543
849.000000 0.008314
850.000000 0.008123
851.000000 0.007908
852.000000 0.007699
853.000000 0.007544
854.000000 0.007405
855.000000 0.007306
856.000000 0.007226
857.000000 0.007127
858.000000 0.007049
859.000000 0.006980
860.000000 0.006895
861.000000 0.006779
862.000000 0.006662
863.000000 0.006582
864.000000 0.006514
865.000000 0.006451
866.000000 0.006396
867.000000 0.006341
868.000000 0.006308
869.000000 0.006279
870.000000 0.006254
871.000000 0.006209
872.000000 0.006190
873.000000 0.006233
874.000000 0.006248
875.000000 0.006214
876.000000 0.006181
877.000000 0.006184
878.000000 0.006209
879.000000 0.006232
880.000000 0.006236
881.000000 0.006229
882.000000 0.006252
883.000000 0.006290
884.000000 0.006288
885.000000 0.006275
886.000000 0.006303
887.000000 0.006336
888.000000 0.006363
889.000000 0.006415
890.000000 0.006444
891.000000 0.006443
892.000000 0.006484
893.000000 0.006536
894.000000 0.006569
895.000000 0.006640
896.000000 0.006710
897.000000 0.006770
898.000000 0.006868
899.000000 0.006946
900.000000 0.007010
901.000000 0.007082
902.000000 0.007109
903.000000 0.007146
904.000000 0.007242
905.000000 0.007362
906.000000 0.007465
907.000000 0.007537
908.000000 0.007591
909.000000 0.007640
910.000000 0.007682
911.000000 0.007717
912.000000 0.007780
913.000000 0.007841
914.000000 0.007901
915.000000 0.007976
916.000000 0.007993
917.000000 0.007980
918.000000 0.008005
919.000000 0.008075
920.000000 0.008161
921.000000 0.008207
922.000000 0.008221
923.000000 0.008239
924.000000 0.008259
925.000000 0.008291
926.000000 0.008312
927.000000 0.008325
928.000000 0.008358
929.000000 0.008405
930.000000 0.008446
931.000000 0.008462
932.000000 0.008496
933.000000 0.008529
934.000000 0.008563
935.000000 0.008615
936.000000 0.008628
937.000000 0.008636
938.000000 0.008663
939.000000 0.008657
940.000000 0.008637
941.000000 0.008624
942.000000 0.008630
943.000000 0.008641
944.000000 0.008626
945.000000 0.008590
946.000000 0.008601
947.000000 0.008627
948.000000 0.008607
949.000000 0.008596
950.000000 0.008559
951.000000 0.008502
952.000000 0.008481
953.000000 0.008471
954.000000 0.008458
955.000000 0.008454
956.000000 0.008436
957.000000 0.008412
958.000000 0.008392
959.000000 0.008355
960.000000 0.008324
961.000000 0.008297
962.000000 0.008267
963.000000 0.008238
964.000000 0.008282
965.000000 0.008255
966.000000 0.008120
967.000000 0.008015
968.000000 0.007946
969.000000 0.007967
970.000000 0.007980
971.000000 0.007955
972.000000 0.007925
973.000000 0.007896
974.000000 0.007902
975.000000 0.007899
976.000000 0.007865
977.000000 0.007832
978.000000 0.007834
979.000000 0.007858
980.000000 0.007851
981.000000 0.007862
982.000000 0.007858
983.000000 0.007847
984.000000 0.007869
985.000000 0.007857
986.000000 0.007837
987.000000 0.007841
988.000000 0.007862
989.000000 0.007879
990.000000 0.007913
991.000000 0.007981
992.000000 0.008024
993.000000 0.008027
994.000000 0.008021
995.000000 0.008018
