315.000000 0.095405
316.000000 0.097070
317.000000 0.098447
318.000000 0.100399
319.000000 0.103391
320.000000 0.106435
321.000000 0.108190
322.000000 0.109175
323.000000 0.111129
324.000000 0.114105
325.000000 0.116150
326.000000 0.117424
327.000000 0.119358
328.000000 0.121406
329.000000 0.123236
330.000000 0.125392
331.000000 0.128021
332.000000 0.130291
333.000000 0.132250
334.000000 0.133846
335.000000 0.135409
336.000000 0.137976
337.000000 0.140722
338.000000 0.143634
339.000000 0.146950
340.000000 0.150185
341.000000 0.153832
342.000000 0.158134
343.000000 0.161865
344.000000 0.165063
345.000000 0.168403
346.000000 0.171319
347.000000 0.174290
348.000000 0.177443
349.000000 0.180204
350.000000 0.182349
351.000000 0.184037
352.000000 0.185948
353.000000 0.187631
354.000000 0.188851
355.000000 0.189959
356.000000 0.191035
357.000000 0.191895
358.000000 0.192456
359.000000 0.192691
360.000000 0.192449
361.000000 0.192152
362.000000 0.191834
363.000000 0.191424
364.000000 0.191029
365.000000 0.190799
366.000000 0.190889
367.000000 0.191269
368.000000 0.191767
369.000000 0.192250
370.000000 0.192984
371.000000 0.194064
372.000000 0.195595
373.000000 0.196776
374.000000 0.197949
375.000000 0.199722
376.000000 0.201493
377.000000 0.203305
378.000000 0.205132
379.000000 0.206710
380.000000 0.208387
381.000000 0.210518
382.000000 0.212328
383.000000 0.213804
384.000000 0.215299
385.000000 0.217035
386.000000 0.218840
387.000000 0.220320
388.000000 0.221510
389.000000 0.222774
390.000000 0.224363
391.000000 0.226203
392.000000 0.228369
393.000000 0.230593
394.000000 0.232787
395.000000 0.235084
396.000000 0.237216
397.000000 0.238887
398.000000 0.239949
399.000000 0.240583
400.000000 0.240845
401.000000 0.240084
402.000000 0.238189
403.000000 0.235535
404.000000 0.232470
405.000000 0.228632
406.000000 0.223991
407.000000 0.219262
408.000000 0.214268
409.000000 0.209280
410.000000 0.204758
411.000000 0.200178
412.000000 0.196036
413.000000 0.192239
414.000000 0.188204
415.000000 0.184439
416.000000 0.181157
417.000000 0.178212
418.000000 0.175290
419.000000 0.172703
420.000000 0.170176
421.000000 0.167477
422.000000 0.164860
423.000000 0.162096
424.000000 0.159245
425.000000 0.156528
426.000000 0.153876
427.000000 0.151300
428.000000 0.148826
429.000000 0.146406
430.000000 0.144080
431.000000 0.141944
432.000000 0.139855
433.000000 0.137974
434.000000 0.136441
435.000000 0.135009
436.000000 0.133741
437.000000 0.132814
438.000000 0.132212
439.000000 0.131836
440.000000 0.131607
441.000000 0.131553
442.000000 0.131718
443.000000 0.132064
444.000000 0.132432
445.000000 0.132740
446.000000 0.133070
447.000000 0.133332
448.000000 0.133423
449.000000 0.133362
450.000000 0.133077
451.000000 0.132655
452.000000 0.132183
453.000000 0.131565
454.000000 0.130927
455.000000 0.130397
456.000000 0.130019
457.000000 0.129872
458.000000 0.129961
459.000000 0.130444
460.000000 0.131434
461.000000 0.132970
462.000000 0.135292
463.000000 0.138372
464.000000 0.142320
465.000000 0.147100
466.000000 0.152266
467.000000 0.158316
468.000000 0.165297
469.000000 0.172974
470.000000 0.181137
471.000000 0.189218
472.000000 0.197620
473.000000 0.205952
474.000000 0.213841
475.000000 0.221190
476.000000 0.227485
477.000000 0.232748
478.000000 0.236757
479.000000 0.239476
480.000000 0.241021
481.000000 0.241356
482.000000 0.240724
483.000000 0.239264
484.000000 0.236827
485.000000 0.233640
486.000000 0.229941
487.000000 0.225899
488.000000 0.221629
489.000000 0.217299
490.000000 0.213316
491.000000 0.209230
492.000000 0.205067
493.000000 0.201274
494.000000 0.197658
495.000000 0.194132
496.000000 0.191347
497.000000 0.189166
498.000000 0.186987
499.000000 0.185224
500.000000 0.184209
501.000000 0.183667
502.000000 0.183675
503.000000 0.184220
504.000000 0.185330
505.000000 0.187443
506.000000 0.190155
507.000000 0.193370
508.000000 0.197250
509.000000 0.201755
510.000000 0.206887
511.000000 0.212748
512.000000 0.219200
513.000000 0.226128
514.000000 0.233403
515.000000 0.240861
516.000000 0.248339
517.000000 0.255986
518.000000 0.263704
519.000000 0.271544
520.000000 0.279297
521.000000 0.286390
522.000000 0.292920
523.000000 0.299123
524.000000 0.304915
525.000000 0.309817
526.000000 0.314187
527.000000 0.318169
528.000000 0.321615
529.000000 0.324367
530.000000 0.326171
531.000000 0.327364
532.000000 0.328358
533.000000 0.329016
534.000000 0.329422
535.000000 0.329825
536.000000 0.330263
537.000000 0.330593
538.000000 0.331271
539.000000 0.332165
540.000000 0.333507
541.000000 0.336053
542.000000 0.338937
543.000000 0.342227
544.000000 0.346538
545.000000 0.351762
546.000000 0.358164
547.000000 0.365905
548.000000 0.374607
549.000000 0.384147
550.000000 0.394407
551.000000 0.405679
552.000000 0.418106
553.000000 0.431521
554.000000 0.445474
555.000000 0.460184
556.000000 0.475528
557.000000 0.491347
558.000000 0.508343
559.000000 0.525115
560.000000 0.541613
561.000000 0.557616
562.000000 0.572769
563.000000 0.586961
564.000000 0.599803
565.000000 0.610990
566.000000 0.620091
567.000000 0.627157
568.000000 0.631636
569.000000 0.633202
570.000000 0.632115
571.000000 0.628513
572.000000 0.622592
573.000000 0.614320
574.000000 0.603556
575.000000 0.591627
576.000000 0.578474
577.000000 0.564165
578.000000 0.549224
579.000000 0.533881
580.000000 0.518239
581.000000 0.502339
582.000000 0.487443
583.000000 0.473599
584.000000 0.460909
585.000000 0.449334
586.000000 0.438269
587.000000 0.428501
588.000000 0.420174
589.000000 0.412962
590.000000 0.406685
591.000000 0.401188
592.000000 0.396788
593.000000 0.393254
594.000000 0.390444
595.000000 0.388276
596.000000 0.386519
597.000000 0.385167
598.000000 0.384184
599.000000 0.383513
600.000000 0.383199
601.000000 0.383186
602.000000 0.383238
603.000000 0.383332
604.000000 0.383511
605.000000 0.383492
606.000000 0.383171
607.000000 0.382360
608.000000 0.381006
609.000000 0.379130
610.000000 0.376455
611.000000 0.373048
612.000000 0.368687
613.000000 0.363393
614.000000 0.356899
615.000000 0.349009
616.000000 0.340684
617.000000 0.331526
618.000000 0.321025
619.000000 0.310068
620.000000 0.298480
621.000000 0.285892
622.000000 0.273178
623.000000 0.260447
624.000000 0.247362
625.000000 0.234626
626.000000 0.221990
627.000000 0.209110
628.000000 0.197089
629.000000 0.185705
630.000000 0.174403
631.000000 0.163507
632.000000 0.153561
633.000000 0.144440
634.000000 0.135642
635.000000 0.127762
636.000000 0.120660
637.000000 0.113928
638.000000 0.107955
639.000000 0.102650
640.000000 0.097754
641.000000 0.093365
642.000000 0.089590
643.000000 0.086260
644.000000 0.083222
645.000000 0.080594
646.000000 0.078231
647.000000 0.076012
648.000000 0.073983
649.000000 0.072280
650.000000 0.070789
651.000000 0.069310
652.000000 0.067903
653.000000 0.066601
654.000000 0.065442
655.000000 0.064352
656.000000 0.063208
657.000000 0.062089
658.000000 0.061028
659.000000 0.059945
660.000000 0.058922
661.000000 0.058056
662.000000 0.057239
663.000000 0.056429
664.000000 0.055644
665.000000 0.054901
666.000000 0.054229
667.000000 0.053585
668.000000 0.053004
669.000000 0.052489
670.000000 0.052066
671.000000 0.051703
672.000000 0.051338
673.000000 0.051047
674.000000 0.050848
675.000000 0.050690
676.000000 0.050654
677.000000 0.050701
678.000000 0.050806
679.000000 0.050974
680.000000 0.051205
681.000000 0.051584
682.000000 0.052028
683.000000 0.052525
684.000000 0.053051
685.000000 0.053582
686.000000 0.054174
687.000000 0.054861
688.000000 0.055668
689.000000 0.056509
690.000000 0.057377
691.000000 0.058319
692.000000 0.059296
693.000000 0.060337
694.000000 0.061436
695.000000 0.062524
696.000000 0.063609
697.000000 0.064716
698.000000 0.065863
699.000000 0.067037
700.000000 0.068249
701.000000 0.069459
702.000000 0.070621
703.000000 0.071785
704.000000 0.072923
705.000000 0.074034
706.000000 0.075180
707.000000 0.076316
708.000000 0.077431
709.000000 0.078553
710.000000 0.079558
711.000000 0.080498
712.000000 0.081480
713.000000 0.082438
714.000000 0.083296
715.000000 0.084106
716.000000 0.084886
717.000000 0.085610
718.000000 0.086260
719.000000 0.086836
720.000000 0.087387
721.000000 0.087893
722.000000 0.088363
723.000000 0.088783
724.000000 0.089080
725.000000 0.089358
726.000000 0.089743
727.000000 0.090096
728.000000 0.090405
729.000000 0.090739
730.000000 0.091094
731.000000 0.091461
732.000000 0.091844
733.000000 0.092263
734.000000 0.092645
735.000000 0.093074
736.000000 0.093614
737.000000 0.094226
738.000000 0.094973
739.000000 0.095802
740.000000 0.096667
741.000000 0.097599
742.000000 0.098664
743.000000 0.099847
744.000000 0.101086
745.000000 0.102411
746.000000 0.103893
747.000000 0.105500
748.000000 0.107163
749.000000 0.108957
750.000000 0.110922
751.000000 0.113088
752.000000 0.115345
753.000000 0.117654
754.000000 0.120091
755.000000 0.122640
756.000000 0.125299
757.000000 0.128068
758.000000 0.130950
759.000000 0.133961
760.000000 0.137108
761.000000 0.140404
762.000000 0.143807
763.000000 0.147244
764.000000 0.150807
765.000000 0.154622
766.000000 0.158533
767.000000 0.162409
768.000000 0.166350
769.000000 0.170346
770.000000 0.174356
771.000000 0.178398
772.000000 0.182470
773.000000 0.186437
774.000000 0.190401
775.000000 0.194355
776.000000 0.198383
777.000000 0.202406
778.000000 0.206055
779.000000 0.209402
780.000000 0.212433
781.000000 0.215160
782.000000 0.217602
783.000000 0.219639
784.000000 0.221234
785.000000 0.222361
786.000000 0.222933
787.000000 0.222960
788.000000 0.222446
789.000000 0.221393
790.000000 0.219751
791.000000 0.217504
792.000000 0.214675
793.000000 0.211253
794.000000 0.207326
795.000000 0.202871
796.000000 0.197844
797.000000 0.192113
798.000000 0.185923
799.000000 0.179585
800.000000 0.173014
801.000000 0.166236
802.000000 0.159235
803.000000 0.152011
804.000000 0.144449
805.000000 0.136850
806.000000 0.129567
807.000000 0.122399
808.000000 0.115305
809.000000 0.108359
810.000000 0.101321
811.000000 0.094356
812.000000 0.087931
813.000000 0.081966
814.000000 0.076255
815.000000 0.070799
816.000000 0.065475
817.000000 0.060406
818.000000 0.055834
819.000000 0.051657
820.000000 0.047725
821.000000 0.043897
822.000000 0.040368
823.000000 0.037258
824.000000 0.034498
825.000000 0.031905
826.000000 0.029421
827.000000 0.027221
828.000000 0.025279
829.000000 0.023488
830.000000 0.021739
831.000000 0.020138
832.000000 0.018790
833.000000 0.017612
834.000000 0.016527
835.000000 0.015542
836.000000 0.014666
837.000000 0.013838
838.000000 0.013083
839.000000 0.012422
840.000000 0.011828
841.000000 0.011252
842.000000 0.010717
843.000000 0.010278
844.000000 0.009922
845.000000 0.009549
846.000000 0.009172
847.000000 0.008916
848.000000 0.008696
849.000000 0.008471
850.000000 0.008260
851.000000 0.008050
852.000000 0.007840
853.000000 0.007677
854.000000 0.007540
855.000000 0.007406
856.000000 0.007295
857.000000 0.007146
858.000000 0.007017
859.000000 0.006937
860.000000 0.006848
861.000000 0.006747
862.000000 0.006671
863.000000 0.006613
864.000000 0.006556
865.000000 0.006531
866.000000 0.006506
867.000000 0.006515
868.000000 0.006530
869.000000 0.006482
870.000000 0.006430
871.000000 0.006387
872.000000 0.006394
873.000000 0.006399
874.000000 0.006371
875.000000 0.006328
876.000000 0.006282
877.000000 0.006279
878.000000 0.006283
879.000000 0.006281
880.000000 0.006273
881.000000 0.006252
882.000000 0.006261
883.000000 0.006299
884.000000 0.006345
885.000000 0.006373
886.000000 0.006382
887.000000 0.006371
888.000000 0.006366
889.000000 0.006423
890.000000 0.006474
891.000000 0.006503
892.000000 0.006518
893.000000 0.006499
894.000000 0.006519
895.000000 0.006598
896.000000 0.006682
897.000000 0.006753
898.000000 0.006840
899.000000 0.006904
900.000000 0.006940
901.000000 0.007002
902.000000 0.007063
903.000000 0.007125
904.000000 0.007213
905.000000 0.007313
906.000000 0.007399
907.000000 0.007466
908.000000 0.007545
909.000000 0.007612
910.000000 0.007635
911.000000 0.007662
912.000000 0.007700
913.000000 0.007731
914.000000 0.007794
915.000000 0.007875
916.000000 0.007888
917.000000 0.007887
918.000000 0.007924
919.000000 0.007974
920.000000 0.008045
921.000000 0.008100
922.000000 0.008163
923.000000 0.008196
924.000000 0.008211
925.000000 0.008231
926.000000 0.008205
927.000000 0.008192
928.000000 0.008250
929.000000 0.008312
930.000000 0.008348
931.000000 0.008395
932.000000 0.008436
933.000000 0.008463
934.000000 0.008506
935.000000 0.008540
936.000000 0.008550
937.000000 0.008558
938.000000 0.008557
939.000000 0.008544
940.000000 0.008552
941.000000 0.008570
942.000000 0.008591
943.000000 0.008611
944.000000 0.008606
945.000000 0.008584
946.000000 0.008583
947.000000 0.008592
948.000000 0.008563
949.000000 0.008513
950.000000 0.008457
951.000000 0.008414
952.000000 0.008385
953.000000 0.008372
954.000000 0.008370
955.000000 0.008359
956.000000 0.008359
957.000000 0.008323
958.000000 0.008270
959.000000 0.008253
960.000000 0.008230
961.000000 0.008183
962.000000 0.008162
963.000000 0.008154
964.000000 0.008142
965.000000 0.008127
966.000000 0.008082
967.000000 0.008008
968.000000 0.007950
969.000000 0.007936
970.000000 0.007911
971.000000 0.007873
972.000000 0.007835
973.000000 0.007801
974.000000 0.007775
975.000000 0.007752
976.000000 0.007746
977.000000 0.007736
978.000000 0.007737
979.000000 0.007749
980.000000 0.007726
981.000000 0.007716
982.000000 0.007727
983.000000 0.007736
984.000000 0.007724
985.000000 0.007684
986.000000 0.007676
987.000000 0.007704
988.000000 0.007711
989.000000 0.007710
990.000000 0.007731
991.000000 0.007781
992.000000 0.007827
993.000000 0.007838
994.000000 0.007862
995.000000 0.007888
