315.000000 0.091406
316.000000 0.092264
317.000000 0.091850
318.000000 0.092639
319.000000 0.094117
320.000000 0.094664
321.000000 0.095537
322.000000 0.095918
323.000000 0.095942
324.000000 0.096947
325.000000 0.098062
326.000000 0.098752
327.000000 0.098888
328.000000 0.098818
329.000000 0.098986
330.000000 0.099432
331.000000 0.100030
332.000000 0.100257
333.000000 0.100473
334.000000 0.101252
335.000000 0.101647
336.000000 0.101813
337.000000 0.102422
338.000000 0.102622
339.000000 0.103290
340.000000 0.104547
341.000000 0.105420
342.000000 0.106117
343.000000 0.106767
344.000000 0.106951
345.000000 0.106649
346.000000 0.106738
347.000000 0.107365
348.000000 0.108191
349.000000 0.108997
350.000000 0.109894
351.000000 0.110838
352.000000 0.111575
353.000000 0.112123
354.000000 0.112754
355.000000 0.113694
356.000000 0.114656
357.000000 0.115544
358.000000 0.116570
359.000000 0.117659
360.000000 0.118832
361.000000 0.120035
362.000000 0.121168
363.000000 0.122460
364.000000 0.123989
365.000000 0.125539
366.000000 0.127017
367.000000 0.128647
368.000000 0.130448
369.000000 0.132376
370.000000 0.134519
371.000000 0.136988
372.000000 0.139416
373.000000 0.141679
374.000000 0.144200
375.000000 0.146560
376.000000 0.148797
377.000000 0.151603
378.000000 0.154532
379.000000 0.157164
380.000000 0.160035
381.000000 0.163115
382.000000 0.166146
383.000000 0.169142
384.000000 0.171898
385.000000 0.174807
386.000000 0.177974
387.000000 0.180967
388.000000 0.183610
389.000000 0.185979
390.000000 0.188222
391.000000 0.190546
392.000000 0.193006
393.000000 0.195245
394.000000 0.197222
395.000000 0.199395
396.000000 0.201621
397.000000 0.204032
398.000000 0.206665
399.000000 0.209084
400.000000 0.211541
401.000000 0.214203
402.000000 0.216744
403.000000 0.219032
404.000000 0.221265
405.000000 0.223644
406.000000 0.226156
407.000000 0.228663
408.000000 0.231064
409.000000 0.233294
410.000000 0.235429
411.000000 0.237453
412.000000 0.239754
413.000000 0.242132
414.000000 0.244264
415.000000 0.246303
416.000000 0.248033
417.000000 0.249883
418.000000 0.251912
419.000000 0.253699
420.000000 0.255294
421.000000 0.256803
422.000000 0.258274
423.000000 0.259617
424.000000 0.260682
425.000000 0.261554
426.000000 0.262307
427.000000 0.262878
428.000000 0.263248
429.000000 0.263360
430.000000 0.263294
431.000000 0.263147
432.000000 0.262916
433.000000 0.262515
434.000000 0.262037
435.000000 0.261427
436.000000 0.260565
437.000000 0.259480
438.000000 0.258418
439.000000 0.257410
440.000000 0.256310
441.000000 0.255222
442.000000 0.254147
443.000000 0.252950
444.000000 0.251664
445.000000 0.250425
446.000000 0.249180
447.000000 0.247941
448.000000 0.246472
449.000000 0.245057
450.000000 0.243897
451.000000 0.242430
452.000000 0.240777
453.000000 0.239179
454.000000 0.237473
455.000000 0.235575
456.000000 0.233568
457.000000 0.231476
458.000000 0.229280
459.000000 0.226960
460.000000 0.224536
461.000000 0.222049
462.000000 0.219380
463.000000 0.216653
464.000000 0.213811
465.000000 0.210783
466.000000 0.207861
467.000000 0.204860
468.000000 0.201834
469.000000 0.198843
470.000000 0.195848
471.000000 0.192881
472.000000 0.189820
473.000000 0.186881
474.000000 0.183949
475.000000 0.181018
476.000000 0.178296
477.000000 0.175560
478.000000 0.172870
479.000000 0.170264
480.000000 0.167796
481.000000 0.165455
482.000000 0.163181
483.000000 0.161014
484.000000 0.158904
485.000000 0.156931
486.000000 0.154961
487.000000 0.153017
488.000000 0.151210
489.000000 0.149690
490.000000 0.148358
491.000000 0.147016
492.000000 0.145749
493.000000 0.144610
494.000000 0.143078
495.000000 0.141485
496.000000 0.140369
497.000000 0.139189
498.000000 0.137841
499.000000 0.136701
500.000000 0.135845
501.000000 0.134933
502.000000 0.134172
503.000000 0.133312
504.000000 0.132107
505.000000 0.131002
506.000000 0.130054
507.000000 0.129180
508.000000 0.128244
509.000000 0.127448
510.000000 0.126770
511.000000 0.125582
512.000000 0.124244
513.000000 0.123459
514.000000 0.122806
515.000000 0.121827
516.000000 0.121024
517.000000 0.120442
518.000000 0.119534
519.000000 0.118634
520.000000 0.117920
521.000000 0.117527
522.000000 0.117163
523.000000 0.116846
524.000000 0.116762
525.000000 0.116622
526.000000 0.116526
527.000000 0.116466
528.000000 0.116430
529.000000 0.116259
530.000000 0.116093
531.000000 0.115905
532.000000 0.115736
533.000000 0.115850
534.000000 0.116150
535.000000 0.116467
536.000000 0.116768
537.000000 0.117043
538.000000 0.117051
539.000000 0.117326
540.000000 0.117830
541.000000 0.118372
542.000000 0.119079
543.000000 0.119813
544.000000 0.120376
545.000000 0.120200
546.000000 0.119856
547.000000 0.120021
548.000000 0.120325
549.000000 0.120351
550.000000 0.120476
551.000000 0.120766
552.000000 0.120913
553.000000 0.121092
554.000000 0.121299
555.000000 0.121396
556.000000 0.121255
557.000000 0.121019
558.000000 0.121009
559.000000 0.121002
560.000000 0.120918
561.000000 0.120952
562.000000 0.121160
563.000000 0.121249
564.000000 0.121005
565.000000 0.120731
566.000000 0.120555
567.000000 0.120410
568.000000 0.120253
569.000000 0.120076
570.000000 0.119935
571.000000 0.119793
572.000000 0.119544
573.000000 0.119265
574.000000 0.119033
575.000000 0.118935
576.000000 0.118946
577.000000 0.119049
578.000000 0.119126
579.000000 0.118916
580.000000 0.118840
581.000000 0.118950
582.000000 0.118925
583.000000 0.118844
584.000000 0.118667
585.000000 0.118538
586.000000 0.118478
587.000000 0.118397
588.000000 0.118376
589.000000 0.118258
590.000000 0.117983
591.000000 0.117675
592.000000 0.117518
593.000000 0.117392
594.000000 0.117158
595.000000 0.116791
596.000000 0.116400
597.000000 0.116083
598.000000 0.115827
599.000000 0.115581
600.000000 0.115252
601.000000 0.114932
602.000000 0.114598
603.000000 0.114218
604.000000 0.113904
605.000000 0.113643
606.000000 0.113464
607.000000 0.113320
608.000000 0.113020
609.000000 0.112693
610.000000 0.112466
611.000000 0.112381
612.000000 0.112446
613.000000 0.112558
614.000000 0.112726
615.000000 0.112963
616.000000 0.113248
617.000000 0.113628
618.000000 0.114169
619.000000 0.114783
620.000000 0.115405
621.000000 0.116151
622.000000 0.117019
623.000000 0.117988
624.000000 0.119076
625.000000 0.120183
626.000000 0.121407
627.000000 0.122823
628.000000 0.124266
629.000000 0.125736
630.000000 0.127431
631.000000 0.129320
632.000000 0.131260
633.000000 0.133294
634.000000 0.135350
635.000000 0.137363
636.000000 0.139430
637.000000 0.141523
638.000000 0.143455
639.000000 0.145427
640.000000 0.147503
641.000000 0.149513
642.000000 0.151378
643.000000 0.153119
644.000000 0.154887
645.000000 0.156471
646.000000 0.157935
647.000000 0.159396
648.000000 0.160739
649.000000 0.161972
650.000000 0.163134
651.000000 0.164263
652.000000 0.165332
653.000000 0.166298
654.000000 0.167231
655.000000 0.168212
656.000000 0.169250
657.000000 0.170370
658.000000 0.171525
659.000000 0.172723
660.000000 0.173934
661.000000 0.175193
662.000000 0.176559
663.000000 0.178024
664.000000 0.179618
665.000000 0.181183
666.000000 0.182762
667.000000 0.184493
668.000000 0.186317
669.000000 0.188092
670.000000 0.189788
671.000000 0.191564
672.000000 0.193367
673.000000 0.195134
674.000000 0.196828
675.000000 0.198477
676.000000 0.200170
677.000000 0.201860
678.000000 0.203459
679.000000 0.204874
680.000000 0.206207
681.000000 0.207515
682.000000 0.208781
683.000000 0.209995
684.000000 0.211082
685.000000 0.212045
686.000000 0.212937
687.000000 0.213857
688.000000 0.214757
689.000000 0.215622
690.000000 0.216411
691.000000 0.217185
692.000000 0.218084
693.000000 0.219064
694.000000 0.220124
695.000000 0.221286
696.000000 0.222543
697.000000 0.223950
698.000000 0.225610
699.000000 0.227545
700.000000 0.229741
701.000000 0.232175
702.000000 0.234737
703.000000 0.237536
704.000000 0.240729
705.000000 0.244276
706.000000 0.248150
707.000000 0.252338
708.000000 0.256856
709.000000 0.261646
710.000000 0.266510
711.000000 0.271540
712.000000 0.276886
713.000000 0.282437
714.000000 0.288149
715.000000 0.293978
716.000000 0.299966
717.000000 0.306001
718.000000 0.311900
719.000000 0.317508
720.000000 0.322984
721.000000 0.328501
722.000000 0.333851
723.000000 0.338951
724.000000 0.343827
725.000000 0.348433
726.000000 0.352717
727.000000 0.356703
728.000000 0.360384
729.000000 0.363756
730.000000 0.366809
731.000000 0.369454
732.000000 0.371721
733.000000 0.373787
734.000000 0.375676
735.000000 0.377332
736.000000 0.378750
737.000000 0.379876
738.000000 0.380702
739.000000 0.381330
740.000000 0.381761
741.000000 0.381942
742.000000 0.381806
743.000000 0.381402
744.000000 0.380793
745.000000 0.379928
746.000000 0.378718
747.000000 0.377123
748.000000 0.375215
749.000000 0.372952
750.000000 0.370298
751.000000 0.367222
752.000000 0.363710
753.000000 0.359774
754.000000 0.355363
755.000000 0.350449
756.000000 0.345020
757.000000 0.339098
758.000000 0.332731
759.000000 0.325849
760.000000 0.318440
761.000000 0.310624
762.000000 0.302491
763.000000 0.294026
764.000000 0.285204
765.000000 0.276019
766.000000 0.266545
767.000000 0.256929
768.000000 0.247214
769.000000 0.237383
770.000000 0.227499
771.000000 0.217677
772.000000 0.207966
773.000000 0.198448
774.000000 0.189063
775.000000 0.179835
776.000000 0.170294
777.000000 0.160686
778.000000 0.151810
779.000000 0.143552
780.000000 0.135764
781.000000 0.128398
782.000000 0.121333
783.000000 0.114529
784.000000 0.108055
785.000000 0.101868
786.000000 0.096071
787.000000 0.090664
788.000000 0.085372
789.000000 0.080357
790.000000 0.075772
791.000000 0.071474
792.000000 0.067477
793.000000 0.063760
794.000000 0.060262
795.000000 0.056978
796.000000 0.053883
797.000000 0.050903
798.000000 0.048130
799.000000 0.045583
800.000000 0.043183
801.000000 0.040924
802.000000 0.038780
803.000000 0.036786
804.000000 0.034839
805.000000 0.032940
806.000000 0.031232
807.000000 0.029696
808.000000 0.028198
809.000000 0.026710
810.000000 0.025243
811.000000 0.023827
812.000000 0.022579
813.000000 0.021408
814.000000 0.020285
815.000000 0.019279
816.000000 0.018275
817.000000 0.017296
818.000000 0.016423
819.000000 0.015641
820.000000 0.014927
821.000000 0.014201
822.000000 0.013433
823.000000 0.012758
824.000000 0.012169
825.000000 0.011549
826.000000 0.010951
827.000000 0.010410
828.000000 0.009908
829.000000 0.009458
830.000000 0.009065
831.000000 0.008703
832.000000 0.008328
833.000000 0.007989
834.000000 0.007692
835.000000 0.007424
836.000000 0.007161
837.000000 0.006909
838.000000 0.006696
839.000000 0.006427
840.000000 0.006136
841.000000 0.005884
842.000000 0.005692
843.000000 0.005518
844.000000 0.005349
845.000000 0.005161
846.000000 0.004977
847.000000 0.004849
848.000000 0.004701
849.000000 0.004517
850.000000 0.004333
851.000000 0.004174
852.000000 0.004077
853.000000 0.003981
854.000000 0.003833
855.000000 0.003665
856.000000 0.003546
857.000000 0.003467
858.000000 0.003373
859.000000 0.003289
860.000000 0.003184
861.000000 0.003061
862.000000 0.002927
863.000000 0.002775
864.000000 0.002616
865.000000 0.002459
866.000000 0.002325
867.000000 0.002198
868.000000 0.002100
869.000000 0.002039
870.000000 0.001942
871.000000 0.001813
872.000000 0.001702
873.000000 0.001608
874.000000 0.001569
875.000000 0.001546
876.000000 0.001454
877.000000 0.001323
878.000000 0.001208
879.000000 0.001095
880.000000 0.000983
881.000000 0.000906
882.000000 0.000841
883.000000 0.000769
884.000000 0.000731
885.000000 0.000694
886.000000 0.000619
887.000000 0.000527
888.000000 0.000468
889.000000 0.000430
890.000000 0.000366
891.000000 0.000312
892.000000 0.000286
893.000000 0.000257
894.000000 0.000231
895.000000 0.000205
896.000000 0.000171
897.000000 0.000162
898.000000 0.000148
899.000000 0.000110
900.000000 0.000083
901.000000 0.000055
902.000000 0.000038
903.000000 0.000018
904.000000 0.000006
905.000000 -0.000008
906.000000 -0.000044
907.000000 -0.000062
908.000000 -0.000095
909.000000 -0.000131
910.000000 -0.000174
911.000000 -0.000230
912.000000 -0.000257
913.000000 -0.000274
914.000000 -0.000251
915.000000 -0.000233
916.000000 -0.000272
917.000000 -0.000316
918.000000 -0.000385
919.000000 -0.000449
920.000000 -0.000492
921.000000 -0.000555
922.000000 -0.000606
923.000000 -0.000633
924.000000 -0.000644
925.000000 -0.000650
926.000000 -0.000687
927.000000 -0.000702
928.000000 -0.000706
929.000000 -0.000807
930.000000 -0.000868
931.000000 -0.000841
932.000000 -0.000862
933.000000 -0.000879
934.000000 -0.000877
935.000000 -0.000894
936.000000 -0.000915
937.000000 -0.000931
938.000000 -0.000923
939.000000 -0.000901
940.000000 -0.000893
941.000000 -0.000899
942.000000 -0.000875
943.000000 -0.000859
944.000000 -0.000905
945.000000 -0.000963
946.000000 -0.001015
947.000000 -0.001057
948.000000 -0.001107
949.000000 -0.001163
950.000000 -0.001200
