315.000000 0.091072
316.000000 0.089687
317.000000 0.089555
318.000000 0.089042
319.000000 0.088526
320.000000 0.087940
321.000000 0.087311
322.000000 0.086920
323.000000 0.086951
324.000000 0.086643
325.000000 0.085720
326.000000 0.085467
327.000000 0.086066
328.000000 0.086442
329.000000 0.086452
330.000000 0.086694
331.000000 0.087396
332.000000 0.088399
333.000000 0.088966
334.000000 0.088955
335.000000 0.089084
336.000000 0.089809
337.000000 0.090900
338.000000 0.091608
339.000000 0.091933
340.000000 0.092509
341.000000 0.093288
342.000000 0.094143
343.000000 0.095423
344.000000 0.096908
345.000000 0.098232
346.000000 0.099494
347.000000 0.100830
348.000000 0.102172
349.000000 0.103305
350.000000 0.104237
351.000000 0.105149
352.000000 0.105895
353.000000 0.106323
354.000000 0.107043
355.000000 0.108078
356.000000 0.109064
357.000000 0.109879
358.000000 0.110704
359.000000 0.111707
360.000000 0.112944
361.000000 0.114339
362.000000 0.115697
363.000000 0.116941
364.000000 0.117887
365.000000 0.118597
366.000000 0.119083
367.000000 0.119419
368.000000 0.119534
369.000000 0.119341
370.000000 0.118463
371.000000 0.117550
372.000000 0.116994
373.000000 0.116080
374.000000 0.115177
375.000000 0.114643
376.000000 0.114012
377.000000 0.113419
378.000000 0.113480
379.000000 0.114059
380.000000 0.114655
381.000000 0.115225
382.000000 0.115970
383.000000 0.116974
384.000000 0.117793
385.000000 0.118341
386.000000 0.118759
387.000000 0.118907
388.000000 0.118802
389.000000 0.118634
390.000000 0.118558
391.000000 0.118475
392.000000 0.118507
393.000000 0.118619
394.000000 0.118708
395.000000 0.118839
396.000000 0.118811
397.000000 0.118398
398.000000 0.118314
399.000000 0.118566
400.000000 0.118516
401.000000 0.118261
402.000000 0.118139
403.000000 0.118305
404.000000 0.118443
405.000000 0.118401
406.000000 0.118352
407.000000 0.118218
408.000000 0.118035
409.000000 0.117913
410.000000 0.117608
411.000000 0.117308
412.000000 0.117333
413.000000 0.117315
414.000000 0.117274
415.000000 0.117472
416.000000 0.118010
417.000000 0.118557
418.000000 0.118637
419.000000 0.118587
420.000000 0.118695
421.000000 0.118806
422.000000 0.118578
423.000000 0.118155
424.000000 0.117798
425.000000 0.117168
426.000000 0.116253
427.000000 0.115244
428.000000 0.114218
429.000000 0.113072
430.000000 0.111669
431.000000 0.110101
432.000000 0.108396
433.000000 0.106768
434.000000 0.105307
435.000000 0.103766
436.000000 0.102155
437.000000 0.100572
438.000000 0.099036
439.000000 0.097551
440.000000 0.096100
441.000000 0.094750
442.000000 0.093427
443.000000 0.092053
444.000000 0.090795
445.000000 0.089755
446.000000 0.088822
447.000000 0.087922
448.000000 0.087076
449.000000 0.086377
450.000000 0.085776
451.000000 0.085191
452.000000 0.084655
453.000000 0.084198
454.000000 0.083775
455.000000 0.083332
456.000000 0.082883
457.000000 0.082377
458.000000 0.081934
459.000000 0.081571
460.000000 0.081290
461.000000 0.081006
462.000000 0.080652
463.000000 0.080277
464.000000 0.079949
465.000000 0.079736
466.000000 0.079499
467.000000 0.079196
468.000000 0.078911
469.000000 0.078646
470.000000 0.078335
471.000000 0.078089
472.000000 0.077923
473.000000 0.077772
474.000000 0.077604
475.000000 0.077430
476.000000 0.077234
477.000000 0.077049
478.000000 0.076949
479.000000 0.076855
480.000000 0.076755
481.000000 0.076673
482.000000 0.076641
483.000000 0.076686
484.000000 0.076770
485.000000 0.076821
486.000000 0.076872
487.000000 0.076909
488.000000 0.077017
489.000000 0.077027
490.000000 0.077091
491.000000 0.077096
492.000000 0.077178
493.000000 0.077540
494.000000 0.077704
495.000000 0.077757
496.000000 0.077964
497.000000 0.078410
498.000000 0.078681
499.000000 0.078799
500.000000 0.078982
501.000000 0.079287
502.000000 0.079599
503.000000 0.079934
504.000000 0.080364
505.000000 0.080704
506.000000 0.080819
507.000000 0.080785
508.000000 0.081207
509.000000 0.081815
510.000000 0.082242
511.000000 0.082755
512.000000 0.083147
513.000000 0.083538
514.000000 0.084043
515.000000 0.084117
516.000000 0.084007
517.000000 0.084454
518.000000 0.085231
519.000000 0.085802
520.000000 0.086130
521.000000 0.086477
522.000000 0.087133
523.000000 0.087679
524.000000 0.088097
525.000000 0.088639
526.000000 0.089146
527.000000 0.089599
528.000000 0.090134
529.000000 0.090955
530.000000 0.092026
531.000000 0.093067
532.000000 0.093725
533.000000 0.094397
534.000000 0.095349
535.000000 0.096091
536.000000 0.096467
537.000000 0.096972
538.000000 0.097508
539.000000 0.098117
540.000000 0.098984
541.000000 0.099987
542.000000 0.101291
543.000000 0.102315
544.000000 0.103082
545.000000 0.104163
546.000000 0.105278
547.000000 0.106197
548.000000 0.107261
549.000000 0.108308
550.000000 0.109139
551.000000 0.110057
552.000000 0.110959
553.000000 0.111825
554.000000 0.112791
555.000000 0.113893
556.000000 0.114986
557.000000 0.116079
558.000000 0.117195
559.000000 0.118308
560.000000 0.119615
561.000000 0.120956
562.000000 0.122216
563.000000 0.123576
564.000000 0.125003
565.000000 0.126440
566.000000 0.127876
567.000000 0.129261
568.000000 0.130540
569.000000 0.131947
570.000000 0.133532
571.000000 0.135283
572.000000 0.136968
573.000000 0.138579
574.000000 0.140376
575.000000 0.142189
576.000000 0.144084
577.000000 0.146022
578.000000 0.147990
579.000000 0.150050
580.000000 0.152249
581.000000 0.154532
582.000000 0.156755
583.000000 0.159093
584.000000 0.161470
585.000000 0.163851
586.000000 0.166339
587.000000 0.168755
588.000000 0.171180
589.000000 0.173748
590.000000 0.176572
591.000000 0.179551
592.000000 0.182397
593.000000 0.185287
594.000000 0.188145
595.000000 0.191029
596.000000 0.194221
597.000000 0.197369
598.000000 0.200393
599.000000 0.203634
600.000000 0.207017
601.000000 0.210373
602.000000 0.213637
603.000000 0.216919
604.000000 0.220522
605.000000 0.224159
606.000000 0.227797
607.000000 0.231593
608.000000 0.235283
609.000000 0.238995
610.000000 0.242936
611.000000 0.246888
612.000000 0.250806
613.000000 0.254698
614.000000 0.258653
615.000000 0.262854
616.000000 0.266926
617.000000 0.271080
618.000000 0.275524
619.000000 0.279855
620.000000 0.284213
621.000000 0.288771
622.000000 0.293314
623.000000 0.297865
624.000000 0.302685
625.000000 0.307494
626.000000 0.312363
627.000000 0.317519
628.000000 0.322651
629.000000 0.327856
630.000000 0.333349
631.000000 0.339001
632.000000 0.344552
633.000000 0.350290
634.000000 0.356451
635.000000 0.362591
636.000000 0.368780
637.000000 0.375271
638.000000 0.381789
639.000000 0.388497
640.000000 0.395562
641.000000 0.402837
642.000000 0.409966
643.000000 0.417136
644.000000 0.424786
645.000000 0.432387
646.000000 0.440137
647.000000 0.448358
648.000000 0.456837
649.000000 0.465286
650.000000 0.473815
651.000000 0.482701
652.000000 0.491807
653.000000 0.500715
654.000000 0.509635
655.000000 0.519032
656.000000 0.528624
657.000000 0.537893
658.000000 0.547067
659.000000 0.556639
660.000000 0.566412
661.000000 0.575906
662.000000 0.585188
663.000000 0.594739
664.000000 0.604384
665.000000 0.613584
666.000000 0.622393
667.000000 0.631311
668.000000 0.640132
669.000000 0.648345
670.000000 0.656128
671.000000 0.663881
672.000000 0.671411
673.000000 0.678658
674.000000 0.685169
675.000000 0.691262
676.000000 0.697432
677.000000 0.703358
678.000000 0.708975
679.000000 0.713962
680.000000 0.718520
681.000000 0.723029
682.000000 0.727347
683.000000 0.731430
684.000000 0.735224
685.000000 0.738887
686.000000 0.742613
687.000000 0.746358
688.000000 0.750157
689.000000 0.754068
690.000000 0.758006
691.000000 0.762203
692.000000 0.766897
693.000000 0.771959
694.000000 0.777494
695.000000 0.783679
696.000000 0.790268
697.000000 0.797376
698.000000 0.805349
699.000000 0.814240
700.000000 0.824007
701.000000 0.834628
702.000000 0.845674
703.000000 0.857357
704.000000 0.870300
705.000000 0.884328
706.000000 0.899253
707.000000 0.915147
708.000000 0.932087
709.000000 0.949864
710.000000 0.967767
711.000000 0.986327
712.000000 1.006244
713.000000 1.026962
714.000000 1.048422
715.000000 1.070415
716.000000 1.092916
717.000000 1.115961
718.000000 1.139353
719.000000 1.161905
720.000000 1.184079
721.000000 1.207094
722.000000 1.230235
723.000000 1.253056
724.000000 1.275501
725.000000 1.297365
726.000000 1.318563
727.000000 1.339128
728.000000 1.358896
729.000000 1.377873
730.000000 1.395867
731.000000 1.411784
732.000000 1.425977
733.000000 1.439616
734.000000 1.452201
735.000000 1.463118
736.000000 1.472255
737.000000 1.479703
738.000000 1.485307
739.000000 1.488629
740.000000 1.489793
741.000000 1.488832
742.000000 1.485442
743.000000 1.479765
744.000000 1.471745
745.000000 1.461238
746.000000 1.448173
747.000000 1.432486
748.000000 1.414446
749.000000 1.393902
750.000000 1.370943
751.000000 1.345923
752.000000 1.318839
753.000000 1.289630
754.000000 1.258566
755.000000 1.225739
756.000000 1.191382
757.000000 1.155864
758.000000 1.119323
759.000000 1.081630
760.000000 1.043008
761.000000 1.003844
762.000000 0.964466
763.000000 0.925011
764.000000 0.885408
765.000000 0.845449
766.000000 0.805572
767.000000 0.766502
768.000000 0.728572
769.000000 0.691556
770.000000 0.655480
771.000000 0.620625
772.000000 0.586861
773.000000 0.554301
774.000000 0.522862
775.000000 0.492569
776.000000 0.461699
777.000000 0.431704
778.000000 0.404716
779.000000 0.379662
780.000000 0.356137
781.000000 0.333961
782.000000 0.313095
783.000000 0.293505
784.000000 0.275043
785.000000 0.257574
786.000000 0.241171
787.000000 0.225826
788.000000 0.210996
789.000000 0.197119
790.000000 0.184702
791.000000 0.173198
792.000000 0.162410
793.000000 0.152354
794.000000 0.142973
795.000000 0.134204
796.000000 0.126061
797.000000 0.118214
798.000000 0.110799
799.000000 0.104142
800.000000 0.098002
801.000000 0.092301
802.000000 0.087022
803.000000 0.082095
804.000000 0.077295
805.000000 0.072772
806.000000 0.068711
807.000000 0.064956
808.000000 0.061440
809.000000 0.058159
810.000000 0.054983
811.000000 0.051982
812.000000 0.049317
813.000000 0.046889
814.000000 0.044598
815.000000 0.042427
816.000000 0.040322
817.000000 0.038288
818.000000 0.036458
819.000000 0.034820
820.000000 0.033292
821.000000 0.031799
822.000000 0.030382
823.000000 0.029114
824.000000 0.027990
825.000000 0.026885
826.000000 0.025848
827.000000 0.024848
828.000000 0.023815
829.000000 0.022876
830.000000 0.021985
831.000000 0.021165
832.000000 0.020452
833.000000 0.019769
834.000000 0.019075
835.000000 0.018426
836.000000 0.017816
837.000000 0.017198
838.000000 0.016600
839.000000 0.016063
840.000000 0.015577
841.000000 0.015071
842.000000 0.014602
843.000000 0.014239
844.000000 0.013877
845.000000 0.013471
846.000000 0.013083
847.000000 0.012701
848.000000 0.012344
849.000000 0.012009
850.000000 0.011698
851.000000 0.011405
852.000000 0.011097
853.000000 0.010827
854.000000 0.010579
855.000000 0.010270
856.000000 0.009926
857.000000 0.009682
858.000000 0.009495
859.000000 0.009287
860.000000 0.009104
861.000000 0.008941
862.000000 0.008754
863.000000 0.008572
864.000000 0.008399
865.000000 0.008232
866.000000 0.008047
867.000000 0.007872
868.000000 0.007742
869.000000 0.007606
870.000000 0.007451
871.000000 0.007307
872.000000 0.007170
873.000000 0.007042
874.000000 0.006942
875.000000 0.006812
876.000000 0.006659
877.000000 0.006522
878.000000 0.006429
879.000000 0.006341
880.000000 0.006229
881.000000 0.006143
882.000000 0.006060
883.000000 0.005951
884.000000 0.005843
885.000000 0.005756
886.000000 0.005661
887.000000 0.005525
888.000000 0.005378
889.000000 0.005294
890.000000 0.005246
891.000000 0.005189
892.000000 0.005143
893.000000 0.005059
894.000000 0.004986
895.000000 0.004928
896.000000 0.004832
897.000000 0.004730
898.000000 0.004678
899.000000 0.004649
900.000000 0.004569
901.000000 0.004485
902.000000 0.004430
903.000000 0.004416
904.000000 0.004409
905.000000 0.004378
906.000000 0.004338
907.000000 0.004291
908.000000 0.004248
909.000000 0.004211
910.000000 0.004168
911.000000 0.004146
912.000000 0.004133
913.000000 0.004075
914.000000 0.004000
915.000000 0.003958
916.000000 0.003925
917.000000 0.003873
918.000000 0.003818
919.000000 0.003768
920.000000 0.003734
921.000000 0.003674
922.000000 0.003609
923.000000 0.003574
924.000000 0.003510
925.000000 0.003461
926.000000 0.003435
927.000000 0.003377
928.000000 0.003309
929.000000 0.003271
930.000000 0.003239
931.000000 0.003199
932.000000 0.003174
933.000000 0.003150
934.000000 0.003129
935.000000 0.003110
936.000000 0.003084
937.000000 0.003075
938.000000 0.003108
939.000000 0.003127
940.000000 0.003100
941.000000 0.003074
942.000000 0.003090
943.000000 0.003118
944.000000 0.003111
945.000000 0.003097
946.000000 0.003061
947.000000 0.003016
948.000000 0.002977
949.000000 0.002980
950.000000 0.003017
