315.000000 0.113940
316.000000 0.112767
317.000000 0.111894
318.000000 0.111741
319.000000 0.112071
320.000000 0.111740
321.000000 0.111383
322.000000 0.111642
323.000000 0.112071
324.000000 0.112231
325.000000 0.112265
326.000000 0.112692
327.000000 0.113120
328.000000 0.113444
329.000000 0.113621
330.000000 0.113951
331.000000 0.114777
332.000000 0.115252
333.000000 0.114862
334.000000 0.114246
335.000000 0.114173
336.000000 0.114502
337.000000 0.115076
338.000000 0.115751
339.000000 0.116166
340.000000 0.116678
341.000000 0.116919
342.000000 0.117086
343.000000 0.117769
344.000000 0.118608
345.000000 0.119357
346.000000 0.120286
347.000000 0.121690
348.000000 0.122740
349.000000 0.123246
350.000000 0.123767
351.000000 0.124439
352.000000 0.125321
353.000000 0.126163
354.000000 0.127028
355.000000 0.128033
356.000000 0.129167
357.000000 0.130236
358.000000 0.131314
359.000000 0.132613
360.000000 0.133991
361.000000 0.135506
362.000000 0.137201
363.000000 0.138873
364.000000 0.140447
365.000000 0.142052
366.000000 0.143605
367.000000 0.145063
368.000000 0.146505
369.000000 0.147819
370.000000 0.148986
371.000000 0.150025
372.000000 0.151440
373.000000 0.153258
374.000000 0.154587
375.000000 0.155839
376.000000 0.157293
377.000000 0.158622
378.000000 0.160092
379.000000 0.161879
380.000000 0.164065
381.000000 0.166304
382.000000 0.168366
383.000000 0.170577
384.000000 0.172681
385.000000 0.174514
386.000000 0.176153
387.000000 0.177115
388.000000 0.177382
389.000000 0.177847
390.000000 0.178781
391.000000 0.179654
392.000000 0.180465
393.000000 0.181331
394.000000 0.182181
395.000000 0.183037
396.000000 0.183585
397.000000 0.183905
398.000000 0.184940
399.000000 0.186326
400.000000 0.187271
401.000000 0.188007
402.000000 0.188864
403.000000 0.189970
404.000000 0.190984
405.000000 0.191825
406.000000 0.192799
407.000000 0.193745
408.000000 0.194720
409.000000 0.195696
410.000000 0.196455
411.000000 0.197346
412.000000 0.198326
413.000000 0.199211
414.000000 0.199951
415.000000 0.200598
416.000000 0.201405
417.000000 0.202216
418.000000 0.202910
419.000000 0.203484
420.000000 0.204037
421.000000 0.204673
422.000000 0.205032
423.000000 0.204836
424.000000 0.204659
425.000000 0.204426
426.000000 0.203907
427.000000 0.203450
428.000000 0.202840
429.000000 0.202099
430.000000 0.201274
431.000000 0.200235
432.000000 0.199010
433.000000 0.197694
434.000000 0.196410
435.000000 0.195178
436.000000 0.193865
437.000000 0.192390
438.000000 0.190891
439.000000 0.189433
440.000000 0.187981
441.000000 0.186590
442.000000 0.185148
443.000000 0.183632
444.000000 0.182034
445.000000 0.180413
446.000000 0.178770
447.000000 0.177117
448.000000 0.175549
449.000000 0.173927
450.000000 0.172324
451.000000 0.170781
452.000000 0.169192
453.000000 0.167554
454.000000 0.165845
455.000000 0.164118
456.000000 0.162394
457.000000 0.160734
458.000000 0.159081
459.000000 0.157214
460.000000 0.155446
461.000000 0.153931
462.000000 0.152427
463.000000 0.150905
464.000000 0.149412
465.000000 0.147985
466.000000 0.146784
467.000000 0.145684
468.000000 0.144482
469.000000 0.143307
470.000000 0.142223
471.000000 0.141269
472.000000 0.140449
473.000000 0.139728
474.000000 0.139100
475.000000 0.138593
476.000000 0.138140
477.000000 0.137711
478.000000 0.137356
479.000000 0.137086
480.000000 0.136935
481.000000 0.136857
482.000000 0.136860
483.000000 0.136923
484.000000 0.137055
485.000000 0.137272
486.000000 0.137464
487.000000 0.137615
488.000000 0.137891
489.000000 0.138142
490.000000 0.138707
491.000000 0.139128
492.000000 0.139446
493.000000 0.140211
494.000000 0.140912
495.000000 0.141263
496.000000 0.141598
497.000000 0.142188
498.000000 0.142620
499.000000 0.143052
500.000000 0.143571
501.000000 0.144333
502.000000 0.145234
503.000000 0.146138
504.000000 0.146781
505.000000 0.147176
506.000000 0.147639
507.000000 0.148005
508.000000 0.148717
509.000000 0.149537
510.000000 0.150104
511.000000 0.150908
512.000000 0.151658
513.000000 0.152451
514.000000 0.153255
515.000000 0.153989
516.000000 0.154544
517.000000 0.154722
518.000000 0.155196
519.000000 0.155999
520.000000 0.156639
521.000000 0.157243
522.000000 0.158038
523.000000 0.158666
524.000000 0.159179
525.000000 0.159689
526.000000 0.160129
527.000000 0.160520
528.000000 0.160925
529.000000 0.161377
530.000000 0.161966
531.000000 0.162706
532.000000 0.163274
533.000000 0.163745
534.000000 0.164354
535.000000 0.164654
536.000000 0.164642
537.000000 0.164786
538.000000 0.165092
539.000000 0.165562
540.000000 0.166038
541.000000 0.166460
542.000000 0.167028
543.000000 0.167512
544.000000 0.167878
545.000000 0.168079
546.000000 0.168357
547.000000 0.168885
548.000000 0.169333
549.000000 0.169517
550.000000 0.169505
551.000000 0.169512
552.000000 0.169460
553.000000 0.169411
554.000000 0.169465
555.000000 0.169455
556.000000 0.169486
557.000000 0.169680
558.000000 0.169763
559.000000 0.169805
560.000000 0.169973
561.000000 0.170292
562.000000 0.170428
563.000000 0.170357
564.000000 0.170283
565.000000 0.170343
566.000000 0.170426
567.000000 0.170491
568.000000 0.170598
569.000000 0.170645
570.000000 0.170868
571.000000 0.171213
572.000000 0.171409
573.000000 0.171599
574.000000 0.171803
575.000000 0.171947
576.000000 0.172287
577.000000 0.172506
578.000000 0.172652
579.000000 0.173024
580.000000 0.173427
581.000000 0.173825
582.000000 0.174225
583.000000 0.174642
584.000000 0.175230
585.000000 0.175893
586.000000 0.176513
587.000000 0.177025
588.000000 0.177587
589.000000 0.178177
590.000000 0.178851
591.000000 0.179723
592.000000 0.180502
593.000000 0.181242
594.000000 0.181919
595.000000 0.182625
596.000000 0.183553
597.000000 0.184577
598.000000 0.185588
599.000000 0.186755
600.000000 0.187967
601.000000 0.189131
602.000000 0.190315
603.000000 0.191432
604.000000 0.192682
605.000000 0.194068
606.000000 0.195512
607.000000 0.197102
608.000000 0.198673
609.000000 0.200246
610.000000 0.201974
611.000000 0.203743
612.000000 0.205472
613.000000 0.207247
614.000000 0.209141
615.000000 0.211268
616.000000 0.213400
617.000000 0.215533
618.000000 0.217873
619.000000 0.220159
620.000000 0.222383
621.000000 0.224779
622.000000 0.227225
623.000000 0.229758
624.000000 0.232528
625.000000 0.235285
626.000000 0.238122
627.000000 0.241121
628.000000 0.244046
629.000000 0.247150
630.000000 0.250496
631.000000 0.253829
632.000000 0.257156
633.000000 0.260644
634.000000 0.264340
635.000000 0.267973
636.000000 0.271655
637.000000 0.275577
638.000000 0.279482
639.000000 0.283450
640.000000 0.287619
641.000000 0.291961
642.000000 0.296193
643.000000 0.300381
644.000000 0.304874
645.000000 0.309282
646.000000 0.313697
647.000000 0.318471
648.000000 0.323432
649.000000 0.328298
650.000000 0.333244
651.000000 0.338420
652.000000 0.343674
653.000000 0.348827
654.000000 0.354015
655.000000 0.359457
656.000000 0.364963
657.000000 0.370232
658.000000 0.375469
659.000000 0.380992
660.000000 0.386592
661.000000 0.392047
662.000000 0.397379
663.000000 0.402749
664.000000 0.408164
665.000000 0.413397
666.000000 0.418379
667.000000 0.423334
668.000000 0.428259
669.000000 0.432840
670.000000 0.437162
671.000000 0.441431
672.000000 0.445532
673.000000 0.449487
674.000000 0.453025
675.000000 0.456281
676.000000 0.459584
677.000000 0.462747
678.000000 0.465638
679.000000 0.468189
680.000000 0.470496
681.000000 0.472717
682.000000 0.474873
683.000000 0.476971
684.000000 0.478895
685.000000 0.480698
686.000000 0.482557
687.000000 0.484440
688.000000 0.486366
689.000000 0.488430
690.000000 0.490606
691.000000 0.492947
692.000000 0.495529
693.000000 0.498386
694.000000 0.501630
695.000000 0.505282
696.000000 0.509115
697.000000 0.513270
698.000000 0.517998
699.000000 0.523286
700.000000 0.529174
701.000000 0.535547
702.000000 0.542099
703.000000 0.548998
704.000000 0.556603
705.000000 0.564808
706.000000 0.573466
707.000000 0.582613
708.000000 0.592252
709.000000 0.602223
710.000000 0.612149
711.000000 0.622282
712.000000 0.632984
713.000000 0.643897
714.000000 0.655025
715.000000 0.666271
716.000000 0.677554
717.000000 0.688918
718.000000 0.700187
719.000000 0.710890
720.000000 0.721214
721.000000 0.731619
722.000000 0.741766
723.000000 0.751528
724.000000 0.760894
725.000000 0.769730
726.000000 0.778071
727.000000 0.786001
728.000000 0.793468
729.000000 0.800350
730.000000 0.806631
731.000000 0.812039
732.000000 0.816697
733.000000 0.820841
734.000000 0.824272
735.000000 0.826983
736.000000 0.828939
737.000000 0.830062
738.000000 0.830196
739.000000 0.829287
740.000000 0.827393
741.000000 0.824527
742.000000 0.820672
743.000000 0.815804
744.000000 0.809893
745.000000 0.802978
746.000000 0.794905
747.000000 0.785584
748.000000 0.775215
749.000000 0.763754
750.000000 0.751224
751.000000 0.737788
752.000000 0.723547
753.000000 0.708305
754.000000 0.692066
755.000000 0.674966
756.000000 0.657175
757.000000 0.638847
758.000000 0.620013
759.000000 0.600615
760.000000 0.580648
761.000000 0.560367
762.000000 0.540053
763.000000 0.519694
764.000000 0.499149
765.000000 0.478427
766.000000 0.457720
767.000000 0.437376
768.000000 0.417628
769.000000 0.398251
770.000000 0.379225
771.000000 0.360789
772.000000 0.342925
773.000000 0.325583
774.000000 0.308786
775.000000 0.292705
776.000000 0.276214
777.000000 0.259979
778.000000 0.245348
779.000000 0.231651
780.000000 0.218664
781.000000 0.206462
782.000000 0.194980
783.000000 0.184154
784.000000 0.173877
785.000000 0.164097
786.000000 0.154878
787.000000 0.146222
788.000000 0.137842
789.000000 0.129901
790.000000 0.122746
791.000000 0.116065
792.000000 0.109731
793.000000 0.103813
794.000000 0.098253
795.000000 0.093003
796.000000 0.088091
797.000000 0.083364
798.000000 0.078902
799.000000 0.074854
800.000000 0.071096
801.000000 0.067593
802.000000 0.064301
803.000000 0.061185
804.000000 0.058122
805.000000 0.055175
806.000000 0.052499
807.000000 0.050020
808.000000 0.047747
809.000000 0.045668
810.000000 0.043613
811.000000 0.041594
812.000000 0.039750
813.000000 0.038056
814.000000 0.036462
815.000000 0.034982
816.000000 0.033525
817.000000 0.032069
818.000000 0.030770
819.000000 0.029589
820.000000 0.028437
821.000000 0.027345
822.000000 0.026313
823.000000 0.025343
824.000000 0.024480
825.000000 0.023608
826.000000 0.022804
827.000000 0.022054
828.000000 0.021253
829.000000 0.020553
830.000000 0.019913
831.000000 0.019265
832.000000 0.018641
833.000000 0.018073
834.000000 0.017486
835.000000 0.016916
836.000000 0.016377
837.000000 0.015831
838.000000 0.015336
839.000000 0.014916
840.000000 0.014504
841.000000 0.014050
842.000000 0.013620
843.000000 0.013249
844.000000 0.012912
845.000000 0.012556
846.000000 0.012192
847.000000 0.011851
848.000000 0.011542
849.000000 0.011227
850.000000 0.010936
851.000000 0.010701
852.000000 0.010450
853.000000 0.010231
854.000000 0.010020
855.000000 0.009739
856.000000 0.009435
857.000000 0.009188
858.000000 0.008997
859.000000 0.008803
860.000000 0.008646
861.000000 0.008523
862.000000 0.008348
863.000000 0.008154
864.000000 0.007987
865.000000 0.007807
866.000000 0.007611
867.000000 0.007473
868.000000 0.007373
869.000000 0.007253
870.000000 0.007126
871.000000 0.007017
872.000000 0.006902
873.000000 0.006766
874.000000 0.006667
875.000000 0.006571
876.000000 0.006441
877.000000 0.006326
878.000000 0.006242
879.000000 0.006140
880.000000 0.006024
881.000000 0.005918
882.000000 0.005831
883.000000 0.005765
884.000000 0.005678
885.000000 0.005570
886.000000 0.005461
887.000000 0.005364
888.000000 0.005284
889.000000 0.005216
890.000000 0.005148
891.000000 0.005083
892.000000 0.005044
893.000000 0.004981
894.000000 0.004928
895.000000 0.004882
896.000000 0.004805
897.000000 0.004734
898.000000 0.004685
899.000000 0.004645
900.000000 0.004604
901.000000 0.004546
902.000000 0.004472
903.000000 0.004412
904.000000 0.004360
905.000000 0.004403
906.000000 0.004389
907.000000 0.004262
908.000000 0.004189
909.000000 0.004161
910.000000 0.004145
911.000000 0.004101
912.000000 0.004050
913.000000 0.004004
914.000000 0.003934
915.000000 0.003868
916.000000 0.003834
917.000000 0.003815
918.000000 0.003799
919.000000 0.003751
920.000000 0.003677
921.000000 0.003601
922.000000 0.003543
923.000000 0.003492
924.000000 0.003418
925.000000 0.003368
926.000000 0.003342
927.000000 0.003308
928.000000 0.003244
929.000000 0.003184
930.000000 0.003160
931.000000 0.003130
932.000000 0.003122
933.000000 0.003157
934.000000 0.003185
935.000000 0.003148
936.000000 0.003088
937.000000 0.003061
938.000000 0.003093
939.000000 0.003135
940.000000 0.003155
941.000000 0.003168
942.000000 0.003156
943.000000 0.003146
944.000000 0.003142
945.000000 0.003131
946.000000 0.003084
947.000000 0.003031
948.000000 0.003010
949.000000 0.003014
950.000000 0.003027
