315.000000 0.149357
316.000000 0.149130
317.000000 0.149688
318.000000 0.150316
319.000000 0.151274
320.000000 0.151533
321.000000 0.152039
322.000000 0.153053
323.000000 0.153739
324.000000 0.153850
325.000000 0.153583
326.000000 0.153544
327.000000 0.154174
328.000000 0.154616
329.000000 0.154376
330.000000 0.154289
331.000000 0.154931
332.000000 0.155552
333.000000 0.155583
334.000000 0.155734
335.000000 0.156273
336.000000 0.156571
337.000000 0.156898
338.000000 0.157481
339.000000 0.157872
340.000000 0.158298
341.000000 0.158339
342.000000 0.158390
343.000000 0.159089
344.000000 0.159994
345.000000 0.160654
346.000000 0.161297
347.000000 0.162311
348.000000 0.163406
349.000000 0.164327
350.000000 0.165086
351.000000 0.165947
352.000000 0.166876
353.000000 0.167903
354.000000 0.169204
355.000000 0.170394
356.000000 0.171429
357.000000 0.172568
358.000000 0.173918
359.000000 0.175355
360.000000 0.176755
361.000000 0.178291
362.000000 0.179989
363.000000 0.181852
364.000000 0.183789
365.000000 0.185763
366.000000 0.187906
367.000000 0.190255
368.000000 0.192695
369.000000 0.195000
370.000000 0.197204
371.000000 0.199897
372.000000 0.202735
373.000000 0.204969
374.000000 0.207461
375.000000 0.210119
376.000000 0.212124
377.000000 0.214305
378.000000 0.217073
379.000000 0.220133
380.000000 0.223298
381.000000 0.226027
382.000000 0.228388
383.000000 0.231236
384.000000 0.234542
385.000000 0.237721
386.000000 0.240560
387.000000 0.243139
388.000000 0.245886
389.000000 0.248970
390.000000 0.252193
391.000000 0.255496
392.000000 0.258870
393.000000 0.262095
394.000000 0.265105
395.000000 0.268309
396.000000 0.271384
397.000000 0.273862
398.000000 0.276654
399.000000 0.279792
400.000000 0.282615
401.000000 0.285314
402.000000 0.287959
403.000000 0.290598
404.000000 0.293117
405.000000 0.295568
406.000000 0.298044
407.000000 0.300371
408.000000 0.302712
409.000000 0.304999
410.000000 0.307116
411.000000 0.309420
412.000000 0.311614
413.000000 0.313149
414.000000 0.314727
415.000000 0.316563
416.000000 0.318396
417.000000 0.320064
418.000000 0.321390
419.000000 0.322537
420.000000 0.323545
421.000000 0.324398
422.000000 0.325050
423.000000 0.325481
424.000000 0.325683
425.000000 0.325696
426.000000 0.325608
427.000000 0.325512
428.000000 0.325203
429.000000 0.324774
430.000000 0.324356
431.000000 0.323765
432.000000 0.322977
433.000000 0.322111
434.000000 0.321288
435.000000 0.320405
436.000000 0.319411
437.000000 0.318266
438.000000 0.317007
439.000000 0.315750
440.000000 0.314377
441.000000 0.312903
442.000000 0.311319
443.000000 0.309436
444.000000 0.307326
445.000000 0.305205
446.000000 0.303062
447.000000 0.300743
448.000000 0.298266
449.000000 0.295766
450.000000 0.293217
451.000000 0.290505
452.000000 0.287640
453.000000 0.284764
454.000000 0.281735
455.000000 0.278715
456.000000 0.275602
457.000000 0.272123
458.000000 0.268765
459.000000 0.265452
460.000000 0.262262
461.000000 0.259285
462.000000 0.256171
463.000000 0.253005
464.000000 0.249906
465.000000 0.247010
466.000000 0.244378
467.000000 0.241793
468.000000 0.239330
469.000000 0.237001
470.000000 0.234751
471.000000 0.232658
472.000000 0.230734
473.000000 0.229018
474.000000 0.227402
475.000000 0.225869
476.000000 0.224434
477.000000 0.223101
478.000000 0.221937
479.000000 0.220875
480.000000 0.219955
481.000000 0.219142
482.000000 0.218438
483.000000 0.217854
484.000000 0.217348
485.000000 0.216949
486.000000 0.216550
487.000000 0.216161
488.000000 0.215880
489.000000 0.215540
490.000000 0.215578
491.000000 0.215831
492.000000 0.215845
493.000000 0.216019
494.000000 0.216241
495.000000 0.216594
496.000000 0.216877
497.000000 0.216912
498.000000 0.216725
499.000000 0.216417
500.000000 0.216324
501.000000 0.216404
502.000000 0.216595
503.000000 0.217104
504.000000 0.217500
505.000000 0.217611
506.000000 0.217751
507.000000 0.217814
508.000000 0.218216
509.000000 0.218695
510.000000 0.218710
511.000000 0.218961
512.000000 0.219562
513.000000 0.220235
514.000000 0.220810
515.000000 0.221107
516.000000 0.221062
517.000000 0.221050
518.000000 0.221290
519.000000 0.221431
520.000000 0.221668
521.000000 0.221809
522.000000 0.222099
523.000000 0.222630
524.000000 0.222924
525.000000 0.223053
526.000000 0.223101
527.000000 0.223180
528.000000 0.223127
529.000000 0.223144
530.000000 0.223311
531.000000 0.223569
532.000000 0.223601
533.000000 0.223507
534.000000 0.223745
535.000000 0.223433
536.000000 0.222858
537.000000 0.222711
538.000000 0.222391
539.000000 0.222089
540.000000 0.221755
541.000000 0.221157
542.000000 0.221017
543.000000 0.220668
544.000000 0.220003
545.000000 0.219331
546.000000 0.218400
547.000000 0.217558
548.000000 0.216843
549.000000 0.216031
550.000000 0.215103
551.000000 0.214098
552.000000 0.213022
553.000000 0.211990
554.000000 0.210957
555.000000 0.209750
556.000000 0.208561
557.000000 0.207419
558.000000 0.206118
559.000000 0.204847
560.000000 0.203691
561.000000 0.202553
562.000000 0.201196
563.000000 0.199784
564.000000 0.198418
565.000000 0.197105
566.000000 0.195807
567.000000 0.194361
568.000000 0.192817
569.000000 0.191249
570.000000 0.189753
571.000000 0.188316
572.000000 0.186835
573.000000 0.185260
574.000000 0.183592
575.000000 0.181943
576.000000 0.180347
577.000000 0.178720
578.000000 0.177092
579.000000 0.175428
580.000000 0.173719
581.000000 0.172027
582.000000 0.170365
583.000000 0.168568
584.000000 0.166751
585.000000 0.164955
586.000000 0.163068
587.000000 0.161191
588.000000 0.159440
589.000000 0.157787
590.000000 0.156082
591.000000 0.154422
592.000000 0.152899
593.000000 0.151362
594.000000 0.149668
595.000000 0.147889
596.000000 0.146206
597.000000 0.144597
598.000000 0.142875
599.000000 0.141251
600.000000 0.139812
601.000000 0.138306
602.000000 0.136749
603.000000 0.135292
604.000000 0.133966
605.000000 0.132713
606.000000 0.131544
607.000000 0.130403
608.000000 0.129222
609.000000 0.128071
610.000000 0.127045
611.000000 0.126108
612.000000 0.125180
613.000000 0.124301
614.000000 0.123397
615.000000 0.122615
616.000000 0.122021
617.000000 0.121459
618.000000 0.120930
619.000000 0.120424
620.000000 0.119895
621.000000 0.119413
622.000000 0.119073
623.000000 0.118783
624.000000 0.118584
625.000000 0.118460
626.000000 0.118327
627.000000 0.118168
628.000000 0.118002
629.000000 0.117932
630.000000 0.117880
631.000000 0.117737
632.000000 0.117590
633.000000 0.117522
634.000000 0.117491
635.000000 0.117407
636.000000 0.117185
637.000000 0.116834
638.000000 0.116511
639.000000 0.116236
640.000000 0.115901
641.000000 0.115513
642.000000 0.115111
643.000000 0.114647
644.000000 0.114090
645.000000 0.113539
646.000000 0.112986
647.000000 0.112402
648.000000 0.111860
649.000000 0.111347
650.000000 0.110808
651.000000 0.110261
652.000000 0.109702
653.000000 0.109211
654.000000 0.108804
655.000000 0.108402
656.000000 0.108048
657.000000 0.107721
658.000000 0.107389
659.000000 0.107084
660.000000 0.106863
661.000000 0.106739
662.000000 0.106551
663.000000 0.106319
664.000000 0.106165
665.000000 0.106013
666.000000 0.105881
667.000000 0.105839
668.000000 0.105826
669.000000 0.105789
670.000000 0.105750
671.000000 0.105665
672.000000 0.105610
673.000000 0.105609
674.000000 0.105601
675.000000 0.105562
676.000000 0.105529
677.000000 0.105563
678.000000 0.105590
679.000000 0.105590
680.000000 0.105594
681.000000 0.105602
682.000000 0.105601
683.000000 0.105590
684.000000 0.105601
685.000000 0.105657
686.000000 0.105793
687.000000 0.105948
688.000000 0.106074
689.000000 0.106265
690.000000 0.106508
691.000000 0.106767
692.000000 0.106999
693.000000 0.107190
694.000000 0.107459
695.000000 0.107838
696.000000 0.108230
697.000000 0.108691
698.000000 0.109226
699.000000 0.109748
700.000000 0.110316
701.000000 0.110937
702.000000 0.111584
703.000000 0.112269
704.000000 0.113014
705.000000 0.113803
706.000000 0.114580
707.000000 0.115423
708.000000 0.116339
709.000000 0.117210
710.000000 0.118044
711.000000 0.118970
712.000000 0.119952
713.000000 0.120914
714.000000 0.121868
715.000000 0.122792
716.000000 0.123707
717.000000 0.124659
718.000000 0.125611
719.000000 0.126481
720.000000 0.127292
721.000000 0.128094
722.000000 0.128874
723.000000 0.129589
724.000000 0.130171
725.000000 0.130635
726.000000 0.131085
727.000000 0.131507
728.000000 0.131798
729.000000 0.131916
730.000000 0.131907
731.000000 0.131783
732.000000 0.131533
733.000000 0.131177
734.000000 0.130693
735.000000 0.130056
736.000000 0.129283
737.000000 0.128328
738.000000 0.127180
739.000000 0.125829
740.000000 0.124346
741.000000 0.122737
742.000000 0.120977
743.000000 0.119107
744.000000 0.117115
745.000000 0.115022
746.000000 0.112791
747.000000 0.110433
748.000000 0.108033
749.000000 0.105553
750.000000 0.102999
751.000000 0.100490
752.000000 0.097958
753.000000 0.095340
754.000000 0.092698
755.000000 0.090045
756.000000 0.087377
757.000000 0.084760
758.000000 0.082260
759.000000 0.079794
760.000000 0.077316
761.000000 0.074876
762.000000 0.072526
763.000000 0.070298
764.000000 0.068127
765.000000 0.065990
766.000000 0.063914
767.000000 0.061906
768.000000 0.059980
769.000000 0.058137
770.000000 0.056377
771.000000 0.054633
772.000000 0.052976
773.000000 0.051464
774.000000 0.050040
775.000000 0.048665
776.000000 0.047201
777.000000 0.045737
778.000000 0.044400
779.000000 0.043117
780.000000 0.041884
781.000000 0.040732
782.000000 0.039634
783.000000 0.038636
784.000000 0.037692
785.000000 0.036645
786.000000 0.035562
787.000000 0.034569
788.000000 0.033678
789.000000 0.032836
790.000000 0.031984
791.000000 0.031086
792.000000 0.030237
793.000000 0.029435
794.000000 0.028659
795.000000 0.027963
796.000000 0.027273
797.000000 0.026502
798.000000 0.025745
799.000000 0.025052
800.000000 0.024404
801.000000 0.023827
802.000000 0.023222
803.000000 0.022583
804.000000 0.021930
805.000000 0.021314
806.000000 0.020773
807.000000 0.020245
808.000000 0.019735
809.000000 0.019253
810.000000 0.018744
811.000000 0.018251
812.000000 0.017828
813.000000 0.017393
814.000000 0.016926
815.000000 0.016478
816.000000 0.016019
817.000000 0.015588
818.000000 0.015232
819.000000 0.014902
820.000000 0.014568
821.000000 0.014232
822.000000 0.013914
823.000000 0.013600
824.000000 0.013307
825.000000 0.012980
826.000000 0.012707
827.000000 0.012486
828.000000 0.012193
829.000000 0.011895
830.000000 0.011630
831.000000 0.011369
832.000000 0.011137
833.000000 0.010967
834.000000 0.010761
835.000000 0.010539
836.000000 0.010329
837.000000 0.010116
838.000000 0.009938
839.000000 0.009787
840.000000 0.009606
841.000000 0.009363
842.000000 0.009168
843.000000 0.009037
844.000000 0.008899
845.000000 0.008731
846.000000 0.008543
847.000000 0.008374
848.000000 0.008241
849.000000 0.008108
850.000000 0.007947
851.000000 0.007799
852.000000 0.007649
853.000000 0.007546
854.000000 0.007476
855.000000 0.007325
856.000000 0.007135
857.000000 0.007011
858.000000 0.006930
859.000000 0.006843
860.000000 0.006797
861.000000 0.006773
862.000000 0.006689
863.000000 0.006581
864.000000 0.006479
865.000000 0.006402
866.000000 0.006332
867.000000 0.006250
868.000000 0.006236
869.000000 0.006210
870.000000 0.006135
871.000000 0.006043
872.000000 0.005921
873.000000 0.005823
874.000000 0.005755
875.000000 0.005694
876.000000 0.005614
877.000000 0.005538
878.000000 0.005500
879.000000 0.005455
880.000000 0.005363
881.000000 0.005271
882.000000 0.005237
883.000000 0.005220
884.000000 0.005157
885.000000 0.005084
886.000000 0.005004
887.000000 0.004917
888.000000 0.004865
889.000000 0.004827
890.000000 0.004797
891.000000 0.004755
892.000000 0.004726
893.000000 0.004683
894.000000 0.004647
895.000000 0.004612
896.000000 0.004551
897.000000 0.004512
898.000000 0.004491
899.000000 0.004457
900.000000 0.004420
901.000000 0.004402
902.000000 0.004372
903.000000 0.004357
904.000000 0.004349
905.000000 0.004325
906.000000 0.004298
907.000000 0.004262
908.000000 0.004209
909.000000 0.004168
910.000000 0.004168
911.000000 0.004152
912.000000 0.004117
913.000000 0.004083
914.000000 0.004063
915.000000 0.004053
916.000000 0.004019
917.000000 0.003966
918.000000 0.003910
919.000000 0.003847
920.000000 0.003799
921.000000 0.003775
922.000000 0.003751
923.000000 0.003707
924.000000 0.003634
925.000000 0.003584
926.000000 0.003553
927.000000 0.003533
928.000000 0.003517
929.000000 0.003469
930.000000 0.003438
931.000000 0.003430
932.000000 0.003438
933.000000 0.003430
934.000000 0.003400
935.000000 0.003378
936.000000 0.003332
937.000000 0.003298
938.000000 0.003310
939.000000 0.003341
940.000000 0.003361
941.000000 0.003343
942.000000 0.003357
943.000000 0.003388
944.000000 0.003391
945.000000 0.003390
946.000000 0.003367
947.000000 0.003332
948.000000 0.003279
949.000000 0.003242
950.000000 0.003241
