315.000000 0.115461
316.000000 0.115081
317.000000 0.115418
318.000000 0.115535
319.000000 0.115761
320.000000 0.116029
321.000000 0.116445
322.000000 0.116790
323.000000 0.116903
324.000000 0.117287
325.000000 0.117335
326.000000 0.117557
327.000000 0.118127
328.000000 0.118786
329.000000 0.118937
330.000000 0.118539
331.000000 0.118838
332.000000 0.119465
333.000000 0.119589
334.000000 0.119303
335.000000 0.119463
336.000000 0.120050
337.000000 0.120475
338.000000 0.120603
339.000000 0.120875
340.000000 0.121306
341.000000 0.121398
342.000000 0.121526
343.000000 0.122219
344.000000 0.123059
345.000000 0.124006
346.000000 0.124958
347.000000 0.125814
348.000000 0.126793
349.000000 0.127668
350.000000 0.128285
351.000000 0.128979
352.000000 0.129839
353.000000 0.130556
354.000000 0.131477
355.000000 0.132531
356.000000 0.133578
357.000000 0.134731
358.000000 0.135858
359.000000 0.137103
360.000000 0.138488
361.000000 0.139977
362.000000 0.141569
363.000000 0.143145
364.000000 0.144640
365.000000 0.146322
366.000000 0.148160
367.000000 0.149886
368.000000 0.151512
369.000000 0.152996
370.000000 0.154314
371.000000 0.156008
372.000000 0.157724
373.000000 0.158642
374.000000 0.159687
375.000000 0.161447
376.000000 0.163405
377.000000 0.165211
378.000000 0.166963
379.000000 0.169145
380.000000 0.171235
381.000000 0.173140
382.000000 0.175248
383.000000 0.177603
384.000000 0.179867
385.000000 0.181881
386.000000 0.183756
387.000000 0.184948
388.000000 0.185666
389.000000 0.186758
390.000000 0.188071
391.000000 0.189125
392.000000 0.190330
393.000000 0.191717
394.000000 0.192918
395.000000 0.194002
396.000000 0.195009
397.000000 0.195923
398.000000 0.197249
399.000000 0.198847
400.000000 0.200218
401.000000 0.201400
402.000000 0.202667
403.000000 0.204096
404.000000 0.205540
405.000000 0.206959
406.000000 0.208285
407.000000 0.209349
408.000000 0.210484
409.000000 0.211782
410.000000 0.213018
411.000000 0.214378
412.000000 0.215661
413.000000 0.216420
414.000000 0.217134
415.000000 0.218013
416.000000 0.219000
417.000000 0.220236
418.000000 0.221220
419.000000 0.221875
420.000000 0.222661
421.000000 0.223458
422.000000 0.223909
423.000000 0.223961
424.000000 0.223825
425.000000 0.223664
426.000000 0.223452
427.000000 0.223175
428.000000 0.222646
429.000000 0.221903
430.000000 0.221113
431.000000 0.220208
432.000000 0.219045
433.000000 0.217793
434.000000 0.216608
435.000000 0.215405
436.000000 0.214133
437.000000 0.212727
438.000000 0.211258
439.000000 0.209831
440.000000 0.208435
441.000000 0.207027
442.000000 0.205532
443.000000 0.203930
444.000000 0.202283
445.000000 0.200677
446.000000 0.199013
447.000000 0.197261
448.000000 0.195499
449.000000 0.193720
450.000000 0.191947
451.000000 0.190055
452.000000 0.188106
453.000000 0.186224
454.000000 0.184242
455.000000 0.182209
456.000000 0.180079
457.000000 0.177838
458.000000 0.175813
459.000000 0.173848
460.000000 0.171912
461.000000 0.170100
462.000000 0.168233
463.000000 0.166388
464.000000 0.164632
465.000000 0.162983
466.000000 0.161482
467.000000 0.160007
468.000000 0.158658
469.000000 0.157457
470.000000 0.156265
471.000000 0.155172
472.000000 0.154234
473.000000 0.153513
474.000000 0.152828
475.000000 0.152155
476.000000 0.151606
477.000000 0.151128
478.000000 0.150756
479.000000 0.150444
480.000000 0.150200
481.000000 0.150019
482.000000 0.149983
483.000000 0.150080
484.000000 0.150251
485.000000 0.150552
486.000000 0.150905
487.000000 0.151277
488.000000 0.151671
489.000000 0.151975
490.000000 0.152346
491.000000 0.152701
492.000000 0.153130
493.000000 0.153815
494.000000 0.154408
495.000000 0.155023
496.000000 0.156161
497.000000 0.157393
498.000000 0.157995
499.000000 0.158245
500.000000 0.158592
501.000000 0.159053
502.000000 0.159610
503.000000 0.160436
504.000000 0.161237
505.000000 0.162003
506.000000 0.162678
507.000000 0.163259
508.000000 0.164254
509.000000 0.165312
510.000000 0.165940
511.000000 0.166357
512.000000 0.166915
513.000000 0.167855
514.000000 0.168805
515.000000 0.169638
516.000000 0.170201
517.000000 0.170601
518.000000 0.171282
519.000000 0.172025
520.000000 0.172633
521.000000 0.173006
522.000000 0.173356
523.000000 0.174037
524.000000 0.174647
525.000000 0.174913
526.000000 0.175282
527.000000 0.175663
528.000000 0.176201
529.000000 0.176867
530.000000 0.177555
531.000000 0.178278
532.000000 0.178776
533.000000 0.179418
534.000000 0.180214
535.000000 0.180314
536.000000 0.180042
537.000000 0.180187
538.000000 0.180542
539.000000 0.181039
540.000000 0.181581
541.000000 0.181800
542.000000 0.182149
543.000000 0.182679
544.000000 0.182950
545.000000 0.183148
546.000000 0.183221
547.000000 0.183281
548.000000 0.183347
549.000000 0.183364
550.000000 0.183349
551.000000 0.183216
552.000000 0.182993
553.000000 0.182712
554.000000 0.182560
555.000000 0.182446
556.000000 0.182147
557.000000 0.181810
558.000000 0.181562
559.000000 0.181309
560.000000 0.181233
561.000000 0.181293
562.000000 0.181207
563.000000 0.181035
564.000000 0.180878
565.000000 0.180755
566.000000 0.180621
567.000000 0.180417
568.000000 0.180202
569.000000 0.179910
570.000000 0.179590
571.000000 0.179425
572.000000 0.179256
573.000000 0.179042
574.000000 0.178845
575.000000 0.178625
576.000000 0.178538
577.000000 0.178397
578.000000 0.178149
579.000000 0.177988
580.000000 0.177929
581.000000 0.177977
582.000000 0.178014
583.000000 0.178041
584.000000 0.178053
585.000000 0.178066
586.000000 0.178121
587.000000 0.178209
588.000000 0.178310
589.000000 0.178389
590.000000 0.178618
591.000000 0.179016
592.000000 0.179503
593.000000 0.179892
594.000000 0.180100
595.000000 0.180399
596.000000 0.180850
597.000000 0.181364
598.000000 0.181812
599.000000 0.182316
600.000000 0.182920
601.000000 0.183547
602.000000 0.184269
603.000000 0.184996
604.000000 0.185793
605.000000 0.186673
606.000000 0.187617
607.000000 0.188677
608.000000 0.189701
609.000000 0.190785
610.000000 0.192104
611.000000 0.193446
612.000000 0.194787
613.000000 0.196168
614.000000 0.197610
615.000000 0.199221
616.000000 0.200810
617.000000 0.202497
618.000000 0.204387
619.000000 0.206210
620.000000 0.207994
621.000000 0.209898
622.000000 0.211859
623.000000 0.213881
624.000000 0.216132
625.000000 0.218439
626.000000 0.220789
627.000000 0.223204
628.000000 0.225612
629.000000 0.228203
630.000000 0.231005
631.000000 0.233892
632.000000 0.236703
633.000000 0.239593
634.000000 0.242728
635.000000 0.245854
636.000000 0.248934
637.000000 0.252143
638.000000 0.255409
639.000000 0.258746
640.000000 0.262231
641.000000 0.265772
642.000000 0.269187
643.000000 0.272655
644.000000 0.276361
645.000000 0.280022
646.000000 0.283737
647.000000 0.287710
648.000000 0.291781
649.000000 0.295739
650.000000 0.299750
651.000000 0.303972
652.000000 0.308264
653.000000 0.312470
654.000000 0.316709
655.000000 0.321161
656.000000 0.325691
657.000000 0.330027
658.000000 0.334345
659.000000 0.338888
660.000000 0.343506
661.000000 0.348001
662.000000 0.352399
663.000000 0.356929
664.000000 0.361466
665.000000 0.365757
666.000000 0.369858
667.000000 0.373981
668.000000 0.378051
669.000000 0.381851
670.000000 0.385455
671.000000 0.389013
672.000000 0.392442
673.000000 0.395720
674.000000 0.398642
675.000000 0.401298
676.000000 0.403962
677.000000 0.406524
678.000000 0.408894
679.000000 0.411013
680.000000 0.412969
681.000000 0.414866
682.000000 0.416665
683.000000 0.418358
684.000000 0.419911
685.000000 0.421385
686.000000 0.422967
687.000000 0.424628
688.000000 0.426304
689.000000 0.428077
690.000000 0.429893
691.000000 0.431845
692.000000 0.434060
693.000000 0.436492
694.000000 0.439230
695.000000 0.442312
696.000000 0.445588
697.000000 0.449216
698.000000 0.453295
699.000000 0.457808
700.000000 0.462841
701.000000 0.468254
702.000000 0.473806
703.000000 0.479696
704.000000 0.486220
705.000000 0.493221
706.000000 0.500570
707.000000 0.508300
708.000000 0.516402
709.000000 0.524834
710.000000 0.533232
711.000000 0.541821
712.000000 0.550924
713.000000 0.560170
714.000000 0.569463
715.000000 0.578819
716.000000 0.588255
717.000000 0.597708
718.000000 0.607079
719.000000 0.615954
720.000000 0.624471
721.000000 0.632990
722.000000 0.641311
723.000000 0.649342
724.000000 0.656980
725.000000 0.664156
726.000000 0.670852
727.000000 0.677164
728.000000 0.683063
729.000000 0.688368
730.000000 0.693139
731.000000 0.697165
732.000000 0.700555
733.000000 0.703563
734.000000 0.706008
735.000000 0.707850
736.000000 0.709084
737.000000 0.709565
738.000000 0.709193
739.000000 0.708007
740.000000 0.706034
741.000000 0.703212
742.000000 0.699517
743.000000 0.694990
744.000000 0.689581
745.000000 0.683285
746.000000 0.676106
747.000000 0.667999
748.000000 0.659007
749.000000 0.649123
750.000000 0.638389
751.000000 0.626946
752.000000 0.614818
753.000000 0.601879
754.000000 0.588094
755.000000 0.573622
756.000000 0.558603
757.000000 0.543110
758.000000 0.527259
759.000000 0.510954
760.000000 0.494237
761.000000 0.477302
762.000000 0.460312
763.000000 0.443313
764.000000 0.426216
765.000000 0.408899
766.000000 0.391583
767.000000 0.374596
768.000000 0.358036
769.000000 0.341842
770.000000 0.326005
771.000000 0.310558
772.000000 0.295556
773.000000 0.281072
774.000000 0.267006
775.000000 0.253410
776.000000 0.239548
777.000000 0.226031
778.000000 0.213796
779.000000 0.202339
780.000000 0.191529
781.000000 0.181282
782.000000 0.171564
783.000000 0.162437
784.000000 0.153824
785.000000 0.145583
786.000000 0.137733
787.000000 0.130345
788.000000 0.123161
789.000000 0.116366
790.000000 0.110233
791.000000 0.104513
792.000000 0.099185
793.000000 0.094176
794.000000 0.089415
795.000000 0.084940
796.000000 0.080697
797.000000 0.076517
798.000000 0.072545
799.000000 0.068954
800.000000 0.065628
801.000000 0.062514
802.000000 0.059586
803.000000 0.056829
804.000000 0.054135
805.000000 0.051550
806.000000 0.049218
807.000000 0.047039
808.000000 0.044959
809.000000 0.043054
810.000000 0.041187
811.000000 0.039348
812.000000 0.037727
813.000000 0.036213
814.000000 0.034788
815.000000 0.033437
816.000000 0.032054
817.000000 0.030746
818.000000 0.029538
819.000000 0.028379
820.000000 0.027299
821.000000 0.026311
822.000000 0.025372
823.000000 0.024436
824.000000 0.023596
825.000000 0.022824
826.000000 0.022094
827.000000 0.021393
828.000000 0.020646
829.000000 0.019894
830.000000 0.019206
831.000000 0.018604
832.000000 0.018041
833.000000 0.017515
834.000000 0.016995
835.000000 0.016468
836.000000 0.015949
837.000000 0.015452
838.000000 0.015013
839.000000 0.014614
840.000000 0.014203
841.000000 0.013745
842.000000 0.013325
843.000000 0.012993
844.000000 0.012691
845.000000 0.012397
846.000000 0.012093
847.000000 0.011768
848.000000 0.011444
849.000000 0.011152
850.000000 0.010883
851.000000 0.010608
852.000000 0.010295
853.000000 0.010019
854.000000 0.009797
855.000000 0.009527
856.000000 0.009223
857.000000 0.008973
858.000000 0.008796
859.000000 0.008636
860.000000 0.008464
861.000000 0.008299
862.000000 0.008135
863.000000 0.007976
864.000000 0.007822
865.000000 0.007676
866.000000 0.007520
867.000000 0.007394
868.000000 0.007297
869.000000 0.007172
870.000000 0.007056
871.000000 0.006937
872.000000 0.006798
873.000000 0.006672
874.000000 0.006579
875.000000 0.006497
876.000000 0.006359
877.000000 0.006204
878.000000 0.006110
879.000000 0.006041
880.000000 0.005950
881.000000 0.005828
882.000000 0.005713
883.000000 0.005629
884.000000 0.005558
885.000000 0.005480
886.000000 0.005393
887.000000 0.005323
888.000000 0.005263
889.000000 0.005207
890.000000 0.005128
891.000000 0.005033
892.000000 0.004988
893.000000 0.004948
894.000000 0.004898
895.000000 0.004844
896.000000 0.004776
897.000000 0.004695
898.000000 0.004623
899.000000 0.004571
900.000000 0.004513
901.000000 0.004430
902.000000 0.004346
903.000000 0.004342
904.000000 0.004340
905.000000 0.004293
906.000000 0.004266
907.000000 0.004252
908.000000 0.004202
909.000000 0.004159
910.000000 0.004131
911.000000 0.004087
912.000000 0.004032
913.000000 0.003966
914.000000 0.003900
915.000000 0.003859
916.000000 0.003838
917.000000 0.003782
918.000000 0.003717
919.000000 0.003655
920.000000 0.003625
921.000000 0.003618
922.000000 0.003585
923.000000 0.003513
924.000000 0.003421
925.000000 0.003352
926.000000 0.003325
927.000000 0.003313
928.000000 0.003283
929.000000 0.003246
930.000000 0.003217
931.000000 0.003179
932.000000 0.003138
933.000000 0.003100
934.000000 0.003068
935.000000 0.003036
936.000000 0.003014
937.000000 0.003009
938.000000 0.003008
939.000000 0.003022
940.000000 0.003025
941.000000 0.003003
942.000000 0.002995
943.000000 0.003019
944.000000 0.003057
945.000000 0.003083
946.000000 0.003070
947.000000 0.003054
948.000000 0.003005
949.000000 0.002962
950.000000 0.002972
