315.000000 0.128219
316.000000 0.128432
317.000000 0.129635
318.000000 0.130696
319.000000 0.131579
320.000000 0.131361
321.000000 0.131080
322.000000 0.131431
323.000000 0.131464
324.000000 0.131156
325.000000 0.130944
326.000000 0.131396
327.000000 0.131915
328.000000 0.131939
329.000000 0.131828
330.000000 0.131966
331.000000 0.132272
332.000000 0.132840
333.000000 0.133098
334.000000 0.133017
335.000000 0.133419
336.000000 0.134176
337.000000 0.134839
338.000000 0.135167
339.000000 0.135411
340.000000 0.135848
341.000000 0.135861
342.000000 0.135598
343.000000 0.135669
344.000000 0.136227
345.000000 0.136883
346.000000 0.137477
347.000000 0.138261
348.000000 0.139183
349.000000 0.140033
350.000000 0.140615
351.000000 0.141197
352.000000 0.141922
353.000000 0.142608
354.000000 0.143378
355.000000 0.144421
356.000000 0.145448
357.000000 0.146452
358.000000 0.147580
359.000000 0.148774
360.000000 0.150084
361.000000 0.151452
362.000000 0.152921
363.000000 0.154552
364.000000 0.156275
365.000000 0.157403
366.000000 0.158966
367.000000 0.161447
368.000000 0.163593
369.000000 0.165405
370.000000 0.167076
371.000000 0.168820
372.000000 0.170887
373.000000 0.173155
374.000000 0.175676
375.000000 0.178205
376.000000 0.179905
377.000000 0.181471
378.000000 0.183761
379.000000 0.186298
380.000000 0.188452
381.000000 0.190519
382.000000 0.192622
383.000000 0.194799
384.000000 0.197317
385.000000 0.199813
386.000000 0.202011
387.000000 0.203938
388.000000 0.205828
389.000000 0.207730
390.000000 0.209723
391.000000 0.211866
392.000000 0.214254
393.000000 0.216539
394.000000 0.218595
395.000000 0.220772
396.000000 0.222673
397.000000 0.224291
398.000000 0.226373
399.000000 0.228795
400.000000 0.230920
401.000000 0.232920
402.000000 0.234946
403.000000 0.237003
404.000000 0.239024
405.000000 0.241053
406.000000 0.243107
407.000000 0.245050
408.000000 0.247091
409.000000 0.249041
410.000000 0.250724
411.000000 0.252533
412.000000 0.254375
413.000000 0.255792
414.000000 0.257305
415.000000 0.258998
416.000000 0.260677
417.000000 0.262422
418.000000 0.263790
419.000000 0.264788
420.000000 0.265792
421.000000 0.266798
422.000000 0.267431
423.000000 0.267706
424.000000 0.267900
425.000000 0.267944
426.000000 0.267947
427.000000 0.267940
428.000000 0.267691
429.000000 0.267314
430.000000 0.266802
431.000000 0.266025
432.000000 0.265137
433.000000 0.264297
434.000000 0.263369
435.000000 0.262248
436.000000 0.261032
437.000000 0.259823
438.000000 0.258516
439.000000 0.257077
440.000000 0.255644
441.000000 0.254149
442.000000 0.252581
443.000000 0.250851
444.000000 0.248854
445.000000 0.246902
446.000000 0.244908
447.000000 0.242820
448.000000 0.240679
449.000000 0.238361
450.000000 0.236104
451.000000 0.233739
452.000000 0.231230
453.000000 0.228806
454.000000 0.226213
455.000000 0.223536
456.000000 0.220815
457.000000 0.218009
458.000000 0.215384
459.000000 0.212772
460.000000 0.210218
461.000000 0.207786
462.000000 0.205291
463.000000 0.202829
464.000000 0.200436
465.000000 0.198206
466.000000 0.196201
467.000000 0.194281
468.000000 0.192463
469.000000 0.190793
470.000000 0.189240
471.000000 0.187940
472.000000 0.186783
473.000000 0.185671
474.000000 0.184685
475.000000 0.183818
476.000000 0.183036
477.000000 0.182400
478.000000 0.181905
479.000000 0.181528
480.000000 0.181357
481.000000 0.181265
482.000000 0.181277
483.000000 0.181378
484.000000 0.181554
485.000000 0.181877
486.000000 0.182213
487.000000 0.182531
488.000000 0.182932
489.000000 0.183461
490.000000 0.184233
491.000000 0.184869
492.000000 0.185445
493.000000 0.186273
494.000000 0.186969
495.000000 0.187714
496.000000 0.188569
497.000000 0.189400
498.000000 0.189954
499.000000 0.190457
500.000000 0.191346
501.000000 0.192357
502.000000 0.193214
503.000000 0.194275
504.000000 0.195376
505.000000 0.196151
506.000000 0.196898
507.000000 0.197580
508.000000 0.198407
509.000000 0.199251
510.000000 0.199667
511.000000 0.200540
512.000000 0.201732
513.000000 0.202686
514.000000 0.203566
515.000000 0.204207
516.000000 0.204760
517.000000 0.205483
518.000000 0.206547
519.000000 0.207518
520.000000 0.208145
521.000000 0.208505
522.000000 0.208982
523.000000 0.209686
524.000000 0.210352
525.000000 0.210893
526.000000 0.211282
527.000000 0.211799
528.000000 0.212376
529.000000 0.212880
530.000000 0.213435
531.000000 0.214152
532.000000 0.214647
533.000000 0.215001
534.000000 0.215511
535.000000 0.215394
536.000000 0.214988
537.000000 0.215033
538.000000 0.215041
539.000000 0.215230
540.000000 0.215420
541.000000 0.215164
542.000000 0.215338
543.000000 0.215541
544.000000 0.215410
545.000000 0.215337
546.000000 0.215176
547.000000 0.214932
548.000000 0.214730
549.000000 0.214221
550.000000 0.213454
551.000000 0.212685
552.000000 0.211859
553.000000 0.211274
554.000000 0.210881
555.000000 0.210328
556.000000 0.209643
557.000000 0.209008
558.000000 0.208249
559.000000 0.207484
560.000000 0.206792
561.000000 0.206045
562.000000 0.205152
563.000000 0.204228
564.000000 0.203283
565.000000 0.202513
566.000000 0.201860
567.000000 0.200942
568.000000 0.199961
569.000000 0.199056
570.000000 0.198133
571.000000 0.197134
572.000000 0.196104
573.000000 0.195082
574.000000 0.194123
575.000000 0.193189
576.000000 0.192170
577.000000 0.191061
578.000000 0.189977
579.000000 0.188967
580.000000 0.187967
581.000000 0.186999
582.000000 0.186109
583.000000 0.185206
584.000000 0.184208
585.000000 0.183202
586.000000 0.182247
587.000000 0.181179
588.000000 0.180019
589.000000 0.179045
590.000000 0.178205
591.000000 0.177334
592.000000 0.176571
593.000000 0.175944
594.000000 0.175218
595.000000 0.174381
596.000000 0.173579
597.000000 0.172870
598.000000 0.172189
599.000000 0.171602
600.000000 0.171144
601.000000 0.170670
602.000000 0.170269
603.000000 0.169870
604.000000 0.169502
605.000000 0.169280
606.000000 0.169079
607.000000 0.168891
608.000000 0.168774
609.000000 0.168763
610.000000 0.168855
611.000000 0.169011
612.000000 0.169234
613.000000 0.169473
614.000000 0.169719
615.000000 0.170081
616.000000 0.170542
617.000000 0.171127
618.000000 0.171777
619.000000 0.172380
620.000000 0.173058
621.000000 0.173841
622.000000 0.174744
623.000000 0.175747
624.000000 0.176842
625.000000 0.178000
626.000000 0.179233
627.000000 0.180501
628.000000 0.181730
629.000000 0.183070
630.000000 0.184548
631.000000 0.186001
632.000000 0.187445
633.000000 0.189004
634.000000 0.190663
635.000000 0.192280
636.000000 0.193858
637.000000 0.195468
638.000000 0.197086
639.000000 0.198807
640.000000 0.200599
641.000000 0.202402
642.000000 0.204129
643.000000 0.205833
644.000000 0.207592
645.000000 0.209277
646.000000 0.210996
647.000000 0.212888
648.000000 0.214863
649.000000 0.216804
650.000000 0.218771
651.000000 0.220859
652.000000 0.222964
653.000000 0.224996
654.000000 0.227042
655.000000 0.229231
656.000000 0.231512
657.000000 0.233679
658.000000 0.235812
659.000000 0.238090
660.000000 0.240471
661.000000 0.242803
662.000000 0.245062
663.000000 0.247361
664.000000 0.249689
665.000000 0.251924
666.000000 0.254063
667.000000 0.256284
668.000000 0.258490
669.000000 0.260483
670.000000 0.262367
671.000000 0.264281
672.000000 0.266112
673.000000 0.267851
674.000000 0.269424
675.000000 0.270877
676.000000 0.272368
677.000000 0.273779
678.000000 0.275062
679.000000 0.276200
680.000000 0.277236
681.000000 0.278269
682.000000 0.279283
683.000000 0.280232
684.000000 0.281107
685.000000 0.281967
686.000000 0.282922
687.000000 0.283931
688.000000 0.284938
689.000000 0.285979
690.000000 0.287088
691.000000 0.288315
692.000000 0.289622
693.000000 0.291070
694.000000 0.292770
695.000000 0.294727
696.000000 0.296761
697.000000 0.298935
698.000000 0.301380
699.000000 0.304114
700.000000 0.307182
701.000000 0.310450
702.000000 0.313792
703.000000 0.317326
704.000000 0.321198
705.000000 0.325351
706.000000 0.329711
707.000000 0.334285
708.000000 0.339068
709.000000 0.343980
710.000000 0.348881
711.000000 0.353955
712.000000 0.359272
713.000000 0.364659
714.000000 0.370104
715.000000 0.375538
716.000000 0.380992
717.000000 0.386405
718.000000 0.391707
719.000000 0.396746
720.000000 0.401613
721.000000 0.406465
722.000000 0.411176
723.000000 0.415680
724.000000 0.419913
725.000000 0.423836
726.000000 0.427434
727.000000 0.430763
728.000000 0.433818
729.000000 0.436533
730.000000 0.438921
731.000000 0.440816
732.000000 0.442276
733.000000 0.443475
734.000000 0.444315
735.000000 0.444729
736.000000 0.444684
737.000000 0.444157
738.000000 0.443176
739.000000 0.441692
740.000000 0.439630
741.000000 0.437038
742.000000 0.433978
743.000000 0.430479
744.000000 0.426499
745.000000 0.421997
746.000000 0.416954
747.000000 0.411372
748.000000 0.405291
749.000000 0.398712
750.000000 0.391730
751.000000 0.384383
752.000000 0.376648
753.000000 0.368472
754.000000 0.359864
755.000000 0.350944
756.000000 0.341801
757.000000 0.332534
758.000000 0.323119
759.000000 0.313411
760.000000 0.303491
761.000000 0.293530
762.000000 0.283613
763.000000 0.273715
764.000000 0.263844
765.000000 0.253956
766.000000 0.244046
767.000000 0.234293
768.000000 0.224830
769.000000 0.215668
770.000000 0.206701
771.000000 0.197909
772.000000 0.189378
773.000000 0.181158
774.000000 0.173203
775.000000 0.165561
776.000000 0.157662
777.000000 0.149836
778.000000 0.142800
779.000000 0.136190
780.000000 0.129895
781.000000 0.123905
782.000000 0.118247
783.000000 0.112940
784.000000 0.107883
785.000000 0.102980
786.000000 0.098274
787.000000 0.093829
788.000000 0.089526
789.000000 0.085454
790.000000 0.081687
791.000000 0.078103
792.000000 0.074795
793.000000 0.071743
794.000000 0.068646
795.000000 0.065573
796.000000 0.062747
797.000000 0.060002
798.000000 0.057360
799.000000 0.054972
800.000000 0.052745
801.000000 0.050549
802.000000 0.048469
803.000000 0.046542
804.000000 0.044610
805.000000 0.042760
806.000000 0.041095
807.000000 0.039523
808.000000 0.038014
809.000000 0.036543
810.000000 0.035069
811.000000 0.033670
812.000000 0.032466
813.000000 0.031364
814.000000 0.030250
815.000000 0.029141
816.000000 0.028025
817.000000 0.026946
818.000000 0.025992
819.000000 0.025134
820.000000 0.024306
821.000000 0.023513
822.000000 0.022747
823.000000 0.021987
824.000000 0.021309
825.000000 0.020642
826.000000 0.019997
827.000000 0.019408
828.000000 0.018802
829.000000 0.018232
830.000000 0.017671
831.000000 0.017083
832.000000 0.016547
833.000000 0.016076
834.000000 0.015639
835.000000 0.015251
836.000000 0.014855
837.000000 0.014435
838.000000 0.014026
839.000000 0.013636
840.000000 0.013275
841.000000 0.012891
842.000000 0.012544
843.000000 0.012251
844.000000 0.011972
845.000000 0.011700
846.000000 0.011372
847.000000 0.011010
848.000000 0.010708
849.000000 0.010458
850.000000 0.010203
851.000000 0.009954
852.000000 0.009692
853.000000 0.009480
854.000000 0.009310
855.000000 0.009053
856.000000 0.008769
857.000000 0.008580
858.000000 0.008415
859.000000 0.008231
860.000000 0.008093
861.000000 0.007985
862.000000 0.007879
863.000000 0.007759
864.000000 0.007591
865.000000 0.007419
866.000000 0.007253
867.000000 0.007113
868.000000 0.006994
869.000000 0.006863
870.000000 0.006761
871.000000 0.006677
872.000000 0.006580
873.000000 0.006475
874.000000 0.006364
875.000000 0.006254
876.000000 0.006127
877.000000 0.005994
878.000000 0.005900
879.000000 0.005805
880.000000 0.005687
881.000000 0.005585
882.000000 0.005536
883.000000 0.005489
884.000000 0.005410
885.000000 0.005350
886.000000 0.005278
887.000000 0.005180
888.000000 0.005073
889.000000 0.004981
890.000000 0.004906
891.000000 0.004843
892.000000 0.004809
893.000000 0.004747
894.000000 0.004680
895.000000 0.004634
896.000000 0.004567
897.000000 0.004486
898.000000 0.004447
899.000000 0.004420
900.000000 0.004366
901.000000 0.004304
902.000000 0.004226
903.000000 0.004194
904.000000 0.004200
905.000000 0.004183
906.000000 0.004137
907.000000 0.004105
908.000000 0.004086
909.000000 0.004056
910.000000 0.004025
911.000000 0.003979
912.000000 0.003927
913.000000 0.003862
914.000000 0.003794
915.000000 0.003752
916.000000 0.003722
917.000000 0.003712
918.000000 0.003688
919.000000 0.003626
920.000000 0.003553
921.000000 0.003493
922.000000 0.003452
923.000000 0.003411
924.000000 0.003365
925.000000 0.003316
926.000000 0.003277
927.000000 0.003240
928.000000 0.003218
929.000000 0.003190
930.000000 0.003132
931.000000 0.003088
932.000000 0.003062
933.000000 0.003023
934.000000 0.002985
935.000000 0.002983
936.000000 0.002982
937.000000 0.002969
938.000000 0.002979
939.000000 0.002998
940.000000 0.003019
941.000000 0.003025
942.000000 0.003042
943.000000 0.003062
944.000000 0.003052
945.000000 0.003053
946.000000 0.003057
947.000000 0.003037
948.000000 0.002954
949.000000 0.002888
950.000000 0.002886
