315.000000 0.129013
316.000000 0.129389
317.000000 0.130273
318.000000 0.131385
319.000000 0.132355
320.000000 0.132305
321.000000 0.131699
322.000000 0.131497
323.000000 0.131753
324.000000 0.131918
325.000000 0.131940
326.000000 0.132462
327.000000 0.133425
328.000000 0.134355
329.000000 0.134777
330.000000 0.134793
331.000000 0.134728
332.000000 0.134916
333.000000 0.134992
334.000000 0.134834
335.000000 0.134945
336.000000 0.135347
337.000000 0.135849
338.000000 0.136211
339.000000 0.136477
340.000000 0.136994
341.000000 0.137420
342.000000 0.137904
343.000000 0.138461
344.000000 0.138764
345.000000 0.139003
346.000000 0.139538
347.000000 0.140537
348.000000 0.141618
349.000000 0.142475
350.000000 0.142947
351.000000 0.143570
352.000000 0.144513
353.000000 0.145379
354.000000 0.146298
355.000000 0.147187
356.000000 0.148243
357.000000 0.149328
358.000000 0.150240
359.000000 0.151413
360.000000 0.152604
361.000000 0.153808
362.000000 0.155310
363.000000 0.157093
364.000000 0.159013
365.000000 0.160751
366.000000 0.162425
367.000000 0.164396
368.000000 0.166474
369.000000 0.168345
370.000000 0.170133
371.000000 0.172178
372.000000 0.174301
373.000000 0.176390
374.000000 0.178443
375.000000 0.180614
376.000000 0.182494
377.000000 0.184098
378.000000 0.186335
379.000000 0.188845
380.000000 0.191145
381.000000 0.193366
382.000000 0.195674
383.000000 0.198198
384.000000 0.200858
385.000000 0.203631
386.000000 0.206227
387.000000 0.208352
388.000000 0.210196
389.000000 0.212009
390.000000 0.214034
391.000000 0.216313
392.000000 0.219096
393.000000 0.221751
394.000000 0.223987
395.000000 0.226456
396.000000 0.228661
397.000000 0.230459
398.000000 0.232641
399.000000 0.235234
400.000000 0.237791
401.000000 0.240276
402.000000 0.242716
403.000000 0.245120
404.000000 0.247375
405.000000 0.249502
406.000000 0.251683
407.000000 0.253742
408.000000 0.255760
409.000000 0.257835
410.000000 0.259883
411.000000 0.261980
412.000000 0.264012
413.000000 0.265776
414.000000 0.267254
415.000000 0.268668
416.000000 0.270354
417.000000 0.272066
418.000000 0.273480
419.000000 0.274723
420.000000 0.275916
421.000000 0.276989
422.000000 0.277662
423.000000 0.278025
424.000000 0.278259
425.000000 0.278338
426.000000 0.278386
427.000000 0.278340
428.000000 0.278096
429.000000 0.277732
430.000000 0.277182
431.000000 0.276478
432.000000 0.275653
433.000000 0.274701
434.000000 0.273749
435.000000 0.272751
436.000000 0.271678
437.000000 0.270530
438.000000 0.269329
439.000000 0.268051
440.000000 0.266572
441.000000 0.265047
442.000000 0.263436
443.000000 0.261589
444.000000 0.259658
445.000000 0.257784
446.000000 0.255862
447.000000 0.253779
448.000000 0.251425
449.000000 0.248906
450.000000 0.246524
451.000000 0.244044
452.000000 0.241403
453.000000 0.238818
454.000000 0.236077
455.000000 0.233243
456.000000 0.230370
457.000000 0.227381
458.000000 0.224502
459.000000 0.221650
460.000000 0.218934
461.000000 0.216370
462.000000 0.213674
463.000000 0.211012
464.000000 0.208507
465.000000 0.206160
466.000000 0.204049
467.000000 0.202080
468.000000 0.200280
469.000000 0.198550
470.000000 0.196841
471.000000 0.195350
472.000000 0.194087
473.000000 0.192958
474.000000 0.191880
475.000000 0.190927
476.000000 0.190151
477.000000 0.189561
478.000000 0.189160
479.000000 0.188830
480.000000 0.188562
481.000000 0.188390
482.000000 0.188364
483.000000 0.188477
484.000000 0.188666
485.000000 0.188959
486.000000 0.189306
487.000000 0.189674
488.000000 0.190100
489.000000 0.190356
490.000000 0.190787
491.000000 0.191551
492.000000 0.192129
493.000000 0.192864
494.000000 0.193833
495.000000 0.194696
496.000000 0.195484
497.000000 0.196097
498.000000 0.196479
499.000000 0.197098
500.000000 0.198074
501.000000 0.198868
502.000000 0.199580
503.000000 0.200618
504.000000 0.201642
505.000000 0.202433
506.000000 0.203090
507.000000 0.203805
508.000000 0.205075
509.000000 0.206292
510.000000 0.206950
511.000000 0.207713
512.000000 0.208702
513.000000 0.209765
514.000000 0.210730
515.000000 0.211599
516.000000 0.212094
517.000000 0.212518
518.000000 0.213308
519.000000 0.214077
520.000000 0.214661
521.000000 0.215147
522.000000 0.215936
523.000000 0.216724
524.000000 0.217228
525.000000 0.217766
526.000000 0.218256
527.000000 0.218647
528.000000 0.218993
529.000000 0.219431
530.000000 0.220298
531.000000 0.221043
532.000000 0.221324
533.000000 0.221589
534.000000 0.221919
535.000000 0.221904
536.000000 0.221526
537.000000 0.221317
538.000000 0.221237
539.000000 0.221360
540.000000 0.221371
541.000000 0.221106
542.000000 0.221058
543.000000 0.220958
544.000000 0.220762
545.000000 0.220475
546.000000 0.220156
547.000000 0.219833
548.000000 0.219626
549.000000 0.219507
550.000000 0.219160
551.000000 0.218728
552.000000 0.218088
553.000000 0.217333
554.000000 0.216744
555.000000 0.216004
556.000000 0.215064
557.000000 0.214138
558.000000 0.213104
559.000000 0.212238
560.000000 0.211684
561.000000 0.211153
562.000000 0.210287
563.000000 0.209276
564.000000 0.208379
565.000000 0.207567
566.000000 0.206696
567.000000 0.205557
568.000000 0.204400
569.000000 0.203308
570.000000 0.202196
571.000000 0.201192
572.000000 0.200110
573.000000 0.198818
574.000000 0.197543
575.000000 0.196358
576.000000 0.195100
577.000000 0.193774
578.000000 0.192425
579.000000 0.191072
580.000000 0.189881
581.000000 0.188812
582.000000 0.187670
583.000000 0.186423
584.000000 0.185235
585.000000 0.184079
586.000000 0.182848
587.000000 0.181605
588.000000 0.180390
589.000000 0.179208
590.000000 0.177982
591.000000 0.176795
592.000000 0.175844
593.000000 0.174914
594.000000 0.173866
595.000000 0.172804
596.000000 0.171821
597.000000 0.170852
598.000000 0.169827
599.000000 0.168898
600.000000 0.168147
601.000000 0.167478
602.000000 0.166798
603.000000 0.166046
604.000000 0.165368
605.000000 0.164868
606.000000 0.164397
607.000000 0.163919
608.000000 0.163499
609.000000 0.163155
610.000000 0.162945
611.000000 0.162795
612.000000 0.162678
613.000000 0.162671
614.000000 0.162728
615.000000 0.162928
616.000000 0.163189
617.000000 0.163501
618.000000 0.163939
619.000000 0.164331
620.000000 0.164635
621.000000 0.165090
622.000000 0.165744
623.000000 0.166501
624.000000 0.167368
625.000000 0.168245
626.000000 0.169139
627.000000 0.170064
628.000000 0.171006
629.000000 0.172106
630.000000 0.173346
631.000000 0.174532
632.000000 0.175626
633.000000 0.176825
634.000000 0.178150
635.000000 0.179419
636.000000 0.180668
637.000000 0.181962
638.000000 0.183215
639.000000 0.184474
640.000000 0.185804
641.000000 0.187174
642.000000 0.188532
643.000000 0.189827
644.000000 0.191079
645.000000 0.192298
646.000000 0.193564
647.000000 0.194963
648.000000 0.196425
649.000000 0.197889
650.000000 0.199371
651.000000 0.200914
652.000000 0.202490
653.000000 0.204028
654.000000 0.205596
655.000000 0.207273
656.000000 0.208990
657.000000 0.210668
658.000000 0.212371
659.000000 0.214126
660.000000 0.215901
661.000000 0.217711
662.000000 0.219540
663.000000 0.221381
664.000000 0.223212
665.000000 0.224963
666.000000 0.226635
667.000000 0.228355
668.000000 0.230082
669.000000 0.231690
670.000000 0.233198
671.000000 0.234712
672.000000 0.236164
673.000000 0.237492
674.000000 0.238701
675.000000 0.239859
676.000000 0.241088
677.000000 0.242260
678.000000 0.243275
679.000000 0.244215
680.000000 0.245091
681.000000 0.245876
682.000000 0.246631
683.000000 0.247398
684.000000 0.248139
685.000000 0.248882
686.000000 0.249719
687.000000 0.250596
688.000000 0.251462
689.000000 0.252376
690.000000 0.253357
691.000000 0.254471
692.000000 0.255661
693.000000 0.256925
694.000000 0.258378
695.000000 0.260003
696.000000 0.261689
697.000000 0.263500
698.000000 0.265580
699.000000 0.267970
700.000000 0.270728
701.000000 0.273660
702.000000 0.276486
703.000000 0.279369
704.000000 0.282539
705.000000 0.285965
706.000000 0.289563
707.000000 0.293397
708.000000 0.297449
709.000000 0.301588
710.000000 0.305707
711.000000 0.309979
712.000000 0.314501
713.000000 0.319070
714.000000 0.323631
715.000000 0.328135
716.000000 0.332679
717.000000 0.337263
718.000000 0.341751
719.000000 0.345947
720.000000 0.350035
721.000000 0.354214
722.000000 0.358206
723.000000 0.361934
724.000000 0.365429
725.000000 0.368706
726.000000 0.371738
727.000000 0.374487
728.000000 0.376996
729.000000 0.379233
730.000000 0.381144
731.000000 0.382640
732.000000 0.383762
733.000000 0.384574
734.000000 0.385071
735.000000 0.385233
736.000000 0.385082
737.000000 0.384507
738.000000 0.383414
739.000000 0.381865
740.000000 0.379853
741.000000 0.377374
742.000000 0.374503
743.000000 0.371255
744.000000 0.367581
745.000000 0.363440
746.000000 0.358801
747.000000 0.353739
748.000000 0.348293
749.000000 0.342482
750.000000 0.336375
751.000000 0.329945
752.000000 0.323153
753.000000 0.315997
754.000000 0.308558
755.000000 0.300880
756.000000 0.293047
757.000000 0.285105
758.000000 0.277037
759.000000 0.268832
760.000000 0.260452
761.000000 0.252020
762.000000 0.243654
763.000000 0.235361
764.000000 0.227072
765.000000 0.218701
766.000000 0.210423
767.000000 0.202316
768.000000 0.194418
769.000000 0.186752
770.000000 0.179238
771.000000 0.171984
772.000000 0.164984
773.000000 0.158212
774.000000 0.151595
775.000000 0.145175
776.000000 0.138619
777.000000 0.132177
778.000000 0.126322
779.000000 0.120788
780.000000 0.115520
781.000000 0.110537
782.000000 0.105834
783.000000 0.101406
784.000000 0.097159
785.000000 0.092990
786.000000 0.089013
787.000000 0.085276
788.000000 0.081606
789.000000 0.078095
790.000000 0.074865
791.000000 0.071815
792.000000 0.068869
793.000000 0.066046
794.000000 0.063329
795.000000 0.060685
796.000000 0.058229
797.000000 0.055849
798.000000 0.053557
799.000000 0.051434
800.000000 0.049403
801.000000 0.047475
802.000000 0.045609
803.000000 0.043825
804.000000 0.042039
805.000000 0.040306
806.000000 0.038783
807.000000 0.037362
808.000000 0.036009
809.000000 0.034712
810.000000 0.033391
811.000000 0.032103
812.000000 0.030970
813.000000 0.029935
814.000000 0.028899
815.000000 0.027874
816.000000 0.026868
817.000000 0.025902
818.000000 0.025023
819.000000 0.024214
820.000000 0.023407
821.000000 0.022606
822.000000 0.021862
823.000000 0.021172
824.000000 0.020583
825.000000 0.020007
826.000000 0.019437
827.000000 0.018834
828.000000 0.018177
829.000000 0.017610
830.000000 0.017075
831.000000 0.016562
832.000000 0.016100
833.000000 0.015646
834.000000 0.015192
835.000000 0.014767
836.000000 0.014337
837.000000 0.013908
838.000000 0.013513
839.000000 0.013180
840.000000 0.012888
841.000000 0.012523
842.000000 0.012137
843.000000 0.011831
844.000000 0.011555
845.000000 0.011301
846.000000 0.011034
847.000000 0.010720
848.000000 0.010419
849.000000 0.010131
850.000000 0.009863
851.000000 0.009612
852.000000 0.009354
853.000000 0.009111
854.000000 0.008884
855.000000 0.008653
856.000000 0.008419
857.000000 0.008228
858.000000 0.008065
859.000000 0.007923
860.000000 0.007825
861.000000 0.007727
862.000000 0.007586
863.000000 0.007452
864.000000 0.007346
865.000000 0.007226
866.000000 0.007051
867.000000 0.006862
868.000000 0.006731
869.000000 0.006636
870.000000 0.006534
871.000000 0.006434
872.000000 0.006347
873.000000 0.006244
874.000000 0.006128
875.000000 0.006020
876.000000 0.005909
877.000000 0.005820
878.000000 0.005764
879.000000 0.005683
880.000000 0.005587
881.000000 0.005489
882.000000 0.005406
883.000000 0.005349
884.000000 0.005275
885.000000 0.005188
886.000000 0.005122
887.000000 0.005052
888.000000 0.004973
889.000000 0.004909
890.000000 0.004839
891.000000 0.004752
892.000000 0.004694
893.000000 0.004658
894.000000 0.004624
895.000000 0.004586
896.000000 0.004514
897.000000 0.004425
898.000000 0.004367
899.000000 0.004316
900.000000 0.004279
901.000000 0.004285
902.000000 0.004264
903.000000 0.004221
904.000000 0.004184
905.000000 0.004141
906.000000 0.004091
907.000000 0.004056
908.000000 0.004014
909.000000 0.003962
910.000000 0.003944
911.000000 0.003907
912.000000 0.003816
913.000000 0.003677
914.000000 0.003611
915.000000 0.003665
916.000000 0.003662
917.000000 0.003611
918.000000 0.003591
919.000000 0.003566
920.000000 0.003520
921.000000 0.003436
922.000000 0.003371
923.000000 0.003378
924.000000 0.003356
925.000000 0.003277
926.000000 0.003196
927.000000 0.003147
928.000000 0.003111
929.000000 0.003075
930.000000 0.003032
931.000000 0.002991
932.000000 0.002987
933.000000 0.002977
934.000000 0.002948
935.000000 0.002932
936.000000 0.002922
937.000000 0.002926
938.000000 0.002936
939.000000 0.002940
940.000000 0.002946
941.000000 0.002924
942.000000 0.002927
943.000000 0.002957
944.000000 0.002960
945.000000 0.002960
946.000000 0.002927
947.000000 0.002897
948.000000 0.002877
949.000000 0.002842
950.000000 0.002824
