315.000000 0.134292
316.000000 0.134715
317.000000 0.135611
318.000000 0.135731
319.000000 0.135517
320.000000 0.135264
321.000000 0.134724
322.000000 0.134785
323.000000 0.136069
324.000000 0.136834
325.000000 0.136839
326.000000 0.137210
327.000000 0.137733
328.000000 0.138252
329.000000 0.138473
330.000000 0.138283
331.000000 0.138722
332.000000 0.139539
333.000000 0.139865
334.000000 0.139700
335.000000 0.139672
336.000000 0.140020
337.000000 0.140202
338.000000 0.140064
339.000000 0.140197
340.000000 0.140866
341.000000 0.141081
342.000000 0.141008
343.000000 0.141368
344.000000 0.141670
345.000000 0.141868
346.000000 0.142456
347.000000 0.143329
348.000000 0.144206
349.000000 0.145049
350.000000 0.145742
351.000000 0.146327
352.000000 0.146900
353.000000 0.147478
354.000000 0.148309
355.000000 0.149377
356.000000 0.150441
357.000000 0.151483
358.000000 0.152605
359.000000 0.153826
360.000000 0.155260
361.000000 0.156837
362.000000 0.158355
363.000000 0.159903
364.000000 0.161552
365.000000 0.163376
366.000000 0.165245
367.000000 0.167025
368.000000 0.168979
369.000000 0.170903
370.000000 0.172552
371.000000 0.174150
372.000000 0.176084
373.000000 0.178019
374.000000 0.180017
375.000000 0.182185
376.000000 0.183996
377.000000 0.186107
378.000000 0.188600
379.000000 0.191360
380.000000 0.194111
381.000000 0.196527
382.000000 0.198782
383.000000 0.201385
384.000000 0.204272
385.000000 0.207092
386.000000 0.209626
387.000000 0.211652
388.000000 0.213716
389.000000 0.215937
390.000000 0.218314
391.000000 0.220914
392.000000 0.223745
393.000000 0.226433
394.000000 0.228927
395.000000 0.231440
396.000000 0.233730
397.000000 0.235887
398.000000 0.238537
399.000000 0.241562
400.000000 0.244254
401.000000 0.246655
402.000000 0.248988
403.000000 0.251425
404.000000 0.253940
405.000000 0.256458
406.000000 0.258969
407.000000 0.261332
408.000000 0.263635
409.000000 0.265855
410.000000 0.267996
411.000000 0.270182
412.000000 0.272312
413.000000 0.273948
414.000000 0.275416
415.000000 0.277065
416.000000 0.278786
417.000000 0.280622
418.000000 0.282388
419.000000 0.283846
420.000000 0.285024
421.000000 0.286100
422.000000 0.286780
423.000000 0.287101
424.000000 0.287551
425.000000 0.287884
426.000000 0.287971
427.000000 0.287916
428.000000 0.287613
429.000000 0.287284
430.000000 0.286905
431.000000 0.286306
432.000000 0.285536
433.000000 0.284787
434.000000 0.283967
435.000000 0.282915
436.000000 0.281854
437.000000 0.280714
438.000000 0.279432
439.000000 0.278139
440.000000 0.276750
441.000000 0.275273
442.000000 0.273662
443.000000 0.271799
444.000000 0.269805
445.000000 0.267841
446.000000 0.265772
447.000000 0.263551
448.000000 0.261191
449.000000 0.258667
450.000000 0.256206
451.000000 0.253688
452.000000 0.250968
453.000000 0.248219
454.000000 0.245356
455.000000 0.242418
456.000000 0.239413
457.000000 0.236302
458.000000 0.233345
459.000000 0.230339
460.000000 0.227399
461.000000 0.224678
462.000000 0.221886
463.000000 0.219131
464.000000 0.216482
465.000000 0.213991
466.000000 0.211803
467.000000 0.209695
468.000000 0.207664
469.000000 0.205811
470.000000 0.204081
471.000000 0.202528
472.000000 0.201128
473.000000 0.199938
474.000000 0.198846
475.000000 0.197883
476.000000 0.197117
477.000000 0.196467
478.000000 0.196001
479.000000 0.195657
480.000000 0.195388
481.000000 0.195279
482.000000 0.195310
483.000000 0.195373
484.000000 0.195495
485.000000 0.195735
486.000000 0.196034
487.000000 0.196339
488.000000 0.196808
489.000000 0.197208
490.000000 0.197413
491.000000 0.197832
492.000000 0.198751
493.000000 0.199987
494.000000 0.201014
495.000000 0.201831
496.000000 0.202755
497.000000 0.203532
498.000000 0.204010
499.000000 0.204611
500.000000 0.205374
501.000000 0.206294
502.000000 0.207314
503.000000 0.208476
504.000000 0.209429
505.000000 0.210057
506.000000 0.210634
507.000000 0.211181
508.000000 0.212265
509.000000 0.213662
510.000000 0.214632
511.000000 0.215534
512.000000 0.216561
513.000000 0.217657
514.000000 0.218593
515.000000 0.219191
516.000000 0.219589
517.000000 0.220196
518.000000 0.221042
519.000000 0.221878
520.000000 0.222560
521.000000 0.222984
522.000000 0.223602
523.000000 0.224219
524.000000 0.224728
525.000000 0.225083
526.000000 0.225289
527.000000 0.225610
528.000000 0.226078
529.000000 0.226672
530.000000 0.227385
531.000000 0.228056
532.000000 0.228240
533.000000 0.228355
534.000000 0.228944
535.000000 0.229198
536.000000 0.229042
537.000000 0.228799
538.000000 0.228685
539.000000 0.228849
540.000000 0.228637
541.000000 0.228263
542.000000 0.228022
543.000000 0.227638
544.000000 0.227198
545.000000 0.226825
546.000000 0.226537
547.000000 0.226231
548.000000 0.225749
549.000000 0.225247
550.000000 0.224799
551.000000 0.224209
552.000000 0.223502
553.000000 0.222754
554.000000 0.221945
555.000000 0.221044
556.000000 0.220203
557.000000 0.219408
558.000000 0.218393
559.000000 0.217358
560.000000 0.216369
561.000000 0.215302
562.000000 0.214206
563.000000 0.213192
564.000000 0.212246
565.000000 0.211356
566.000000 0.210326
567.000000 0.209043
568.000000 0.207728
569.000000 0.206397
570.000000 0.205152
571.000000 0.203956
572.000000 0.202669
573.000000 0.201211
574.000000 0.199705
575.000000 0.198431
576.000000 0.197283
577.000000 0.196062
578.000000 0.194731
579.000000 0.193297
580.000000 0.191813
581.000000 0.190299
582.000000 0.188816
583.000000 0.187330
584.000000 0.185889
585.000000 0.184528
586.000000 0.183082
587.000000 0.181591
588.000000 0.180122
589.000000 0.178709
590.000000 0.177355
591.000000 0.175977
592.000000 0.174702
593.000000 0.173476
594.000000 0.172227
595.000000 0.170959
596.000000 0.169678
597.000000 0.168487
598.000000 0.167334
599.000000 0.166247
600.000000 0.165320
601.000000 0.164395
602.000000 0.163436
603.000000 0.162538
604.000000 0.161726
605.000000 0.161021
606.000000 0.160350
607.000000 0.159763
608.000000 0.159177
609.000000 0.158565
610.000000 0.158000
611.000000 0.157519
612.000000 0.157158
613.000000 0.156871
614.000000 0.156715
615.000000 0.156658
616.000000 0.156632
617.000000 0.156707
618.000000 0.156826
619.000000 0.156936
620.000000 0.157055
621.000000 0.157277
622.000000 0.157759
623.000000 0.158346
624.000000 0.158952
625.000000 0.159577
626.000000 0.160223
627.000000 0.160891
628.000000 0.161585
629.000000 0.162364
630.000000 0.163215
631.000000 0.164123
632.000000 0.165047
633.000000 0.166010
634.000000 0.167000
635.000000 0.167950
636.000000 0.168854
637.000000 0.169771
638.000000 0.170661
639.000000 0.171597
640.000000 0.172590
641.000000 0.173514
642.000000 0.174432
643.000000 0.175359
644.000000 0.176269
645.000000 0.177152
646.000000 0.178058
647.000000 0.179007
648.000000 0.179975
649.000000 0.180959
650.000000 0.181950
651.000000 0.183010
652.000000 0.184069
653.000000 0.185111
654.000000 0.186242
655.000000 0.187440
656.000000 0.188678
657.000000 0.189909
658.000000 0.191124
659.000000 0.192377
660.000000 0.193701
661.000000 0.195032
662.000000 0.196341
663.000000 0.197718
664.000000 0.199134
665.000000 0.200458
666.000000 0.201694
667.000000 0.202990
668.000000 0.204344
669.000000 0.205624
670.000000 0.206822
671.000000 0.207956
672.000000 0.209010
673.000000 0.210073
674.000000 0.211105
675.000000 0.212156
676.000000 0.213252
677.000000 0.214267
678.000000 0.215114
679.000000 0.215709
680.000000 0.216216
681.000000 0.216798
682.000000 0.217437
683.000000 0.218086
684.000000 0.218720
685.000000 0.219376
686.000000 0.220070
687.000000 0.220772
688.000000 0.221488
689.000000 0.222293
690.000000 0.223174
691.000000 0.224104
692.000000 0.225089
693.000000 0.226165
694.000000 0.227425
695.000000 0.228848
696.000000 0.230323
697.000000 0.231881
698.000000 0.233604
699.000000 0.235527
700.000000 0.237680
701.000000 0.239992
702.000000 0.242370
703.000000 0.244853
704.000000 0.247566
705.000000 0.250500
706.000000 0.253568
707.000000 0.256778
708.000000 0.260084
709.000000 0.263479
710.000000 0.266902
711.000000 0.270446
712.000000 0.274188
713.000000 0.277942
714.000000 0.281700
715.000000 0.285469
716.000000 0.289267
717.000000 0.293066
718.000000 0.296784
719.000000 0.300357
720.000000 0.303789
721.000000 0.307174
722.000000 0.310480
723.000000 0.313643
724.000000 0.316608
725.000000 0.319415
726.000000 0.322154
727.000000 0.324696
728.000000 0.326800
729.000000 0.328466
730.000000 0.329864
731.000000 0.330991
732.000000 0.331840
733.000000 0.332394
734.000000 0.332686
735.000000 0.332722
736.000000 0.332391
737.000000 0.331667
738.000000 0.330535
739.000000 0.328998
740.000000 0.327033
741.000000 0.324670
742.000000 0.321983
743.000000 0.318949
744.000000 0.315530
745.000000 0.311757
746.000000 0.307615
747.000000 0.303052
748.000000 0.298158
749.000000 0.292984
750.000000 0.287577
751.000000 0.281976
752.000000 0.276087
753.000000 0.269870
754.000000 0.263485
755.000000 0.256883
756.000000 0.250111
757.000000 0.243296
758.000000 0.236419
759.000000 0.229499
760.000000 0.222499
761.000000 0.215450
762.000000 0.208468
763.000000 0.201505
764.000000 0.194543
765.000000 0.187658
766.000000 0.180834
767.000000 0.174117
768.000000 0.167601
769.000000 0.161248
770.000000 0.155039
771.000000 0.149041
772.000000 0.143258
773.000000 0.137712
774.000000 0.132351
775.000000 0.127138
776.000000 0.121738
777.000000 0.116462
778.000000 0.111722
779.000000 0.107217
780.000000 0.102916
781.000000 0.098835
782.000000 0.094948
783.000000 0.091310
784.000000 0.087793
785.000000 0.084258
786.000000 0.080872
787.000000 0.077717
788.000000 0.074613
789.000000 0.071621
790.000000 0.068816
791.000000 0.066150
792.000000 0.063594
793.000000 0.061128
794.000000 0.058813
795.000000 0.056626
796.000000 0.054514
797.000000 0.052376
798.000000 0.050326
799.000000 0.048410
800.000000 0.046610
801.000000 0.044939
802.000000 0.043307
803.000000 0.041696
804.000000 0.040040
805.000000 0.038467
806.000000 0.037064
807.000000 0.035728
808.000000 0.034445
809.000000 0.033253
810.000000 0.032089
811.000000 0.030901
812.000000 0.029835
813.000000 0.028868
814.000000 0.027922
815.000000 0.027020
816.000000 0.026070
817.000000 0.025102
818.000000 0.024240
819.000000 0.023486
820.000000 0.022768
821.000000 0.022042
822.000000 0.021356
823.000000 0.020708
824.000000 0.020105
825.000000 0.019487
826.000000 0.018903
827.000000 0.018388
828.000000 0.017857
829.000000 0.017323
830.000000 0.016770
831.000000 0.016270
832.000000 0.015854
833.000000 0.015456
834.000000 0.015009
835.000000 0.014565
836.000000 0.014174
837.000000 0.013780
838.000000 0.013391
839.000000 0.013050
840.000000 0.012737
841.000000 0.012354
842.000000 0.011995
843.000000 0.011714
844.000000 0.011417
845.000000 0.011108
846.000000 0.010832
847.000000 0.010584
848.000000 0.010324
849.000000 0.010052
850.000000 0.009797
851.000000 0.009580
852.000000 0.009367
853.000000 0.009171
854.000000 0.008997
855.000000 0.008787
856.000000 0.008537
857.000000 0.008334
858.000000 0.008175
859.000000 0.008022
860.000000 0.007898
861.000000 0.007804
862.000000 0.007665
863.000000 0.007453
864.000000 0.007239
865.000000 0.007067
866.000000 0.006935
867.000000 0.006852
868.000000 0.006770
869.000000 0.006675
870.000000 0.006610
871.000000 0.006519
872.000000 0.006376
873.000000 0.006247
874.000000 0.006145
875.000000 0.006055
876.000000 0.005961
877.000000 0.005888
878.000000 0.005838
879.000000 0.005757
880.000000 0.005644
881.000000 0.005500
882.000000 0.005393
883.000000 0.005331
884.000000 0.005250
885.000000 0.005164
886.000000 0.005100
887.000000 0.005019
888.000000 0.004941
889.000000 0.004890
890.000000 0.004836
891.000000 0.004772
892.000000 0.004742
893.000000 0.004711
894.000000 0.004652
895.000000 0.004604
896.000000 0.004528
897.000000 0.004436
898.000000 0.004385
899.000000 0.004353
900.000000 0.004312
901.000000 0.004265
902.000000 0.004210
903.000000 0.004187
904.000000 0.004158
905.000000 0.004108
906.000000 0.004062
907.000000 0.004021
908.000000 0.003995
909.000000 0.003979
910.000000 0.003947
911.000000 0.003882
912.000000 0.003805
913.000000 0.003734
914.000000 0.003685
915.000000 0.003661
916.000000 0.003625
917.000000 0.003590
918.000000 0.003558
919.000000 0.003513
920.000000 0.003465
921.000000 0.003437
922.000000 0.003421
923.000000 0.003391
924.000000 0.003305
925.000000 0.003237
926.000000 0.003221
927.000000 0.003188
928.000000 0.003141
929.000000 0.003091
930.000000 0.003037
931.000000 0.002993
932.000000 0.002983
933.000000 0.002976
934.000000 0.002961
935.000000 0.002937
936.000000 0.002909
937.000000 0.002895
938.000000 0.002916
939.000000 0.002934
940.000000 0.002921
941.000000 0.002905
942.000000 0.002898
943.000000 0.002908
944.000000 0.002902
945.000000 0.002914
946.000000 0.002911
947.000000 0.002855
948.000000 0.002828
949.000000 0.002845
950.000000 0.002868
