315.000000 0.133960
316.000000 0.133942
317.000000 0.134511
318.000000 0.135242
319.000000 0.136189
320.000000 0.136627
321.000000 0.136454
322.000000 0.136339
323.000000 0.136725
324.000000 0.137457
325.000000 0.137863
326.000000 0.138375
327.000000 0.139171
328.000000 0.140082
329.000000 0.140616
330.000000 0.140366
331.000000 0.140269
332.000000 0.140383
333.000000 0.140119
334.000000 0.139699
335.000000 0.139883
336.000000 0.140458
337.000000 0.141120
338.000000 0.141685
339.000000 0.141986
340.000000 0.142521
341.000000 0.142723
342.000000 0.142550
343.000000 0.142720
344.000000 0.143348
345.000000 0.144228
346.000000 0.144968
347.000000 0.145654
348.000000 0.146424
349.000000 0.147111
350.000000 0.147669
351.000000 0.148413
352.000000 0.149293
353.000000 0.149983
354.000000 0.150961
355.000000 0.152405
356.000000 0.153640
357.000000 0.154426
358.000000 0.155264
359.000000 0.156504
360.000000 0.157781
361.000000 0.159084
362.000000 0.160639
363.000000 0.162186
364.000000 0.163741
365.000000 0.165464
366.000000 0.167369
367.000000 0.169523
368.000000 0.171756
369.000000 0.173693
370.000000 0.175027
371.000000 0.176495
372.000000 0.178858
373.000000 0.181208
374.000000 0.182959
375.000000 0.184797
376.000000 0.186580
377.000000 0.188467
378.000000 0.190781
379.000000 0.193321
380.000000 0.196003
381.000000 0.198589
382.000000 0.201107
383.000000 0.203755
384.000000 0.206692
385.000000 0.209849
386.000000 0.212696
387.000000 0.214919
388.000000 0.216896
389.000000 0.219272
390.000000 0.222067
391.000000 0.224858
392.000000 0.227749
393.000000 0.230635
394.000000 0.233375
395.000000 0.236080
396.000000 0.238775
397.000000 0.241345
398.000000 0.244195
399.000000 0.247215
400.000000 0.250003
401.000000 0.252656
402.000000 0.255282
403.000000 0.257985
404.000000 0.260610
405.000000 0.263140
406.000000 0.265686
407.000000 0.268221
408.000000 0.270761
409.000000 0.273094
410.000000 0.275316
411.000000 0.277597
412.000000 0.279535
413.000000 0.281178
414.000000 0.283014
415.000000 0.284964
416.000000 0.286949
417.000000 0.288960
418.000000 0.290644
419.000000 0.292073
420.000000 0.293441
421.000000 0.294591
422.000000 0.295308
423.000000 0.295924
424.000000 0.296547
425.000000 0.296862
426.000000 0.297054
427.000000 0.297048
428.000000 0.296784
429.000000 0.296548
430.000000 0.296187
431.000000 0.295662
432.000000 0.294947
433.000000 0.294053
434.000000 0.293145
435.000000 0.292220
436.000000 0.291281
437.000000 0.290218
438.000000 0.289045
439.000000 0.287797
440.000000 0.286406
441.000000 0.284908
442.000000 0.283312
443.000000 0.281513
444.000000 0.279529
445.000000 0.277509
446.000000 0.275380
447.000000 0.273122
448.000000 0.270728
449.000000 0.268127
450.000000 0.265487
451.000000 0.262721
452.000000 0.259821
453.000000 0.257023
454.000000 0.254075
455.000000 0.251032
456.000000 0.247934
457.000000 0.244711
458.000000 0.241614
459.000000 0.238490
460.000000 0.235471
461.000000 0.232628
462.000000 0.229736
463.000000 0.226860
464.000000 0.224125
465.000000 0.221551
466.000000 0.219200
467.000000 0.216981
468.000000 0.214902
469.000000 0.212992
470.000000 0.211127
471.000000 0.209492
472.000000 0.208068
473.000000 0.206752
474.000000 0.205568
475.000000 0.204563
476.000000 0.203726
477.000000 0.203063
478.000000 0.202540
479.000000 0.202116
480.000000 0.201872
481.000000 0.201764
482.000000 0.201769
483.000000 0.201845
484.000000 0.201967
485.000000 0.202220
486.000000 0.202596
487.000000 0.202992
488.000000 0.203466
489.000000 0.203764
490.000000 0.204311
491.000000 0.204865
492.000000 0.205038
493.000000 0.205774
494.000000 0.206886
495.000000 0.207841
496.000000 0.208778
497.000000 0.209820
498.000000 0.210635
499.000000 0.211142
500.000000 0.211872
501.000000 0.212878
502.000000 0.213967
503.000000 0.215297
504.000000 0.216462
505.000000 0.217305
506.000000 0.218028
507.000000 0.218568
508.000000 0.219496
509.000000 0.220648
510.000000 0.221391
511.000000 0.222152
512.000000 0.222998
513.000000 0.224049
514.000000 0.225110
515.000000 0.225966
516.000000 0.226537
517.000000 0.227057
518.000000 0.227826
519.000000 0.228517
520.000000 0.229017
521.000000 0.229411
522.000000 0.230087
523.000000 0.230967
524.000000 0.231696
525.000000 0.232160
526.000000 0.232362
527.000000 0.232464
528.000000 0.232963
529.000000 0.233727
530.000000 0.234316
531.000000 0.234921
532.000000 0.235353
533.000000 0.235513
534.000000 0.235715
535.000000 0.235493
536.000000 0.235095
537.000000 0.235068
538.000000 0.235028
539.000000 0.235024
540.000000 0.234963
541.000000 0.234854
542.000000 0.234603
543.000000 0.234022
544.000000 0.233304
545.000000 0.232843
546.000000 0.232783
547.000000 0.232432
548.000000 0.231814
549.000000 0.231116
550.000000 0.230435
551.000000 0.229797
552.000000 0.228956
553.000000 0.227991
554.000000 0.227048
555.000000 0.226053
556.000000 0.225000
557.000000 0.224012
558.000000 0.222921
559.000000 0.221886
560.000000 0.220980
561.000000 0.219916
562.000000 0.218575
563.000000 0.217390
564.000000 0.216270
565.000000 0.215081
566.000000 0.213823
567.000000 0.212350
568.000000 0.210919
569.000000 0.209464
570.000000 0.208120
571.000000 0.206868
572.000000 0.205449
573.000000 0.203919
574.000000 0.202315
575.000000 0.200718
576.000000 0.199207
577.000000 0.197679
578.000000 0.196085
579.000000 0.194423
580.000000 0.192753
581.000000 0.191096
582.000000 0.189499
583.000000 0.187885
584.000000 0.186232
585.000000 0.184588
586.000000 0.182853
587.000000 0.181166
588.000000 0.179537
589.000000 0.177913
590.000000 0.176289
591.000000 0.174717
592.000000 0.173279
593.000000 0.171817
594.000000 0.170241
595.000000 0.168723
596.000000 0.167317
597.000000 0.165910
598.000000 0.164474
599.000000 0.163130
600.000000 0.161959
601.000000 0.160764
602.000000 0.159561
603.000000 0.158424
604.000000 0.157354
605.000000 0.156347
606.000000 0.155407
607.000000 0.154472
608.000000 0.153600
609.000000 0.152901
610.000000 0.152263
611.000000 0.151648
612.000000 0.151066
613.000000 0.150510
614.000000 0.150036
615.000000 0.149762
616.000000 0.149564
617.000000 0.149368
618.000000 0.149226
619.000000 0.149129
620.000000 0.149091
621.000000 0.149417
622.000000 0.149689
623.000000 0.149727
624.000000 0.149986
625.000000 0.150323
626.000000 0.150780
627.000000 0.151223
628.000000 0.151601
629.000000 0.152102
630.000000 0.152720
631.000000 0.153325
632.000000 0.153883
633.000000 0.154540
634.000000 0.155279
635.000000 0.155932
636.000000 0.156514
637.000000 0.157122
638.000000 0.157708
639.000000 0.158277
640.000000 0.158835
641.000000 0.159420
642.000000 0.160032
643.000000 0.160548
644.000000 0.160992
645.000000 0.161429
646.000000 0.161874
647.000000 0.162355
648.000000 0.162866
649.000000 0.163394
650.000000 0.163949
651.000000 0.164543
652.000000 0.165148
653.000000 0.165800
654.000000 0.166492
655.000000 0.167207
656.000000 0.167963
657.000000 0.168699
658.000000 0.169450
659.000000 0.170269
660.000000 0.171176
661.000000 0.172088
662.000000 0.172913
663.000000 0.173750
664.000000 0.174631
665.000000 0.175487
666.000000 0.176359
667.000000 0.177302
668.000000 0.178264
669.000000 0.179127
670.000000 0.179916
671.000000 0.180742
672.000000 0.181513
673.000000 0.182268
674.000000 0.183008
675.000000 0.183681
676.000000 0.184374
677.000000 0.185018
678.000000 0.185604
679.000000 0.186149
680.000000 0.186650
681.000000 0.187155
682.000000 0.187640
683.000000 0.188138
684.000000 0.188656
685.000000 0.189169
686.000000 0.189725
687.000000 0.190323
688.000000 0.190907
689.000000 0.191514
690.000000 0.192214
691.000000 0.193022
692.000000 0.193879
693.000000 0.194782
694.000000 0.195785
695.000000 0.196903
696.000000 0.198080
697.000000 0.199347
698.000000 0.200744
699.000000 0.202297
700.000000 0.204023
701.000000 0.205856
702.000000 0.207747
703.000000 0.209753
704.000000 0.211927
705.000000 0.214215
706.000000 0.216624
707.000000 0.219192
708.000000 0.221863
709.000000 0.224564
710.000000 0.227277
711.000000 0.230088
712.000000 0.233026
713.000000 0.236035
714.000000 0.239072
715.000000 0.242069
716.000000 0.245059
717.000000 0.248047
718.000000 0.251034
719.000000 0.253911
720.000000 0.256633
721.000000 0.259327
722.000000 0.261992
723.000000 0.264548
724.000000 0.266926
725.000000 0.269092
726.000000 0.271066
727.000000 0.272880
728.000000 0.274510
729.000000 0.275909
730.000000 0.277090
731.000000 0.277959
732.000000 0.278521
733.000000 0.278849
734.000000 0.278926
735.000000 0.278728
736.000000 0.278271
737.000000 0.277500
738.000000 0.276316
739.000000 0.274743
740.000000 0.272806
741.000000 0.270542
742.000000 0.268013
743.000000 0.265201
744.000000 0.262099
745.000000 0.258665
746.000000 0.254927
747.000000 0.250925
748.000000 0.246653
749.000000 0.242173
750.000000 0.237479
751.000000 0.232600
752.000000 0.227571
753.000000 0.222311
754.000000 0.216836
755.000000 0.211245
756.000000 0.205630
757.000000 0.200053
758.000000 0.194481
759.000000 0.188822
760.000000 0.183070
761.000000 0.177303
762.000000 0.171650
763.000000 0.166112
764.000000 0.160620
765.000000 0.155175
766.000000 0.149832
767.000000 0.144612
768.000000 0.139573
769.000000 0.134658
770.000000 0.129816
771.000000 0.125160
772.000000 0.120672
773.000000 0.116299
774.000000 0.112068
775.000000 0.108035
776.000000 0.103881
777.000000 0.099801
778.000000 0.096113
779.000000 0.092577
780.000000 0.089149
781.000000 0.085881
782.000000 0.082804
783.000000 0.079893
784.000000 0.077080
785.000000 0.074335
786.000000 0.071662
787.000000 0.069101
788.000000 0.066572
789.000000 0.064113
790.000000 0.061828
791.000000 0.059646
792.000000 0.057559
793.000000 0.055552
794.000000 0.053609
795.000000 0.051722
796.000000 0.049925
797.000000 0.048124
798.000000 0.046361
799.000000 0.044737
800.000000 0.043180
801.000000 0.041699
802.000000 0.040313
803.000000 0.038943
804.000000 0.037514
805.000000 0.036126
806.000000 0.034855
807.000000 0.033632
808.000000 0.032457
809.000000 0.031348
810.000000 0.030232
811.000000 0.029143
812.000000 0.028188
813.000000 0.027293
814.000000 0.026366
815.000000 0.025456
816.000000 0.024603
817.000000 0.023796
818.000000 0.023037
819.000000 0.022318
820.000000 0.021605
821.000000 0.020918
822.000000 0.020301
823.000000 0.019727
824.000000 0.019176
825.000000 0.018599
826.000000 0.018085
827.000000 0.017601
828.000000 0.017054
829.000000 0.016552
830.000000 0.016049
831.000000 0.015554
832.000000 0.015121
833.000000 0.014752
834.000000 0.014386
835.000000 0.014001
836.000000 0.013603
837.000000 0.013209
838.000000 0.012865
839.000000 0.012547
840.000000 0.012233
841.000000 0.011882
842.000000 0.011543
843.000000 0.011286
844.000000 0.010995
845.000000 0.010698
846.000000 0.010493
847.000000 0.010283
848.000000 0.010036
849.000000 0.009779
850.000000 0.009519
851.000000 0.009262
852.000000 0.008988
853.000000 0.008775
854.000000 0.008580
855.000000 0.008303
856.000000 0.008047
857.000000 0.007872
858.000000 0.007710
859.000000 0.007572
860.000000 0.007465
861.000000 0.007377
862.000000 0.007278
863.000000 0.007123
864.000000 0.006936
865.000000 0.006797
866.000000 0.006685
867.000000 0.006569
868.000000 0.006480
869.000000 0.006421
870.000000 0.006456
871.000000 0.006527
872.000000 0.006431
873.000000 0.006157
874.000000 0.005923
875.000000 0.005796
876.000000 0.005695
877.000000 0.005613
878.000000 0.005560
879.000000 0.005494
880.000000 0.005411
881.000000 0.005332
882.000000 0.005275
883.000000 0.005224
884.000000 0.005129
885.000000 0.005023
886.000000 0.004938
887.000000 0.004852
888.000000 0.004774
889.000000 0.004719
890.000000 0.004671
891.000000 0.004610
892.000000 0.004564
893.000000 0.004495
894.000000 0.004425
895.000000 0.004390
896.000000 0.004348
897.000000 0.004288
898.000000 0.004227
899.000000 0.004179
900.000000 0.004116
901.000000 0.004071
902.000000 0.004019
903.000000 0.004004
904.000000 0.004009
905.000000 0.003981
906.000000 0.003953
907.000000 0.003892
908.000000 0.003830
909.000000 0.003793
910.000000 0.003769
911.000000 0.003742
912.000000 0.003713
913.000000 0.003651
914.000000 0.003573
915.000000 0.003544
916.000000 0.003517
917.000000 0.003506
918.000000 0.003473
919.000000 0.003396
920.000000 0.003348
921.000000 0.003307
922.000000 0.003305
923.000000 0.003303
924.000000 0.003234
925.000000 0.003164
926.000000 0.003112
927.000000 0.003054
928.000000 0.002998
929.000000 0.002960
930.000000 0.002927
931.000000 0.002894
932.000000 0.002884
933.000000 0.002886
934.000000 0.002870
935.000000 0.002848
936.000000 0.002819
937.000000 0.002793
938.000000 0.002858
939.000000 0.002949
940.000000 0.002928
941.000000 0.002856
942.000000 0.002851
943.000000 0.002878
944.000000 0.002867
945.000000 0.002882
946.000000 0.002879
947.000000 0.002826
948.000000 0.002774
949.000000 0.002743
950.000000 0.002739
