315.000000 0.094342
316.000000 0.093466
317.000000 0.092637
318.000000 0.092340
319.000000 0.092465
320.000000 0.092008
321.000000 0.091674
322.000000 0.091488
323.000000 0.091219
324.000000 0.091532
325.000000 0.091462
326.000000 0.091524
327.000000 0.092353
328.000000 0.093053
329.000000 0.093474
330.000000 0.093596
331.000000 0.093899
332.000000 0.094043
333.000000 0.093678
334.000000 0.093461
335.000000 0.093736
336.000000 0.094704
337.000000 0.095715
338.000000 0.096358
339.000000 0.096913
340.000000 0.097613
341.000000 0.098243
342.000000 0.099073
343.000000 0.100404
344.000000 0.101687
345.000000 0.102742
346.000000 0.103759
347.000000 0.105030
348.000000 0.106240
349.000000 0.107260
350.000000 0.108126
351.000000 0.108974
352.000000 0.109873
353.000000 0.110627
354.000000 0.111576
355.000000 0.112737
356.000000 0.113814
357.000000 0.114684
358.000000 0.115540
359.000000 0.116713
360.000000 0.118017
361.000000 0.119357
362.000000 0.120929
363.000000 0.122484
364.000000 0.123686
365.000000 0.124844
366.000000 0.125871
367.000000 0.126581
368.000000 0.127145
369.000000 0.127433
370.000000 0.127079
371.000000 0.126854
372.000000 0.127021
373.000000 0.127019
374.000000 0.127086
375.000000 0.127075
376.000000 0.126992
377.000000 0.127283
378.000000 0.128231
379.000000 0.129242
380.000000 0.130128
381.000000 0.131442
382.000000 0.132642
383.000000 0.133731
384.000000 0.135169
385.000000 0.136465
386.000000 0.137123
387.000000 0.137134
388.000000 0.136837
389.000000 0.136600
390.000000 0.136758
391.000000 0.137087
392.000000 0.137385
393.000000 0.137630
394.000000 0.137545
395.000000 0.137528
396.000000 0.137278
397.000000 0.136669
398.000000 0.136552
399.000000 0.136685
400.000000 0.136838
401.000000 0.136948
402.000000 0.137014
403.000000 0.137235
404.000000 0.137499
405.000000 0.137564
406.000000 0.137610
407.000000 0.137709
408.000000 0.137831
409.000000 0.137978
410.000000 0.138080
411.000000 0.138127
412.000000 0.138193
413.000000 0.138393
414.000000 0.138516
415.000000 0.138615
416.000000 0.138982
417.000000 0.139495
418.000000 0.139910
419.000000 0.140122
420.000000 0.140262
421.000000 0.140429
422.000000 0.140377
423.000000 0.139933
424.000000 0.139342
425.000000 0.138611
426.000000 0.137760
427.000000 0.136944
428.000000 0.136009
429.000000 0.135033
430.000000 0.133848
431.000000 0.132486
432.000000 0.130957
433.000000 0.129309
434.000000 0.127797
435.000000 0.126294
436.000000 0.124825
437.000000 0.123364
438.000000 0.121843
439.000000 0.120324
440.000000 0.118888
441.000000 0.117594
442.000000 0.116333
443.000000 0.114965
444.000000 0.113609
445.000000 0.112660
446.000000 0.111795
447.000000 0.110564
448.000000 0.109340
449.000000 0.108213
450.000000 0.107190
451.000000 0.106352
452.000000 0.105554
453.000000 0.104824
454.000000 0.104123
455.000000 0.103381
456.000000 0.102652
457.000000 0.101839
458.000000 0.101000
459.000000 0.100219
460.000000 0.099573
461.000000 0.099043
462.000000 0.098442
463.000000 0.097747
464.000000 0.097084
465.000000 0.096602
466.000000 0.096259
467.000000 0.095790
468.000000 0.095188
469.000000 0.094722
470.000000 0.094296
471.000000 0.093858
472.000000 0.093429
473.000000 0.093101
474.000000 0.092870
475.000000 0.092611
476.000000 0.092337
477.000000 0.092081
478.000000 0.091833
479.000000 0.091595
480.000000 0.091467
481.000000 0.091415
482.000000 0.091386
483.000000 0.091353
484.000000 0.091406
485.000000 0.091560
486.000000 0.091681
487.000000 0.091723
488.000000 0.091788
489.000000 0.091589
490.000000 0.091489
491.000000 0.091499
492.000000 0.091374
493.000000 0.091891
494.000000 0.092449
495.000000 0.092742
496.000000 0.093166
497.000000 0.093555
498.000000 0.093968
499.000000 0.094307
500.000000 0.094586
501.000000 0.094818
502.000000 0.094995
503.000000 0.095393
504.000000 0.096073
505.000000 0.096622
506.000000 0.096788
507.000000 0.096841
508.000000 0.097200
509.000000 0.097738
510.000000 0.098010
511.000000 0.098376
512.000000 0.098855
513.000000 0.099438
514.000000 0.100225
515.000000 0.100585
516.000000 0.100777
517.000000 0.101169
518.000000 0.101578
519.000000 0.102017
520.000000 0.102344
521.000000 0.102721
522.000000 0.103362
523.000000 0.104212
524.000000 0.104965
525.000000 0.105596
526.000000 0.106124
527.000000 0.106448
528.000000 0.106832
529.000000 0.107504
530.000000 0.108467
531.000000 0.109539
532.000000 0.110290
533.000000 0.110826
534.000000 0.111533
535.000000 0.112094
536.000000 0.112421
537.000000 0.112945
538.000000 0.113563
539.000000 0.114149
540.000000 0.114903
541.000000 0.115917
542.000000 0.117089
543.000000 0.118211
544.000000 0.119143
545.000000 0.119722
546.000000 0.120425
547.000000 0.121334
548.000000 0.122242
549.000000 0.123032
550.000000 0.123683
551.000000 0.124370
552.000000 0.124949
553.000000 0.125641
554.000000 0.126453
555.000000 0.127045
556.000000 0.127657
557.000000 0.128386
558.000000 0.129117
559.000000 0.129998
560.000000 0.131147
561.000000 0.132253
562.000000 0.133307
563.000000 0.134390
564.000000 0.135394
565.000000 0.136456
566.000000 0.137482
567.000000 0.138596
568.000000 0.139764
569.000000 0.140872
570.000000 0.142173
571.000000 0.143610
572.000000 0.144877
573.000000 0.146158
574.000000 0.147595
575.000000 0.148952
576.000000 0.150454
577.000000 0.152002
578.000000 0.153563
579.000000 0.155174
580.000000 0.156793
581.000000 0.158765
582.000000 0.160757
583.000000 0.162633
584.000000 0.164584
585.000000 0.166518
586.000000 0.168500
587.000000 0.170447
588.000000 0.172427
589.000000 0.174516
590.000000 0.176748
591.000000 0.179291
592.000000 0.181911
593.000000 0.184379
594.000000 0.186667
595.000000 0.188989
596.000000 0.191635
597.000000 0.194281
598.000000 0.196842
599.000000 0.199621
600.000000 0.202409
601.000000 0.205164
602.000000 0.208026
603.000000 0.210929
604.000000 0.213969
605.000000 0.216942
606.000000 0.219909
607.000000 0.223162
608.000000 0.226394
609.000000 0.229677
610.000000 0.233177
611.000000 0.236571
612.000000 0.239895
613.000000 0.243271
614.000000 0.246775
615.000000 0.250538
616.000000 0.254213
617.000000 0.257943
618.000000 0.261948
619.000000 0.265824
620.000000 0.269634
621.000000 0.273632
622.000000 0.277682
623.000000 0.281797
624.000000 0.286184
625.000000 0.290601
626.000000 0.295069
627.000000 0.299692
628.000000 0.304280
629.000000 0.309014
630.000000 0.313978
631.000000 0.319105
632.000000 0.324192
633.000000 0.329415
634.000000 0.335032
635.000000 0.340607
636.000000 0.346218
637.000000 0.352172
638.000000 0.358167
639.000000 0.364277
640.000000 0.370724
641.000000 0.377351
642.000000 0.383749
643.000000 0.390222
644.000000 0.397230
645.000000 0.404203
646.000000 0.411238
647.000000 0.418686
648.000000 0.426388
649.000000 0.433976
650.000000 0.441629
651.000000 0.449677
652.000000 0.457970
653.000000 0.466134
654.000000 0.474257
655.000000 0.482752
656.000000 0.491392
657.000000 0.499674
658.000000 0.507915
659.000000 0.516570
660.000000 0.525383
661.000000 0.533923
662.000000 0.542300
663.000000 0.550923
664.000000 0.559590
665.000000 0.567840
666.000000 0.575763
667.000000 0.583753
668.000000 0.591605
669.000000 0.598942
670.000000 0.605870
671.000000 0.612757
672.000000 0.619513
673.000000 0.626014
674.000000 0.631842
675.000000 0.637211
676.000000 0.642562
677.000000 0.647659
678.000000 0.652436
679.000000 0.656772
680.000000 0.660763
681.000000 0.664645
682.000000 0.668359
683.000000 0.671877
684.000000 0.675112
685.000000 0.678165
686.000000 0.681368
687.000000 0.684647
688.000000 0.687854
689.000000 0.691165
690.000000 0.694594
691.000000 0.698222
692.000000 0.702237
693.000000 0.706653
694.000000 0.711607
695.000000 0.717136
696.000000 0.722962
697.000000 0.729287
698.000000 0.736469
699.000000 0.744507
700.000000 0.753427
701.000000 0.763111
702.000000 0.773070
703.000000 0.783594
704.000000 0.795285
705.000000 0.807911
706.000000 0.821225
707.000000 0.835255
708.000000 0.850121
709.000000 0.865796
710.000000 0.881623
711.000000 0.897928
712.000000 0.915312
713.000000 0.933167
714.000000 0.951628
715.000000 0.970592
716.000000 0.989797
717.000000 1.009367
718.000000 1.029096
719.000000 1.048055
720.000000 1.066553
721.000000 1.085514
722.000000 1.104504
723.000000 1.123120
724.000000 1.141253
725.000000 1.158839
726.000000 1.175776
727.000000 1.192058
728.000000 1.207586
729.000000 1.222361
730.000000 1.236273
731.000000 1.248567
732.000000 1.259469
733.000000 1.269644
734.000000 1.278848
735.000000 1.286890
736.000000 1.293504
737.000000 1.298548
738.000000 1.301985
739.000000 1.303836
740.000000 1.304041
741.000000 1.302210
742.000000 1.298255
743.000000 1.292399
744.000000 1.284596
745.000000 1.274838
746.000000 1.263115
747.000000 1.249208
748.000000 1.233218
749.000000 1.215304
750.000000 1.195556
751.000000 1.174078
752.000000 1.151001
753.000000 1.126154
754.000000 1.099460
755.000000 1.071189
756.000000 1.041678
757.000000 1.011147
758.000000 0.979784
759.000000 0.947504
760.000000 0.914389
761.000000 0.880755
762.000000 0.846942
763.000000 0.813077
764.000000 0.779032
765.000000 0.744605
766.000000 0.710109
767.000000 0.676316
768.000000 0.643565
769.000000 0.611662
770.000000 0.580490
771.000000 0.550210
772.000000 0.520825
773.000000 0.492454
774.000000 0.465000
775.000000 0.438580
776.000000 0.411845
777.000000 0.385678
778.000000 0.361916
779.000000 0.339863
780.000000 0.319157
781.000000 0.299679
782.000000 0.281383
783.000000 0.264206
784.000000 0.247991
785.000000 0.232609
786.000000 0.218130
787.000000 0.204523
788.000000 0.191388
789.000000 0.179047
790.000000 0.167934
791.000000 0.157672
792.000000 0.148064
793.000000 0.139133
794.000000 0.130805
795.000000 0.123031
796.000000 0.115803
797.000000 0.108840
798.000000 0.102229
799.000000 0.096202
800.000000 0.090654
801.000000 0.085533
802.000000 0.080757
803.000000 0.076287
804.000000 0.071985
805.000000 0.067960
806.000000 0.064311
807.000000 0.060884
808.000000 0.057692
809.000000 0.054788
810.000000 0.051973
811.000000 0.049269
812.000000 0.046871
813.000000 0.044633
814.000000 0.042500
815.000000 0.040486
816.000000 0.038567
817.000000 0.036764
818.000000 0.035136
819.000000 0.033628
820.000000 0.032138
821.000000 0.030703
822.000000 0.029381
823.000000 0.028172
824.000000 0.027065
825.000000 0.025987
826.000000 0.025032
827.000000 0.024167
828.000000 0.023254
829.000000 0.022396
830.000000 0.021567
831.000000 0.020759
832.000000 0.020055
833.000000 0.019405
834.000000 0.018735
835.000000 0.018072
836.000000 0.017440
837.000000 0.016829
838.000000 0.016287
839.000000 0.015804
840.000000 0.015326
841.000000 0.014823
842.000000 0.014335
843.000000 0.013941
844.000000 0.013573
845.000000 0.013161
846.000000 0.012789
847.000000 0.012462
848.000000 0.012139
849.000000 0.011800
850.000000 0.011472
851.000000 0.011174
852.000000 0.010872
853.000000 0.010617
854.000000 0.010379
855.000000 0.010080
856.000000 0.009755
857.000000 0.009471
858.000000 0.009242
859.000000 0.009058
860.000000 0.008881
861.000000 0.008703
862.000000 0.008506
863.000000 0.008323
864.000000 0.008170
865.000000 0.008016
866.000000 0.007852
867.000000 0.007710
868.000000 0.007590
869.000000 0.007468
870.000000 0.007351
871.000000 0.007220
872.000000 0.007056
873.000000 0.006890
874.000000 0.006759
875.000000 0.006642
876.000000 0.006506
877.000000 0.006356
878.000000 0.006241
879.000000 0.006148
880.000000 0.006041
881.000000 0.005934
882.000000 0.005851
883.000000 0.005776
884.000000 0.005692
885.000000 0.005581
886.000000 0.005470
887.000000 0.005368
888.000000 0.005263
889.000000 0.005208
890.000000 0.005178
891.000000 0.005117
892.000000 0.005048
893.000000 0.004961
894.000000 0.004886
895.000000 0.004823
896.000000 0.004750
897.000000 0.004671
898.000000 0.004612
899.000000 0.004577
900.000000 0.004532
901.000000 0.004481
902.000000 0.004404
903.000000 0.004363
904.000000 0.004355
905.000000 0.004331
906.000000 0.004311
907.000000 0.004265
908.000000 0.004205
909.000000 0.004153
910.000000 0.004132
911.000000 0.004112
912.000000 0.004069
913.000000 0.004004
914.000000 0.003936
915.000000 0.003881
916.000000 0.003849
917.000000 0.003836
918.000000 0.003797
919.000000 0.003764
920.000000 0.003731
921.000000 0.003686
922.000000 0.003631
923.000000 0.003555
924.000000 0.003452
925.000000 0.003378
926.000000 0.003342
927.000000 0.003294
928.000000 0.003232
929.000000 0.003173
930.000000 0.003153
931.000000 0.003154
932.000000 0.003132
933.000000 0.003113
934.000000 0.003107
935.000000 0.003081
936.000000 0.003060
937.000000 0.003045
938.000000 0.003042
939.000000 0.003031
940.000000 0.003023
941.000000 0.003019
942.000000 0.003053
943.000000 0.003106
944.000000 0.003106
945.000000 0.003098
946.000000 0.003061
947.000000 0.002991
948.000000 0.002931
949.000000 0.002900
950.000000 0.002892
