315.000000 0.140249
316.000000 0.140658
317.000000 0.141940
318.000000 0.142909
319.000000 0.143397
320.000000 0.143600
321.000000 0.144287
322.000000 0.145013
323.000000 0.145279
324.000000 0.145395
325.000000 0.145245
326.000000 0.145830
327.000000 0.146742
328.000000 0.147077
329.000000 0.147267
330.000000 0.147306
331.000000 0.147255
332.000000 0.147317
333.000000 0.147088
334.000000 0.146775
335.000000 0.146828
336.000000 0.147330
337.000000 0.147946
338.000000 0.148325
339.000000 0.148680
340.000000 0.149144
341.000000 0.149074
342.000000 0.148924
343.000000 0.149377
344.000000 0.150227
345.000000 0.150750
346.000000 0.151133
347.000000 0.151892
348.000000 0.152550
349.000000 0.153088
350.000000 0.153713
351.000000 0.154470
352.000000 0.155218
353.000000 0.155888
354.000000 0.156937
355.000000 0.158181
356.000000 0.159267
357.000000 0.160292
358.000000 0.161311
359.000000 0.162452
360.000000 0.163585
361.000000 0.164792
362.000000 0.166241
363.000000 0.167902
364.000000 0.169671
365.000000 0.171398
366.000000 0.173233
367.000000 0.175321
368.000000 0.177462
369.000000 0.179500
370.000000 0.181669
371.000000 0.183792
372.000000 0.186041
373.000000 0.188388
374.000000 0.190500
375.000000 0.192817
376.000000 0.195058
377.000000 0.197265
378.000000 0.199583
379.000000 0.202088
380.000000 0.204667
381.000000 0.207126
382.000000 0.209555
383.000000 0.212056
384.000000 0.214853
385.000000 0.217811
386.000000 0.220717
387.000000 0.223429
388.000000 0.226106
389.000000 0.228922
390.000000 0.231604
391.000000 0.234415
392.000000 0.237766
393.000000 0.241094
394.000000 0.244146
395.000000 0.247163
396.000000 0.250080
397.000000 0.252963
398.000000 0.256267
399.000000 0.259581
400.000000 0.262556
401.000000 0.265553
402.000000 0.268474
403.000000 0.271387
404.000000 0.274217
405.000000 0.276989
406.000000 0.279825
407.000000 0.282354
408.000000 0.284888
409.000000 0.287532
410.000000 0.290074
411.000000 0.292562
412.000000 0.294920
413.000000 0.297038
414.000000 0.299023
415.000000 0.300976
416.000000 0.303096
417.000000 0.305255
418.000000 0.306944
419.000000 0.308283
420.000000 0.309663
421.000000 0.311002
422.000000 0.311875
423.000000 0.312432
424.000000 0.312936
425.000000 0.313171
426.000000 0.313371
427.000000 0.313518
428.000000 0.313374
429.000000 0.313155
430.000000 0.312829
431.000000 0.312260
432.000000 0.311499
433.000000 0.310711
434.000000 0.309925
435.000000 0.309115
436.000000 0.308257
437.000000 0.307210
438.000000 0.306019
439.000000 0.304787
440.000000 0.303455
441.000000 0.301949
442.000000 0.300240
443.000000 0.298356
444.000000 0.296329
445.000000 0.294219
446.000000 0.291951
447.000000 0.289573
448.000000 0.287053
449.000000 0.284380
450.000000 0.281699
451.000000 0.278802
452.000000 0.275704
453.000000 0.272756
454.000000 0.269742
455.000000 0.266556
456.000000 0.263176
457.000000 0.259665
458.000000 0.256324
459.000000 0.253013
460.000000 0.249898
461.000000 0.246998
462.000000 0.243909
463.000000 0.240785
464.000000 0.237811
465.000000 0.234977
466.000000 0.232470
467.000000 0.230030
468.000000 0.227717
469.000000 0.225696
470.000000 0.223744
471.000000 0.221984
472.000000 0.220460
473.000000 0.219122
474.000000 0.217889
475.000000 0.216796
476.000000 0.215899
477.000000 0.215149
478.000000 0.214498
479.000000 0.213887
480.000000 0.213413
481.000000 0.213126
482.000000 0.213086
483.000000 0.213206
484.000000 0.213374
485.000000 0.213638
486.000000 0.213945
487.000000 0.214269
488.000000 0.214659
489.000000 0.215081
490.000000 0.215843
491.000000 0.216416
492.000000 0.216780
493.000000 0.217696
494.000000 0.218701
495.000000 0.219336
496.000000 0.220088
497.000000 0.221010
498.000000 0.221893
499.000000 0.222628
500.000000 0.223353
501.000000 0.224183
502.000000 0.224833
503.000000 0.225760
504.000000 0.226760
505.000000 0.227442
506.000000 0.228004
507.000000 0.228645
508.000000 0.229835
509.000000 0.231249
510.000000 0.232132
511.000000 0.232966
512.000000 0.233905
513.000000 0.234847
514.000000 0.235758
515.000000 0.236405
516.000000 0.237025
517.000000 0.237621
518.000000 0.238161
519.000000 0.238717
520.000000 0.239115
521.000000 0.239588
522.000000 0.240379
523.000000 0.241213
524.000000 0.241697
525.000000 0.241874
526.000000 0.242232
527.000000 0.242750
528.000000 0.243365
529.000000 0.243819
530.000000 0.244066
531.000000 0.244520
532.000000 0.244840
533.000000 0.245127
534.000000 0.245433
535.000000 0.245217
536.000000 0.244878
537.000000 0.244729
538.000000 0.244654
539.000000 0.244624
540.000000 0.244225
541.000000 0.243591
542.000000 0.243348
543.000000 0.243010
544.000000 0.242461
545.000000 0.242034
546.000000 0.241324
547.000000 0.240370
548.000000 0.239520
549.000000 0.238840
550.000000 0.238173
551.000000 0.237268
552.000000 0.236076
553.000000 0.234946
554.000000 0.233967
555.000000 0.232900
556.000000 0.231800
557.000000 0.230623
558.000000 0.229292
559.000000 0.228034
560.000000 0.226901
561.000000 0.225679
562.000000 0.224152
563.000000 0.222600
564.000000 0.221114
565.000000 0.219753
566.000000 0.218377
567.000000 0.216669
568.000000 0.214876
569.000000 0.213243
570.000000 0.211860
571.000000 0.210370
572.000000 0.208577
573.000000 0.206667
574.000000 0.204702
575.000000 0.202858
576.000000 0.201097
577.000000 0.199301
578.000000 0.197515
579.000000 0.195634
580.000000 0.193682
581.000000 0.191791
582.000000 0.189925
583.000000 0.188059
584.000000 0.186194
585.000000 0.184281
586.000000 0.182280
587.000000 0.180299
588.000000 0.178433
589.000000 0.176502
590.000000 0.174539
591.000000 0.172643
592.000000 0.170781
593.000000 0.168965
594.000000 0.167237
595.000000 0.165475
596.000000 0.163599
597.000000 0.161757
598.000000 0.159932
599.000000 0.158257
600.000000 0.156736
601.000000 0.155039
602.000000 0.153382
603.000000 0.151872
604.000000 0.150427
605.000000 0.149194
606.000000 0.147940
607.000000 0.146612
608.000000 0.145409
609.000000 0.144266
610.000000 0.143121
611.000000 0.142015
612.000000 0.141036
613.000000 0.140163
614.000000 0.139311
615.000000 0.138561
616.000000 0.137916
617.000000 0.137373
618.000000 0.136924
619.000000 0.136468
620.000000 0.136033
621.000000 0.135704
622.000000 0.135503
623.000000 0.135359
624.000000 0.135279
625.000000 0.135176
626.000000 0.135098
627.000000 0.135093
628.000000 0.135137
629.000000 0.135265
630.000000 0.135417
631.000000 0.135579
632.000000 0.135676
633.000000 0.135791
634.000000 0.135969
635.000000 0.136066
636.000000 0.136108
637.000000 0.136139
638.000000 0.136176
639.000000 0.136246
640.000000 0.136256
641.000000 0.136215
642.000000 0.136162
643.000000 0.136062
644.000000 0.135913
645.000000 0.135729
646.000000 0.135551
647.000000 0.135367
648.000000 0.135188
649.000000 0.135073
650.000000 0.135037
651.000000 0.134981
652.000000 0.134832
653.000000 0.134667
654.000000 0.134553
655.000000 0.134486
656.000000 0.134417
657.000000 0.134355
658.000000 0.134316
659.000000 0.134341
660.000000 0.134458
661.000000 0.134613
662.000000 0.134782
663.000000 0.134921
664.000000 0.135099
665.000000 0.135308
666.000000 0.135487
667.000000 0.135730
668.000000 0.136067
669.000000 0.136401
670.000000 0.136700
671.000000 0.136986
672.000000 0.137218
673.000000 0.137445
674.000000 0.137701
675.000000 0.137951
676.000000 0.138248
677.000000 0.138544
678.000000 0.138776
679.000000 0.138978
680.000000 0.139199
681.000000 0.139432
682.000000 0.139648
683.000000 0.139901
684.000000 0.140188
685.000000 0.140494
686.000000 0.140847
687.000000 0.141215
688.000000 0.141585
689.000000 0.142001
690.000000 0.142473
691.000000 0.143003
692.000000 0.143557
693.000000 0.144143
694.000000 0.144789
695.000000 0.145502
696.000000 0.146255
697.000000 0.147085
698.000000 0.148006
699.000000 0.148993
700.000000 0.150088
701.000000 0.151220
702.000000 0.152369
703.000000 0.153575
704.000000 0.154869
705.000000 0.156284
706.000000 0.157761
707.000000 0.159289
708.000000 0.160866
709.000000 0.162473
710.000000 0.164071
711.000000 0.165735
712.000000 0.167523
713.000000 0.169317
714.000000 0.171085
715.000000 0.172870
716.000000 0.174691
717.000000 0.176499
718.000000 0.178307
719.000000 0.180089
720.000000 0.181745
721.000000 0.183336
722.000000 0.184923
723.000000 0.186439
724.000000 0.187798
725.000000 0.189023
726.000000 0.190167
727.000000 0.191212
728.000000 0.192096
729.000000 0.192765
730.000000 0.193249
731.000000 0.193513
732.000000 0.193567
733.000000 0.193448
734.000000 0.193138
735.000000 0.192602
736.000000 0.191855
737.000000 0.190875
738.000000 0.189582
739.000000 0.188041
740.000000 0.186269
741.000000 0.184210
742.000000 0.181962
743.000000 0.179535
744.000000 0.176907
745.000000 0.174131
746.000000 0.171148
747.000000 0.167954
748.000000 0.164658
749.000000 0.161227
750.000000 0.157657
751.000000 0.154043
752.000000 0.150418
753.000000 0.146685
754.000000 0.142834
755.000000 0.139001
756.000000 0.135170
757.000000 0.131361
758.000000 0.127628
759.000000 0.123921
760.000000 0.120219
761.000000 0.116595
762.000000 0.113131
763.000000 0.109786
764.000000 0.106501
765.000000 0.103236
766.000000 0.100023
767.000000 0.096917
768.000000 0.093934
769.000000 0.091077
770.000000 0.088321
771.000000 0.085675
772.000000 0.083173
773.000000 0.080764
774.000000 0.078409
775.000000 0.076146
776.000000 0.073798
777.000000 0.071504
778.000000 0.069398
779.000000 0.067321
780.000000 0.065328
781.000000 0.063442
782.000000 0.061636
783.000000 0.059959
784.000000 0.058300
785.000000 0.056577
786.000000 0.054936
787.000000 0.053378
788.000000 0.051793
789.000000 0.050265
790.000000 0.048813
791.000000 0.047348
792.000000 0.045907
793.000000 0.044563
794.000000 0.043244
795.000000 0.041906
796.000000 0.040644
797.000000 0.039413
798.000000 0.038159
799.000000 0.036935
800.000000 0.035784
801.000000 0.034684
802.000000 0.033616
803.000000 0.032609
804.000000 0.031555
805.000000 0.030621
806.000000 0.029668
807.000000 0.028589
808.000000 0.027688
809.000000 0.026883
810.000000 0.026048
811.000000 0.025213
812.000000 0.024479
813.000000 0.023806
814.000000 0.023096
815.000000 0.022373
816.000000 0.021658
817.000000 0.020965
818.000000 0.020331
819.000000 0.019736
820.000000 0.019157
821.000000 0.018579
822.000000 0.018066
823.000000 0.017644
824.000000 0.017206
825.000000 0.016702
826.000000 0.016276
827.000000 0.015865
828.000000 0.015408
829.000000 0.014993
830.000000 0.014604
831.000000 0.014226
832.000000 0.013861
833.000000 0.013511
834.000000 0.013160
835.000000 0.012824
836.000000 0.012481
837.000000 0.012123
838.000000 0.011810
839.000000 0.011537
840.000000 0.011266
841.000000 0.010950
842.000000 0.010646
843.000000 0.010447
844.000000 0.010265
845.000000 0.010007
846.000000 0.009715
847.000000 0.009439
848.000000 0.009197
849.000000 0.008984
850.000000 0.008810
851.000000 0.008629
852.000000 0.008407
853.000000 0.008208
854.000000 0.008067
855.000000 0.007893
856.000000 0.007650
857.000000 0.007478
858.000000 0.007351
859.000000 0.007208
860.000000 0.007102
861.000000 0.007026
862.000000 0.006908
863.000000 0.006766
864.000000 0.006653
865.000000 0.006517
866.000000 0.006355
867.000000 0.006256
868.000000 0.006179
869.000000 0.006085
870.000000 0.006006
871.000000 0.005932
872.000000 0.005852
873.000000 0.005753
874.000000 0.005673
875.000000 0.005604
876.000000 0.005520
877.000000 0.005486
878.000000 0.005442
879.000000 0.005330
880.000000 0.005220
881.000000 0.005123
882.000000 0.005053
883.000000 0.004996
884.000000 0.004920
885.000000 0.004853
886.000000 0.004781
887.000000 0.004693
888.000000 0.004619
889.000000 0.004543
890.000000 0.004486
891.000000 0.004454
892.000000 0.004434
893.000000 0.004406
894.000000 0.004376
895.000000 0.004316
896.000000 0.004209
897.000000 0.004123
898.000000 0.004100
899.000000 0.004082
900.000000 0.004033
901.000000 0.003991
902.000000 0.003947
903.000000 0.003944
904.000000 0.003964
905.000000 0.003961
906.000000 0.003929
907.000000 0.003897
908.000000 0.003871
909.000000 0.003842
910.000000 0.003823
911.000000 0.003785
912.000000 0.003756
913.000000 0.003700
914.000000 0.003629
915.000000 0.003608
916.000000 0.003581
917.000000 0.003534
918.000000 0.003517
919.000000 0.003489
920.000000 0.003434
921.000000 0.003382
922.000000 0.003335
923.000000 0.003281
924.000000 0.003213
925.000000 0.003164
926.000000 0.003104
927.000000 0.003063
928.000000 0.003022
929.000000 0.002961
930.000000 0.002942
931.000000 0.002927
932.000000 0.002908
933.000000 0.002887
934.000000 0.002874
935.000000 0.002888
936.000000 0.002882
937.000000 0.002883
938.000000 0.002909
939.000000 0.002919
940.000000 0.002900
941.000000 0.002872
942.000000 0.002899
943.000000 0.002931
944.000000 0.002921
945.000000 0.002911
946.000000 0.002878
947.000000 0.002835
948.000000 0.002801
949.000000 0.002770
950.000000 0.002755
