315.000000 0.138071
316.000000 0.138056
317.000000 0.138936
318.000000 0.140222
319.000000 0.141479
320.000000 0.141921
321.000000 0.142228
322.000000 0.142916
323.000000 0.143553
324.000000 0.143906
325.000000 0.144181
326.000000 0.144783
327.000000 0.145288
328.000000 0.145290
329.000000 0.145256
330.000000 0.145437
331.000000 0.146127
332.000000 0.146973
333.000000 0.146944
334.000000 0.146500
335.000000 0.146554
336.000000 0.146940
337.000000 0.147493
338.000000 0.147952
339.000000 0.148163
340.000000 0.148605
341.000000 0.148752
342.000000 0.148799
343.000000 0.149490
344.000000 0.150141
345.000000 0.150540
346.000000 0.151092
347.000000 0.151835
348.000000 0.152562
349.000000 0.153272
350.000000 0.153980
351.000000 0.154700
352.000000 0.155524
353.000000 0.156355
354.000000 0.157422
355.000000 0.158683
356.000000 0.159843
357.000000 0.160847
358.000000 0.161867
359.000000 0.163066
360.000000 0.164239
361.000000 0.165549
362.000000 0.167232
363.000000 0.168927
364.000000 0.170565
365.000000 0.172302
366.000000 0.174212
367.000000 0.176316
368.000000 0.178395
369.000000 0.180418
370.000000 0.182318
371.000000 0.184417
372.000000 0.186834
373.000000 0.189210
374.000000 0.191308
375.000000 0.193200
376.000000 0.195136
377.000000 0.197347
378.000000 0.199830
379.000000 0.202492
380.000000 0.205210
381.000000 0.207628
382.000000 0.210108
383.000000 0.212989
384.000000 0.216166
385.000000 0.219372
386.000000 0.222446
387.000000 0.225039
388.000000 0.227416
389.000000 0.230058
390.000000 0.232891
391.000000 0.236110
392.000000 0.239445
393.000000 0.242589
394.000000 0.245598
395.000000 0.248654
396.000000 0.251648
397.000000 0.254404
398.000000 0.257617
399.000000 0.261120
400.000000 0.264151
401.000000 0.266977
402.000000 0.269761
403.000000 0.272614
404.000000 0.275368
405.000000 0.277989
406.000000 0.280667
407.000000 0.283435
408.000000 0.286321
409.000000 0.289036
410.000000 0.291444
411.000000 0.293866
412.000000 0.296394
413.000000 0.298580
414.000000 0.300492
415.000000 0.302439
416.000000 0.304506
417.000000 0.306625
418.000000 0.308455
419.000000 0.309791
420.000000 0.311055
421.000000 0.312424
422.000000 0.313486
423.000000 0.314186
424.000000 0.314641
425.000000 0.314848
426.000000 0.315031
427.000000 0.315220
428.000000 0.315072
429.000000 0.314753
430.000000 0.314395
431.000000 0.313763
432.000000 0.313017
433.000000 0.312329
434.000000 0.311609
435.000000 0.310819
436.000000 0.309915
437.000000 0.308795
438.000000 0.307530
439.000000 0.306198
440.000000 0.304773
441.000000 0.303223
442.000000 0.301578
443.000000 0.299782
444.000000 0.297746
445.000000 0.295642
446.000000 0.293471
447.000000 0.291138
448.000000 0.288611
449.000000 0.285932
450.000000 0.283278
451.000000 0.280491
452.000000 0.277473
453.000000 0.274499
454.000000 0.271331
455.000000 0.267998
456.000000 0.264635
457.000000 0.261121
458.000000 0.257756
459.000000 0.254467
460.000000 0.251324
461.000000 0.248416
462.000000 0.245369
463.000000 0.242317
464.000000 0.239408
465.000000 0.236585
466.000000 0.234038
467.000000 0.231615
468.000000 0.229358
469.000000 0.227309
470.000000 0.225323
471.000000 0.223547
472.000000 0.221967
473.000000 0.220588
474.000000 0.219339
475.000000 0.218186
476.000000 0.217190
477.000000 0.216433
478.000000 0.215809
479.000000 0.215214
480.000000 0.214791
481.000000 0.214551
482.000000 0.214430
483.000000 0.214399
484.000000 0.214515
485.000000 0.214737
486.000000 0.215009
487.000000 0.215304
488.000000 0.215677
489.000000 0.216151
490.000000 0.216836
491.000000 0.217413
492.000000 0.217754
493.000000 0.218483
494.000000 0.219416
495.000000 0.220305
496.000000 0.221295
497.000000 0.222120
498.000000 0.222740
499.000000 0.223280
500.000000 0.224018
501.000000 0.224829
502.000000 0.225597
503.000000 0.226730
504.000000 0.227650
505.000000 0.228231
506.000000 0.228741
507.000000 0.229327
508.000000 0.230403
509.000000 0.231466
510.000000 0.232349
511.000000 0.233449
512.000000 0.234484
513.000000 0.235502
514.000000 0.236358
515.000000 0.237037
516.000000 0.237437
517.000000 0.237832
518.000000 0.238600
519.000000 0.239412
520.000000 0.239948
521.000000 0.240342
522.000000 0.241137
523.000000 0.241823
524.000000 0.242095
525.000000 0.242222
526.000000 0.242458
527.000000 0.242947
528.000000 0.243440
529.000000 0.243900
530.000000 0.244414
531.000000 0.244862
532.000000 0.245022
533.000000 0.245312
534.000000 0.245642
535.000000 0.245300
536.000000 0.244848
537.000000 0.244656
538.000000 0.244390
539.000000 0.244313
540.000000 0.244234
541.000000 0.243819
542.000000 0.243632
543.000000 0.243323
544.000000 0.242723
545.000000 0.242158
546.000000 0.241508
547.000000 0.240727
548.000000 0.240027
549.000000 0.239208
550.000000 0.238128
551.000000 0.237159
552.000000 0.236144
553.000000 0.235058
554.000000 0.234064
555.000000 0.232974
556.000000 0.231836
557.000000 0.230708
558.000000 0.229414
559.000000 0.228119
560.000000 0.226887
561.000000 0.225506
562.000000 0.224024
563.000000 0.222613
564.000000 0.221120
565.000000 0.219668
566.000000 0.218197
567.000000 0.216516
568.000000 0.214920
569.000000 0.213393
570.000000 0.211787
571.000000 0.210098
572.000000 0.208251
573.000000 0.206276
574.000000 0.204256
575.000000 0.202392
576.000000 0.200654
577.000000 0.198833
578.000000 0.196951
579.000000 0.194953
580.000000 0.192921
581.000000 0.190989
582.000000 0.189058
583.000000 0.187157
584.000000 0.185391
585.000000 0.183556
586.000000 0.181527
587.000000 0.179471
588.000000 0.177376
589.000000 0.175400
590.000000 0.173575
591.000000 0.171690
592.000000 0.169871
593.000000 0.167999
594.000000 0.166079
595.000000 0.164198
596.000000 0.162313
597.000000 0.160533
598.000000 0.158718
599.000000 0.156900
600.000000 0.155286
601.000000 0.153676
602.000000 0.152099
603.000000 0.150598
604.000000 0.149133
605.000000 0.147814
606.000000 0.146512
607.000000 0.145217
608.000000 0.143967
609.000000 0.142771
610.000000 0.141662
611.000000 0.140594
612.000000 0.139574
613.000000 0.138657
614.000000 0.137737
615.000000 0.136875
616.000000 0.136170
617.000000 0.135557
618.000000 0.135094
619.000000 0.134736
620.000000 0.134337
621.000000 0.133933
622.000000 0.133634
623.000000 0.133428
624.000000 0.133299
625.000000 0.133184
626.000000 0.133104
627.000000 0.133049
628.000000 0.133015
629.000000 0.133095
630.000000 0.133216
631.000000 0.133295
632.000000 0.133344
633.000000 0.133468
634.000000 0.133650
635.000000 0.133752
636.000000 0.133767
637.000000 0.133754
638.000000 0.133727
639.000000 0.133705
640.000000 0.133646
641.000000 0.133527
642.000000 0.133425
643.000000 0.133291
644.000000 0.133055
645.000000 0.132771
646.000000 0.132397
647.000000 0.132054
648.000000 0.131870
649.000000 0.131685
650.000000 0.131500
651.000000 0.131321
652.000000 0.131081
653.000000 0.130849
654.000000 0.130663
655.000000 0.130524
656.000000 0.130433
657.000000 0.130394
658.000000 0.130398
659.000000 0.130400
660.000000 0.130431
661.000000 0.130562
662.000000 0.130680
663.000000 0.130747
664.000000 0.130890
665.000000 0.131064
666.000000 0.131232
667.000000 0.131433
668.000000 0.131687
669.000000 0.131931
670.000000 0.132142
671.000000 0.132351
672.000000 0.132562
673.000000 0.132808
674.000000 0.133023
675.000000 0.133199
676.000000 0.133399
677.000000 0.133613
678.000000 0.133822
679.000000 0.134018
680.000000 0.134172
681.000000 0.134334
682.000000 0.134534
683.000000 0.134728
684.000000 0.134960
685.000000 0.135246
686.000000 0.135573
687.000000 0.135922
688.000000 0.136256
689.000000 0.136656
690.000000 0.137141
691.000000 0.137642
692.000000 0.138146
693.000000 0.138672
694.000000 0.139275
695.000000 0.139960
696.000000 0.140658
697.000000 0.141432
698.000000 0.142282
699.000000 0.143212
700.000000 0.144261
701.000000 0.145332
702.000000 0.146396
703.000000 0.147506
704.000000 0.148732
705.000000 0.150060
706.000000 0.151414
707.000000 0.152861
708.000000 0.154389
709.000000 0.155895
710.000000 0.157376
711.000000 0.158945
712.000000 0.160614
713.000000 0.162302
714.000000 0.164011
715.000000 0.165703
716.000000 0.167374
717.000000 0.169016
718.000000 0.170662
719.000000 0.172259
720.000000 0.173778
721.000000 0.175323
722.000000 0.176816
723.000000 0.178195
724.000000 0.179474
725.000000 0.180605
726.000000 0.181618
727.000000 0.182531
728.000000 0.183113
729.000000 0.183647
730.000000 0.184255
731.000000 0.184546
732.000000 0.184583
733.000000 0.184426
734.000000 0.184060
735.000000 0.183485
736.000000 0.182718
737.000000 0.181728
738.000000 0.180432
739.000000 0.178855
740.000000 0.177071
741.000000 0.175018
742.000000 0.172762
743.000000 0.170412
744.000000 0.167906
745.000000 0.165187
746.000000 0.162279
747.000000 0.159262
748.000000 0.156064
749.000000 0.152656
750.000000 0.149184
751.000000 0.145738
752.000000 0.142284
753.000000 0.138743
754.000000 0.135068
755.000000 0.131338
756.000000 0.127620
757.000000 0.123965
758.000000 0.120435
759.000000 0.116934
760.000000 0.113443
761.000000 0.109993
762.000000 0.106670
763.000000 0.103476
764.000000 0.100311
765.000000 0.097180
766.000000 0.094182
767.000000 0.091324
768.000000 0.088526
769.000000 0.085841
770.000000 0.083249
771.000000 0.080758
772.000000 0.078399
773.000000 0.076108
774.000000 0.073902
775.000000 0.071801
776.000000 0.069583
777.000000 0.067369
778.000000 0.065371
779.000000 0.063471
780.000000 0.061625
781.000000 0.059859
782.000000 0.058194
783.000000 0.056647
784.000000 0.055112
785.000000 0.053544
786.000000 0.052026
787.000000 0.050562
788.000000 0.049098
789.000000 0.047687
790.000000 0.046349
791.000000 0.045005
792.000000 0.043703
793.000000 0.042441
794.000000 0.041151
795.000000 0.039884
796.000000 0.038683
797.000000 0.037452
798.000000 0.036254
799.000000 0.035157
800.000000 0.034101
801.000000 0.033131
802.000000 0.032179
803.000000 0.031189
804.000000 0.030140
805.000000 0.029139
806.000000 0.028251
807.000000 0.027351
808.000000 0.026485
809.000000 0.025682
810.000000 0.024851
811.000000 0.024038
812.000000 0.023349
813.000000 0.022708
814.000000 0.022045
815.000000 0.021381
816.000000 0.020729
817.000000 0.020082
818.000000 0.019502
819.000000 0.018950
820.000000 0.018366
821.000000 0.017837
822.000000 0.017348
823.000000 0.016853
824.000000 0.016438
825.000000 0.016038
826.000000 0.015635
827.000000 0.015235
828.000000 0.014790
829.000000 0.014390
830.000000 0.014029
831.000000 0.013705
832.000000 0.013401
833.000000 0.013100
834.000000 0.012790
835.000000 0.012445
836.000000 0.012101
837.000000 0.011794
838.000000 0.011516
839.000000 0.011245
840.000000 0.011002
841.000000 0.010741
842.000000 0.010471
843.000000 0.010260
844.000000 0.010046
845.000000 0.009796
846.000000 0.009559
847.000000 0.009345
848.000000 0.009143
849.000000 0.008923
850.000000 0.008721
851.000000 0.008506
852.000000 0.008265
853.000000 0.008068
854.000000 0.007911
855.000000 0.007724
856.000000 0.007510
857.000000 0.007349
858.000000 0.007206
859.000000 0.007078
860.000000 0.007009
861.000000 0.006962
862.000000 0.006877
863.000000 0.006767
864.000000 0.006650
865.000000 0.006505
866.000000 0.006360
867.000000 0.006271
868.000000 0.006216
869.000000 0.006140
870.000000 0.006044
871.000000 0.005950
872.000000 0.005834
873.000000 0.005728
874.000000 0.005652
875.000000 0.005571
876.000000 0.005475
877.000000 0.005375
878.000000 0.005310
879.000000 0.005247
880.000000 0.005159
881.000000 0.005072
882.000000 0.005012
883.000000 0.004986
884.000000 0.004935
885.000000 0.004832
886.000000 0.004744
887.000000 0.004675
888.000000 0.004644
889.000000 0.004618
890.000000 0.004544
891.000000 0.004485
892.000000 0.004453
893.000000 0.004397
894.000000 0.004329
895.000000 0.004287
896.000000 0.004242
897.000000 0.004177
898.000000 0.004138
899.000000 0.004125
900.000000 0.004095
901.000000 0.004032
902.000000 0.003981
903.000000 0.003963
904.000000 0.003947
905.000000 0.003960
906.000000 0.003955
907.000000 0.003914
908.000000 0.003866
909.000000 0.003806
910.000000 0.003770
911.000000 0.003733
912.000000 0.003692
913.000000 0.003654
914.000000 0.003611
915.000000 0.003571
916.000000 0.003530
917.000000 0.003506
918.000000 0.003484
919.000000 0.003429
920.000000 0.003349
921.000000 0.003300
922.000000 0.003275
923.000000 0.003227
924.000000 0.003179
925.000000 0.003146
926.000000 0.003119
927.000000 0.003080
928.000000 0.003022
929.000000 0.002970
930.000000 0.002937
931.000000 0.002924
932.000000 0.002934
933.000000 0.002941
934.000000 0.002914
935.000000 0.002883
936.000000 0.002855
937.000000 0.002838
938.000000 0.002835
939.000000 0.002850
940.000000 0.002929
941.000000 0.002986
942.000000 0.002954
943.000000 0.002900
944.000000 0.002870
945.000000 0.002877
946.000000 0.002862
947.000000 0.002824
948.000000 0.002779
949.000000 0.002744
950.000000 0.002736
