315.000000 0.142803
316.000000 0.142373
317.000000 0.142427
318.000000 0.143179
319.000000 0.144395
320.000000 0.144770
321.000000 0.144995
322.000000 0.145314
323.000000 0.145558
324.000000 0.146016
325.000000 0.146287
326.000000 0.146526
327.000000 0.146991
328.000000 0.147719
329.000000 0.148110
330.000000 0.148173
331.000000 0.148414
332.000000 0.148860
333.000000 0.148800
334.000000 0.148331
335.000000 0.148282
336.000000 0.148459
337.000000 0.148902
338.000000 0.149384
339.000000 0.149757
340.000000 0.150209
341.000000 0.150310
342.000000 0.150341
343.000000 0.150649
344.000000 0.151025
345.000000 0.151593
346.000000 0.152225
347.000000 0.152986
348.000000 0.153817
349.000000 0.154472
350.000000 0.155230
351.000000 0.156047
352.000000 0.156766
353.000000 0.157518
354.000000 0.158564
355.000000 0.159755
356.000000 0.160702
357.000000 0.161540
358.000000 0.162682
359.000000 0.164096
360.000000 0.165346
361.000000 0.166444
362.000000 0.167803
363.000000 0.169519
364.000000 0.171250
365.000000 0.173140
366.000000 0.175233
367.000000 0.177242
368.000000 0.179345
369.000000 0.181419
370.000000 0.183385
371.000000 0.185644
372.000000 0.188061
373.000000 0.190214
374.000000 0.192448
375.000000 0.194659
376.000000 0.196239
377.000000 0.197911
378.000000 0.200261
379.000000 0.203131
380.000000 0.206023
381.000000 0.208828
382.000000 0.211388
383.000000 0.213996
384.000000 0.216939
385.000000 0.220030
386.000000 0.223165
387.000000 0.225770
388.000000 0.228203
389.000000 0.231001
390.000000 0.234161
391.000000 0.237297
392.000000 0.240640
393.000000 0.243995
394.000000 0.247110
395.000000 0.250406
396.000000 0.253479
397.000000 0.256232
398.000000 0.259369
399.000000 0.262591
400.000000 0.265499
401.000000 0.268505
402.000000 0.271504
403.000000 0.274365
404.000000 0.277087
405.000000 0.279802
406.000000 0.282644
407.000000 0.285269
408.000000 0.287853
409.000000 0.290433
410.000000 0.292866
411.000000 0.295283
412.000000 0.297730
413.000000 0.299913
414.000000 0.301793
415.000000 0.303663
416.000000 0.305615
417.000000 0.307807
418.000000 0.309690
419.000000 0.310939
420.000000 0.312190
421.000000 0.313511
422.000000 0.314456
423.000000 0.315193
424.000000 0.315837
425.000000 0.316053
426.000000 0.316115
427.000000 0.316318
428.000000 0.316191
429.000000 0.315907
430.000000 0.315624
431.000000 0.315200
432.000000 0.314608
433.000000 0.313972
434.000000 0.313217
435.000000 0.312254
436.000000 0.311324
437.000000 0.310230
438.000000 0.308951
439.000000 0.307638
440.000000 0.306214
441.000000 0.304710
442.000000 0.303099
443.000000 0.301273
444.000000 0.299220
445.000000 0.297133
446.000000 0.294885
447.000000 0.292394
448.000000 0.289783
449.000000 0.287108
450.000000 0.284511
451.000000 0.281741
452.000000 0.278740
453.000000 0.275813
454.000000 0.272728
455.000000 0.269457
456.000000 0.266082
457.000000 0.262603
458.000000 0.259299
459.000000 0.255971
460.000000 0.252751
461.000000 0.249782
462.000000 0.246746
463.000000 0.243688
464.000000 0.240703
465.000000 0.237885
466.000000 0.235382
467.000000 0.232976
468.000000 0.230701
469.000000 0.228627
470.000000 0.226623
471.000000 0.224850
472.000000 0.223268
473.000000 0.221835
474.000000 0.220551
475.000000 0.219425
476.000000 0.218444
477.000000 0.217636
478.000000 0.216980
479.000000 0.216409
480.000000 0.216024
481.000000 0.215732
482.000000 0.215589
483.000000 0.215599
484.000000 0.215650
485.000000 0.215815
486.000000 0.216074
487.000000 0.216351
488.000000 0.216704
489.000000 0.217249
490.000000 0.218096
491.000000 0.218673
492.000000 0.219108
493.000000 0.219867
494.000000 0.220586
495.000000 0.221550
496.000000 0.222674
497.000000 0.223353
498.000000 0.223674
499.000000 0.224235
500.000000 0.225058
501.000000 0.225782
502.000000 0.226509
503.000000 0.227559
504.000000 0.228526
505.000000 0.229002
506.000000 0.229389
507.000000 0.230061
508.000000 0.231148
509.000000 0.232055
510.000000 0.232541
511.000000 0.233359
512.000000 0.234404
513.000000 0.235450
514.000000 0.236527
515.000000 0.237428
516.000000 0.237883
517.000000 0.238370
518.000000 0.239073
519.000000 0.239661
520.000000 0.240110
521.000000 0.240479
522.000000 0.241026
523.000000 0.241717
524.000000 0.242150
525.000000 0.242415
526.000000 0.242785
527.000000 0.243174
528.000000 0.243581
529.000000 0.243940
530.000000 0.244320
531.000000 0.244646
532.000000 0.244675
533.000000 0.244650
534.000000 0.244908
535.000000 0.244865
536.000000 0.244450
537.000000 0.244079
538.000000 0.243855
539.000000 0.243883
540.000000 0.243640
541.000000 0.243139
542.000000 0.242897
543.000000 0.242376
544.000000 0.241851
545.000000 0.241523
546.000000 0.240849
547.000000 0.240095
548.000000 0.239449
549.000000 0.238697
550.000000 0.237812
551.000000 0.236883
552.000000 0.235828
553.000000 0.234764
554.000000 0.233784
555.000000 0.232552
556.000000 0.231286
557.000000 0.230167
558.000000 0.228914
559.000000 0.227642
560.000000 0.226246
561.000000 0.224926
562.000000 0.223577
563.000000 0.222134
564.000000 0.220701
565.000000 0.219259
566.000000 0.217745
567.000000 0.215987
568.000000 0.214244
569.000000 0.212627
570.000000 0.211044
571.000000 0.209383
572.000000 0.207563
573.000000 0.205641
574.000000 0.203737
575.000000 0.201936
576.000000 0.200203
577.000000 0.198378
578.000000 0.196455
579.000000 0.194503
580.000000 0.192542
581.000000 0.190047
582.000000 0.187947
583.000000 0.186516
584.000000 0.184757
585.000000 0.182827
586.000000 0.180787
587.000000 0.178781
588.000000 0.176796
589.000000 0.174861
590.000000 0.172983
591.000000 0.171024
592.000000 0.169196
593.000000 0.167401
594.000000 0.165499
595.000000 0.163576
596.000000 0.161690
597.000000 0.159893
598.000000 0.158088
599.000000 0.156358
600.000000 0.154779
601.000000 0.153197
602.000000 0.151598
603.000000 0.150075
604.000000 0.148607
605.000000 0.147159
606.000000 0.145721
607.000000 0.144319
608.000000 0.143044
609.000000 0.141876
610.000000 0.140722
611.000000 0.139646
612.000000 0.138607
613.000000 0.137722
614.000000 0.136980
615.000000 0.136236
616.000000 0.135410
617.000000 0.134652
618.000000 0.134118
619.000000 0.133599
620.000000 0.133065
621.000000 0.132624
622.000000 0.132276
623.000000 0.132002
624.000000 0.131845
625.000000 0.131767
626.000000 0.131728
627.000000 0.131640
628.000000 0.131549
629.000000 0.131586
630.000000 0.131628
631.000000 0.131605
632.000000 0.131606
633.000000 0.131692
634.000000 0.131745
635.000000 0.131750
636.000000 0.131761
637.000000 0.131719
638.000000 0.131664
639.000000 0.131621
640.000000 0.131555
641.000000 0.131457
642.000000 0.131339
643.000000 0.131158
644.000000 0.130895
645.000000 0.130573
646.000000 0.130266
647.000000 0.129995
648.000000 0.129767
649.000000 0.129549
650.000000 0.129244
651.000000 0.128916
652.000000 0.128624
653.000000 0.128396
654.000000 0.128209
655.000000 0.128042
656.000000 0.127897
657.000000 0.127762
658.000000 0.127675
659.000000 0.127638
660.000000 0.127634
661.000000 0.127668
662.000000 0.127734
663.000000 0.127771
664.000000 0.127825
665.000000 0.127952
666.000000 0.128079
667.000000 0.128232
668.000000 0.128431
669.000000 0.128617
670.000000 0.128787
671.000000 0.128955
672.000000 0.129131
673.000000 0.129321
674.000000 0.129500
675.000000 0.129671
676.000000 0.129891
677.000000 0.130140
678.000000 0.130354
679.000000 0.130518
680.000000 0.130650
681.000000 0.130784
682.000000 0.130977
683.000000 0.131195
684.000000 0.131379
685.000000 0.131621
686.000000 0.131931
687.000000 0.132225
688.000000 0.132533
689.000000 0.132890
690.000000 0.133312
691.000000 0.133793
692.000000 0.134279
693.000000 0.134789
694.000000 0.135333
695.000000 0.135941
696.000000 0.136627
697.000000 0.137359
698.000000 0.138156
699.000000 0.139035
700.000000 0.140018
701.000000 0.141033
702.000000 0.142068
703.000000 0.143166
704.000000 0.144328
705.000000 0.145569
706.000000 0.146857
707.000000 0.148239
708.000000 0.149680
709.000000 0.151076
710.000000 0.152474
711.000000 0.154004
712.000000 0.155580
713.000000 0.157129
714.000000 0.158745
715.000000 0.160366
716.000000 0.161964
717.000000 0.163524
718.000000 0.165069
719.000000 0.166587
720.000000 0.168019
721.000000 0.169446
722.000000 0.170867
723.000000 0.172169
724.000000 0.173318
725.000000 0.174355
726.000000 0.175297
727.000000 0.176181
728.000000 0.176952
729.000000 0.177512
730.000000 0.177886
731.000000 0.178081
732.000000 0.178086
733.000000 0.177888
734.000000 0.177483
735.000000 0.176875
736.000000 0.176082
737.000000 0.175057
738.000000 0.173759
739.000000 0.172207
740.000000 0.170419
741.000000 0.168401
742.000000 0.166200
743.000000 0.163873
744.000000 0.161371
745.000000 0.158704
746.000000 0.155853
747.000000 0.152843
748.000000 0.149731
749.000000 0.146490
750.000000 0.143131
751.000000 0.139748
752.000000 0.136353
753.000000 0.132853
754.000000 0.129283
755.000000 0.125737
756.000000 0.122215
757.000000 0.118728
758.000000 0.115301
759.000000 0.111882
760.000000 0.108475
761.000000 0.105144
762.000000 0.101967
763.000000 0.098895
764.000000 0.095860
765.000000 0.092875
766.000000 0.089967
767.000000 0.087165
768.000000 0.084475
769.000000 0.081925
770.000000 0.079499
771.000000 0.077149
772.000000 0.074864
773.000000 0.072622
774.000000 0.070441
775.000000 0.068406
776.000000 0.066367
777.000000 0.064368
778.000000 0.062537
779.000000 0.060726
780.000000 0.058932
781.000000 0.057221
782.000000 0.055610
783.000000 0.054143
784.000000 0.052715
785.000000 0.051231
786.000000 0.049796
787.000000 0.048389
788.000000 0.046939
789.000000 0.045568
790.000000 0.044289
791.000000 0.042993
792.000000 0.041757
793.000000 0.040590
794.000000 0.039405
795.000000 0.038233
796.000000 0.037097
797.000000 0.035968
798.000000 0.034877
799.000000 0.033831
800.000000 0.032819
801.000000 0.031855
802.000000 0.030914
803.000000 0.029962
804.000000 0.028980
805.000000 0.028080
806.000000 0.027263
807.000000 0.026398
808.000000 0.025532
809.000000 0.024741
810.000000 0.023975
811.000000 0.023246
812.000000 0.022600
813.000000 0.021986
814.000000 0.021358
815.000000 0.020737
816.000000 0.020121
817.000000 0.019516
818.000000 0.018975
819.000000 0.018460
820.000000 0.017943
821.000000 0.017447
822.000000 0.016981
823.000000 0.016528
824.000000 0.016125
825.000000 0.015738
826.000000 0.015359
827.000000 0.014987
828.000000 0.014582
829.000000 0.014184
830.000000 0.013809
831.000000 0.013460
832.000000 0.013143
833.000000 0.012846
834.000000 0.012520
835.000000 0.012205
836.000000 0.011872
837.000000 0.011546
838.000000 0.011317
839.000000 0.011115
840.000000 0.010910
841.000000 0.010631
842.000000 0.010326
843.000000 0.010114
844.000000 0.009903
845.000000 0.009685
846.000000 0.009508
847.000000 0.009299
848.000000 0.009054
849.000000 0.008832
850.000000 0.008651
851.000000 0.008457
852.000000 0.008242
853.000000 0.008089
854.000000 0.007969
855.000000 0.007776
856.000000 0.007534
857.000000 0.007373
858.000000 0.007263
859.000000 0.007144
860.000000 0.007049
861.000000 0.006980
862.000000 0.006857
863.000000 0.006731
864.000000 0.006630
865.000000 0.006534
866.000000 0.006428
867.000000 0.006318
868.000000 0.006232
869.000000 0.006154
870.000000 0.006072
871.000000 0.005983
872.000000 0.005900
873.000000 0.005789
874.000000 0.005671
875.000000 0.005570
876.000000 0.005484
877.000000 0.005406
878.000000 0.005366
879.000000 0.005347
880.000000 0.005284
881.000000 0.005190
882.000000 0.005120
883.000000 0.005071
884.000000 0.004997
885.000000 0.004926
886.000000 0.004858
887.000000 0.004757
888.000000 0.004647
889.000000 0.004584
890.000000 0.004551
891.000000 0.004507
892.000000 0.004490
893.000000 0.004468
894.000000 0.004421
895.000000 0.004365
896.000000 0.004296
897.000000 0.004241
898.000000 0.004219
899.000000 0.004192
900.000000 0.004136
901.000000 0.004102
902.000000 0.004071
903.000000 0.004065
904.000000 0.004054
905.000000 0.004033
906.000000 0.004008
907.000000 0.003965
908.000000 0.003928
909.000000 0.003898
910.000000 0.003898
911.000000 0.003884
912.000000 0.003847
913.000000 0.003785
914.000000 0.003727
915.000000 0.003704
916.000000 0.003681
917.000000 0.003655
918.000000 0.003629
919.000000 0.003544
920.000000 0.003456
921.000000 0.003431
922.000000 0.003467
923.000000 0.003471
924.000000 0.003377
925.000000 0.003351
926.000000 0.003383
927.000000 0.003326
928.000000 0.003214
929.000000 0.003126
930.000000 0.003088
931.000000 0.003080
932.000000 0.003100
933.000000 0.003109
934.000000 0.003070
935.000000 0.003032
936.000000 0.003018
937.000000 0.003012
938.000000 0.003024
939.000000 0.003023
940.000000 0.002995
941.000000 0.002978
942.000000 0.002985
943.000000 0.003003
944.000000 0.002998
945.000000 0.002987
946.000000 0.002974
947.000000 0.002938
948.000000 0.002886
949.000000 0.002865
950.000000 0.002873
