315.000000 0.139642
316.000000 0.139750
317.000000 0.140517
318.000000 0.141539
319.000000 0.142470
320.000000 0.142731
321.000000 0.142971
322.000000 0.143535
323.000000 0.144352
324.000000 0.144700
325.000000 0.144825
326.000000 0.145260
327.000000 0.145790
328.000000 0.146433
329.000000 0.146525
330.000000 0.146495
331.000000 0.147274
332.000000 0.147996
333.000000 0.148180
334.000000 0.148236
335.000000 0.148516
336.000000 0.148905
337.000000 0.149242
338.000000 0.149435
339.000000 0.149620
340.000000 0.149999
341.000000 0.150067
342.000000 0.150055
343.000000 0.150425
344.000000 0.151029
345.000000 0.151548
346.000000 0.152094
347.000000 0.152999
348.000000 0.154010
349.000000 0.154764
350.000000 0.155327
351.000000 0.155937
352.000000 0.156651
353.000000 0.157488
354.000000 0.158575
355.000000 0.159816
356.000000 0.161004
357.000000 0.162134
358.000000 0.163255
359.000000 0.164505
360.000000 0.165855
361.000000 0.167067
362.000000 0.168461
363.000000 0.170079
364.000000 0.171607
365.000000 0.173318
366.000000 0.175172
367.000000 0.177156
368.000000 0.179414
369.000000 0.181684
370.000000 0.183771
371.000000 0.185994
372.000000 0.188278
373.000000 0.190223
374.000000 0.192187
375.000000 0.194543
376.000000 0.196729
377.000000 0.198776
378.000000 0.201183
379.000000 0.203863
380.000000 0.206324
381.000000 0.208747
382.000000 0.211449
383.000000 0.214236
384.000000 0.217194
385.000000 0.220368
386.000000 0.223448
387.000000 0.226166
388.000000 0.228720
389.000000 0.231429
390.000000 0.234346
391.000000 0.237453
392.000000 0.240897
393.000000 0.244159
394.000000 0.247140
395.000000 0.250619
396.000000 0.254135
397.000000 0.257004
398.000000 0.260026
399.000000 0.263277
400.000000 0.266322
401.000000 0.269382
402.000000 0.272280
403.000000 0.274980
404.000000 0.277610
405.000000 0.280235
406.000000 0.283055
407.000000 0.285770
408.000000 0.288482
409.000000 0.291131
410.000000 0.293447
411.000000 0.295823
412.000000 0.298118
413.000000 0.300093
414.000000 0.301962
415.000000 0.303788
416.000000 0.305826
417.000000 0.307958
418.000000 0.309849
419.000000 0.311363
420.000000 0.312617
421.000000 0.313905
422.000000 0.314900
423.000000 0.315502
424.000000 0.316055
425.000000 0.316441
426.000000 0.316601
427.000000 0.316685
428.000000 0.316724
429.000000 0.316657
430.000000 0.316359
431.000000 0.315835
432.000000 0.315086
433.000000 0.314366
434.000000 0.313631
435.000000 0.312781
436.000000 0.311945
437.000000 0.310946
438.000000 0.309778
439.000000 0.308465
440.000000 0.306975
441.000000 0.305404
442.000000 0.303781
443.000000 0.301936
444.000000 0.299889
445.000000 0.297798
446.000000 0.295539
447.000000 0.293107
448.000000 0.290544
449.000000 0.287881
450.000000 0.285253
451.000000 0.282423
452.000000 0.279363
453.000000 0.276375
454.000000 0.273270
455.000000 0.270074
456.000000 0.266824
457.000000 0.263419
458.000000 0.260144
459.000000 0.256817
460.000000 0.253559
461.000000 0.250547
462.000000 0.247471
463.000000 0.244438
464.000000 0.241511
465.000000 0.238716
466.000000 0.236218
467.000000 0.233809
468.000000 0.231496
469.000000 0.229376
470.000000 0.227379
471.000000 0.225630
472.000000 0.224004
473.000000 0.222599
474.000000 0.221393
475.000000 0.220244
476.000000 0.219255
477.000000 0.218410
478.000000 0.217719
479.000000 0.217135
480.000000 0.216660
481.000000 0.216334
482.000000 0.216162
483.000000 0.216127
484.000000 0.216224
485.000000 0.216384
486.000000 0.216582
487.000000 0.216813
488.000000 0.217122
489.000000 0.217393
490.000000 0.217724
491.000000 0.218045
492.000000 0.218574
493.000000 0.219600
494.000000 0.220579
495.000000 0.221332
496.000000 0.222121
497.000000 0.222837
498.000000 0.223335
499.000000 0.223813
500.000000 0.224439
501.000000 0.225277
502.000000 0.226196
503.000000 0.227149
504.000000 0.228048
505.000000 0.228634
506.000000 0.229026
507.000000 0.229514
508.000000 0.230542
509.000000 0.231731
510.000000 0.232423
511.000000 0.233159
512.000000 0.234004
513.000000 0.234931
514.000000 0.235817
515.000000 0.236643
516.000000 0.237283
517.000000 0.237787
518.000000 0.238443
519.000000 0.239132
520.000000 0.239902
521.000000 0.240312
522.000000 0.240612
523.000000 0.241148
524.000000 0.241576
525.000000 0.241833
526.000000 0.242178
527.000000 0.242511
528.000000 0.242850
529.000000 0.243212
530.000000 0.243489
531.000000 0.244052
532.000000 0.244396
533.000000 0.244436
534.000000 0.244513
535.000000 0.244145
536.000000 0.243700
537.000000 0.243551
538.000000 0.243033
539.000000 0.242623
540.000000 0.242518
541.000000 0.242209
542.000000 0.241988
543.000000 0.241814
544.000000 0.241453
545.000000 0.240970
546.000000 0.240539
547.000000 0.239736
548.000000 0.238668
549.000000 0.237795
550.000000 0.237084
551.000000 0.236217
552.000000 0.235078
553.000000 0.233916
554.000000 0.232911
555.000000 0.231896
556.000000 0.230757
557.000000 0.229641
558.000000 0.228340
559.000000 0.226972
560.000000 0.225689
561.000000 0.224398
562.000000 0.222897
563.000000 0.221404
564.000000 0.219959
565.000000 0.218435
566.000000 0.216923
567.000000 0.215375
568.000000 0.213788
569.000000 0.212102
570.000000 0.210412
571.000000 0.208698
572.000000 0.206793
573.000000 0.204872
574.000000 0.202978
575.000000 0.201149
576.000000 0.199399
577.000000 0.197545
578.000000 0.195582
579.000000 0.193615
580.000000 0.191639
581.000000 0.189708
582.000000 0.187869
583.000000 0.185891
584.000000 0.183928
585.000000 0.182004
586.000000 0.180028
587.000000 0.178045
588.000000 0.175993
589.000000 0.173968
590.000000 0.172020
591.000000 0.170140
592.000000 0.168335
593.000000 0.166502
594.000000 0.164578
595.000000 0.162634
596.000000 0.160809
597.000000 0.159079
598.000000 0.157304
599.000000 0.155494
600.000000 0.153807
601.000000 0.152166
602.000000 0.150536
603.000000 0.148921
604.000000 0.147359
605.000000 0.145964
606.000000 0.144632
607.000000 0.143233
608.000000 0.141896
609.000000 0.140678
610.000000 0.139476
611.000000 0.138411
612.000000 0.137398
613.000000 0.136401
614.000000 0.135444
615.000000 0.134606
616.000000 0.133943
617.000000 0.133331
618.000000 0.132747
619.000000 0.132282
620.000000 0.131837
621.000000 0.131341
622.000000 0.130986
623.000000 0.130719
624.000000 0.130555
625.000000 0.130438
626.000000 0.130344
627.000000 0.130203
628.000000 0.130062
629.000000 0.130062
630.000000 0.130091
631.000000 0.130122
632.000000 0.130148
633.000000 0.130191
634.000000 0.130260
635.000000 0.130317
636.000000 0.130279
637.000000 0.130160
638.000000 0.130019
639.000000 0.129914
640.000000 0.129805
641.000000 0.129649
642.000000 0.129500
643.000000 0.129318
644.000000 0.129048
645.000000 0.128750
646.000000 0.128420
647.000000 0.128067
648.000000 0.127741
649.000000 0.127413
650.000000 0.127110
651.000000 0.126818
652.000000 0.126499
653.000000 0.126215
654.000000 0.125979
655.000000 0.125778
656.000000 0.125619
657.000000 0.125466
658.000000 0.125369
659.000000 0.125296
660.000000 0.125239
661.000000 0.125245
662.000000 0.125273
663.000000 0.125323
664.000000 0.125373
665.000000 0.125400
666.000000 0.125427
667.000000 0.125543
668.000000 0.125778
669.000000 0.125993
670.000000 0.126126
671.000000 0.126265
672.000000 0.126407
673.000000 0.126563
674.000000 0.126708
675.000000 0.126833
676.000000 0.127041
677.000000 0.127231
678.000000 0.127358
679.000000 0.127473
680.000000 0.127608
681.000000 0.127759
682.000000 0.127898
683.000000 0.128062
684.000000 0.128265
685.000000 0.128503
686.000000 0.128797
687.000000 0.129114
688.000000 0.129412
689.000000 0.129753
690.000000 0.130156
691.000000 0.130587
692.000000 0.131007
693.000000 0.131456
694.000000 0.131983
695.000000 0.132591
696.000000 0.133222
697.000000 0.133904
698.000000 0.134677
699.000000 0.135533
700.000000 0.136511
701.000000 0.137529
702.000000 0.138512
703.000000 0.139508
704.000000 0.140591
705.000000 0.141780
706.000000 0.143015
707.000000 0.144314
708.000000 0.145655
709.000000 0.147002
710.000000 0.148348
711.000000 0.149790
712.000000 0.151331
713.000000 0.152859
714.000000 0.154401
715.000000 0.155958
716.000000 0.157504
717.000000 0.159017
718.000000 0.160507
719.000000 0.161944
720.000000 0.163360
721.000000 0.164768
722.000000 0.166108
723.000000 0.167321
724.000000 0.168399
725.000000 0.169397
726.000000 0.170297
727.000000 0.171102
728.000000 0.171756
729.000000 0.172240
730.000000 0.172584
731.000000 0.172735
732.000000 0.172688
733.000000 0.172436
734.000000 0.172001
735.000000 0.171395
736.000000 0.170619
737.000000 0.169626
738.000000 0.168359
739.000000 0.166809
740.000000 0.165033
741.000000 0.163085
742.000000 0.160938
743.000000 0.158630
744.000000 0.156181
745.000000 0.153552
746.000000 0.150761
747.000000 0.147805
748.000000 0.144706
749.000000 0.141510
750.000000 0.138190
751.000000 0.134842
752.000000 0.131556
753.000000 0.128184
754.000000 0.124713
755.000000 0.121245
756.000000 0.117720
757.000000 0.114275
758.000000 0.111023
759.000000 0.107785
760.000000 0.104527
761.000000 0.101274
762.000000 0.098089
763.000000 0.095048
764.000000 0.092098
765.000000 0.089229
766.000000 0.086478
767.000000 0.083781
768.000000 0.081144
769.000000 0.078654
770.000000 0.076286
771.000000 0.074004
772.000000 0.071819
773.000000 0.069730
774.000000 0.067700
775.000000 0.065731
776.000000 0.063678
777.000000 0.061711
778.000000 0.059940
779.000000 0.058175
780.000000 0.056468
781.000000 0.054876
782.000000 0.053343
783.000000 0.051922
784.000000 0.050570
785.000000 0.049139
786.000000 0.047697
787.000000 0.046296
788.000000 0.044933
789.000000 0.043668
790.000000 0.042427
791.000000 0.041148
792.000000 0.039943
793.000000 0.038804
794.000000 0.037673
795.000000 0.036568
796.000000 0.035490
797.000000 0.034381
798.000000 0.033288
799.000000 0.032290
800.000000 0.031347
801.000000 0.030437
802.000000 0.029561
803.000000 0.028718
804.000000 0.027807
805.000000 0.026906
806.000000 0.026117
807.000000 0.025283
808.000000 0.024464
809.000000 0.023761
810.000000 0.023095
811.000000 0.022415
812.000000 0.021784
813.000000 0.021194
814.000000 0.020579
815.000000 0.019952
816.000000 0.019339
817.000000 0.018788
818.000000 0.018278
819.000000 0.017772
820.000000 0.017278
821.000000 0.016794
822.000000 0.016360
823.000000 0.015916
824.000000 0.015502
825.000000 0.015132
826.000000 0.014801
827.000000 0.014473
828.000000 0.014084
829.000000 0.013706
830.000000 0.013340
831.000000 0.013022
832.000000 0.012753
833.000000 0.012470
834.000000 0.012151
835.000000 0.011849
836.000000 0.011542
837.000000 0.011252
838.000000 0.011038
839.000000 0.010809
840.000000 0.010536
841.000000 0.010225
842.000000 0.009925
843.000000 0.009736
844.000000 0.009548
845.000000 0.009341
846.000000 0.009168
847.000000 0.008948
848.000000 0.008749
849.000000 0.008575
850.000000 0.008391
851.000000 0.008200
852.000000 0.007981
853.000000 0.007816
854.000000 0.007700
855.000000 0.007506
856.000000 0.007282
857.000000 0.007149
858.000000 0.007048
859.000000 0.006934
860.000000 0.006852
861.000000 0.006785
862.000000 0.006696
863.000000 0.006593
864.000000 0.006464
865.000000 0.006365
866.000000 0.006247
867.000000 0.006125
868.000000 0.006073
869.000000 0.006016
870.000000 0.005935
871.000000 0.005853
872.000000 0.005781
873.000000 0.005711
874.000000 0.005647
875.000000 0.005575
876.000000 0.005468
877.000000 0.005378
878.000000 0.005335
879.000000 0.005274
880.000000 0.005163
881.000000 0.005061
882.000000 0.005013
883.000000 0.004973
884.000000 0.004904
885.000000 0.004815
886.000000 0.004722
887.000000 0.004652
888.000000 0.004575
889.000000 0.004497
890.000000 0.004457
891.000000 0.004420
892.000000 0.004388
893.000000 0.004350
894.000000 0.004310
895.000000 0.004277
896.000000 0.004217
897.000000 0.004149
898.000000 0.004131
899.000000 0.004115
900.000000 0.004094
901.000000 0.004070
902.000000 0.004011
903.000000 0.003967
904.000000 0.003943
905.000000 0.003943
906.000000 0.003939
907.000000 0.003895
908.000000 0.003845
909.000000 0.003812
910.000000 0.003789
911.000000 0.003757
912.000000 0.003723
913.000000 0.003684
914.000000 0.003638
915.000000 0.003616
916.000000 0.003584
917.000000 0.003556
918.000000 0.003527
919.000000 0.003474
920.000000 0.003437
921.000000 0.003396
922.000000 0.003357
923.000000 0.003303
924.000000 0.003233
925.000000 0.003197
926.000000 0.003174
927.000000 0.003154
928.000000 0.003118
929.000000 0.003053
930.000000 0.002997
931.000000 0.002978
932.000000 0.002986
933.000000 0.002983
934.000000 0.002959
935.000000 0.002948
936.000000 0.002925
937.000000 0.002873
938.000000 0.002867
939.000000 0.002887
940.000000 0.002871
941.000000 0.002843
942.000000 0.002857
943.000000 0.002874
944.000000 0.002868
945.000000 0.002875
946.000000 0.002857
947.000000 0.002824
948.000000 0.002798
949.000000 0.002788
950.000000 0.002794
