315.000000 0.141853
316.000000 0.142153
317.000000 0.143085
318.000000 0.144161
319.000000 0.144815
320.000000 0.144552
321.000000 0.144485
322.000000 0.144948
323.000000 0.145573
324.000000 0.146073
325.000000 0.146159
326.000000 0.146667
327.000000 0.147649
328.000000 0.148186
329.000000 0.148256
330.000000 0.148212
331.000000 0.148292
332.000000 0.148779
333.000000 0.149110
334.000000 0.149205
335.000000 0.149569
336.000000 0.149705
337.000000 0.149679
338.000000 0.149848
339.000000 0.150065
340.000000 0.150408
341.000000 0.150529
342.000000 0.150877
343.000000 0.151580
344.000000 0.152070
345.000000 0.152383
346.000000 0.152857
347.000000 0.153586
348.000000 0.154354
349.000000 0.155192
350.000000 0.155977
351.000000 0.156832
352.000000 0.157729
353.000000 0.158538
354.000000 0.159499
355.000000 0.160747
356.000000 0.161970
357.000000 0.162992
358.000000 0.163965
359.000000 0.165044
360.000000 0.166224
361.000000 0.167415
362.000000 0.168853
363.000000 0.170576
364.000000 0.172244
365.000000 0.173969
366.000000 0.175956
367.000000 0.178067
368.000000 0.180169
369.000000 0.182216
370.000000 0.183978
371.000000 0.186087
372.000000 0.188487
373.000000 0.190511
374.000000 0.192545
375.000000 0.194794
376.000000 0.196847
377.000000 0.198750
378.000000 0.201003
379.000000 0.203822
380.000000 0.206964
381.000000 0.209861
382.000000 0.212532
383.000000 0.215248
384.000000 0.218297
385.000000 0.221432
386.000000 0.224238
387.000000 0.226676
388.000000 0.229187
389.000000 0.232026
390.000000 0.235013
391.000000 0.238303
392.000000 0.241777
393.000000 0.245159
394.000000 0.248397
395.000000 0.251511
396.000000 0.254532
397.000000 0.257349
398.000000 0.260420
399.000000 0.263714
400.000000 0.266753
401.000000 0.269717
402.000000 0.272712
403.000000 0.275620
404.000000 0.278381
405.000000 0.281080
406.000000 0.283735
407.000000 0.286358
408.000000 0.289096
409.000000 0.291859
410.000000 0.294166
411.000000 0.296271
412.000000 0.298464
413.000000 0.300538
414.000000 0.302540
415.000000 0.304478
416.000000 0.306621
417.000000 0.308802
418.000000 0.310555
419.000000 0.311940
420.000000 0.313383
421.000000 0.314728
422.000000 0.315549
423.000000 0.316099
424.000000 0.316700
425.000000 0.317107
426.000000 0.317293
427.000000 0.317398
428.000000 0.317342
429.000000 0.317214
430.000000 0.316869
431.000000 0.316306
432.000000 0.315616
433.000000 0.314909
434.000000 0.314153
435.000000 0.313285
436.000000 0.312398
437.000000 0.311383
438.000000 0.310197
439.000000 0.308909
440.000000 0.307477
441.000000 0.305960
442.000000 0.304394
443.000000 0.302629
444.000000 0.300639
445.000000 0.298574
446.000000 0.296348
447.000000 0.293967
448.000000 0.291463
449.000000 0.288775
450.000000 0.286107
451.000000 0.283282
452.000000 0.280232
453.000000 0.277263
454.000000 0.274298
455.000000 0.271209
456.000000 0.267775
457.000000 0.264164
458.000000 0.260812
459.000000 0.257459
460.000000 0.254244
461.000000 0.251300
462.000000 0.248230
463.000000 0.245146
464.000000 0.242203
465.000000 0.239403
466.000000 0.236924
467.000000 0.234543
468.000000 0.232256
469.000000 0.230168
470.000000 0.228168
471.000000 0.226386
472.000000 0.224802
473.000000 0.223412
474.000000 0.222150
475.000000 0.220992
476.000000 0.219990
477.000000 0.219123
478.000000 0.218408
479.000000 0.217772
480.000000 0.217239
481.000000 0.216891
482.000000 0.216756
483.000000 0.216731
484.000000 0.216731
485.000000 0.216850
486.000000 0.217074
487.000000 0.217292
488.000000 0.217572
489.000000 0.217868
490.000000 0.218453
491.000000 0.218888
492.000000 0.219068
493.000000 0.219745
494.000000 0.220497
495.000000 0.221180
496.000000 0.222057
497.000000 0.222943
498.000000 0.223718
499.000000 0.224463
500.000000 0.225319
501.000000 0.226176
502.000000 0.226869
503.000000 0.227677
504.000000 0.228515
505.000000 0.229012
506.000000 0.229477
507.000000 0.229991
508.000000 0.230774
509.000000 0.231743
510.000000 0.232435
511.000000 0.233339
512.000000 0.234389
513.000000 0.235273
514.000000 0.236062
515.000000 0.236591
516.000000 0.236882
517.000000 0.237289
518.000000 0.237915
519.000000 0.238654
520.000000 0.239146
521.000000 0.239482
522.000000 0.240123
523.000000 0.240824
524.000000 0.241312
525.000000 0.241663
526.000000 0.241865
527.000000 0.241997
528.000000 0.242256
529.000000 0.242664
530.000000 0.243173
531.000000 0.243619
532.000000 0.243690
533.000000 0.243586
534.000000 0.243768
535.000000 0.243699
536.000000 0.243331
537.000000 0.243244
538.000000 0.243113
539.000000 0.242804
540.000000 0.242350
541.000000 0.241810
542.000000 0.241689
543.000000 0.241289
544.000000 0.240518
545.000000 0.240003
546.000000 0.239319
547.000000 0.238578
548.000000 0.237943
549.000000 0.237272
550.000000 0.236493
551.000000 0.235664
552.000000 0.234687
553.000000 0.233570
554.000000 0.232490
555.000000 0.231258
556.000000 0.230010
557.000000 0.228798
558.000000 0.227434
559.000000 0.226146
560.000000 0.225036
561.000000 0.223798
562.000000 0.222275
563.000000 0.220699
564.000000 0.219191
565.000000 0.217783
566.000000 0.216323
567.000000 0.214675
568.000000 0.212910
569.000000 0.211100
570.000000 0.209365
571.000000 0.207786
572.000000 0.206150
573.000000 0.204353
574.000000 0.202481
575.000000 0.200640
576.000000 0.198724
577.000000 0.196696
578.000000 0.194676
579.000000 0.192726
580.000000 0.190872
581.000000 0.188990
582.000000 0.187133
583.000000 0.185198
584.000000 0.183238
585.000000 0.181313
586.000000 0.179296
587.000000 0.177243
588.000000 0.175278
589.000000 0.173322
590.000000 0.171391
591.000000 0.169501
592.000000 0.167574
593.000000 0.165588
594.000000 0.163620
595.000000 0.161728
596.000000 0.159887
597.000000 0.158110
598.000000 0.156287
599.000000 0.154486
600.000000 0.152791
601.000000 0.151134
602.000000 0.149572
603.000000 0.148022
604.000000 0.146451
605.000000 0.145034
606.000000 0.143712
607.000000 0.142376
608.000000 0.141050
609.000000 0.139802
610.000000 0.138644
611.000000 0.137549
612.000000 0.136507
613.000000 0.135559
614.000000 0.134647
615.000000 0.133758
616.000000 0.132989
617.000000 0.132340
618.000000 0.131765
619.000000 0.131196
620.000000 0.130641
621.000000 0.130170
622.000000 0.129792
623.000000 0.129493
624.000000 0.129294
625.000000 0.129142
626.000000 0.129065
627.000000 0.129012
628.000000 0.128963
629.000000 0.128947
630.000000 0.128936
631.000000 0.128917
632.000000 0.128904
633.000000 0.128977
634.000000 0.129051
635.000000 0.129014
636.000000 0.128939
637.000000 0.128903
638.000000 0.128841
639.000000 0.128719
640.000000 0.128513
641.000000 0.128248
642.000000 0.128047
643.000000 0.127827
644.000000 0.127491
645.000000 0.127166
646.000000 0.126848
647.000000 0.126481
648.000000 0.126149
649.000000 0.125847
650.000000 0.125529
651.000000 0.125185
652.000000 0.124821
653.000000 0.124530
654.000000 0.124284
655.000000 0.124087
656.000000 0.123930
657.000000 0.123728
658.000000 0.123521
659.000000 0.123379
660.000000 0.123323
661.000000 0.123336
662.000000 0.123314
663.000000 0.123297
664.000000 0.123358
665.000000 0.123400
666.000000 0.123404
667.000000 0.123466
668.000000 0.123613
669.000000 0.123757
670.000000 0.123875
671.000000 0.124002
672.000000 0.124118
673.000000 0.124232
674.000000 0.124350
675.000000 0.124464
676.000000 0.124612
677.000000 0.124776
678.000000 0.124941
679.000000 0.125102
680.000000 0.125210
681.000000 0.125330
682.000000 0.125497
683.000000 0.125646
684.000000 0.125824
685.000000 0.126049
686.000000 0.126326
687.000000 0.126598
688.000000 0.126863
689.000000 0.127194
690.000000 0.127572
691.000000 0.128003
692.000000 0.128428
693.000000 0.128867
694.000000 0.129381
695.000000 0.129958
696.000000 0.130548
697.000000 0.131205
698.000000 0.131937
699.000000 0.132758
700.000000 0.133687
701.000000 0.134648
702.000000 0.135625
703.000000 0.136658
704.000000 0.137769
705.000000 0.138932
706.000000 0.140159
707.000000 0.141444
708.000000 0.142752
709.000000 0.144042
710.000000 0.145336
711.000000 0.146757
712.000000 0.148270
713.000000 0.149735
714.000000 0.151199
715.000000 0.152682
716.000000 0.154149
717.000000 0.155621
718.000000 0.157090
719.000000 0.158481
720.000000 0.159780
721.000000 0.161074
722.000000 0.162336
723.000000 0.163505
724.000000 0.164571
725.000000 0.165502
726.000000 0.166345
727.000000 0.167102
728.000000 0.167712
729.000000 0.168164
730.000000 0.168452
731.000000 0.168591
732.000000 0.168536
733.000000 0.168269
734.000000 0.167859
735.000000 0.167255
736.000000 0.166463
737.000000 0.165452
738.000000 0.164157
739.000000 0.162631
740.000000 0.160872
741.000000 0.158907
742.000000 0.156813
743.000000 0.154550
744.000000 0.152113
745.000000 0.149510
746.000000 0.146723
747.000000 0.143792
748.000000 0.140792
749.000000 0.137695
750.000000 0.134448
751.000000 0.131176
752.000000 0.127907
753.000000 0.124543
754.000000 0.121098
755.000000 0.117698
756.000000 0.114353
757.000000 0.111005
758.000000 0.107741
759.000000 0.104534
760.000000 0.101315
761.000000 0.098140
762.000000 0.095097
763.000000 0.092185
764.000000 0.089331
765.000000 0.086522
766.000000 0.083829
767.000000 0.081224
768.000000 0.078672
769.000000 0.076234
770.000000 0.073917
771.000000 0.071718
772.000000 0.069593
773.000000 0.067543
774.000000 0.065565
775.000000 0.063646
776.000000 0.061652
777.000000 0.059714
778.000000 0.057961
779.000000 0.056243
780.000000 0.054563
781.000000 0.052930
782.000000 0.051441
783.000000 0.050119
784.000000 0.048786
785.000000 0.047366
786.000000 0.045947
787.000000 0.044615
788.000000 0.043297
789.000000 0.042053
790.000000 0.040914
791.000000 0.039761
792.000000 0.038611
793.000000 0.037496
794.000000 0.036386
795.000000 0.035312
796.000000 0.034301
797.000000 0.033234
798.000000 0.032190
799.000000 0.031249
800.000000 0.030324
801.000000 0.029469
802.000000 0.028655
803.000000 0.027808
804.000000 0.026879
805.000000 0.025994
806.000000 0.025248
807.000000 0.024482
808.000000 0.023730
809.000000 0.023028
810.000000 0.022322
811.000000 0.021640
812.000000 0.021054
813.000000 0.020529
814.000000 0.019965
815.000000 0.019403
816.000000 0.018834
817.000000 0.018264
818.000000 0.017773
819.000000 0.017303
820.000000 0.016831
821.000000 0.016392
822.000000 0.015966
823.000000 0.015540
824.000000 0.015173
825.000000 0.014782
826.000000 0.014430
827.000000 0.014099
828.000000 0.013754
829.000000 0.013463
830.000000 0.013092
831.000000 0.012676
832.000000 0.012353
833.000000 0.012064
834.000000 0.011743
835.000000 0.011456
836.000000 0.011179
837.000000 0.010946
838.000000 0.010743
839.000000 0.010523
840.000000 0.010298
841.000000 0.010021
842.000000 0.009740
843.000000 0.009532
844.000000 0.009345
845.000000 0.009149
846.000000 0.008980
847.000000 0.008768
848.000000 0.008546
849.000000 0.008364
850.000000 0.008193
851.000000 0.008048
852.000000 0.007876
853.000000 0.007702
854.000000 0.007565
855.000000 0.007383
856.000000 0.007181
857.000000 0.007066
858.000000 0.006974
859.000000 0.006865
860.000000 0.006805
861.000000 0.006750
862.000000 0.006648
863.000000 0.006510
864.000000 0.006376
865.000000 0.006275
866.000000 0.006140
867.000000 0.006009
868.000000 0.005929
869.000000 0.005864
870.000000 0.005819
871.000000 0.005755
872.000000 0.005666
873.000000 0.005560
874.000000 0.005479
875.000000 0.005416
876.000000 0.005315
877.000000 0.005230
878.000000 0.005179
879.000000 0.005145
880.000000 0.005089
881.000000 0.005011
882.000000 0.004948
883.000000 0.004895
884.000000 0.004814
885.000000 0.004734
886.000000 0.004690
887.000000 0.004632
888.000000 0.004562
889.000000 0.004522
890.000000 0.004490
891.000000 0.004430
892.000000 0.004390
893.000000 0.004334
894.000000 0.004253
895.000000 0.004195
896.000000 0.004133
897.000000 0.004057
898.000000 0.004018
899.000000 0.003996
900.000000 0.003966
901.000000 0.003949
902.000000 0.003898
903.000000 0.003890
904.000000 0.003911
905.000000 0.003905
906.000000 0.003900
907.000000 0.003863
908.000000 0.003799
909.000000 0.003765
910.000000 0.003768
911.000000 0.003752
912.000000 0.003716
913.000000 0.003656
914.000000 0.003613
915.000000 0.003608
916.000000 0.003570
917.000000 0.003519
918.000000 0.003472
919.000000 0.003414
920.000000 0.003375
921.000000 0.003342
922.000000 0.003310
923.000000 0.003266
924.000000 0.003219
925.000000 0.003191
926.000000 0.003152
927.000000 0.003100
928.000000 0.003056
929.000000 0.003014
930.000000 0.002980
931.000000 0.002961
932.000000 0.002938
933.000000 0.002898
934.000000 0.002890
935.000000 0.002882
936.000000 0.002841
937.000000 0.002841
938.000000 0.002862
939.000000 0.002860
940.000000 0.002844
941.000000 0.002833
942.000000 0.002850
943.000000 0.002861
944.000000 0.002840
945.000000 0.002826
946.000000 0.002807
947.000000 0.002798
948.000000 0.002786
949.000000 0.002755
950.000000 0.002738
