315.000000 0.099068
316.000000 0.099179
317.000000 0.099887
318.000000 0.100804
319.000000 0.101546
320.000000 0.101190
321.000000 0.100343
322.000000 0.099705
323.000000 0.098897
324.000000 0.098319
325.000000 0.097771
326.000000 0.097546
327.000000 0.097749
328.000000 0.098251
329.000000 0.098650
330.000000 0.099092
331.000000 0.099602
332.000000 0.100043
333.000000 0.100172
334.000000 0.100098
335.000000 0.100531
336.000000 0.101070
337.000000 0.101722
338.000000 0.102437
339.000000 0.102925
340.000000 0.103736
341.000000 0.104397
342.000000 0.104604
343.000000 0.105220
344.000000 0.106375
345.000000 0.107636
346.000000 0.108792
347.000000 0.109241
348.000000 0.110364
349.000000 0.112218
350.000000 0.113292
351.000000 0.114187
352.000000 0.115063
353.000000 0.115946
354.000000 0.116964
355.000000 0.117971
356.000000 0.118833
357.000000 0.119798
358.000000 0.120939
359.000000 0.122237
360.000000 0.123692
361.000000 0.125048
362.000000 0.126614
363.000000 0.128270
364.000000 0.129704
365.000000 0.131067
366.000000 0.132312
367.000000 0.133306
368.000000 0.134143
369.000000 0.134999
370.000000 0.135252
371.000000 0.135282
372.000000 0.136040
373.000000 0.137028
374.000000 0.138231
375.000000 0.139291
376.000000 0.139273
377.000000 0.139398
378.000000 0.140705
379.000000 0.142378
380.000000 0.144276
381.000000 0.146255
382.000000 0.147608
383.000000 0.149113
384.000000 0.150767
385.000000 0.152115
386.000000 0.153187
387.000000 0.153666
388.000000 0.153626
389.000000 0.153503
390.000000 0.153448
391.000000 0.153598
392.000000 0.154174
393.000000 0.154556
394.000000 0.154522
395.000000 0.154438
396.000000 0.154507
397.000000 0.154393
398.000000 0.154549
399.000000 0.155173
400.000000 0.155753
401.000000 0.156140
402.000000 0.156377
403.000000 0.156798
404.000000 0.157191
405.000000 0.157450
406.000000 0.157799
407.000000 0.158192
408.000000 0.158602
409.000000 0.158931
410.000000 0.159051
411.000000 0.159351
412.000000 0.159923
413.000000 0.160327
414.000000 0.160599
415.000000 0.160799
416.000000 0.161254
417.000000 0.161827
418.000000 0.162066
419.000000 0.162369
420.000000 0.162886
421.000000 0.163244
422.000000 0.163175
423.000000 0.162747
424.000000 0.162355
425.000000 0.161944
426.000000 0.161344
427.000000 0.160635
428.000000 0.159790
429.000000 0.158876
430.000000 0.157772
431.000000 0.156522
432.000000 0.155194
433.000000 0.153813
434.000000 0.152368
435.000000 0.150920
436.000000 0.149564
437.000000 0.148068
438.000000 0.146416
439.000000 0.144840
440.000000 0.143362
441.000000 0.141941
442.000000 0.140482
443.000000 0.139065
444.000000 0.137798
445.000000 0.136619
446.000000 0.135391
447.000000 0.134086
448.000000 0.132779
449.000000 0.131474
450.000000 0.130322
451.000000 0.129209
452.000000 0.128064
453.000000 0.127037
454.000000 0.126023
455.000000 0.124968
456.000000 0.123798
457.000000 0.122521
458.000000 0.121404
459.000000 0.120345
460.000000 0.119347
461.000000 0.118412
462.000000 0.117427
463.000000 0.116470
464.000000 0.115507
465.000000 0.114618
466.000000 0.113829
467.000000 0.113084
468.000000 0.112379
469.000000 0.111692
470.000000 0.111035
471.000000 0.110468
472.000000 0.109982
473.000000 0.109509
474.000000 0.109071
475.000000 0.108719
476.000000 0.108362
477.000000 0.108101
478.000000 0.107911
479.000000 0.107644
480.000000 0.107479
481.000000 0.107428
482.000000 0.107408
483.000000 0.107407
484.000000 0.107499
485.000000 0.107678
486.000000 0.107807
487.000000 0.107900
488.000000 0.108029
489.000000 0.107892
490.000000 0.108132
491.000000 0.108548
492.000000 0.108630
493.000000 0.109215
494.000000 0.109831
495.000000 0.110046
496.000000 0.110504
497.000000 0.110927
498.000000 0.111152
499.000000 0.111454
500.000000 0.111672
501.000000 0.111963
502.000000 0.112478
503.000000 0.113279
504.000000 0.113965
505.000000 0.114344
506.000000 0.114718
507.000000 0.114925
508.000000 0.115413
509.000000 0.116162
510.000000 0.116403
511.000000 0.116716
512.000000 0.117338
513.000000 0.117929
514.000000 0.118502
515.000000 0.119004
516.000000 0.119225
517.000000 0.119639
518.000000 0.120313
519.000000 0.120906
520.000000 0.121319
521.000000 0.121765
522.000000 0.122564
523.000000 0.123364
524.000000 0.123837
525.000000 0.124088
526.000000 0.124494
527.000000 0.125041
528.000000 0.125682
529.000000 0.126316
530.000000 0.127223
531.000000 0.128426
532.000000 0.129060
533.000000 0.129576
534.000000 0.130558
535.000000 0.131048
536.000000 0.131183
537.000000 0.131598
538.000000 0.131949
539.000000 0.132526
540.000000 0.133389
541.000000 0.134261
542.000000 0.135164
543.000000 0.135865
544.000000 0.136515
545.000000 0.137046
546.000000 0.137568
547.000000 0.138101
548.000000 0.138437
549.000000 0.138940
550.000000 0.139582
551.000000 0.140153
552.000000 0.140524
553.000000 0.140887
554.000000 0.141487
555.000000 0.142059
556.000000 0.142522
557.000000 0.143012
558.000000 0.143536
559.000000 0.144129
560.000000 0.144908
561.000000 0.145695
562.000000 0.146275
563.000000 0.146870
564.000000 0.147548
565.000000 0.148333
566.000000 0.149122
567.000000 0.149876
568.000000 0.150677
569.000000 0.151480
570.000000 0.152440
571.000000 0.153475
572.000000 0.154369
573.000000 0.155350
574.000000 0.156451
575.000000 0.157387
576.000000 0.158389
577.000000 0.159507
578.000000 0.160675
579.000000 0.161926
580.000000 0.163192
581.000000 0.164600
582.000000 0.166032
583.000000 0.167350
584.000000 0.168666
585.000000 0.170058
586.000000 0.171588
587.000000 0.173107
588.000000 0.174542
589.000000 0.175999
590.000000 0.177653
591.000000 0.179557
592.000000 0.181517
593.000000 0.183455
594.000000 0.185282
595.000000 0.187063
596.000000 0.189046
597.000000 0.191073
598.000000 0.193069
599.000000 0.195268
600.000000 0.197621
601.000000 0.199901
602.000000 0.202112
603.000000 0.204422
604.000000 0.206913
605.000000 0.209393
606.000000 0.211866
607.000000 0.214431
608.000000 0.216992
609.000000 0.219654
610.000000 0.222558
611.000000 0.225482
612.000000 0.228341
613.000000 0.231211
614.000000 0.234159
615.000000 0.237333
616.000000 0.240428
617.000000 0.243567
618.000000 0.247038
619.000000 0.250476
620.000000 0.253814
621.000000 0.257309
622.000000 0.260846
623.000000 0.264434
624.000000 0.268284
625.000000 0.272053
626.000000 0.275875
627.000000 0.279983
628.000000 0.284058
629.000000 0.288241
630.000000 0.292662
631.000000 0.297250
632.000000 0.301774
633.000000 0.306452
634.000000 0.311495
635.000000 0.316446
636.000000 0.321441
637.000000 0.326746
638.000000 0.332053
639.000000 0.337463
640.000000 0.343124
641.000000 0.348950
642.000000 0.354695
643.000000 0.360483
644.000000 0.366627
645.000000 0.372686
646.000000 0.378851
647.000000 0.385423
648.000000 0.392241
649.000000 0.398985
650.000000 0.405743
651.000000 0.412804
652.000000 0.420046
653.000000 0.427189
654.000000 0.434378
655.000000 0.441862
656.000000 0.449437
657.000000 0.456752
658.000000 0.464005
659.000000 0.471565
660.000000 0.479262
661.000000 0.486717
662.000000 0.494009
663.000000 0.501559
664.000000 0.509129
665.000000 0.516326
666.000000 0.523209
667.000000 0.530092
668.000000 0.536874
669.000000 0.543219
670.000000 0.549240
671.000000 0.555198
672.000000 0.560950
673.000000 0.566470
674.000000 0.571457
675.000000 0.576070
676.000000 0.580661
677.000000 0.585016
678.000000 0.589140
679.000000 0.592888
680.000000 0.596236
681.000000 0.599382
682.000000 0.602418
683.000000 0.605348
684.000000 0.608036
685.000000 0.610591
686.000000 0.613243
687.000000 0.615953
688.000000 0.618697
689.000000 0.621529
690.000000 0.624431
691.000000 0.627571
692.000000 0.631072
693.000000 0.635006
694.000000 0.639408
695.000000 0.644226
696.000000 0.649267
697.000000 0.654774
698.000000 0.661097
699.000000 0.668138
700.000000 0.675829
701.000000 0.684196
702.000000 0.692956
703.000000 0.702271
704.000000 0.712538
705.000000 0.723564
706.000000 0.735179
707.000000 0.747468
708.000000 0.760491
709.000000 0.774110
710.000000 0.787738
711.000000 0.801641
712.000000 0.816430
713.000000 0.831636
714.000000 0.847185
715.000000 0.863051
716.000000 0.879074
717.000000 0.895219
718.000000 0.911483
719.000000 0.927138
720.000000 0.942285
721.000000 0.957609
722.000000 0.972779
723.000000 0.987683
724.000000 1.002117
725.000000 1.015977
726.000000 1.029174
727.000000 1.041693
728.000000 1.053649
729.000000 1.064859
730.000000 1.075291
731.000000 1.084415
732.000000 1.092358
733.000000 1.099747
734.000000 1.106427
735.000000 1.112175
736.000000 1.116736
737.000000 1.120063
738.000000 1.122073
739.000000 1.122510
740.000000 1.121404
741.000000 1.118931
742.000000 1.115003
743.000000 1.109582
744.000000 1.102516
745.000000 1.093771
746.000000 1.083349
747.000000 1.071116
748.000000 1.057280
749.000000 1.041972
750.000000 1.025202
751.000000 1.006940
752.000000 0.987312
753.000000 0.966187
754.000000 0.943637
755.000000 0.919857
756.000000 0.894982
757.000000 0.869244
758.000000 0.842863
759.000000 0.815685
760.000000 0.787723
761.000000 0.759315
762.000000 0.730822
763.000000 0.702254
764.000000 0.673462
765.000000 0.644391
766.000000 0.615284
767.000000 0.586675
768.000000 0.558830
769.000000 0.531631
770.000000 0.505106
771.000000 0.479407
772.000000 0.454426
773.000000 0.430245
774.000000 0.406893
775.000000 0.384393
776.000000 0.361507
777.000000 0.339105
778.000000 0.318779
779.000000 0.299874
780.000000 0.282113
781.000000 0.265398
782.000000 0.249603
783.000000 0.234763
784.000000 0.220745
785.000000 0.207422
786.000000 0.194889
787.000000 0.183131
788.000000 0.171765
789.000000 0.161117
790.000000 0.151539
791.000000 0.142607
792.000000 0.134194
793.000000 0.126327
794.000000 0.118986
795.000000 0.112153
796.000000 0.105818
797.000000 0.099662
798.000000 0.093812
799.000000 0.088536
800.000000 0.083661
801.000000 0.079136
802.000000 0.074935
803.000000 0.071026
804.000000 0.067207
805.000000 0.063567
806.000000 0.060271
807.000000 0.057221
808.000000 0.054385
809.000000 0.051722
810.000000 0.049126
811.000000 0.046617
812.000000 0.044404
813.000000 0.042427
814.000000 0.040567
815.000000 0.038786
816.000000 0.036983
817.000000 0.035261
818.000000 0.033725
819.000000 0.032324
820.000000 0.031038
821.000000 0.029789
822.000000 0.028568
823.000000 0.027449
824.000000 0.026426
825.000000 0.025416
826.000000 0.024456
827.000000 0.023550
828.000000 0.022660
829.000000 0.021849
830.000000 0.021066
831.000000 0.020323
832.000000 0.019667
833.000000 0.019057
834.000000 0.018433
835.000000 0.017797
836.000000 0.017179
837.000000 0.016652
838.000000 0.016184
839.000000 0.015733
840.000000 0.015302
841.000000 0.014838
842.000000 0.014377
843.000000 0.013981
844.000000 0.013622
845.000000 0.013244
846.000000 0.012890
847.000000 0.012528
848.000000 0.012148
849.000000 0.011808
850.000000 0.011499
851.000000 0.011201
852.000000 0.010929
853.000000 0.010690
854.000000 0.010445
855.000000 0.010130
856.000000 0.009784
857.000000 0.009512
858.000000 0.009316
859.000000 0.009141
860.000000 0.008972
861.000000 0.008802
862.000000 0.008573
863.000000 0.008381
864.000000 0.008264
865.000000 0.008145
866.000000 0.007986
867.000000 0.007809
868.000000 0.007669
869.000000 0.007515
870.000000 0.007372
871.000000 0.007274
872.000000 0.007138
873.000000 0.006994
874.000000 0.006867
875.000000 0.006728
876.000000 0.006577
877.000000 0.006445
878.000000 0.006363
879.000000 0.006277
880.000000 0.006150
881.000000 0.006016
882.000000 0.005922
883.000000 0.005845
884.000000 0.005751
885.000000 0.005669
886.000000 0.005586
887.000000 0.005466
888.000000 0.005377
889.000000 0.005323
890.000000 0.005251
891.000000 0.005188
892.000000 0.005140
893.000000 0.005065
894.000000 0.004998
895.000000 0.004949
896.000000 0.004887
897.000000 0.004833
898.000000 0.004843
899.000000 0.004890
900.000000 0.004874
901.000000 0.004775
902.000000 0.004605
903.000000 0.004475
904.000000 0.004423
905.000000 0.004365
906.000000 0.004278
907.000000 0.004233
908.000000 0.004242
909.000000 0.004241
910.000000 0.004244
911.000000 0.004223
912.000000 0.004175
913.000000 0.004103
914.000000 0.004034
915.000000 0.003997
916.000000 0.003945
917.000000 0.003889
918.000000 0.003829
919.000000 0.003752
920.000000 0.003718
921.000000 0.003705
922.000000 0.003667
923.000000 0.003593
924.000000 0.003522
925.000000 0.003491
926.000000 0.003460
927.000000 0.003432
928.000000 0.003377
929.000000 0.003331
930.000000 0.003325
931.000000 0.003312
932.000000 0.003297
933.000000 0.003290
934.000000 0.003276
935.000000 0.003211
936.000000 0.003140
937.000000 0.003138
938.000000 0.003153
939.000000 0.003143
940.000000 0.003141
941.000000 0.003138
942.000000 0.003148
943.000000 0.003166
944.000000 0.003159
945.000000 0.003155
946.000000 0.003142
947.000000 0.003116
948.000000 0.003088
949.000000 0.003066
950.000000 0.003063
