315.000000 0.162566
316.000000 0.162032
317.000000 0.162691
318.000000 0.163572
319.000000 0.164387
320.000000 0.164248
321.000000 0.163865
322.000000 0.163706
323.000000 0.163545
324.000000 0.163468
325.000000 0.163339
326.000000 0.163451
327.000000 0.163686
328.000000 0.164206
329.000000 0.164503
330.000000 0.164347
331.000000 0.164649
332.000000 0.165115
333.000000 0.165294
334.000000 0.165320
335.000000 0.165501
336.000000 0.166153
337.000000 0.166816
338.000000 0.166926
339.000000 0.167023
340.000000 0.167603
341.000000 0.167903
342.000000 0.168073
343.000000 0.168703
344.000000 0.169242
345.000000 0.169736
346.000000 0.170543
347.000000 0.171423
348.000000 0.172415
349.000000 0.173328
350.000000 0.174026
351.000000 0.174833
352.000000 0.175711
353.000000 0.176743
354.000000 0.178085
355.000000 0.179319
356.000000 0.180523
357.000000 0.181871
358.000000 0.183259
359.000000 0.184689
360.000000 0.186203
361.000000 0.187802
362.000000 0.189520
363.000000 0.191314
364.000000 0.193099
365.000000 0.194966
366.000000 0.196937
367.000000 0.199196
368.000000 0.201669
369.000000 0.203930
370.000000 0.205987
371.000000 0.208351
372.000000 0.211032
373.000000 0.213463
374.000000 0.216230
375.000000 0.219622
376.000000 0.222260
377.000000 0.224424
378.000000 0.226959
379.000000 0.229587
380.000000 0.232149
381.000000 0.234676
382.000000 0.237128
383.000000 0.239778
384.000000 0.242598
385.000000 0.245482
386.000000 0.248333
387.000000 0.250847
388.000000 0.253238
389.000000 0.255753
390.000000 0.258461
391.000000 0.261355
392.000000 0.264468
393.000000 0.267471
394.000000 0.270171
395.000000 0.272979
396.000000 0.275782
397.000000 0.278092
398.000000 0.280699
399.000000 0.283645
400.000000 0.286215
401.000000 0.288675
402.000000 0.291043
403.000000 0.293354
404.000000 0.295539
405.000000 0.297781
406.000000 0.300258
407.000000 0.302460
408.000000 0.304593
409.000000 0.306683
410.000000 0.308607
411.000000 0.310632
412.000000 0.312540
413.000000 0.314098
414.000000 0.315529
415.000000 0.316930
416.000000 0.318521
417.000000 0.320069
418.000000 0.321208
419.000000 0.322122
420.000000 0.323031
421.000000 0.323882
422.000000 0.324376
423.000000 0.324537
424.000000 0.324621
425.000000 0.324484
426.000000 0.324265
427.000000 0.324115
428.000000 0.323795
429.000000 0.323282
430.000000 0.322550
431.000000 0.321752
432.000000 0.320881
433.000000 0.319970
434.000000 0.319087
435.000000 0.318104
436.000000 0.317055
437.000000 0.315826
438.000000 0.314461
439.000000 0.313060
440.000000 0.311501
441.000000 0.309862
442.000000 0.308176
443.000000 0.306284
444.000000 0.304227
445.000000 0.302156
446.000000 0.299906
447.000000 0.297494
448.000000 0.295028
449.000000 0.292454
450.000000 0.289896
451.000000 0.287251
452.000000 0.284362
453.000000 0.281455
454.000000 0.278447
455.000000 0.275330
456.000000 0.272155
457.000000 0.268877
458.000000 0.265718
459.000000 0.262473
460.000000 0.259341
461.000000 0.256453
462.000000 0.253424
463.000000 0.250313
464.000000 0.247291
465.000000 0.244460
466.000000 0.241896
467.000000 0.239377
468.000000 0.236961
469.000000 0.234662
470.000000 0.232362
471.000000 0.230259
472.000000 0.228280
473.000000 0.226426
474.000000 0.224690
475.000000 0.223050
476.000000 0.221601
477.000000 0.220291
478.000000 0.219064
479.000000 0.217869
480.000000 0.216752
481.000000 0.215743
482.000000 0.214874
483.000000 0.214172
484.000000 0.213570
485.000000 0.213063
486.000000 0.212613
487.000000 0.212149
488.000000 0.211763
489.000000 0.211929
490.000000 0.212534
491.000000 0.212560
492.000000 0.212144
493.000000 0.212210
494.000000 0.212311
495.000000 0.212209
496.000000 0.212207
497.000000 0.212168
498.000000 0.211867
499.000000 0.211510
500.000000 0.211436
501.000000 0.211348
502.000000 0.211529
503.000000 0.212104
504.000000 0.212437
505.000000 0.212320
506.000000 0.212106
507.000000 0.212037
508.000000 0.212455
509.000000 0.213007
510.000000 0.213025
511.000000 0.213228
512.000000 0.213717
513.000000 0.214142
514.000000 0.214516
515.000000 0.214692
516.000000 0.214786
517.000000 0.214919
518.000000 0.215209
519.000000 0.215385
520.000000 0.215387
521.000000 0.215337
522.000000 0.215502
523.000000 0.216016
524.000000 0.216262
525.000000 0.216193
526.000000 0.216282
527.000000 0.216328
528.000000 0.216313
529.000000 0.216538
530.000000 0.216776
531.000000 0.217081
532.000000 0.217022
533.000000 0.216991
534.000000 0.217182
535.000000 0.216873
536.000000 0.216567
537.000000 0.216405
538.000000 0.216174
539.000000 0.216164
540.000000 0.215890
541.000000 0.215302
542.000000 0.215069
543.000000 0.214764
544.000000 0.214454
545.000000 0.213851
546.000000 0.213063
547.000000 0.212424
548.000000 0.211528
549.000000 0.210575
550.000000 0.209664
551.000000 0.208701
552.000000 0.207595
553.000000 0.206532
554.000000 0.205564
555.000000 0.204551
556.000000 0.203515
557.000000 0.202525
558.000000 0.201403
559.000000 0.200270
560.000000 0.199280
561.000000 0.198347
562.000000 0.197211
563.000000 0.195937
564.000000 0.194746
565.000000 0.193590
566.000000 0.191823
567.000000 0.190348
568.000000 0.189500
569.000000 0.188355
570.000000 0.187182
571.000000 0.185970
572.000000 0.184659
573.000000 0.183224
574.000000 0.181702
575.000000 0.180292
576.000000 0.178940
577.000000 0.177513
578.000000 0.176029
579.000000 0.174507
580.000000 0.172951
581.000000 0.171462
582.000000 0.170012
583.000000 0.168529
584.000000 0.167114
585.000000 0.165571
586.000000 0.163951
587.000000 0.162414
588.000000 0.160810
589.000000 0.159184
590.000000 0.157703
591.000000 0.156294
592.000000 0.154935
593.000000 0.153582
594.000000 0.152184
595.000000 0.150657
596.000000 0.149068
597.000000 0.147659
598.000000 0.146349
599.000000 0.145022
600.000000 0.143767
601.000000 0.142544
602.000000 0.141279
603.000000 0.140066
604.000000 0.138971
605.000000 0.137925
606.000000 0.136934
607.000000 0.136010
608.000000 0.135078
609.000000 0.134206
610.000000 0.133448
611.000000 0.132713
612.000000 0.131949
613.000000 0.131278
614.000000 0.130744
615.000000 0.130310
616.000000 0.129908
617.000000 0.129575
618.000000 0.129353
619.000000 0.129154
620.000000 0.128947
621.000000 0.128730
622.000000 0.128564
623.000000 0.128480
624.000000 0.128521
625.000000 0.128602
626.000000 0.128688
627.000000 0.128751
628.000000 0.128791
629.000000 0.128920
630.000000 0.129100
631.000000 0.129212
632.000000 0.129315
633.000000 0.129487
634.000000 0.129613
635.000000 0.129630
636.000000 0.129602
637.000000 0.129563
638.000000 0.129480
639.000000 0.129379
640.000000 0.129215
641.000000 0.128998
642.000000 0.128827
643.000000 0.128582
644.000000 0.128198
645.000000 0.127799
646.000000 0.127430
647.000000 0.127080
648.000000 0.126751
649.000000 0.126434
650.000000 0.126104
651.000000 0.125763
652.000000 0.125413
653.000000 0.125157
654.000000 0.125001
655.000000 0.124867
656.000000 0.124733
657.000000 0.124600
658.000000 0.124534
659.000000 0.124490
660.000000 0.124465
661.000000 0.124490
662.000000 0.124566
663.000000 0.124641
664.000000 0.124677
665.000000 0.124712
666.000000 0.124774
667.000000 0.124919
668.000000 0.125092
669.000000 0.125259
670.000000 0.125436
671.000000 0.125551
672.000000 0.125645
673.000000 0.125783
674.000000 0.125933
675.000000 0.126058
676.000000 0.126188
677.000000 0.126313
678.000000 0.126416
679.000000 0.126534
680.000000 0.126644
681.000000 0.126750
682.000000 0.126864
683.000000 0.126991
684.000000 0.127104
685.000000 0.127219
686.000000 0.127433
687.000000 0.127649
688.000000 0.127855
689.000000 0.128115
690.000000 0.128397
691.000000 0.128732
692.000000 0.129079
693.000000 0.129444
694.000000 0.129875
695.000000 0.130371
696.000000 0.130905
697.000000 0.131498
698.000000 0.132141
699.000000 0.132828
700.000000 0.133620
701.000000 0.134462
702.000000 0.135324
703.000000 0.136249
704.000000 0.137249
705.000000 0.138306
706.000000 0.139388
707.000000 0.140503
708.000000 0.141641
709.000000 0.142807
710.000000 0.144001
711.000000 0.145264
712.000000 0.146572
713.000000 0.147850
714.000000 0.149112
715.000000 0.150391
716.000000 0.151644
717.000000 0.152819
718.000000 0.153988
719.000000 0.155108
720.000000 0.156140
721.000000 0.157193
722.000000 0.158235
723.000000 0.159183
724.000000 0.160008
725.000000 0.160692
726.000000 0.161305
727.000000 0.161894
728.000000 0.162327
729.000000 0.162537
730.000000 0.162623
731.000000 0.162599
732.000000 0.162417
733.000000 0.162071
734.000000 0.161560
735.000000 0.160908
736.000000 0.160134
737.000000 0.159170
738.000000 0.157942
739.000000 0.156486
740.000000 0.154894
741.000000 0.153144
742.000000 0.151254
743.000000 0.149286
744.000000 0.147192
745.000000 0.144935
746.000000 0.142532
747.000000 0.139989
748.000000 0.137297
749.000000 0.134487
750.000000 0.131647
751.000000 0.128822
752.000000 0.125952
753.000000 0.122982
754.000000 0.119957
755.000000 0.116921
756.000000 0.113835
757.000000 0.110735
758.000000 0.107743
759.000000 0.104763
760.000000 0.101753
761.000000 0.098813
762.000000 0.095942
763.000000 0.093147
764.000000 0.090420
765.000000 0.087722
766.000000 0.085059
767.000000 0.082468
768.000000 0.079965
769.000000 0.077565
770.000000 0.075227
771.000000 0.072994
772.000000 0.070866
773.000000 0.068772
774.000000 0.066762
775.000000 0.064831
776.000000 0.062854
777.000000 0.060939
778.000000 0.059133
779.000000 0.057355
780.000000 0.055685
781.000000 0.054096
782.000000 0.052584
783.000000 0.051230
784.000000 0.049912
785.000000 0.048522
786.000000 0.047183
787.000000 0.045923
788.000000 0.044652
789.000000 0.043442
790.000000 0.042282
791.000000 0.041124
792.000000 0.039997
793.000000 0.038939
794.000000 0.037955
795.000000 0.036994
796.000000 0.036079
797.000000 0.035102
798.000000 0.034111
799.000000 0.033217
800.000000 0.032380
801.000000 0.031586
802.000000 0.030826
803.000000 0.030052
804.000000 0.029208
805.000000 0.028391
806.000000 0.027669
807.000000 0.026965
808.000000 0.026298
809.000000 0.025676
810.000000 0.025024
811.000000 0.024402
812.000000 0.023851
813.000000 0.023337
814.000000 0.022806
815.000000 0.022229
816.000000 0.021631
817.000000 0.021055
818.000000 0.020562
819.000000 0.020119
820.000000 0.019695
821.000000 0.019276
822.000000 0.018855
823.000000 0.018456
824.000000 0.018112
825.000000 0.017744
826.000000 0.017417
827.000000 0.017085
828.000000 0.016690
829.000000 0.016346
830.000000 0.015989
831.000000 0.015641
832.000000 0.015339
833.000000 0.015088
834.000000 0.014840
835.000000 0.014552
836.000000 0.014261
837.000000 0.013976
838.000000 0.013699
839.000000 0.013468
840.000000 0.013246
841.000000 0.012994
842.000000 0.012772
843.000000 0.012583
844.000000 0.012349
845.000000 0.012117
846.000000 0.011930
847.000000 0.011716
848.000000 0.011514
849.000000 0.011338
850.000000 0.011157
851.000000 0.010996
852.000000 0.010830
853.000000 0.010666
854.000000 0.010524
855.000000 0.010339
856.000000 0.010107
857.000000 0.009938
858.000000 0.009841
859.000000 0.009751
860.000000 0.009680
861.000000 0.009621
862.000000 0.009533
863.000000 0.009438
864.000000 0.009324
865.000000 0.009190
866.000000 0.009067
867.000000 0.008971
868.000000 0.008904
869.000000 0.008806
870.000000 0.008696
871.000000 0.008619
872.000000 0.008558
873.000000 0.008499
874.000000 0.008445
875.000000 0.008373
876.000000 0.008293
877.000000 0.008210
878.000000 0.008135
879.000000 0.008060
880.000000 0.007952
881.000000 0.007858
882.000000 0.007794
883.000000 0.007738
884.000000 0.007667
885.000000 0.007586
886.000000 0.007503
887.000000 0.007421
888.000000 0.007338
889.000000 0.007254
890.000000 0.007199
891.000000 0.007149
892.000000 0.007115
893.000000 0.007080
894.000000 0.007021
895.000000 0.006959
896.000000 0.006889
897.000000 0.006820
898.000000 0.006778
899.000000 0.006745
900.000000 0.006710
901.000000 0.006681
902.000000 0.006639
903.000000 0.006620
904.000000 0.006625
905.000000 0.006625
906.000000 0.006594
907.000000 0.006553
908.000000 0.006532
909.000000 0.006513
910.000000 0.006485
911.000000 0.006446
912.000000 0.006402
913.000000 0.006344
914.000000 0.006300
915.000000 0.006280
916.000000 0.006240
917.000000 0.006194
918.000000 0.006149
919.000000 0.006090
920.000000 0.006041
921.000000 0.005988
922.000000 0.005942
923.000000 0.005891
924.000000 0.005820
925.000000 0.005781
926.000000 0.005753
927.000000 0.005713
928.000000 0.005668
929.000000 0.005633
930.000000 0.005604
931.000000 0.005573
932.000000 0.005546
933.000000 0.005521
934.000000 0.005499
935.000000 0.005491
936.000000 0.005481
937.000000 0.005473
938.000000 0.005483
939.000000 0.005480
940.000000 0.005481
941.000000 0.005469
942.000000 0.005492
943.000000 0.005533
944.000000 0.005525
945.000000 0.005510
946.000000 0.005486
947.000000 0.005454
948.000000 0.005427
949.000000 0.005414
950.000000 0.005412
