315.000000 0.089389
316.000000 0.087629
317.000000 0.086247
318.000000 0.085506
319.000000 0.085434
320.000000 0.084784
321.000000 0.084069
322.000000 0.083846
323.000000 0.084083
324.000000 0.084111
325.000000 0.083788
326.000000 0.083721
327.000000 0.083928
328.000000 0.084426
329.000000 0.084900
330.000000 0.085238
331.000000 0.085788
332.000000 0.086210
333.000000 0.086109
334.000000 0.086051
335.000000 0.086535
336.000000 0.087292
337.000000 0.087992
338.000000 0.088577
339.000000 0.089437
340.000000 0.090587
341.000000 0.091287
342.000000 0.092014
343.000000 0.093373
344.000000 0.094870
345.000000 0.096422
346.000000 0.097916
347.000000 0.099260
348.000000 0.100456
349.000000 0.101392
350.000000 0.102273
351.000000 0.103153
352.000000 0.103810
353.000000 0.104368
354.000000 0.104993
355.000000 0.105774
356.000000 0.106658
357.000000 0.107556
358.000000 0.108472
359.000000 0.109512
360.000000 0.110777
361.000000 0.112093
362.000000 0.113408
363.000000 0.114618
364.000000 0.115482
365.000000 0.116002
366.000000 0.116340
367.000000 0.116356
368.000000 0.116130
369.000000 0.115689
370.000000 0.114476
371.000000 0.113212
372.000000 0.112736
373.000000 0.111996
374.000000 0.110871
375.000000 0.109839
376.000000 0.108926
377.000000 0.108869
378.000000 0.109212
379.000000 0.109299
380.000000 0.109233
381.000000 0.109148
382.000000 0.109428
383.000000 0.110144
384.000000 0.111094
385.000000 0.111875
386.000000 0.112269
387.000000 0.112220
388.000000 0.111769
389.000000 0.111217
390.000000 0.110915
391.000000 0.110817
392.000000 0.110766
393.000000 0.110741
394.000000 0.110765
395.000000 0.110756
396.000000 0.110499
397.000000 0.110134
398.000000 0.110185
399.000000 0.110494
400.000000 0.110679
401.000000 0.110532
402.000000 0.110233
403.000000 0.110230
404.000000 0.110295
405.000000 0.110227
406.000000 0.110176
407.000000 0.110101
408.000000 0.109969
409.000000 0.109973
410.000000 0.109742
411.000000 0.109616
412.000000 0.109775
413.000000 0.109737
414.000000 0.109695
415.000000 0.109655
416.000000 0.109802
417.000000 0.110192
418.000000 0.110449
419.000000 0.110502
420.000000 0.110660
421.000000 0.110715
422.000000 0.110490
423.000000 0.110121
424.000000 0.109704
425.000000 0.109082
426.000000 0.108180
427.000000 0.107270
428.000000 0.106112
429.000000 0.104837
430.000000 0.103544
431.000000 0.102061
432.000000 0.100368
433.000000 0.098584
434.000000 0.096936
435.000000 0.095297
436.000000 0.093684
437.000000 0.092015
438.000000 0.090377
439.000000 0.088885
440.000000 0.087424
441.000000 0.086137
442.000000 0.084921
443.000000 0.083698
444.000000 0.082589
445.000000 0.081615
446.000000 0.080704
447.000000 0.079793
448.000000 0.079004
449.000000 0.078381
450.000000 0.077915
451.000000 0.077487
452.000000 0.077019
453.000000 0.076600
454.000000 0.076250
455.000000 0.075976
456.000000 0.075664
457.000000 0.075272
458.000000 0.074945
459.000000 0.074615
460.000000 0.074353
461.000000 0.074130
462.000000 0.073832
463.000000 0.073601
464.000000 0.073403
465.000000 0.073233
466.000000 0.073026
467.000000 0.072785
468.000000 0.072636
469.000000 0.072502
470.000000 0.072279
471.000000 0.072002
472.000000 0.071799
473.000000 0.071666
474.000000 0.071480
475.000000 0.071287
476.000000 0.071121
477.000000 0.070970
478.000000 0.070816
479.000000 0.070684
480.000000 0.070619
481.000000 0.070514
482.000000 0.070410
483.000000 0.070375
484.000000 0.070405
485.000000 0.070572
486.000000 0.070706
487.000000 0.070708
488.000000 0.070744
489.000000 0.070773
490.000000 0.071020
491.000000 0.071048
492.000000 0.070795
493.000000 0.070986
494.000000 0.071274
495.000000 0.071478
496.000000 0.071699
497.000000 0.071819
498.000000 0.071872
499.000000 0.071971
500.000000 0.072007
501.000000 0.071983
502.000000 0.072162
503.000000 0.072578
504.000000 0.072935
505.000000 0.073079
506.000000 0.073140
507.000000 0.073307
508.000000 0.073931
509.000000 0.074670
510.000000 0.074858
511.000000 0.075156
512.000000 0.075637
513.000000 0.076127
514.000000 0.076822
515.000000 0.077202
516.000000 0.077058
517.000000 0.077214
518.000000 0.077875
519.000000 0.078298
520.000000 0.078502
521.000000 0.078750
522.000000 0.079294
523.000000 0.080001
524.000000 0.080491
525.000000 0.080732
526.000000 0.081073
527.000000 0.081570
528.000000 0.082208
529.000000 0.083133
530.000000 0.084203
531.000000 0.085148
532.000000 0.085792
533.000000 0.086617
534.000000 0.087486
535.000000 0.088078
536.000000 0.088642
537.000000 0.089152
538.000000 0.089844
539.000000 0.090721
540.000000 0.091357
541.000000 0.091954
542.000000 0.093034
543.000000 0.094140
544.000000 0.095282
545.000000 0.096532
546.000000 0.097513
547.000000 0.098600
548.000000 0.099766
549.000000 0.100774
550.000000 0.101932
551.000000 0.103104
552.000000 0.104177
553.000000 0.105302
554.000000 0.106427
555.000000 0.107528
556.000000 0.108719
557.000000 0.110036
558.000000 0.111337
559.000000 0.112666
560.000000 0.114134
561.000000 0.115617
562.000000 0.116969
563.000000 0.118336
564.000000 0.119722
565.000000 0.121205
566.000000 0.122797
567.000000 0.124471
568.000000 0.126187
569.000000 0.127901
570.000000 0.129667
571.000000 0.131591
572.000000 0.133426
573.000000 0.135177
574.000000 0.137171
575.000000 0.139249
576.000000 0.141461
577.000000 0.143525
578.000000 0.145486
579.000000 0.147745
580.000000 0.150250
581.000000 0.152931
582.000000 0.155463
583.000000 0.157816
584.000000 0.160182
585.000000 0.162781
586.000000 0.165626
587.000000 0.168366
588.000000 0.171149
589.000000 0.173992
590.000000 0.176938
591.000000 0.180162
592.000000 0.183370
593.000000 0.186600
594.000000 0.189705
595.000000 0.192712
596.000000 0.196090
597.000000 0.199454
598.000000 0.202760
599.000000 0.206380
600.000000 0.210061
601.000000 0.213697
602.000000 0.217263
603.000000 0.220871
604.000000 0.224709
605.000000 0.228522
606.000000 0.232386
607.000000 0.236414
608.000000 0.240374
609.000000 0.244413
610.000000 0.248707
611.000000 0.252881
612.000000 0.256936
613.000000 0.261082
614.000000 0.265324
615.000000 0.269791
616.000000 0.274158
617.000000 0.278574
618.000000 0.283305
619.000000 0.287889
620.000000 0.292436
621.000000 0.297259
622.000000 0.302091
623.000000 0.306878
624.000000 0.311888
625.000000 0.316917
626.000000 0.322026
627.000000 0.327367
628.000000 0.332629
629.000000 0.338021
630.000000 0.343789
631.000000 0.349765
632.000000 0.355636
633.000000 0.361661
634.000000 0.368105
635.000000 0.374467
636.000000 0.380907
637.000000 0.387728
638.000000 0.394519
639.000000 0.401505
640.000000 0.408948
641.000000 0.416611
642.000000 0.424077
643.000000 0.431570
644.000000 0.439566
645.000000 0.447517
646.000000 0.455595
647.000000 0.464217
648.000000 0.473192
649.000000 0.482041
650.000000 0.490940
651.000000 0.500272
652.000000 0.509870
653.000000 0.519331
654.000000 0.528837
655.000000 0.538791
656.000000 0.548887
657.000000 0.558617
658.000000 0.568295
659.000000 0.578498
660.000000 0.588837
661.000000 0.598751
662.000000 0.608509
663.000000 0.618658
664.000000 0.628926
665.000000 0.638688
666.000000 0.648020
667.000000 0.657485
668.000000 0.666931
669.000000 0.675761
670.000000 0.684100
671.000000 0.692476
672.000000 0.700575
673.000000 0.708324
674.000000 0.715386
675.000000 0.721965
676.000000 0.728658
677.000000 0.735136
678.000000 0.741209
679.000000 0.746691
680.000000 0.751768
681.000000 0.756743
682.000000 0.761535
683.000000 0.766115
684.000000 0.770344
685.000000 0.774409
686.000000 0.778636
687.000000 0.782893
688.000000 0.787117
689.000000 0.791434
690.000000 0.795851
691.000000 0.800572
692.000000 0.805688
693.000000 0.811173
694.000000 0.817194
695.000000 0.823840
696.000000 0.830790
697.000000 0.838282
698.000000 0.846751
699.000000 0.856177
700.000000 0.866567
701.000000 0.877790
702.000000 0.889470
703.000000 0.901946
704.000000 0.915805
705.000000 0.930857
706.000000 0.946835
707.000000 0.963744
708.000000 0.981756
709.000000 1.000781
710.000000 1.020101
711.000000 1.040172
712.000000 1.061804
713.000000 1.084447
714.000000 1.107922
715.000000 1.132069
716.000000 1.156903
717.000000 1.182463
718.000000 1.208487
719.000000 1.233818
720.000000 1.258990
721.000000 1.285090
722.000000 1.311475
723.000000 1.337743
724.000000 1.363608
725.000000 1.389069
726.000000 1.413798
727.000000 1.437796
728.000000 1.461113
729.000000 1.483423
730.000000 1.504769
731.000000 1.523901
732.000000 1.541251
733.000000 1.557893
734.000000 1.573157
735.000000 1.586918
736.000000 1.598528
737.000000 1.607981
738.000000 1.615348
739.000000 1.620394
740.000000 1.622860
741.000000 1.622687
742.000000 1.620040
743.000000 1.614783
744.000000 1.606770
745.000000 1.595970
746.000000 1.582196
747.000000 1.565552
748.000000 1.546294
749.000000 1.523885
750.000000 1.498748
751.000000 1.471497
752.000000 1.442118
753.000000 1.410253
754.000000 1.376006
755.000000 1.339940
756.000000 1.302200
757.000000 1.262909
758.000000 1.222520
759.000000 1.181036
760.000000 1.138556
761.000000 1.095510
762.000000 1.052233
763.000000 1.008850
764.000000 0.965251
765.000000 0.921098
766.000000 0.877193
767.000000 0.834362
768.000000 0.792764
769.000000 0.752237
770.000000 0.712703
771.000000 0.674512
772.000000 0.637526
773.000000 0.601838
774.000000 0.567404
775.000000 0.534334
776.000000 0.500696
777.000000 0.467968
778.000000 0.438550
779.000000 0.411210
780.000000 0.385498
781.000000 0.361319
782.000000 0.338669
783.000000 0.317420
784.000000 0.297350
785.000000 0.278406
786.000000 0.260587
787.000000 0.243873
788.000000 0.227786
789.000000 0.212701
790.000000 0.199101
791.000000 0.186505
792.000000 0.174771
793.000000 0.163841
794.000000 0.153675
795.000000 0.144248
796.000000 0.135458
797.000000 0.127021
798.000000 0.119050
799.000000 0.111781
800.000000 0.105108
801.000000 0.098979
802.000000 0.093264
803.000000 0.087917
804.000000 0.082722
805.000000 0.077824
806.000000 0.073450
807.000000 0.069390
808.000000 0.065627
809.000000 0.062119
810.000000 0.058709
811.000000 0.055453
812.000000 0.052549
813.000000 0.049904
814.000000 0.047416
815.000000 0.045109
816.000000 0.042849
817.000000 0.040671
818.000000 0.038715
819.000000 0.036963
820.000000 0.035343
821.000000 0.033787
822.000000 0.032306
823.000000 0.030890
824.000000 0.029615
825.000000 0.028400
826.000000 0.027273
827.000000 0.026240
828.000000 0.025217
829.000000 0.024301
830.000000 0.023398
831.000000 0.022491
832.000000 0.021684
833.000000 0.020962
834.000000 0.020244
835.000000 0.019586
836.000000 0.018984
837.000000 0.018347
838.000000 0.017759
839.000000 0.017306
840.000000 0.016848
841.000000 0.016277
842.000000 0.015733
843.000000 0.015273
844.000000 0.014819
845.000000 0.014397
846.000000 0.014031
847.000000 0.013650
848.000000 0.013245
849.000000 0.012840
850.000000 0.012477
851.000000 0.012139
852.000000 0.011800
853.000000 0.011550
854.000000 0.011336
855.000000 0.011045
856.000000 0.010726
857.000000 0.010475
858.000000 0.010248
859.000000 0.010042
860.000000 0.010027
861.000000 0.010145
862.000000 0.009922
863.000000 0.009428
864.000000 0.009072
865.000000 0.008838
866.000000 0.008641
867.000000 0.008466
868.000000 0.008314
869.000000 0.008178
870.000000 0.008043
871.000000 0.007882
872.000000 0.007726
873.000000 0.007594
874.000000 0.007482
875.000000 0.007324
876.000000 0.007137
877.000000 0.006998
878.000000 0.006915
879.000000 0.006825
880.000000 0.006687
881.000000 0.006563
882.000000 0.006471
883.000000 0.006364
884.000000 0.006247
885.000000 0.006154
886.000000 0.006112
887.000000 0.006124
888.000000 0.006041
889.000000 0.005873
890.000000 0.005731
891.000000 0.005601
892.000000 0.005505
893.000000 0.005420
894.000000 0.005344
895.000000 0.005262
896.000000 0.005154
897.000000 0.005029
898.000000 0.004946
899.000000 0.004913
900.000000 0.004852
901.000000 0.004792
902.000000 0.004735
903.000000 0.004713
904.000000 0.004711
905.000000 0.004680
906.000000 0.004645
907.000000 0.004583
908.000000 0.004511
909.000000 0.004466
910.000000 0.004451
911.000000 0.004424
912.000000 0.004331
913.000000 0.004206
914.000000 0.004121
915.000000 0.004095
916.000000 0.004070
917.000000 0.004037
918.000000 0.004006
919.000000 0.003952
920.000000 0.003882
921.000000 0.003791
922.000000 0.003720
923.000000 0.003660
924.000000 0.003591
925.000000 0.003562
926.000000 0.003547
927.000000 0.003501
928.000000 0.003430
929.000000 0.003369
930.000000 0.003322
931.000000 0.003262
932.000000 0.003213
933.000000 0.003180
934.000000 0.003162
935.000000 0.003147
936.000000 0.003121
937.000000 0.003115
938.000000 0.003154
939.000000 0.003154
940.000000 0.003094
941.000000 0.003050
942.000000 0.003057
943.000000 0.003080
944.000000 0.003078
945.000000 0.003075
946.000000 0.003044
947.000000 0.003006
948.000000 0.002965
949.000000 0.002922
950.000000 0.002908
