315.000000 0.104548
316.000000 0.107064
317.000000 0.109951
318.000000 0.112372
319.000000 0.115185
320.000000 0.118501
321.000000 0.121280
322.000000 0.123712
323.000000 0.126693
324.000000 0.130045
325.000000 0.132856
326.000000 0.135417
327.000000 0.138191
328.000000 0.141006
329.000000 0.143460
330.000000 0.145851
331.000000 0.148811
332.000000 0.151955
333.000000 0.155207
334.000000 0.158123
335.000000 0.160645
336.000000 0.164157
337.000000 0.168025
338.000000 0.171236
339.000000 0.174450
340.000000 0.178047
341.000000 0.181750
342.000000 0.185727
343.000000 0.189425
344.000000 0.192649
345.000000 0.196112
346.000000 0.199505
347.000000 0.202770
348.000000 0.206005
349.000000 0.208974
350.000000 0.211506
351.000000 0.213731
352.000000 0.215926
353.000000 0.217774
354.000000 0.219570
355.000000 0.221453
356.000000 0.222871
357.000000 0.223984
358.000000 0.224798
359.000000 0.225108
360.000000 0.225016
361.000000 0.224965
362.000000 0.224961
363.000000 0.224824
364.000000 0.224726
365.000000 0.224788
366.000000 0.225046
367.000000 0.225450
368.000000 0.225996
369.000000 0.226648
370.000000 0.228063
371.000000 0.229779
372.000000 0.231215
373.000000 0.232706
374.000000 0.234391
375.000000 0.236466
376.000000 0.238397
377.000000 0.239737
378.000000 0.240732
379.000000 0.241910
380.000000 0.243564
381.000000 0.245300
382.000000 0.246598
383.000000 0.247945
384.000000 0.249256
385.000000 0.250559
386.000000 0.252110
387.000000 0.253422
388.000000 0.254388
389.000000 0.255366
390.000000 0.256516
391.000000 0.257900
392.000000 0.259583
393.000000 0.261360
394.000000 0.263069
395.000000 0.264809
396.000000 0.266585
397.000000 0.267943
398.000000 0.268632
399.000000 0.268841
400.000000 0.268417
401.000000 0.266932
402.000000 0.264476
403.000000 0.261259
404.000000 0.257740
405.000000 0.253538
406.000000 0.248611
407.000000 0.243660
408.000000 0.238560
409.000000 0.233319
410.000000 0.228092
411.000000 0.222780
412.000000 0.217927
413.000000 0.213572
414.000000 0.209060
415.000000 0.204624
416.000000 0.200611
417.000000 0.196904
418.000000 0.193269
419.000000 0.189764
420.000000 0.186228
421.000000 0.182650
422.000000 0.179186
423.000000 0.175716
424.000000 0.172317
425.000000 0.168990
426.000000 0.165529
427.000000 0.162097
428.000000 0.158849
429.000000 0.155755
430.000000 0.152778
431.000000 0.149930
432.000000 0.147089
433.000000 0.144488
434.000000 0.142174
435.000000 0.139932
436.000000 0.137960
437.000000 0.136185
438.000000 0.134484
439.000000 0.133075
440.000000 0.131980
441.000000 0.131045
442.000000 0.130289
443.000000 0.129745
444.000000 0.129193
445.000000 0.128624
446.000000 0.128173
447.000000 0.127688
448.000000 0.127001
449.000000 0.126244
450.000000 0.125522
451.000000 0.124582
452.000000 0.123498
453.000000 0.122512
454.000000 0.121581
455.000000 0.120721
456.000000 0.119975
457.000000 0.119423
458.000000 0.119152
459.000000 0.119213
460.000000 0.119675
461.000000 0.120624
462.000000 0.122207
463.000000 0.124372
464.000000 0.127245
465.000000 0.130819
466.000000 0.134765
467.000000 0.139365
468.000000 0.144735
469.000000 0.150801
470.000000 0.157284
471.000000 0.163762
472.000000 0.170487
473.000000 0.177059
474.000000 0.183161
475.000000 0.188808
476.000000 0.193608
477.000000 0.197580
478.000000 0.200571
479.000000 0.202510
480.000000 0.203447
481.000000 0.203413
482.000000 0.202476
483.000000 0.200813
484.000000 0.198565
485.000000 0.195649
486.000000 0.192184
487.000000 0.188507
488.000000 0.184688
489.000000 0.181333
490.000000 0.178230
491.000000 0.174575
492.000000 0.170745
493.000000 0.167168
494.000000 0.164156
495.000000 0.161202
496.000000 0.158694
497.000000 0.156584
498.000000 0.154327
499.000000 0.152553
500.000000 0.151558
501.000000 0.151134
502.000000 0.151167
503.000000 0.151718
504.000000 0.152650
505.000000 0.154168
506.000000 0.156320
507.000000 0.159061
508.000000 0.162466
509.000000 0.166384
510.000000 0.170706
511.000000 0.175416
512.000000 0.180507
513.000000 0.185953
514.000000 0.191580
515.000000 0.197567
516.000000 0.203914
517.000000 0.210441
518.000000 0.216858
519.000000 0.223278
520.000000 0.229709
521.000000 0.235895
522.000000 0.241691
523.000000 0.246982
524.000000 0.251754
525.000000 0.255763
526.000000 0.259284
527.000000 0.262381
528.000000 0.265003
529.000000 0.267041
530.000000 0.268543
531.000000 0.269653
532.000000 0.270328
533.000000 0.270622
534.000000 0.270933
535.000000 0.271291
536.000000 0.271358
537.000000 0.271527
538.000000 0.272166
539.000000 0.273112
540.000000 0.274147
541.000000 0.275779
542.000000 0.277942
543.000000 0.280752
544.000000 0.284477
545.000000 0.288941
546.000000 0.294323
547.000000 0.300567
548.000000 0.307379
549.000000 0.314876
550.000000 0.323236
551.000000 0.332502
552.000000 0.342718
553.000000 0.353905
554.000000 0.365675
555.000000 0.377923
556.000000 0.390561
557.000000 0.403566
558.000000 0.417530
559.000000 0.431367
560.000000 0.445114
561.000000 0.458361
562.000000 0.470827
563.000000 0.482544
564.000000 0.493078
565.000000 0.502306
566.000000 0.509889
567.000000 0.515705
568.000000 0.519352
569.000000 0.520593
570.000000 0.519567
571.000000 0.516253
572.000000 0.511050
573.000000 0.503943
574.000000 0.494731
575.000000 0.484761
576.000000 0.473702
577.000000 0.461780
578.000000 0.449387
579.000000 0.436390
580.000000 0.423194
581.000000 0.409925
582.000000 0.397513
583.000000 0.385978
584.000000 0.375495
585.000000 0.365826
586.000000 0.356439
587.000000 0.348234
588.000000 0.341265
589.000000 0.335138
590.000000 0.329744
591.000000 0.324992
592.000000 0.321140
593.000000 0.318045
594.000000 0.315682
595.000000 0.313910
596.000000 0.312364
597.000000 0.311073
598.000000 0.310103
599.000000 0.309445
600.000000 0.309133
601.000000 0.309065
602.000000 0.308970
603.000000 0.308862
604.000000 0.308717
605.000000 0.308435
606.000000 0.308081
607.000000 0.307319
608.000000 0.306065
609.000000 0.304318
610.000000 0.301875
611.000000 0.298819
612.000000 0.294953
613.000000 0.290252
614.000000 0.284650
615.000000 0.277987
616.000000 0.270939
617.000000 0.263141
618.000000 0.254170
619.000000 0.244882
620.000000 0.235112
621.000000 0.224526
622.000000 0.213977
623.000000 0.203404
624.000000 0.192349
625.000000 0.181555
626.000000 0.170961
627.000000 0.160197
628.000000 0.150072
629.000000 0.140463
630.000000 0.130869
631.000000 0.121643
632.000000 0.113273
633.000000 0.105523
634.000000 0.098107
635.000000 0.091420
636.000000 0.085278
637.000000 0.079469
638.000000 0.074290
639.000000 0.069669
640.000000 0.065407
641.000000 0.061558
642.000000 0.058238
643.000000 0.055298
644.000000 0.052540
645.000000 0.050095
646.000000 0.047851
647.000000 0.045691
648.000000 0.043692
649.000000 0.041962
650.000000 0.040369
651.000000 0.038795
652.000000 0.037334
653.000000 0.035966
654.000000 0.034658
655.000000 0.033403
656.000000 0.032168
657.000000 0.030994
658.000000 0.029854
659.000000 0.028635
660.000000 0.027416
661.000000 0.026415
662.000000 0.025526
663.000000 0.024504
664.000000 0.023332
665.000000 0.022159
666.000000 0.021094
667.000000 0.020112
668.000000 0.019188
669.000000 0.018328
670.000000 0.017531
671.000000 0.016785
672.000000 0.016088
673.000000 0.015401
674.000000 0.014730
675.000000 0.014085
676.000000 0.013503
677.000000 0.012952
678.000000 0.012446
679.000000 0.012013
680.000000 0.011622
681.000000 0.011266
682.000000 0.010924
683.000000 0.010717
684.000000 0.010613
685.000000 0.010326
686.000000 0.009931
687.000000 0.009650
688.000000 0.009471
689.000000 0.009318
690.000000 0.009182
691.000000 0.009125
692.000000 0.009107
693.000000 0.009081
694.000000 0.009048
695.000000 0.009008
696.000000 0.008997
697.000000 0.009020
698.000000 0.009045
699.000000 0.009064
700.000000 0.009143
701.000000 0.009218
702.000000 0.009233
703.000000 0.009241
704.000000 0.009251
705.000000 0.009325
706.000000 0.009451
707.000000 0.009460
708.000000 0.009389
709.000000 0.009410
710.000000 0.009458
711.000000 0.009501
712.000000 0.009600
713.000000 0.009685
714.000000 0.009732
715.000000 0.009821
716.000000 0.009943
717.000000 0.010096
718.000000 0.010147
719.000000 0.010052
720.000000 0.009968
721.000000 0.009968
722.000000 0.010002
723.000000 0.009987
724.000000 0.009931
725.000000 0.009876
726.000000 0.009847
727.000000 0.009847
728.000000 0.009834
729.000000 0.009818
730.000000 0.009849
731.000000 0.009893
732.000000 0.009923
733.000000 0.009936
734.000000 0.009877
735.000000 0.009760
736.000000 0.009680
737.000000 0.009678
738.000000 0.009712
739.000000 0.009770
740.000000 0.009802
741.000000 0.009818
742.000000 0.009896
743.000000 0.009972
744.000000 0.009994
745.000000 0.009996
746.000000 0.010044
747.000000 0.010089
748.000000 0.010117
749.000000 0.010183
750.000000 0.010257
751.000000 0.010377
752.000000 0.010535
753.000000 0.010721
754.000000 0.010860
755.000000 0.010924
756.000000 0.010994
757.000000 0.011073
758.000000 0.011167
759.000000 0.011274
760.000000 0.011391
761.000000 0.011488
762.000000 0.011633
763.000000 0.011783
764.000000 0.011961
765.000000 0.012210
766.000000 0.012441
767.000000 0.012643
768.000000 0.012839
769.000000 0.013076
770.000000 0.013322
771.000000 0.013574
772.000000 0.013811
773.000000 0.014027
774.000000 0.014291
775.000000 0.014509
776.000000 0.014683
777.000000 0.014867
778.000000 0.015023
779.000000 0.015162
780.000000 0.015291
781.000000 0.015485
782.000000 0.015685
783.000000 0.015828
784.000000 0.015963
785.000000 0.016020
786.000000 0.016005
787.000000 0.016001
788.000000 0.016021
789.000000 0.015991
790.000000 0.015915
791.000000 0.015846
792.000000 0.015716
793.000000 0.015657
794.000000 0.015608
795.000000 0.015353
796.000000 0.015045
797.000000 0.014765
798.000000 0.014411
799.000000 0.014054
800.000000 0.013689
801.000000 0.013349
802.000000 0.013011
803.000000 0.012631
804.000000 0.012289
805.000000 0.011968
806.000000 0.011671
807.000000 0.011308
808.000000 0.010887
809.000000 0.010525
810.000000 0.010171
811.000000 0.009816
812.000000 0.009554
813.000000 0.009321
814.000000 0.009003
815.000000 0.008659
816.000000 0.008351
817.000000 0.008085
818.000000 0.007873
819.000000 0.007694
820.000000 0.007474
821.000000 0.007243
822.000000 0.007085
823.000000 0.006943
824.000000 0.006782
825.000000 0.006595
826.000000 0.006411
827.000000 0.006291
828.000000 0.006208
829.000000 0.006068
830.000000 0.005901
831.000000 0.005761
832.000000 0.005674
833.000000 0.005600
834.000000 0.005541
835.000000 0.005512
836.000000 0.005416
837.000000 0.005341
838.000000 0.005312
839.000000 0.005226
840.000000 0.005142
841.000000 0.005087
842.000000 0.005017
843.000000 0.004934
844.000000 0.004890
845.000000 0.004852
846.000000 0.004781
847.000000 0.004728
848.000000 0.004703
849.000000 0.004698
850.000000 0.004679
851.000000 0.004636
852.000000 0.004593
853.000000 0.004556
854.000000 0.004490
855.000000 0.004474
856.000000 0.004490
857.000000 0.004461
858.000000 0.004440
859.000000 0.004434
860.000000 0.004387
861.000000 0.004314
862.000000 0.004301
863.000000 0.004279
864.000000 0.004227
865.000000 0.004240
866.000000 0.004267
867.000000 0.004246
868.000000 0.004230
869.000000 0.004231
870.000000 0.004231
871.000000 0.004247
872.000000 0.004269
873.000000 0.004279
874.000000 0.004271
875.000000 0.004260
876.000000 0.004270
877.000000 0.004295
878.000000 0.004325
879.000000 0.004353
880.000000 0.004371
881.000000 0.004366
882.000000 0.004365
883.000000 0.004387
884.000000 0.004388
885.000000 0.004382
886.000000 0.004450
887.000000 0.004568
888.000000 0.004639
889.000000 0.004657
890.000000 0.004636
891.000000 0.004591
892.000000 0.004548
893.000000 0.004513
894.000000 0.004533
895.000000 0.004601
896.000000 0.004670
897.000000 0.004742
898.000000 0.004836
899.000000 0.004912
900.000000 0.004969
901.000000 0.005048
902.000000 0.005111
903.000000 0.005145
904.000000 0.005215
905.000000 0.005327
906.000000 0.005420
907.000000 0.005490
908.000000 0.005557
909.000000 0.005600
910.000000 0.005616
911.000000 0.005643
912.000000 0.005683
913.000000 0.005730
914.000000 0.005757
915.000000 0.005782
916.000000 0.005804
917.000000 0.005831
918.000000 0.005894
919.000000 0.005941
920.000000 0.005990
921.000000 0.006039
922.000000 0.006075
923.000000 0.006082
924.000000 0.006085
925.000000 0.006121
926.000000 0.006142
927.000000 0.006156
928.000000 0.006175
929.000000 0.006230
930.000000 0.006306
931.000000 0.006335
932.000000 0.006340
933.000000 0.006334
934.000000 0.006362
935.000000 0.006414
936.000000 0.006430
937.000000 0.006440
938.000000 0.006461
939.000000 0.006476
940.000000 0.006469
941.000000 0.006447
942.000000 0.006466
943.000000 0.006494
944.000000 0.006495
945.000000 0.006493
946.000000 0.006523
947.000000 0.006592
948.000000 0.006617
949.000000 0.006594
950.000000 0.006553
951.000000 0.006505
952.000000 0.006461
953.000000 0.006450
954.000000 0.006465
955.000000 0.006480
956.000000 0.006479
957.000000 0.006432
958.000000 0.006410
959.000000 0.006429
960.000000 0.006424
961.000000 0.006421
962.000000 0.006428
963.000000 0.006404
964.000000 0.006379
965.000000 0.006377
966.000000 0.006368
967.000000 0.006343
968.000000 0.006314
969.000000 0.006287
970.000000 0.006270
971.000000 0.006256
972.000000 0.006224
973.000000 0.006196
974.000000 0.006202
975.000000 0.006212
976.000000 0.006235
977.000000 0.006267
978.000000 0.006296
979.000000 0.006296
980.000000 0.006276
981.000000 0.006297
982.000000 0.006357
983.000000 0.006498
984.000000 0.007200
985.000000 0.008374
986.000000 0.009171
987.000000 0.009491
988.000000 0.009949
989.000000 0.010318
990.000000 0.009549
991.000000 0.008297
992.000000 0.018976
993.000000 0.009841
994.000000 -0.018189
995.000000 -0.029052
