315.000000 0.061560
316.000000 0.061520
317.000000 0.061280
318.000000 0.061261
319.000000 0.061843
320.000000 0.062795
321.000000 0.063034
322.000000 0.063285
323.000000 0.063901
324.000000 0.065420
325.000000 0.066817
326.000000 0.067171
327.000000 0.067834
328.000000 0.068982
329.000000 0.070120
330.000000 0.071147
331.000000 0.072587
332.000000 0.074077
333.000000 0.075191
334.000000 0.075867
335.000000 0.076520
336.000000 0.077806
337.000000 0.079387
338.000000 0.080847
339.000000 0.082326
340.000000 0.084300
341.000000 0.086875
342.000000 0.089827
343.000000 0.092327
344.000000 0.094765
345.000000 0.097394
346.000000 0.099581
347.000000 0.101756
348.000000 0.104198
349.000000 0.106133
350.000000 0.107500
351.000000 0.108685
352.000000 0.109630
353.000000 0.110351
354.000000 0.110934
355.000000 0.111330
356.000000 0.111436
357.000000 0.111209
358.000000 0.110708
359.000000 0.110054
360.000000 0.109038
361.000000 0.107846
362.000000 0.106845
363.000000 0.105821
364.000000 0.104744
365.000000 0.103701
366.000000 0.102986
367.000000 0.102456
368.000000 0.101695
369.000000 0.100961
370.000000 0.100877
371.000000 0.100869
372.000000 0.100938
373.000000 0.100861
374.000000 0.100591
375.000000 0.101237
376.000000 0.101874
377.000000 0.101414
378.000000 0.101178
379.000000 0.101799
380.000000 0.102680
381.000000 0.104001
382.000000 0.105145
383.000000 0.105997
384.000000 0.106892
385.000000 0.107882
386.000000 0.108780
387.000000 0.109533
388.000000 0.110132
389.000000 0.110684
390.000000 0.111175
391.000000 0.111550
392.000000 0.112185
393.000000 0.112963
394.000000 0.113735
395.000000 0.114778
396.000000 0.115891
397.000000 0.116776
398.000000 0.117171
399.000000 0.117208
400.000000 0.116841
401.000000 0.115604
402.000000 0.113668
403.000000 0.111217
404.000000 0.108529
405.000000 0.105354
406.000000 0.101704
407.000000 0.098153
408.000000 0.094548
409.000000 0.091071
410.000000 0.087863
411.000000 0.084511
412.000000 0.081799
413.000000 0.079782
414.000000 0.077748
415.000000 0.076015
416.000000 0.074846
417.000000 0.074030
418.000000 0.073312
419.000000 0.072662
420.000000 0.072072
421.000000 0.071540
422.000000 0.071173
423.000000 0.070841
424.000000 0.070524
425.000000 0.070326
426.000000 0.070177
427.000000 0.069970
428.000000 0.069714
429.000000 0.069787
430.000000 0.070077
431.000000 0.070355
432.000000 0.070763
433.000000 0.071529
434.000000 0.072616
435.000000 0.073812
436.000000 0.075168
437.000000 0.076998
438.000000 0.079059
439.000000 0.081189
440.000000 0.083655
441.000000 0.086253
442.000000 0.088869
443.000000 0.091664
444.000000 0.094485
445.000000 0.097144
446.000000 0.099804
447.000000 0.102329
448.000000 0.104523
449.000000 0.106480
450.000000 0.108144
451.000000 0.109504
452.000000 0.110558
453.000000 0.111258
454.000000 0.111876
455.000000 0.112563
456.000000 0.113286
457.000000 0.114100
458.000000 0.115066
459.000000 0.116542
460.000000 0.118615
461.000000 0.121128
462.000000 0.124358
463.000000 0.128384
464.000000 0.133324
465.000000 0.139139
466.000000 0.145375
467.000000 0.152485
468.000000 0.160544
469.000000 0.169436
470.000000 0.178935
471.000000 0.188396
472.000000 0.198139
473.000000 0.207679
474.000000 0.216686
475.000000 0.225033
476.000000 0.232193
477.000000 0.238290
478.000000 0.243067
479.000000 0.246436
480.000000 0.248487
481.000000 0.249274
482.000000 0.249024
483.000000 0.247828
484.000000 0.245628
485.000000 0.242544
486.000000 0.238728
487.000000 0.234505
488.000000 0.230106
489.000000 0.225863
490.000000 0.222055
491.000000 0.217766
492.000000 0.213566
493.000000 0.209731
494.000000 0.205853
495.000000 0.202470
496.000000 0.199745
497.000000 0.197178
498.000000 0.194549
499.000000 0.192661
500.000000 0.191571
501.000000 0.191118
502.000000 0.191388
503.000000 0.192254
504.000000 0.193614
505.000000 0.195769
506.000000 0.198925
507.000000 0.202946
508.000000 0.207528
509.000000 0.212597
510.000000 0.218198
511.000000 0.224457
512.000000 0.231344
513.000000 0.238572
514.000000 0.246166
515.000000 0.254333
516.000000 0.262797
517.000000 0.271513
518.000000 0.280250
519.000000 0.288751
520.000000 0.297206
521.000000 0.305261
522.000000 0.313003
523.000000 0.320364
524.000000 0.326889
525.000000 0.332578
526.000000 0.337675
527.000000 0.342073
528.000000 0.345788
529.000000 0.348670
530.000000 0.350804
531.000000 0.352554
532.000000 0.353856
533.000000 0.354821
534.000000 0.355903
535.000000 0.356819
536.000000 0.357386
537.000000 0.357927
538.000000 0.358729
539.000000 0.359924
540.000000 0.361685
541.000000 0.364437
542.000000 0.367675
543.000000 0.371612
544.000000 0.376520
545.000000 0.382493
546.000000 0.389907
547.000000 0.398432
548.000000 0.408060
549.000000 0.418708
550.000000 0.430221
551.000000 0.443140
552.000000 0.457289
553.000000 0.472464
554.000000 0.488443
555.000000 0.505233
556.000000 0.522376
557.000000 0.540075
558.000000 0.559467
559.000000 0.578808
560.000000 0.597773
561.000000 0.615973
562.000000 0.633290
563.000000 0.649532
564.000000 0.663989
565.000000 0.676756
566.000000 0.687639
567.000000 0.696385
568.000000 0.702005
569.000000 0.704310
570.000000 0.703526
571.000000 0.699738
572.000000 0.693374
573.000000 0.684443
574.000000 0.672648
575.000000 0.659641
576.000000 0.645436
577.000000 0.629959
578.000000 0.613904
579.000000 0.597484
580.000000 0.580637
581.000000 0.563346
582.000000 0.547133
583.000000 0.531997
584.000000 0.518061
585.000000 0.505554
586.000000 0.493970
587.000000 0.483787
588.000000 0.475026
589.000000 0.467448
590.000000 0.460804
591.000000 0.455129
592.000000 0.450840
593.000000 0.447474
594.000000 0.444848
595.000000 0.443023
596.000000 0.441631
597.000000 0.440556
598.000000 0.439983
599.000000 0.440001
600.000000 0.440442
601.000000 0.441130
602.000000 0.441828
603.000000 0.442488
604.000000 0.443119
605.000000 0.443636
606.000000 0.443872
607.000000 0.443567
608.000000 0.442778
609.000000 0.441191
610.000000 0.438566
611.000000 0.435247
612.000000 0.431012
613.000000 0.425598
614.000000 0.418841
615.000000 0.410563
616.000000 0.401681
617.000000 0.391815
618.000000 0.380371
619.000000 0.368503
620.000000 0.356031
621.000000 0.342439
622.000000 0.328873
623.000000 0.315291
624.000000 0.301042
625.000000 0.287108
626.000000 0.273361
627.000000 0.259391
628.000000 0.246342
629.000000 0.233960
630.000000 0.221705
631.000000 0.210057
632.000000 0.199577
633.000000 0.190005
634.000000 0.180867
635.000000 0.172771
636.000000 0.165532
637.000000 0.158704
638.000000 0.152674
639.000000 0.147396
640.000000 0.142643
641.000000 0.138492
642.000000 0.135038
643.000000 0.132094
644.000000 0.129417
645.000000 0.127189
646.000000 0.125322
647.000000 0.123635
648.000000 0.122150
649.000000 0.120961
650.000000 0.120012
651.000000 0.119146
652.000000 0.118401
653.000000 0.117784
654.000000 0.117211
655.000000 0.116697
656.000000 0.116263
657.000000 0.115787
658.000000 0.115276
659.000000 0.114869
660.000000 0.114589
661.000000 0.114433
662.000000 0.114388
663.000000 0.114386
664.000000 0.114309
665.000000 0.114226
666.000000 0.114301
667.000000 0.114560
668.000000 0.114969
669.000000 0.115376
670.000000 0.115797
671.000000 0.116366
672.000000 0.117103
673.000000 0.117993
674.000000 0.118945
675.000000 0.120041
676.000000 0.121188
677.000000 0.122289
678.000000 0.123596
679.000000 0.125089
680.000000 0.126727
681.000000 0.128581
682.000000 0.130569
683.000000 0.132711
684.000000 0.134844
685.000000 0.136912
686.000000 0.139172
687.000000 0.141632
688.000000 0.144300
689.000000 0.147059
690.000000 0.149630
691.000000 0.152189
692.000000 0.155057
693.000000 0.158168
694.000000 0.161393
695.000000 0.164717
696.000000 0.167805
697.000000 0.170738
698.000000 0.173908
699.000000 0.177232
700.000000 0.180753
701.000000 0.184302
702.000000 0.187402
703.000000 0.190336
704.000000 0.193511
705.000000 0.196780
706.000000 0.200075
707.000000 0.203364
708.000000 0.206663
709.000000 0.209615
710.000000 0.212043
711.000000 0.214397
712.000000 0.216893
713.000000 0.219330
714.000000 0.221559
715.000000 0.223698
716.000000 0.225691
717.000000 0.227466
718.000000 0.229022
719.000000 0.230322
720.000000 0.231589
721.000000 0.232888
722.000000 0.233858
723.000000 0.234531
724.000000 0.235170
725.000000 0.235863
726.000000 0.236646
727.000000 0.237393
728.000000 0.238235
729.000000 0.239085
730.000000 0.239764
731.000000 0.240408
732.000000 0.241088
733.000000 0.241969
734.000000 0.243049
735.000000 0.244014
736.000000 0.245042
737.000000 0.246486
738.000000 0.248333
739.000000 0.250514
740.000000 0.252959
741.000000 0.255413
742.000000 0.257737
743.000000 0.260359
744.000000 0.263506
745.000000 0.267077
746.000000 0.271052
747.000000 0.275371
748.000000 0.279991
749.000000 0.284866
750.000000 0.290002
751.000000 0.295510
752.000000 0.301104
753.000000 0.306905
754.000000 0.313277
755.000000 0.319840
756.000000 0.326391
757.000000 0.333376
758.000000 0.340953
759.000000 0.349026
760.000000 0.357489
761.000000 0.366213
762.000000 0.374911
763.000000 0.383462
764.000000 0.392362
765.000000 0.401919
766.000000 0.411968
767.000000 0.421745
768.000000 0.431149
769.000000 0.441044
770.000000 0.451512
771.000000 0.461993
772.000000 0.472501
773.000000 0.483172
774.000000 0.493219
775.000000 0.502351
776.000000 0.511936
777.000000 0.521710
778.000000 0.530589
779.000000 0.538807
780.000000 0.546596
781.000000 0.553770
782.000000 0.559525
783.000000 0.563795
784.000000 0.567047
785.000000 0.569455
786.000000 0.570618
787.000000 0.569826
788.000000 0.567182
789.000000 0.562948
790.000000 0.557417
791.000000 0.550814
792.000000 0.542834
793.000000 0.533460
794.000000 0.522609
795.000000 0.509834
796.000000 0.495547
797.000000 0.479749
798.000000 0.463130
799.000000 0.446392
800.000000 0.428618
801.000000 0.410041
802.000000 0.391427
803.000000 0.372722
804.000000 0.353077
805.000000 0.333279
806.000000 0.314428
807.000000 0.295681
808.000000 0.276958
809.000000 0.258842
810.000000 0.240721
811.000000 0.223044
812.000000 0.206763
813.000000 0.191577
814.000000 0.177266
815.000000 0.163651
816.000000 0.150171
817.000000 0.137282
818.000000 0.125791
819.000000 0.115250
820.000000 0.105327
821.000000 0.095871
822.000000 0.087152
823.000000 0.079508
824.000000 0.072686
825.000000 0.066225
826.000000 0.060240
827.000000 0.055001
828.000000 0.050326
829.000000 0.046074
830.000000 0.041932
831.000000 0.038100
832.000000 0.034874
833.000000 0.032064
834.000000 0.029454
835.000000 0.027065
836.000000 0.024970
837.000000 0.023071
838.000000 0.021364
839.000000 0.019862
840.000000 0.018532
841.000000 0.017285
842.000000 0.016119
843.000000 0.015142
844.000000 0.014347
845.000000 0.013575
846.000000 0.012813
847.000000 0.012171
848.000000 0.011586
849.000000 0.011060
850.000000 0.010612
851.000000 0.010183
852.000000 0.009762
853.000000 0.009385
854.000000 0.009056
855.000000 0.008768
856.000000 0.008502
857.000000 0.008248
858.000000 0.008040
859.000000 0.007879
860.000000 0.007718
861.000000 0.007517
862.000000 0.007361
863.000000 0.007253
864.000000 0.007107
865.000000 0.006996
866.000000 0.006908
867.000000 0.006801
868.000000 0.006722
869.000000 0.006641
870.000000 0.006566
871.000000 0.006489
872.000000 0.006452
873.000000 0.006450
874.000000 0.006412
875.000000 0.006380
876.000000 0.006361
877.000000 0.006345
878.000000 0.006332
879.000000 0.006331
880.000000 0.006329
881.000000 0.006301
882.000000 0.006325
883.000000 0.006381
884.000000 0.006407
885.000000 0.006420
886.000000 0.006441
887.000000 0.006454
888.000000 0.006462
889.000000 0.006496
890.000000 0.006535
891.000000 0.006584
892.000000 0.006629
893.000000 0.006662
894.000000 0.006731
895.000000 0.006810
896.000000 0.006888
897.000000 0.006949
898.000000 0.007019
899.000000 0.007113
900.000000 0.007170
901.000000 0.007237
902.000000 0.007324
903.000000 0.007405
904.000000 0.007521
905.000000 0.007658
906.000000 0.007763
907.000000 0.007841
908.000000 0.007928
909.000000 0.008000
910.000000 0.008050
911.000000 0.008106
912.000000 0.008166
913.000000 0.008227
914.000000 0.008295
915.000000 0.008370
916.000000 0.008425
917.000000 0.008483
918.000000 0.008554
919.000000 0.008619
920.000000 0.008702
921.000000 0.008795
922.000000 0.008851
923.000000 0.008883
924.000000 0.008959
925.000000 0.009028
926.000000 0.009029
927.000000 0.009044
928.000000 0.009095
929.000000 0.009187
930.000000 0.009279
931.000000 0.009342
932.000000 0.009414
933.000000 0.009480
934.000000 0.009556
935.000000 0.009628
936.000000 0.009663
937.000000 0.009688
938.000000 0.009698
939.000000 0.009708
940.000000 0.009745
941.000000 0.009765
942.000000 0.009770
943.000000 0.009772
944.000000 0.009780
945.000000 0.009782
946.000000 0.009796
947.000000 0.009849
948.000000 0.009896
949.000000 0.009910
950.000000 0.009881
951.000000 0.009869
952.000000 0.009893
953.000000 0.009858
954.000000 0.009810
955.000000 0.009817
956.000000 0.009828
957.000000 0.009820
958.000000 0.009804
959.000000 0.009792
960.000000 0.009792
961.000000 0.009772
962.000000 0.009749
963.000000 0.009720
964.000000 0.009671
965.000000 0.009643
966.000000 0.009635
967.000000 0.009593
968.000000 0.009552
969.000000 0.009575
970.000000 0.009595
971.000000 0.009594
972.000000 0.009595
973.000000 0.009581
974.000000 0.009565
975.000000 0.009554
976.000000 0.009546
977.000000 0.009580
978.000000 0.009632
979.000000 0.009650
980.000000 0.009636
981.000000 0.009656
982.000000 0.009668
983.000000 0.009666
984.000000 0.009707
985.000000 0.009730
986.000000 0.009772
987.000000 0.009852
988.000000 0.009923
989.000000 0.009970
990.000000 0.010050
991.000000 0.010182
992.000000 0.010258
993.000000 0.010278
994.000000 0.010321
995.000000 0.010362
