315.000000 0.089668
316.000000 0.090766
317.000000 0.092549
318.000000 0.094936
319.000000 0.097831
320.000000 0.100297
321.000000 0.102370
322.000000 0.103947
323.000000 0.105948
324.000000 0.108881
325.000000 0.111143
326.000000 0.113214
327.000000 0.115522
328.000000 0.117889
329.000000 0.120597
330.000000 0.123236
331.000000 0.126067
332.000000 0.128855
333.000000 0.131411
334.000000 0.133995
335.000000 0.136690
336.000000 0.139609
337.000000 0.142398
338.000000 0.145148
339.000000 0.148191
340.000000 0.151490
341.000000 0.155320
342.000000 0.159567
343.000000 0.162953
344.000000 0.166027
345.000000 0.169465
346.000000 0.172681
347.000000 0.175781
348.000000 0.178945
349.000000 0.181716
350.000000 0.183830
351.000000 0.185562
352.000000 0.187280
353.000000 0.188612
354.000000 0.189571
355.000000 0.190524
356.000000 0.191243
357.000000 0.191464
358.000000 0.191374
359.000000 0.191145
360.000000 0.190487
361.000000 0.189456
362.000000 0.188292
363.000000 0.187193
364.000000 0.186273
365.000000 0.185480
366.000000 0.184883
367.000000 0.184456
368.000000 0.184236
369.000000 0.184318
370.000000 0.185152
371.000000 0.186042
372.000000 0.186714
373.000000 0.187597
374.000000 0.188720
375.000000 0.190206
376.000000 0.191815
377.000000 0.192931
378.000000 0.193882
379.000000 0.195172
380.000000 0.196509
381.000000 0.198038
382.000000 0.199613
383.000000 0.201002
384.000000 0.201938
385.000000 0.202889
386.000000 0.204224
387.000000 0.205405
388.000000 0.206300
389.000000 0.207488
390.000000 0.209044
391.000000 0.210943
392.000000 0.213381
393.000000 0.215661
394.000000 0.217597
395.000000 0.219758
396.000000 0.221946
397.000000 0.223675
398.000000 0.224945
399.000000 0.225761
400.000000 0.225729
401.000000 0.224623
402.000000 0.222432
403.000000 0.219498
404.000000 0.216061
405.000000 0.211724
406.000000 0.206824
407.000000 0.201911
408.000000 0.196613
409.000000 0.191200
410.000000 0.186208
411.000000 0.181260
412.000000 0.176728
413.000000 0.172617
414.000000 0.168569
415.000000 0.164655
416.000000 0.160924
417.000000 0.157735
418.000000 0.154902
419.000000 0.152275
420.000000 0.149611
421.000000 0.146994
422.000000 0.144509
423.000000 0.141911
424.000000 0.139316
425.000000 0.136946
426.000000 0.134715
427.000000 0.132541
428.000000 0.130465
429.000000 0.128387
430.000000 0.126473
431.000000 0.124737
432.000000 0.122995
433.000000 0.121577
434.000000 0.120575
435.000000 0.119679
436.000000 0.119004
437.000000 0.118742
438.000000 0.118720
439.000000 0.118819
440.000000 0.119123
441.000000 0.119583
442.000000 0.120192
443.000000 0.121092
444.000000 0.122044
445.000000 0.122893
446.000000 0.123825
447.000000 0.124693
448.000000 0.125336
449.000000 0.125818
450.000000 0.126149
451.000000 0.126292
452.000000 0.126322
453.000000 0.126262
454.000000 0.126236
455.000000 0.126422
456.000000 0.126647
457.000000 0.127031
458.000000 0.127732
459.000000 0.128834
460.000000 0.130417
461.000000 0.132436
462.000000 0.135218
463.000000 0.138856
464.000000 0.143449
465.000000 0.148879
466.000000 0.154695
467.000000 0.161373
468.000000 0.168985
469.000000 0.177390
470.000000 0.186282
471.000000 0.195058
472.000000 0.204145
473.000000 0.213103
474.000000 0.221485
475.000000 0.229232
476.000000 0.235832
477.000000 0.241332
478.000000 0.245555
479.000000 0.248400
480.000000 0.249959
481.000000 0.250239
482.000000 0.249513
483.000000 0.247822
484.000000 0.245126
485.000000 0.241668
486.000000 0.237608
487.000000 0.233197
488.000000 0.228535
489.000000 0.223945
490.000000 0.219923
491.000000 0.215700
492.000000 0.211380
493.000000 0.207529
494.000000 0.203755
495.000000 0.200047
496.000000 0.196997
497.000000 0.194502
498.000000 0.191999
499.000000 0.190127
500.000000 0.188850
501.000000 0.187835
502.000000 0.187775
503.000000 0.188518
504.000000 0.189727
505.000000 0.191889
506.000000 0.194808
507.000000 0.198165
508.000000 0.202103
509.000000 0.206799
510.000000 0.212297
511.000000 0.218255
512.000000 0.224582
513.000000 0.231575
514.000000 0.239105
515.000000 0.246988
516.000000 0.254996
517.000000 0.263217
518.000000 0.271332
519.000000 0.279492
520.000000 0.287754
521.000000 0.295350
522.000000 0.302364
523.000000 0.309023
524.000000 0.314981
525.000000 0.320010
526.000000 0.324328
527.000000 0.327976
528.000000 0.331508
529.000000 0.334344
530.000000 0.335996
531.000000 0.337171
532.000000 0.338004
533.000000 0.338363
534.000000 0.338586
535.000000 0.338951
536.000000 0.339252
537.000000 0.339587
538.000000 0.340351
539.000000 0.341807
540.000000 0.343523
541.000000 0.345603
542.000000 0.348376
543.000000 0.351767
544.000000 0.356069
545.000000 0.361442
546.000000 0.367838
547.000000 0.375474
548.000000 0.384293
549.000000 0.394112
550.000000 0.404958
551.000000 0.417038
552.000000 0.430110
553.000000 0.443973
554.000000 0.458561
555.000000 0.473908
556.000000 0.489674
557.000000 0.506055
558.000000 0.523856
559.000000 0.541472
560.000000 0.558772
561.000000 0.575410
562.000000 0.591193
563.000000 0.605823
564.000000 0.618709
565.000000 0.629958
566.000000 0.639351
567.000000 0.646750
568.000000 0.651546
569.000000 0.653176
570.000000 0.651891
571.000000 0.648088
572.000000 0.641876
573.000000 0.632994
574.000000 0.621355
575.000000 0.608677
576.000000 0.594805
577.000000 0.579737
578.000000 0.563861
579.000000 0.547464
580.000000 0.531002
581.000000 0.514429
582.000000 0.498854
583.000000 0.484283
584.000000 0.471071
585.000000 0.458986
586.000000 0.447339
587.000000 0.437017
588.000000 0.428220
589.000000 0.420695
590.000000 0.414103
591.000000 0.408243
592.000000 0.403474
593.000000 0.399718
594.000000 0.396877
595.000000 0.394703
596.000000 0.392729
597.000000 0.390970
598.000000 0.389687
599.000000 0.388920
600.000000 0.388535
601.000000 0.388371
602.000000 0.388264
603.000000 0.388207
604.000000 0.388254
605.000000 0.388122
606.000000 0.387583
607.000000 0.386560
608.000000 0.385009
609.000000 0.382781
610.000000 0.379659
611.000000 0.375809
612.000000 0.370986
613.000000 0.365113
614.000000 0.358127
615.000000 0.349757
616.000000 0.340842
617.000000 0.331115
618.000000 0.319987
619.000000 0.308362
620.000000 0.296046
621.000000 0.282681
622.000000 0.269407
623.000000 0.256188
624.000000 0.242411
625.000000 0.228908
626.000000 0.215630
627.000000 0.202102
628.000000 0.189271
629.000000 0.177069
630.000000 0.165021
631.000000 0.153464
632.000000 0.142967
633.000000 0.133311
634.000000 0.124002
635.000000 0.115668
636.000000 0.108162
637.000000 0.101016
638.000000 0.094625
639.000000 0.089002
640.000000 0.083767
641.000000 0.078929
642.000000 0.074748
643.000000 0.071047
644.000000 0.067573
645.000000 0.064518
646.000000 0.061746
647.000000 0.059109
648.000000 0.056665
649.000000 0.054505
650.000000 0.052576
651.000000 0.050689
652.000000 0.048894
653.000000 0.047267
654.000000 0.045709
655.000000 0.044165
656.000000 0.042636
657.000000 0.041143
658.000000 0.039664
659.000000 0.038154
660.000000 0.036705
661.000000 0.035413
662.000000 0.034170
663.000000 0.032863
664.000000 0.031519
665.000000 0.030258
666.000000 0.029093
667.000000 0.027943
668.000000 0.026827
669.000000 0.025817
670.000000 0.024899
671.000000 0.023953
672.000000 0.023075
673.000000 0.022292
674.000000 0.021527
675.000000 0.020847
676.000000 0.020240
677.000000 0.019627
678.000000 0.019040
679.000000 0.018506
680.000000 0.018043
681.000000 0.017669
682.000000 0.017327
683.000000 0.017067
684.000000 0.016888
685.000000 0.016661
686.000000 0.016395
687.000000 0.016180
688.000000 0.016071
689.000000 0.016033
690.000000 0.016031
691.000000 0.016012
692.000000 0.015995
693.000000 0.016039
694.000000 0.016129
695.000000 0.016271
696.000000 0.016395
697.000000 0.016513
698.000000 0.016643
699.000000 0.016729
700.000000 0.016826
701.000000 0.016959
702.000000 0.017115
703.000000 0.017324
704.000000 0.017539
705.000000 0.017652
706.000000 0.017799
707.000000 0.018010
708.000000 0.018169
709.000000 0.018334
710.000000 0.018516
711.000000 0.018658
712.000000 0.018761
713.000000 0.018838
714.000000 0.018898
715.000000 0.019011
716.000000 0.019136
717.000000 0.019273
718.000000 0.019382
719.000000 0.019440
720.000000 0.019471
721.000000 0.019496
722.000000 0.019556
723.000000 0.019632
724.000000 0.019646
725.000000 0.019573
726.000000 0.019533
727.000000 0.019535
728.000000 0.019580
729.000000 0.019641
730.000000 0.019678
731.000000 0.019721
732.000000 0.019795
733.000000 0.019848
734.000000 0.019884
735.000000 0.019980
736.000000 0.020048
737.000000 0.020066
738.000000 0.020115
739.000000 0.020229
740.000000 0.020318
741.000000 0.020378
742.000000 0.020499
743.000000 0.020684
744.000000 0.020865
745.000000 0.021025
746.000000 0.021214
747.000000 0.021388
748.000000 0.021564
749.000000 0.021783
750.000000 0.022028
751.000000 0.022328
752.000000 0.022623
753.000000 0.022950
754.000000 0.023363
755.000000 0.023807
756.000000 0.024233
757.000000 0.024591
758.000000 0.024952
759.000000 0.025389
760.000000 0.025883
761.000000 0.026385
762.000000 0.026863
763.000000 0.027312
764.000000 0.027822
765.000000 0.028451
766.000000 0.029103
767.000000 0.029772
768.000000 0.030452
769.000000 0.031054
770.000000 0.031595
771.000000 0.032168
772.000000 0.032769
773.000000 0.033373
774.000000 0.034013
775.000000 0.034660
776.000000 0.035284
777.000000 0.035887
778.000000 0.036394
779.000000 0.036868
780.000000 0.037335
781.000000 0.037766
782.000000 0.038160
783.000000 0.038400
784.000000 0.038534
785.000000 0.038640
786.000000 0.038655
787.000000 0.038633
788.000000 0.038608
789.000000 0.038470
790.000000 0.038180
791.000000 0.037772
792.000000 0.037340
793.000000 0.036851
794.000000 0.036268
795.000000 0.035602
796.000000 0.034797
797.000000 0.033849
798.000000 0.032894
799.000000 0.031952
800.000000 0.030957
801.000000 0.030004
802.000000 0.028999
803.000000 0.027862
804.000000 0.026660
805.000000 0.025511
806.000000 0.024432
807.000000 0.023338
808.000000 0.022300
809.000000 0.021326
810.000000 0.020317
811.000000 0.019298
812.000000 0.018402
813.000000 0.017584
814.000000 0.016726
815.000000 0.015908
816.000000 0.015074
817.000000 0.014216
818.000000 0.013505
819.000000 0.012922
820.000000 0.012378
821.000000 0.011808
822.000000 0.011262
823.000000 0.010792
824.000000 0.010387
825.000000 0.009954
826.000000 0.009478
827.000000 0.009120
828.000000 0.008856
829.000000 0.008553
830.000000 0.008224
831.000000 0.007942
832.000000 0.007711
833.000000 0.007487
834.000000 0.007317
835.000000 0.007206
836.000000 0.007031
837.000000 0.006827
838.000000 0.006641
839.000000 0.006496
840.000000 0.006402
841.000000 0.006271
842.000000 0.006118
843.000000 0.005992
844.000000 0.005898
845.000000 0.005808
846.000000 0.005703
847.000000 0.005641
848.000000 0.005542
849.000000 0.005491
850.000000 0.005500
851.000000 0.005428
852.000000 0.005360
853.000000 0.005328
854.000000 0.005288
855.000000 0.005277
856.000000 0.005251
857.000000 0.005174
858.000000 0.005116
859.000000 0.005100
860.000000 0.005089
861.000000 0.005026
862.000000 0.004981
863.000000 0.004987
864.000000 0.005003
865.000000 0.005016
866.000000 0.005012
867.000000 0.004959
868.000000 0.004888
869.000000 0.004856
870.000000 0.004881
871.000000 0.004877
872.000000 0.004871
873.000000 0.004922
874.000000 0.004958
875.000000 0.004963
876.000000 0.004962
877.000000 0.004976
878.000000 0.005014
879.000000 0.005062
880.000000 0.005076
881.000000 0.005054
882.000000 0.005073
883.000000 0.005131
884.000000 0.005171
885.000000 0.005182
886.000000 0.005200
887.000000 0.005207
888.000000 0.005221
889.000000 0.005279
890.000000 0.005323
891.000000 0.005346
892.000000 0.005375
893.000000 0.005393
894.000000 0.005432
895.000000 0.005491
896.000000 0.005553
897.000000 0.005630
898.000000 0.005708
899.000000 0.005779
900.000000 0.005843
901.000000 0.005922
902.000000 0.005978
903.000000 0.006039
904.000000 0.006164
905.000000 0.006312
906.000000 0.006420
907.000000 0.006471
908.000000 0.006530
909.000000 0.006583
910.000000 0.006601
911.000000 0.006642
912.000000 0.006686
913.000000 0.006731
914.000000 0.006794
915.000000 0.006848
916.000000 0.006901
917.000000 0.006964
918.000000 0.007041
919.000000 0.007132
920.000000 0.007193
921.000000 0.007217
922.000000 0.007242
923.000000 0.007242
924.000000 0.007266
925.000000 0.007361
926.000000 0.007442
927.000000 0.007479
928.000000 0.007479
929.000000 0.007464
930.000000 0.007477
931.000000 0.007514
932.000000 0.007571
933.000000 0.007637
934.000000 0.007709
935.000000 0.007777
936.000000 0.007783
937.000000 0.007761
938.000000 0.007780
939.000000 0.007791
940.000000 0.007771
941.000000 0.007782
942.000000 0.007825
943.000000 0.007810
944.000000 0.007781
945.000000 0.007786
946.000000 0.007813
947.000000 0.007860
948.000000 0.007890
949.000000 0.007880
950.000000 0.007835
951.000000 0.007798
952.000000 0.007766
953.000000 0.007735
954.000000 0.007722
955.000000 0.007736
956.000000 0.007766
957.000000 0.007761
958.000000 0.007725
959.000000 0.007710
960.000000 0.007712
961.000000 0.007685
962.000000 0.007661
963.000000 0.007639
964.000000 0.007617
965.000000 0.007612
966.000000 0.007588
967.000000 0.007543
968.000000 0.007509
969.000000 0.007517
970.000000 0.007521
971.000000 0.007517
972.000000 0.007508
973.000000 0.007464
974.000000 0.007446
975.000000 0.007458
976.000000 0.007462
977.000000 0.007480
978.000000 0.007516
979.000000 0.007536
980.000000 0.007497
981.000000 0.007493
982.000000 0.007523
983.000000 0.007522
984.000000 0.007535
985.000000 0.007563
986.000000 0.007572
987.000000 0.007586
988.000000 0.007630
989.000000 0.007674
990.000000 0.007705
991.000000 0.007755
992.000000 0.007794
993.000000 0.007798
994.000000 0.007793
995.000000 0.007777
