315.000000 0.061766
316.000000 0.059053
317.000000 0.057120
318.000000 0.055176
319.000000 0.054154
320.000000 0.054199
321.000000 0.053665
322.000000 0.052843
323.000000 0.052205
324.000000 0.052538
325.000000 0.052479
326.000000 0.051564
327.000000 0.050979
328.000000 0.050481
329.000000 0.050155
330.000000 0.049739
331.000000 0.049368
332.000000 0.049172
333.000000 0.049013
334.000000 0.048358
335.000000 0.047726
336.000000 0.047473
337.000000 0.046985
338.000000 0.046529
339.000000 0.046215
340.000000 0.046187
341.000000 0.046559
342.000000 0.047316
343.000000 0.047942
344.000000 0.048674
345.000000 0.049979
346.000000 0.051333
347.000000 0.052549
348.000000 0.053802
349.000000 0.055308
350.000000 0.056685
351.000000 0.057694
352.000000 0.058882
353.000000 0.060180
354.000000 0.061332
355.000000 0.062642
356.000000 0.064286
357.000000 0.065987
358.000000 0.067795
359.000000 0.069893
360.000000 0.072193
361.000000 0.074679
362.000000 0.077316
363.000000 0.080103
364.000000 0.082832
365.000000 0.085250
366.000000 0.087337
367.000000 0.089151
368.000000 0.090547
369.000000 0.091474
370.000000 0.092013
371.000000 0.092097
372.000000 0.091880
373.000000 0.091698
374.000000 0.091308
375.000000 0.091018
376.000000 0.091104
377.000000 0.090931
378.000000 0.090764
379.000000 0.091037
380.000000 0.092099
381.000000 0.094004
382.000000 0.095794
383.000000 0.097207
384.000000 0.098241
385.000000 0.099127
386.000000 0.099732
387.000000 0.099492
388.000000 0.098295
389.000000 0.096289
390.000000 0.093764
391.000000 0.090704
392.000000 0.086927
393.000000 0.082921
394.000000 0.078929
395.000000 0.074635
396.000000 0.070446
397.000000 0.066490
398.000000 0.062785
399.000000 0.059711
400.000000 0.057183
401.000000 0.054929
402.000000 0.052986
403.000000 0.051428
404.000000 0.050440
405.000000 0.049762
406.000000 0.049199
407.000000 0.049053
408.000000 0.049365
409.000000 0.049828
410.000000 0.050165
411.000000 0.050511
412.000000 0.051333
413.000000 0.052445
414.000000 0.053346
415.000000 0.054011
416.000000 0.054622
417.000000 0.055517
418.000000 0.056431
419.000000 0.057147
420.000000 0.057802
421.000000 0.058291
422.000000 0.058741
423.000000 0.059139
424.000000 0.059348
425.000000 0.059345
426.000000 0.059207
427.000000 0.059043
428.000000 0.058824
429.000000 0.058565
430.000000 0.058351
431.000000 0.058166
432.000000 0.057860
433.000000 0.057666
434.000000 0.057707
435.000000 0.057695
436.000000 0.057782
437.000000 0.058135
438.000000 0.058527
439.000000 0.058926
440.000000 0.059430
441.000000 0.059930
442.000000 0.060464
443.000000 0.061041
444.000000 0.061468
445.000000 0.061791
446.000000 0.062121
447.000000 0.062364
448.000000 0.062340
449.000000 0.061981
450.000000 0.061321
451.000000 0.060298
452.000000 0.058922
453.000000 0.057326
454.000000 0.055468
455.000000 0.053421
456.000000 0.051099
457.000000 0.048620
458.000000 0.046179
459.000000 0.043532
460.000000 0.040853
461.000000 0.038309
462.000000 0.035848
463.000000 0.033551
464.000000 0.031344
465.000000 0.029276
466.000000 0.027473
467.000000 0.025796
468.000000 0.024308
469.000000 0.022949
470.000000 0.021710
471.000000 0.020751
472.000000 0.019939
473.000000 0.019223
474.000000 0.018545
475.000000 0.017960
476.000000 0.017536
477.000000 0.017116
478.000000 0.016709
479.000000 0.016361
480.000000 0.015993
481.000000 0.015649
482.000000 0.015411
483.000000 0.015205
484.000000 0.014971
485.000000 0.014726
486.000000 0.014493
487.000000 0.014183
488.000000 0.013836
489.000000 0.013533
490.000000 0.013304
491.000000 0.013097
492.000000 0.012786
493.000000 0.012589
494.000000 0.012491
495.000000 0.012212
496.000000 0.012030
497.000000 0.011985
498.000000 0.011660
499.000000 0.011156
500.000000 0.010651
501.000000 0.010095
502.000000 0.009603
503.000000 0.009273
504.000000 0.009079
505.000000 0.009241
506.000000 0.009373
507.000000 0.009088
508.000000 0.008950
509.000000 0.008751
510.000000 0.008551
511.000000 0.008554
512.000000 0.008712
513.000000 0.008808
514.000000 0.008540
515.000000 0.008352
516.000000 0.008201
517.000000 0.008082
518.000000 0.008461
519.000000 0.009006
520.000000 0.009315
521.000000 0.009509
522.000000 0.009555
523.000000 0.009470
524.000000 0.009521
525.000000 0.009717
526.000000 0.009767
527.000000 0.009964
528.000000 0.010278
529.000000 0.010373
530.000000 0.010356
531.000000 0.010623
532.000000 0.011038
533.000000 0.011104
534.000000 0.011113
535.000000 0.011470
536.000000 0.011945
537.000000 0.012153
538.000000 0.012509
539.000000 0.013127
540.000000 0.013489
541.000000 0.013872
542.000000 0.014196
543.000000 0.014446
544.000000 0.014892
545.000000 0.015109
546.000000 0.015244
547.000000 0.015579
548.000000 0.016317
549.000000 0.017048
550.000000 0.017308
551.000000 0.017553
552.000000 0.018053
553.000000 0.018754
554.000000 0.019243
555.000000 0.019615
556.000000 0.020039
557.000000 0.020678
558.000000 0.021455
559.000000 0.022113
560.000000 0.022843
561.000000 0.023522
562.000000 0.024159
563.000000 0.024872
564.000000 0.025613
565.000000 0.026456
566.000000 0.027353
567.000000 0.028414
568.000000 0.029503
569.000000 0.030236
570.000000 0.030860
571.000000 0.031586
572.000000 0.032524
573.000000 0.033620
574.000000 0.034637
575.000000 0.035562
576.000000 0.036518
577.000000 0.037532
578.000000 0.038668
579.000000 0.039911
580.000000 0.041190
581.000000 0.042472
582.000000 0.043749
583.000000 0.045046
584.000000 0.046209
585.000000 0.047447
586.000000 0.048773
587.000000 0.050038
588.000000 0.051472
589.000000 0.053008
590.000000 0.054425
591.000000 0.055871
592.000000 0.057457
593.000000 0.059092
594.000000 0.060679
595.000000 0.062393
596.000000 0.064282
597.000000 0.065970
598.000000 0.067595
599.000000 0.069410
600.000000 0.071394
601.000000 0.073411
602.000000 0.075296
603.000000 0.077169
604.000000 0.079183
605.000000 0.081251
606.000000 0.083369
607.000000 0.085537
608.000000 0.087658
609.000000 0.089895
610.000000 0.092330
611.000000 0.094722
612.000000 0.097191
613.000000 0.099740
614.000000 0.102299
615.000000 0.105047
616.000000 0.107718
617.000000 0.110362
618.000000 0.113297
619.000000 0.116212
620.000000 0.119072
621.000000 0.122178
622.000000 0.125362
623.000000 0.128561
624.000000 0.131920
625.000000 0.135314
626.000000 0.138747
627.000000 0.142342
628.000000 0.145899
629.000000 0.149525
630.000000 0.153362
631.000000 0.157276
632.000000 0.161113
633.000000 0.165059
634.000000 0.169287
635.000000 0.173432
636.000000 0.177583
637.000000 0.181946
638.000000 0.186203
639.000000 0.190482
640.000000 0.194981
641.000000 0.199576
642.000000 0.203951
643.000000 0.208278
644.000000 0.212981
645.000000 0.217659
646.000000 0.222313
647.000000 0.227129
648.000000 0.232004
649.000000 0.236863
650.000000 0.241790
651.000000 0.246869
652.000000 0.252080
653.000000 0.257161
654.000000 0.262147
655.000000 0.267336
656.000000 0.272661
657.000000 0.277849
658.000000 0.282986
659.000000 0.288328
660.000000 0.293817
661.000000 0.299246
662.000000 0.304749
663.000000 0.310657
664.000000 0.316814
665.000000 0.322899
666.000000 0.328993
667.000000 0.335352
668.000000 0.341934
669.000000 0.348453
670.000000 0.355136
671.000000 0.362243
672.000000 0.369563
673.000000 0.377164
674.000000 0.384597
675.000000 0.392210
676.000000 0.400488
677.000000 0.409096
678.000000 0.418008
679.000000 0.426830
680.000000 0.435725
681.000000 0.445210
682.000000 0.455213
683.000000 0.465663
684.000000 0.476069
685.000000 0.486584
686.000000 0.497724
687.000000 0.509220
688.000000 0.521064
689.000000 0.533206
690.000000 0.545091
691.000000 0.557094
692.000000 0.569803
693.000000 0.582900
694.000000 0.596277
695.000000 0.609891
696.000000 0.623115
697.000000 0.636312
698.000000 0.650142
699.000000 0.664191
700.000000 0.678366
701.000000 0.692486
702.000000 0.705996
703.000000 0.719281
704.000000 0.732895
705.000000 0.746465
706.000000 0.759816
707.000000 0.772874
708.000000 0.785637
709.000000 0.798069
710.000000 0.809712
711.000000 0.820741
712.000000 0.831573
713.000000 0.841971
714.000000 0.851754
715.000000 0.860838
716.000000 0.869403
717.000000 0.877521
718.000000 0.885000
719.000000 0.891627
720.000000 0.897662
721.000000 0.903313
722.000000 0.908479
723.000000 0.913253
724.000000 0.917640
725.000000 0.921706
726.000000 0.925556
727.000000 0.929220
728.000000 0.932794
729.000000 0.936445
730.000000 0.940313
731.000000 0.944186
732.000000 0.948269
733.000000 0.952929
734.000000 0.958148
735.000000 0.963974
736.000000 0.970444
737.000000 0.977651
738.000000 0.985732
739.000000 0.994851
740.000000 1.004919
741.000000 1.015919
742.000000 1.028076
743.000000 1.041360
744.000000 1.055770
745.000000 1.071458
746.000000 1.088389
747.000000 1.106630
748.000000 1.126031
749.000000 1.146625
750.000000 1.168504
751.000000 1.191685
752.000000 1.216253
753.000000 1.242303
754.000000 1.269804
755.000000 1.298555
756.000000 1.328358
757.000000 1.359251
758.000000 1.391250
759.000000 1.424517
760.000000 1.459383
761.000000 1.495530
762.000000 1.532686
763.000000 1.571079
764.000000 1.611010
765.000000 1.652337
766.000000 1.694914
767.000000 1.738471
768.000000 1.782550
769.000000 1.826859
770.000000 1.871461
771.000000 1.915958
772.000000 1.960550
773.000000 2.005044
774.000000 2.049248
775.000000 2.092192
776.000000 2.135903
777.000000 2.181200
778.000000 2.223913
779.000000 2.261394
780.000000 2.293849
781.000000 2.323214
782.000000 2.348524
783.000000 2.371982
784.000000 2.393197
785.000000 2.407210
786.000000 2.414484
787.000000 2.416608
788.000000 2.410287
789.000000 2.396190
790.000000 2.377851
791.000000 2.353531
792.000000 2.321759
793.000000 2.282080
794.000000 2.235961
795.000000 2.184531
796.000000 2.126724
797.000000 2.059899
798.000000 1.987747
799.000000 1.913673
800.000000 1.837127
801.000000 1.758123
802.000000 1.676786
803.000000 1.594273
804.000000 1.507728
805.000000 1.421017
806.000000 1.338564
807.000000 1.258083
808.000000 1.178967
809.000000 1.101801
810.000000 1.023393
811.000000 0.947152
812.000000 0.876908
813.000000 0.810771
814.000000 0.748318
815.000000 0.689249
816.000000 0.631096
817.000000 0.575805
818.000000 0.525951
819.000000 0.480397
820.000000 0.438275
821.000000 0.397875
822.000000 0.360247
823.000000 0.326786
824.000000 0.296645
825.000000 0.268213
826.000000 0.242036
827.000000 0.218910
828.000000 0.198049
829.000000 0.179196
830.000000 0.161106
831.000000 0.144392
832.000000 0.130080
833.000000 0.117454
834.000000 0.105791
835.000000 0.095204
836.000000 0.085928
837.000000 0.077445
838.000000 0.069790
839.000000 0.063156
840.000000 0.057300
841.000000 0.051920
842.000000 0.047057
843.000000 0.042793
844.000000 0.039010
845.000000 0.035506
846.000000 0.032292
847.000000 0.029520
848.000000 0.027036
849.000000 0.024838
850.000000 0.022889
851.000000 0.021043
852.000000 0.019353
853.000000 0.017873
854.000000 0.016520
855.000000 0.015303
856.000000 0.014236
857.000000 0.013232
858.000000 0.012325
859.000000 0.011553
860.000000 0.010797
861.000000 0.010070
862.000000 0.009439
863.000000 0.008900
864.000000 0.008569
865.000000 0.008223
866.000000 0.007675
867.000000 0.007171
868.000000 0.006785
869.000000 0.006438
870.000000 0.006161
871.000000 0.005886
872.000000 0.005593
873.000000 0.005371
874.000000 0.005194
875.000000 0.005024
876.000000 0.004836
877.000000 0.004650
878.000000 0.004496
879.000000 0.004329
880.000000 0.004131
881.000000 0.003956
882.000000 0.003818
883.000000 0.003698
884.000000 0.003572
885.000000 0.003438
886.000000 0.003350
887.000000 0.003260
888.000000 0.003140
889.000000 0.003060
890.000000 0.003004
891.000000 0.002947
892.000000 0.002880
893.000000 0.002836
894.000000 0.002881
895.000000 0.002924
896.000000 0.002815
897.000000 0.002677
898.000000 0.002632
899.000000 0.002591
900.000000 0.002528
901.000000 0.002503
902.000000 0.002496
903.000000 0.002483
904.000000 0.002495
905.000000 0.002492
906.000000 0.002452
907.000000 0.002421
908.000000 0.002405
909.000000 0.002383
910.000000 0.002353
911.000000 0.002309
912.000000 0.002253
913.000000 0.002216
914.000000 0.002197
915.000000 0.002164
916.000000 0.002109
917.000000 0.002066
918.000000 0.002056
919.000000 0.002036
920.000000 0.002017
921.000000 0.002006
922.000000 0.001992
923.000000 0.001969
924.000000 0.001945
925.000000 0.001905
926.000000 0.001830
927.000000 0.001786
928.000000 0.001776
929.000000 0.001793
930.000000 0.001806
931.000000 0.001777
932.000000 0.001777
933.000000 0.001766
934.000000 0.001753
935.000000 0.001778
936.000000 0.001772
937.000000 0.001744
938.000000 0.001738
939.000000 0.001731
940.000000 0.001722
941.000000 0.001713
942.000000 0.001699
943.000000 0.001667
944.000000 0.001651
945.000000 0.001657
946.000000 0.001664
947.000000 0.001689
948.000000 0.001677
949.000000 0.001655
950.000000 0.001608
951.000000 0.001535
952.000000 0.001493
953.000000 0.001479
954.000000 0.001495
955.000000 0.001533
956.000000 0.001565
957.000000 0.001547
958.000000 0.001527
959.000000 0.001538
960.000000 0.001530
961.000000 0.001498
962.000000 0.001466
963.000000 0.001433
964.000000 0.001413
965.000000 0.001427
966.000000 0.001425
967.000000 0.001378
968.000000 0.001347
969.000000 0.001354
970.000000 0.001359
971.000000 0.001363
972.000000 0.001350
973.000000 0.001329
974.000000 0.001326
975.000000 0.001307
976.000000 0.001268
977.000000 0.001268
978.000000 0.001292
979.000000 0.001308
980.000000 0.001301
981.000000 0.001270
982.000000 0.001259
983.000000 0.001253
984.000000 0.001243
985.000000 0.001242
986.000000 0.001226
987.000000 0.001207
988.000000 0.001220
989.000000 0.001246
990.000000 0.001270
991.000000 0.001285
992.000000 0.001249
993.000000 0.001209
994.000000 0.001164
995.000000 0.001104
