315.000000 0.060741
316.000000 0.058755
317.000000 0.057492
318.000000 0.056809
319.000000 0.056890
320.000000 0.057298
321.000000 0.056888
322.000000 0.056461
323.000000 0.056275
324.000000 0.056607
325.000000 0.056456
326.000000 0.056117
327.000000 0.056699
328.000000 0.057228
329.000000 0.057802
330.000000 0.058330
331.000000 0.058578
332.000000 0.058562
333.000000 0.058298
334.000000 0.057906
335.000000 0.057698
336.000000 0.058010
337.000000 0.058520
338.000000 0.058783
339.000000 0.059047
340.000000 0.059807
341.000000 0.061010
342.000000 0.062644
343.000000 0.064157
344.000000 0.065518
345.000000 0.066997
346.000000 0.068281
347.000000 0.069906
348.000000 0.071844
349.000000 0.073429
350.000000 0.074696
351.000000 0.075922
352.000000 0.077353
353.000000 0.078492
354.000000 0.079384
355.000000 0.080405
356.000000 0.081495
357.000000 0.082407
358.000000 0.083220
359.000000 0.084280
360.000000 0.085356
361.000000 0.086558
362.000000 0.087723
363.000000 0.088891
364.000000 0.090204
365.000000 0.091438
366.000000 0.092563
367.000000 0.093539
368.000000 0.094230
369.000000 0.094577
370.000000 0.094562
371.000000 0.094568
372.000000 0.094677
373.000000 0.094542
374.000000 0.094203
375.000000 0.094046
376.000000 0.094286
377.000000 0.094362
378.000000 0.094192
379.000000 0.094493
380.000000 0.095593
381.000000 0.097129
382.000000 0.098486
383.000000 0.099719
384.000000 0.100767
385.000000 0.101800
386.000000 0.102736
387.000000 0.102941
388.000000 0.102286
389.000000 0.100956
390.000000 0.099476
391.000000 0.097743
392.000000 0.095491
393.000000 0.093041
394.000000 0.090838
395.000000 0.088772
396.000000 0.086901
397.000000 0.084959
398.000000 0.082823
399.000000 0.080984
400.000000 0.079428
401.000000 0.077806
402.000000 0.075935
403.000000 0.073894
404.000000 0.072053
405.000000 0.070401
406.000000 0.068680
407.000000 0.067094
408.000000 0.065807
409.000000 0.064711
410.000000 0.063807
411.000000 0.062931
412.000000 0.062252
413.000000 0.061926
414.000000 0.061663
415.000000 0.061607
416.000000 0.061589
417.000000 0.061620
418.000000 0.061816
419.000000 0.062095
420.000000 0.062380
421.000000 0.062553
422.000000 0.062692
423.000000 0.062754
424.000000 0.062780
425.000000 0.062746
426.000000 0.062695
427.000000 0.062703
428.000000 0.062604
429.000000 0.062595
430.000000 0.062720
431.000000 0.062837
432.000000 0.062909
433.000000 0.063261
434.000000 0.063895
435.000000 0.064513
436.000000 0.065284
437.000000 0.066400
438.000000 0.067539
439.000000 0.068686
440.000000 0.070115
441.000000 0.071585
442.000000 0.073104
443.000000 0.074802
444.000000 0.076491
445.000000 0.078001
446.000000 0.079437
447.000000 0.080760
448.000000 0.081766
449.000000 0.082428
450.000000 0.082838
451.000000 0.082914
452.000000 0.082644
453.000000 0.082083
454.000000 0.081351
455.000000 0.080593
456.000000 0.079609
457.000000 0.078524
458.000000 0.077628
459.000000 0.076928
460.000000 0.076444
461.000000 0.076213
462.000000 0.076381
463.000000 0.076989
464.000000 0.078082
465.000000 0.079648
466.000000 0.081555
467.000000 0.083955
468.000000 0.086832
469.000000 0.090153
470.000000 0.093923
471.000000 0.097876
472.000000 0.101980
473.000000 0.106076
474.000000 0.110054
475.000000 0.113852
476.000000 0.117083
477.000000 0.119678
478.000000 0.121749
479.000000 0.123331
480.000000 0.124333
481.000000 0.124574
482.000000 0.124238
483.000000 0.123645
484.000000 0.122801
485.000000 0.121407
486.000000 0.119594
487.000000 0.117712
488.000000 0.115627
489.000000 0.113592
490.000000 0.111928
491.000000 0.110109
492.000000 0.108123
493.000000 0.106332
494.000000 0.104537
495.000000 0.102593
496.000000 0.101188
497.000000 0.100274
498.000000 0.099235
499.000000 0.098169
500.000000 0.097052
501.000000 0.096234
502.000000 0.096170
503.000000 0.096580
504.000000 0.097313
505.000000 0.098422
506.000000 0.099958
507.000000 0.102093
508.000000 0.104431
509.000000 0.106796
510.000000 0.109528
511.000000 0.112775
512.000000 0.116359
513.000000 0.120198
514.000000 0.124094
515.000000 0.128141
516.000000 0.132485
517.000000 0.136914
518.000000 0.141575
519.000000 0.146425
520.000000 0.151011
521.000000 0.155094
522.000000 0.158988
523.000000 0.162783
524.000000 0.166158
525.000000 0.169049
526.000000 0.171782
527.000000 0.174518
528.000000 0.176976
529.000000 0.178532
530.000000 0.179521
531.000000 0.180602
532.000000 0.181401
533.000000 0.182092
534.000000 0.182984
535.000000 0.184014
536.000000 0.184812
537.000000 0.185375
538.000000 0.186570
539.000000 0.188087
540.000000 0.189276
541.000000 0.190715
542.000000 0.192795
543.000000 0.195533
544.000000 0.198327
545.000000 0.201156
546.000000 0.204777
547.000000 0.209588
548.000000 0.215253
549.000000 0.221194
550.000000 0.227598
551.000000 0.234939
552.000000 0.242855
553.000000 0.251102
554.000000 0.259901
555.000000 0.269277
556.000000 0.278451
557.000000 0.287631
558.000000 0.297901
559.000000 0.308201
560.000000 0.318340
561.000000 0.328436
562.000000 0.338470
563.000000 0.347365
564.000000 0.355160
565.000000 0.362793
566.000000 0.369391
567.000000 0.374431
568.000000 0.377891
569.000000 0.379922
570.000000 0.380476
571.000000 0.379541
572.000000 0.377590
573.000000 0.374440
574.000000 0.369493
575.000000 0.363576
576.000000 0.356947
577.000000 0.349719
578.000000 0.342192
579.000000 0.334145
580.000000 0.325860
581.000000 0.317635
582.000000 0.310281
583.000000 0.303597
584.000000 0.297178
585.000000 0.291607
586.000000 0.286511
587.000000 0.281708
588.000000 0.277734
589.000000 0.274814
590.000000 0.272392
591.000000 0.270157
592.000000 0.268634
593.000000 0.267833
594.000000 0.267575
595.000000 0.267834
596.000000 0.268302
597.000000 0.268735
598.000000 0.269416
599.000000 0.270388
600.000000 0.271483
601.000000 0.272840
602.000000 0.274317
603.000000 0.275893
604.000000 0.277532
605.000000 0.279057
606.000000 0.280514
607.000000 0.281703
608.000000 0.282479
609.000000 0.282894
610.000000 0.282952
611.000000 0.282624
612.000000 0.281689
613.000000 0.280111
614.000000 0.277979
615.000000 0.275400
616.000000 0.272384
617.000000 0.268407
618.000000 0.263620
619.000000 0.258703
620.000000 0.253387
621.000000 0.247472
622.000000 0.241668
623.000000 0.235945
624.000000 0.229784
625.000000 0.223696
626.000000 0.217809
627.000000 0.211971
628.000000 0.206589
629.000000 0.201514
630.000000 0.196566
631.000000 0.191984
632.000000 0.188020
633.000000 0.184556
634.000000 0.181416
635.000000 0.178847
636.000000 0.176735
637.000000 0.174920
638.000000 0.173515
639.000000 0.172514
640.000000 0.171919
641.000000 0.171745
642.000000 0.171868
643.000000 0.172275
644.000000 0.172976
645.000000 0.173847
646.000000 0.174908
647.000000 0.176213
648.000000 0.177637
649.000000 0.179147
650.000000 0.180813
651.000000 0.182515
652.000000 0.184325
653.000000 0.186240
654.000000 0.188219
655.000000 0.190335
656.000000 0.192426
657.000000 0.194448
658.000000 0.196530
659.000000 0.198648
660.000000 0.200824
661.000000 0.203058
662.000000 0.205369
663.000000 0.207874
664.000000 0.210574
665.000000 0.213322
666.000000 0.216199
667.000000 0.219310
668.000000 0.222435
669.000000 0.225425
670.000000 0.228590
671.000000 0.232014
672.000000 0.235532
673.000000 0.239317
674.000000 0.243134
675.000000 0.247077
676.000000 0.251330
677.000000 0.255777
678.000000 0.260513
679.000000 0.265341
680.000000 0.270365
681.000000 0.275658
682.000000 0.281019
683.000000 0.286756
684.000000 0.292679
685.000000 0.298478
686.000000 0.304573
687.000000 0.311161
688.000000 0.318114
689.000000 0.325166
690.000000 0.331760
691.000000 0.338431
692.000000 0.345642
693.000000 0.352939
694.000000 0.360438
695.000000 0.368203
696.000000 0.375677
697.000000 0.382947
698.000000 0.390569
699.000000 0.398534
700.000000 0.406821
701.000000 0.415169
702.000000 0.422961
703.000000 0.430379
704.000000 0.438037
705.000000 0.445717
706.000000 0.453111
707.000000 0.460300
708.000000 0.467457
709.000000 0.474436
710.000000 0.480807
711.000000 0.486702
712.000000 0.492585
713.000000 0.498492
714.000000 0.504184
715.000000 0.509249
716.000000 0.513703
717.000000 0.517931
718.000000 0.521883
719.000000 0.525245
720.000000 0.528273
721.000000 0.531271
722.000000 0.533962
723.000000 0.535992
724.000000 0.537676
725.000000 0.539560
726.000000 0.541550
727.000000 0.543427
728.000000 0.545131
729.000000 0.546657
730.000000 0.548271
731.000000 0.550222
732.000000 0.552256
733.000000 0.554265
734.000000 0.556761
735.000000 0.559936
736.000000 0.563457
737.000000 0.567121
738.000000 0.571260
739.000000 0.576116
740.000000 0.581288
741.000000 0.586770
742.000000 0.593088
743.000000 0.600408
744.000000 0.608448
745.000000 0.616934
746.000000 0.625930
747.000000 0.635826
748.000000 0.646709
749.000000 0.658321
750.000000 0.670359
751.000000 0.683068
752.000000 0.696525
753.000000 0.710660
754.000000 0.725753
755.000000 0.741774
756.000000 0.758543
757.000000 0.775583
758.000000 0.792945
759.000000 0.811493
760.000000 0.831120
761.000000 0.850957
762.000000 0.871390
763.000000 0.892683
764.000000 0.914651
765.000000 0.937711
766.000000 0.961594
767.000000 0.985500
768.000000 1.009340
769.000000 1.033770
770.000000 1.058900
771.000000 1.083578
772.000000 1.107638
773.000000 1.132108
774.000000 1.156592
775.000000 1.180093
776.000000 1.204259
777.000000 1.228816
778.000000 1.251266
779.000000 1.270954
780.000000 1.288571
781.000000 1.305168
782.000000 1.320047
783.000000 1.332357
784.000000 1.341255
785.000000 1.346770
786.000000 1.349898
787.000000 1.349693
788.000000 1.345423
789.000000 1.337841
790.000000 1.326630
791.000000 1.310839
792.000000 1.290530
793.000000 1.267284
794.000000 1.240850
795.000000 1.210210
796.000000 1.176355
797.000000 1.138550
798.000000 1.098151
799.000000 1.057346
800.000000 1.014962
801.000000 0.970912
802.000000 0.926210
803.000000 0.881154
804.000000 0.833743
805.000000 0.785461
806.000000 0.739595
807.000000 0.695426
808.000000 0.651781
809.000000 0.608908
810.000000 0.565594
811.000000 0.523361
812.000000 0.484296
813.000000 0.447478
814.000000 0.412872
815.000000 0.380363
816.000000 0.348269
817.000000 0.317459
818.000000 0.289680
819.000000 0.264522
820.000000 0.241375
821.000000 0.219162
822.000000 0.198566
823.000000 0.180359
824.000000 0.163916
825.000000 0.148293
826.000000 0.133834
827.000000 0.121148
828.000000 0.109728
829.000000 0.099380
830.000000 0.089555
831.000000 0.080578
832.000000 0.072964
833.000000 0.066268
834.000000 0.060032
835.000000 0.054328
836.000000 0.049317
837.000000 0.044767
838.000000 0.040666
839.000000 0.037071
840.000000 0.033881
841.000000 0.030968
842.000000 0.028345
843.000000 0.026075
844.000000 0.024083
845.000000 0.022218
846.000000 0.020511
847.000000 0.019047
848.000000 0.017715
849.000000 0.016555
850.000000 0.015563
851.000000 0.014573
852.000000 0.013661
853.000000 0.012906
854.000000 0.012172
855.000000 0.011507
856.000000 0.010946
857.000000 0.010403
858.000000 0.009910
859.000000 0.009512
860.000000 0.009108
861.000000 0.008675
862.000000 0.008327
863.000000 0.008060
864.000000 0.007800
865.000000 0.007568
866.000000 0.007343
867.000000 0.007123
868.000000 0.006969
869.000000 0.006814
870.000000 0.006650
871.000000 0.006485
872.000000 0.006355
873.000000 0.006303
874.000000 0.006274
875.000000 0.006215
876.000000 0.006102
877.000000 0.005992
878.000000 0.005907
879.000000 0.005845
880.000000 0.005796
881.000000 0.005718
882.000000 0.005662
883.000000 0.005646
884.000000 0.005633
885.000000 0.005611
886.000000 0.005592
887.000000 0.005562
888.000000 0.005501
889.000000 0.005501
890.000000 0.005498
891.000000 0.005453
892.000000 0.005452
893.000000 0.005450
894.000000 0.005472
895.000000 0.005507
896.000000 0.005518
897.000000 0.005550
898.000000 0.005621
899.000000 0.005701
900.000000 0.005767
901.000000 0.005835
902.000000 0.005876
903.000000 0.005918
904.000000 0.006006
905.000000 0.006116
906.000000 0.006187
907.000000 0.006195
908.000000 0.006203
909.000000 0.006227
910.000000 0.006259
911.000000 0.006277
912.000000 0.006325
913.000000 0.006376
914.000000 0.006412
915.000000 0.006446
916.000000 0.006453
917.000000 0.006482
918.000000 0.006537
919.000000 0.006572
920.000000 0.006626
921.000000 0.006737
922.000000 0.006817
923.000000 0.006791
924.000000 0.006772
925.000000 0.006810
926.000000 0.006827
927.000000 0.006848
928.000000 0.006902
929.000000 0.006956
930.000000 0.006979
931.000000 0.006993
932.000000 0.007031
933.000000 0.007065
934.000000 0.007120
935.000000 0.007191
936.000000 0.007222
937.000000 0.007240
938.000000 0.007260
939.000000 0.007280
940.000000 0.007274
941.000000 0.007269
942.000000 0.007304
943.000000 0.007310
944.000000 0.007276
945.000000 0.007262
946.000000 0.007302
947.000000 0.007358
948.000000 0.007386
949.000000 0.007384
950.000000 0.007351
951.000000 0.007322
952.000000 0.007296
953.000000 0.007258
954.000000 0.007270
955.000000 0.007318
956.000000 0.007341
957.000000 0.007323
958.000000 0.007295
959.000000 0.007305
960.000000 0.007314
961.000000 0.007299
962.000000 0.007290
963.000000 0.007270
964.000000 0.007247
965.000000 0.007266
966.000000 0.007271
967.000000 0.007217
968.000000 0.007194
969.000000 0.007212
970.000000 0.007215
971.000000 0.007207
972.000000 0.007206
973.000000 0.007206
974.000000 0.007228
975.000000 0.007239
976.000000 0.007206
977.000000 0.007186
978.000000 0.007215
979.000000 0.007250
980.000000 0.007254
981.000000 0.007303
982.000000 0.007351
983.000000 0.007249
984.000000 0.007217
985.000000 0.007327
986.000000 0.007389
987.000000 0.007432
988.000000 0.007465
989.000000 0.007491
990.000000 0.007526
991.000000 0.007577
992.000000 0.007627
993.000000 0.007656
994.000000 0.007663
995.000000 0.007661
