315.000000 0.188501
316.000000 0.191118
317.000000 0.194664
318.000000 0.198858
319.000000 0.203712
320.000000 0.208492
321.000000 0.212787
322.000000 0.217156
323.000000 0.221997
324.000000 0.227644
325.000000 0.232098
326.000000 0.235517
327.000000 0.239830
328.000000 0.244311
329.000000 0.248967
330.000000 0.253461
331.000000 0.257692
332.000000 0.262086
333.000000 0.266674
334.000000 0.270704
335.000000 0.274710
336.000000 0.279052
337.000000 0.283326
338.000000 0.287685
339.000000 0.292042
340.000000 0.296471
341.000000 0.300999
342.000000 0.305707
343.000000 0.309955
344.000000 0.313953
345.000000 0.318220
346.000000 0.322536
347.000000 0.326667
348.000000 0.330737
349.000000 0.334570
350.000000 0.338028
351.000000 0.341216
352.000000 0.344562
353.000000 0.348042
354.000000 0.351385
355.000000 0.354489
356.000000 0.357634
357.000000 0.360830
358.000000 0.363642
359.000000 0.366081
360.000000 0.368384
361.000000 0.370762
362.000000 0.373025
363.000000 0.375384
364.000000 0.378008
365.000000 0.380476
366.000000 0.382751
367.000000 0.385036
368.000000 0.387296
369.000000 0.389496
370.000000 0.392169
371.000000 0.395162
372.000000 0.397716
373.000000 0.400183
374.000000 0.402476
375.000000 0.404716
376.000000 0.407000
377.000000 0.408223
378.000000 0.408947
379.000000 0.409992
380.000000 0.411319
381.000000 0.412742
382.000000 0.413625
383.000000 0.414012
384.000000 0.414155
385.000000 0.414471
386.000000 0.414849
387.000000 0.414908
388.000000 0.414574
389.000000 0.414116
390.000000 0.413641
391.000000 0.412920
392.000000 0.412271
393.000000 0.411669
394.000000 0.410679
395.000000 0.409307
396.000000 0.407839
397.000000 0.406215
398.000000 0.404025
399.000000 0.401537
400.000000 0.398797
401.000000 0.395335
402.000000 0.391298
403.000000 0.386977
404.000000 0.382670
405.000000 0.377744
406.000000 0.372092
407.000000 0.366624
408.000000 0.360872
409.000000 0.354760
410.000000 0.348853
411.000000 0.342678
412.000000 0.336503
413.000000 0.330445
414.000000 0.323972
415.000000 0.317458
416.000000 0.311406
417.000000 0.305409
418.000000 0.299293
419.000000 0.293477
420.000000 0.287507
421.000000 0.281322
422.000000 0.275326
423.000000 0.269118
424.000000 0.262790
425.000000 0.256613
426.000000 0.250384
427.000000 0.244186
428.000000 0.238177
429.000000 0.232242
430.000000 0.226320
431.000000 0.220492
432.000000 0.214492
433.000000 0.208696
434.000000 0.203309
435.000000 0.197702
436.000000 0.192071
437.000000 0.186694
438.000000 0.181468
439.000000 0.176556
440.000000 0.171787
441.000000 0.167228
442.000000 0.163123
443.000000 0.159089
444.000000 0.155090
445.000000 0.151326
446.000000 0.147557
447.000000 0.143836
448.000000 0.140170
449.000000 0.136514
450.000000 0.133066
451.000000 0.129645
452.000000 0.126154
453.000000 0.122867
454.000000 0.119722
455.000000 0.116659
456.000000 0.113675
457.000000 0.110776
458.000000 0.108096
459.000000 0.105583
460.000000 0.103273
461.000000 0.101226
462.000000 0.099390
463.000000 0.097794
464.000000 0.096499
465.000000 0.095532
466.000000 0.094827
467.000000 0.094349
468.000000 0.094193
469.000000 0.094327
470.000000 0.094643
471.000000 0.095167
472.000000 0.095875
473.000000 0.096565
474.000000 0.097177
475.000000 0.097738
476.000000 0.098169
477.000000 0.098370
478.000000 0.098275
479.000000 0.097927
480.000000 0.097326
481.000000 0.096430
482.000000 0.095388
483.000000 0.094222
484.000000 0.092847
485.000000 0.091244
486.000000 0.089487
487.000000 0.087723
488.000000 0.085941
489.000000 0.084607
490.000000 0.083439
491.000000 0.081792
492.000000 0.080156
493.000000 0.078874
494.000000 0.077904
495.000000 0.076943
496.000000 0.076152
497.000000 0.075160
498.000000 0.073813
499.000000 0.072579
500.000000 0.071506
501.000000 0.070692
502.000000 0.070098
503.000000 0.069691
504.000000 0.069435
505.000000 0.069758
506.000000 0.070328
507.000000 0.070835
508.000000 0.071649
509.000000 0.072670
510.000000 0.073734
511.000000 0.075169
512.000000 0.076772
513.000000 0.078167
514.000000 0.079658
515.000000 0.081243
516.000000 0.082718
517.000000 0.084227
518.000000 0.086021
519.000000 0.088181
520.000000 0.090446
521.000000 0.092201
522.000000 0.093507
523.000000 0.094579
524.000000 0.095835
525.000000 0.097119
526.000000 0.097841
527.000000 0.098531
528.000000 0.099194
529.000000 0.099497
530.000000 0.099555
531.000000 0.099519
532.000000 0.099347
533.000000 0.098971
534.000000 0.099020
535.000000 0.099137
536.000000 0.098778
537.000000 0.098595
538.000000 0.098894
539.000000 0.099349
540.000000 0.099562
541.000000 0.099851
542.000000 0.100329
543.000000 0.100972
544.000000 0.101833
545.000000 0.102803
546.000000 0.104459
547.000000 0.106466
548.000000 0.108565
549.000000 0.110762
550.000000 0.113037
551.000000 0.115949
552.000000 0.119256
553.000000 0.122758
554.000000 0.126306
555.000000 0.130052
556.000000 0.133777
557.000000 0.137684
558.000000 0.142045
559.000000 0.146251
560.000000 0.150331
561.000000 0.154179
562.000000 0.157907
563.000000 0.161358
564.000000 0.164310
565.000000 0.166906
566.000000 0.168932
567.000000 0.170358
568.000000 0.171256
569.000000 0.171238
570.000000 0.170380
571.000000 0.168978
572.000000 0.167064
573.000000 0.164606
574.000000 0.161371
575.000000 0.157775
576.000000 0.153951
577.000000 0.149894
578.000000 0.145783
579.000000 0.141493
580.000000 0.137030
581.000000 0.132524
582.000000 0.128358
583.000000 0.124601
584.000000 0.121126
585.000000 0.117876
586.000000 0.114753
587.000000 0.112052
588.000000 0.109798
589.000000 0.107682
590.000000 0.105624
591.000000 0.103769
592.000000 0.102424
593.000000 0.101431
594.000000 0.100643
595.000000 0.100101
596.000000 0.099493
597.000000 0.098882
598.000000 0.098392
599.000000 0.097962
600.000000 0.097769
601.000000 0.097755
602.000000 0.097626
603.000000 0.097412
604.000000 0.097256
605.000000 0.097102
606.000000 0.096882
607.000000 0.096505
608.000000 0.095946
609.000000 0.095276
610.000000 0.094366
611.000000 0.093303
612.000000 0.092171
613.000000 0.090945
614.000000 0.089440
615.000000 0.087414
616.000000 0.085032
617.000000 0.082278
618.000000 0.079304
619.000000 0.076406
620.000000 0.073398
621.000000 0.070093
622.000000 0.066797
623.000000 0.063582
624.000000 0.060240
625.000000 0.057029
626.000000 0.053899
627.000000 0.050657
628.000000 0.047569
629.000000 0.044603
630.000000 0.041658
631.000000 0.038850
632.000000 0.036340
633.000000 0.033991
634.000000 0.031701
635.000000 0.029632
636.000000 0.027741
637.000000 0.025967
638.000000 0.024345
639.000000 0.022960
640.000000 0.021665
641.000000 0.020433
642.000000 0.019402
643.000000 0.018509
644.000000 0.017693
645.000000 0.016994
646.000000 0.016327
647.000000 0.015612
648.000000 0.014925
649.000000 0.014375
650.000000 0.013920
651.000000 0.013434
652.000000 0.012975
653.000000 0.012586
654.000000 0.012261
655.000000 0.011927
656.000000 0.011546
657.000000 0.011186
658.000000 0.010852
659.000000 0.010434
660.000000 0.009987
661.000000 0.009632
662.000000 0.009315
663.000000 0.008972
664.000000 0.008642
665.000000 0.008389
666.000000 0.008125
667.000000 0.007849
668.000000 0.007587
669.000000 0.007311
670.000000 0.007074
671.000000 0.006828
672.000000 0.006556
673.000000 0.006324
674.000000 0.006134
675.000000 0.005961
676.000000 0.005758
677.000000 0.005505
678.000000 0.005292
679.000000 0.005153
680.000000 0.005012
681.000000 0.004878
682.000000 0.004767
683.000000 0.004719
684.000000 0.004674
685.000000 0.004555
686.000000 0.004414
687.000000 0.004330
688.000000 0.004299
689.000000 0.004234
690.000000 0.004176
691.000000 0.004134
692.000000 0.004079
693.000000 0.004066
694.000000 0.004070
695.000000 0.004018
696.000000 0.003996
697.000000 0.004010
698.000000 0.004014
699.000000 0.004026
700.000000 0.004065
701.000000 0.004075
702.000000 0.004085
703.000000 0.004177
704.000000 0.004221
705.000000 0.004190
706.000000 0.004213
707.000000 0.004244
708.000000 0.004244
709.000000 0.004283
710.000000 0.004347
711.000000 0.004373
712.000000 0.004394
713.000000 0.004390
714.000000 0.004350
715.000000 0.004365
716.000000 0.004382
717.000000 0.004405
718.000000 0.004405
719.000000 0.004389
720.000000 0.004396
721.000000 0.004379
722.000000 0.004368
723.000000 0.004376
724.000000 0.004348
725.000000 0.004291
726.000000 0.004257
727.000000 0.004228
728.000000 0.004226
729.000000 0.004244
730.000000 0.004247
731.000000 0.004235
732.000000 0.004234
733.000000 0.004228
734.000000 0.004178
735.000000 0.004147
736.000000 0.004115
737.000000 0.004040
738.000000 0.004021
739.000000 0.004065
740.000000 0.004040
741.000000 0.003945
742.000000 0.003897
743.000000 0.003880
744.000000 0.003867
745.000000 0.003851
746.000000 0.003829
747.000000 0.003800
748.000000 0.003737
749.000000 0.003680
750.000000 0.003652
751.000000 0.003691
752.000000 0.003719
753.000000 0.003714
754.000000 0.003715
755.000000 0.003706
756.000000 0.003741
757.000000 0.003760
758.000000 0.003756
759.000000 0.003732
760.000000 0.003738
761.000000 0.003761
762.000000 0.003763
763.000000 0.003755
764.000000 0.003731
765.000000 0.003740
766.000000 0.003800
767.000000 0.003877
768.000000 0.003919
769.000000 0.003939
770.000000 0.003942
771.000000 0.003884
772.000000 0.003837
773.000000 0.003828
774.000000 0.003829
775.000000 0.003815
776.000000 0.003788
777.000000 0.003834
778.000000 0.003834
779.000000 0.003754
780.000000 0.003702
781.000000 0.003714
782.000000 0.003754
783.000000 0.003788
784.000000 0.003836
785.000000 0.003873
786.000000 0.003855
787.000000 0.003753
788.000000 0.003695
789.000000 0.003727
790.000000 0.003765
791.000000 0.003858
792.000000 0.003833
793.000000 0.003671
794.000000 0.003559
795.000000 0.003508
796.000000 0.003490
797.000000 0.003447
798.000000 0.003404
799.000000 0.003419
800.000000 0.003440
801.000000 0.003440
802.000000 0.003417
803.000000 0.003368
804.000000 0.003306
805.000000 0.003245
806.000000 0.003213
807.000000 0.003143
808.000000 0.003044
809.000000 0.002997
810.000000 0.002959
811.000000 0.002853
812.000000 0.002789
813.000000 0.002782
814.000000 0.002732
815.000000 0.002687
816.000000 0.002624
817.000000 0.002571
818.000000 0.002576
819.000000 0.002594
820.000000 0.002578
821.000000 0.002485
822.000000 0.002424
823.000000 0.002414
824.000000 0.002397
825.000000 0.002384
826.000000 0.002322
827.000000 0.002254
828.000000 0.002249
829.000000 0.002250
830.000000 0.002225
831.000000 0.002170
832.000000 0.002113
833.000000 0.002077
834.000000 0.002075
835.000000 0.002137
836.000000 0.002159
837.000000 0.002135
838.000000 0.002103
839.000000 0.002083
840.000000 0.002064
841.000000 0.002032
842.000000 0.002017
843.000000 0.002015
844.000000 0.002017
845.000000 0.001973
846.000000 0.001920
847.000000 0.001902
848.000000 0.001882
849.000000 0.001864
850.000000 0.001871
851.000000 0.001873
852.000000 0.001846
853.000000 0.001843
854.000000 0.001871
855.000000 0.001909
856.000000 0.001908
857.000000 0.001852
858.000000 0.001829
859.000000 0.001870
860.000000 0.001873
861.000000 0.001849
862.000000 0.001832
863.000000 0.001801
864.000000 0.001778
865.000000 0.001789
866.000000 0.001782
867.000000 0.001740
868.000000 0.001754
869.000000 0.001769
870.000000 0.001749
871.000000 0.001720
872.000000 0.001731
873.000000 0.001766
874.000000 0.001777
875.000000 0.001768
876.000000 0.001746
877.000000 0.001764
878.000000 0.001796
879.000000 0.001805
880.000000 0.001772
881.000000 0.001695
882.000000 0.001677
883.000000 0.001725
884.000000 0.001757
885.000000 0.001743
886.000000 0.001717
887.000000 0.001688
888.000000 0.001610
889.000000 0.001581
890.000000 0.001599
891.000000 0.001607
892.000000 0.001633
893.000000 0.001630
894.000000 0.001649
895.000000 0.001681
896.000000 0.001706
897.000000 0.001765
898.000000 0.001874
899.000000 0.001978
900.000000 0.002025
901.000000 0.002100
902.000000 0.002115
903.000000 0.002045
904.000000 0.001995
905.000000 0.002015
906.000000 0.002062
907.000000 0.002098
908.000000 0.002127
909.000000 0.002135
910.000000 0.002154
911.000000 0.002175
912.000000 0.002188
913.000000 0.002213
914.000000 0.002235
915.000000 0.002228
916.000000 0.002195
917.000000 0.002164
918.000000 0.002147
919.000000 0.002136
920.000000 0.002146
921.000000 0.002146
922.000000 0.002119
923.000000 0.002070
924.000000 0.002049
925.000000 0.002042
926.000000 0.001990
927.000000 0.001971
928.000000 0.001972
929.000000 0.001982
930.000000 0.001995
931.000000 0.001987
932.000000 0.002002
933.000000 0.002008
934.000000 0.002011
935.000000 0.002014
936.000000 0.001984
937.000000 0.001975
938.000000 0.001992
939.000000 0.001984
940.000000 0.001964
941.000000 0.001935
942.000000 0.001936
943.000000 0.001948
944.000000 0.001933
945.000000 0.001906
946.000000 0.001908
947.000000 0.001934
948.000000 0.001911
949.000000 0.001882
950.000000 0.001862
951.000000 0.001828
952.000000 0.001795
953.000000 0.001788
954.000000 0.001808
955.000000 0.001825
956.000000 0.001820
957.000000 0.001785
958.000000 0.001751
959.000000 0.001754
960.000000 0.001747
961.000000 0.001721
962.000000 0.001734
963.000000 0.002043
964.000000 0.002574
965.000000 0.002808
966.000000 0.002980
967.000000 0.003561
968.000000 0.003578
969.000000 0.002652
970.000000 0.001932
971.000000 0.001670
972.000000 0.001520
973.000000 0.001427
974.000000 0.001406
975.000000 0.001384
976.000000 0.001329
977.000000 0.001318
978.000000 0.001351
979.000000 0.001371
980.000000 0.001358
981.000000 0.001361
982.000000 0.001333
983.000000 0.001311
984.000000 0.001360
985.000000 0.001377
986.000000 0.001431
987.000000 0.001503
988.000000 0.001508
989.000000 0.001468
990.000000 0.001388
991.000000 0.001313
992.000000 0.001223
993.000000 0.001137
994.000000 0.001071
995.000000 0.001016
