315.000000 0.206670
316.000000 0.207207
317.000000 0.209152
318.000000 0.211485
319.000000 0.213232
320.000000 0.214801
321.000000 0.216487
322.000000 0.218039
323.000000 0.219864
324.000000 0.222275
325.000000 0.224702
326.000000 0.226871
327.000000 0.228581
328.000000 0.230197
329.000000 0.231844
330.000000 0.232979
331.000000 0.234056
332.000000 0.235586
333.000000 0.237043
334.000000 0.238641
335.000000 0.240302
336.000000 0.241791
337.000000 0.243111
338.000000 0.244100
339.000000 0.245071
340.000000 0.246201
341.000000 0.247234
342.000000 0.247787
343.000000 0.248027
344.000000 0.248398
345.000000 0.248612
346.000000 0.248602
347.000000 0.248592
348.000000 0.248346
349.000000 0.247805
350.000000 0.247109
351.000000 0.246256
352.000000 0.245072
353.000000 0.243653
354.000000 0.242447
355.000000 0.241440
356.000000 0.240224
357.000000 0.238828
358.000000 0.237511
359.000000 0.236040
360.000000 0.234410
361.000000 0.233007
362.000000 0.231841
363.000000 0.230675
364.000000 0.229413
365.000000 0.228209
366.000000 0.227072
367.000000 0.225948
368.000000 0.225053
369.000000 0.224143
370.000000 0.223325
371.000000 0.222889
372.000000 0.221506
373.000000 0.219499
374.000000 0.218220
375.000000 0.217141
376.000000 0.215829
377.000000 0.214836
378.000000 0.213957
379.000000 0.212497
380.000000 0.211603
381.000000 0.211646
382.000000 0.211714
383.000000 0.211463
384.000000 0.211207
385.000000 0.211046
386.000000 0.210969
387.000000 0.211251
388.000000 0.211625
389.000000 0.212183
390.000000 0.212836
391.000000 0.213417
392.000000 0.214230
393.000000 0.215105
394.000000 0.215916
395.000000 0.216664
396.000000 0.217328
397.000000 0.218380
398.000000 0.219736
399.000000 0.220948
400.000000 0.222139
401.000000 0.223367
402.000000 0.224519
403.000000 0.225520
404.000000 0.226434
405.000000 0.227430
406.000000 0.228500
407.000000 0.229581
408.000000 0.230588
409.000000 0.231290
410.000000 0.231930
411.000000 0.232812
412.000000 0.233604
413.000000 0.234136
414.000000 0.234582
415.000000 0.235019
416.000000 0.235632
417.000000 0.236287
418.000000 0.236858
419.000000 0.237555
420.000000 0.238259
421.000000 0.238930
422.000000 0.239598
423.000000 0.240353
424.000000 0.241263
425.000000 0.241914
426.000000 0.242109
427.000000 0.241806
428.000000 0.241375
429.000000 0.240971
430.000000 0.240057
431.000000 0.238807
432.000000 0.237305
433.000000 0.235422
434.000000 0.233414
435.000000 0.231075
436.000000 0.228279
437.000000 0.225169
438.000000 0.221867
439.000000 0.218568
440.000000 0.215086
441.000000 0.211506
442.000000 0.207817
443.000000 0.203724
444.000000 0.199402
445.000000 0.195139
446.000000 0.190656
447.000000 0.186104
448.000000 0.181474
449.000000 0.176733
450.000000 0.172323
451.000000 0.167821
452.000000 0.163184
453.000000 0.158793
454.000000 0.154450
455.000000 0.150187
456.000000 0.145995
457.000000 0.141883
458.000000 0.138039
459.000000 0.134310
460.000000 0.130706
461.000000 0.127336
462.000000 0.124101
463.000000 0.120996
464.000000 0.117970
465.000000 0.115008
466.000000 0.112363
467.000000 0.109897
468.000000 0.107562
469.000000 0.105369
470.000000 0.103266
471.000000 0.101315
472.000000 0.099440
473.000000 0.097733
474.000000 0.096208
475.000000 0.094806
476.000000 0.093552
477.000000 0.092426
478.000000 0.091471
479.000000 0.090575
480.000000 0.089756
481.000000 0.089021
482.000000 0.088334
483.000000 0.087890
484.000000 0.087606
485.000000 0.087352
486.000000 0.087208
487.000000 0.087214
488.000000 0.087272
489.000000 0.087476
490.000000 0.087768
491.000000 0.088219
492.000000 0.088858
493.000000 0.089655
494.000000 0.090747
495.000000 0.091900
496.000000 0.092936
497.000000 0.093825
498.000000 0.095100
499.000000 0.096451
500.000000 0.097680
501.000000 0.098880
502.000000 0.100404
503.000000 0.102271
504.000000 0.104239
505.000000 0.106390
506.000000 0.108296
507.000000 0.110108
508.000000 0.111886
509.000000 0.113932
510.000000 0.116098
511.000000 0.118091
512.000000 0.119841
513.000000 0.121551
514.000000 0.122854
515.000000 0.124035
516.000000 0.125352
517.000000 0.126304
518.000000 0.127206
519.000000 0.128121
520.000000 0.129137
521.000000 0.130214
522.000000 0.131180
523.000000 0.131977
524.000000 0.132673
525.000000 0.133317
526.000000 0.134025
527.000000 0.134899
528.000000 0.135923
529.000000 0.136923
530.000000 0.138173
531.000000 0.139743
532.000000 0.141391
533.000000 0.143436
534.000000 0.145880
535.000000 0.148211
536.000000 0.150719
537.000000 0.153674
538.000000 0.156811
539.000000 0.160273
540.000000 0.164431
541.000000 0.169193
542.000000 0.174098
543.000000 0.178847
544.000000 0.183451
545.000000 0.187674
546.000000 0.191606
547.000000 0.195493
548.000000 0.198707
549.000000 0.201299
550.000000 0.203187
551.000000 0.204364
552.000000 0.205112
553.000000 0.205100
554.000000 0.204354
555.000000 0.202856
556.000000 0.200585
557.000000 0.197549
558.000000 0.193735
559.000000 0.189543
560.000000 0.184870
561.000000 0.179589
562.000000 0.173828
563.000000 0.167917
564.000000 0.161821
565.000000 0.155612
566.000000 0.149389
567.000000 0.143016
568.000000 0.137005
569.000000 0.131161
570.000000 0.125472
571.000000 0.120050
572.000000 0.115036
573.000000 0.110433
574.000000 0.106073
575.000000 0.102357
576.000000 0.099058
577.000000 0.095848
578.000000 0.092978
579.000000 0.090539
580.000000 0.088306
581.000000 0.086191
582.000000 0.084417
583.000000 0.083098
584.000000 0.082126
585.000000 0.081253
586.000000 0.080521
587.000000 0.079978
588.000000 0.079552
589.000000 0.079336
590.000000 0.079154
591.000000 0.079107
592.000000 0.079172
593.000000 0.079126
594.000000 0.079263
595.000000 0.079583
596.000000 0.079839
597.000000 0.080239
598.000000 0.080756
599.000000 0.081335
600.000000 0.082003
601.000000 0.082731
602.000000 0.083523
603.000000 0.084431
604.000000 0.085544
605.000000 0.086676
606.000000 0.087833
607.000000 0.089091
608.000000 0.090509
609.000000 0.092105
610.000000 0.093693
611.000000 0.095286
612.000000 0.097095
613.000000 0.099086
614.000000 0.101259
615.000000 0.103714
616.000000 0.106165
617.000000 0.108741
618.000000 0.111656
619.000000 0.114646
620.000000 0.117774
621.000000 0.121172
622.000000 0.124607
623.000000 0.128082
624.000000 0.131872
625.000000 0.135746
626.000000 0.139718
627.000000 0.144026
628.000000 0.148244
629.000000 0.152444
630.000000 0.157012
631.000000 0.161697
632.000000 0.166138
633.000000 0.170517
634.000000 0.175038
635.000000 0.179431
636.000000 0.183747
637.000000 0.188120
638.000000 0.192284
639.000000 0.196271
640.000000 0.200217
641.000000 0.204038
642.000000 0.207521
643.000000 0.210705
644.000000 0.213878
645.000000 0.216846
646.000000 0.219519
647.000000 0.222036
648.000000 0.224472
649.000000 0.226706
650.000000 0.228843
651.000000 0.230980
652.000000 0.232984
653.000000 0.234828
654.000000 0.236548
655.000000 0.238298
656.000000 0.240118
657.000000 0.241937
658.000000 0.243807
659.000000 0.245907
660.000000 0.248220
661.000000 0.250568
662.000000 0.253132
663.000000 0.256115
664.000000 0.259370
665.000000 0.262836
666.000000 0.266635
667.000000 0.270883
668.000000 0.275595
669.000000 0.280553
670.000000 0.285836
671.000000 0.291735
672.000000 0.298217
673.000000 0.305245
674.000000 0.312358
675.000000 0.319881
676.000000 0.328324
677.000000 0.337395
678.000000 0.347003
679.000000 0.356661
680.000000 0.366546
681.000000 0.377218
682.000000 0.388492
683.000000 0.400152
684.000000 0.411636
685.000000 0.423115
686.000000 0.435074
687.000000 0.447243
688.000000 0.459357
689.000000 0.471260
690.000000 0.482606
691.000000 0.493472
692.000000 0.504203
693.000000 0.514487
694.000000 0.524157
695.000000 0.533112
696.000000 0.540875
697.000000 0.547614
698.000000 0.553649
699.000000 0.558696
700.000000 0.562639
701.000000 0.565337
702.000000 0.566806
703.000000 0.567081
704.000000 0.566110
705.000000 0.563854
706.000000 0.560345
707.000000 0.555663
708.000000 0.549743
709.000000 0.542660
710.000000 0.534850
711.000000 0.526153
712.000000 0.516329
713.000000 0.505589
714.000000 0.493991
715.000000 0.481685
716.000000 0.468787
717.000000 0.455290
718.000000 0.441388
719.000000 0.427874
720.000000 0.414325
721.000000 0.400160
722.000000 0.385730
723.000000 0.371268
724.000000 0.356969
725.000000 0.342846
726.000000 0.329009
727.000000 0.315370
728.000000 0.301735
729.000000 0.288247
730.000000 0.275030
731.000000 0.262885
732.000000 0.251330
733.000000 0.239466
734.000000 0.227812
735.000000 0.216407
736.000000 0.205175
737.000000 0.194299
738.000000 0.183797
739.000000 0.173615
740.000000 0.163811
741.000000 0.154437
742.000000 0.145500
743.000000 0.136973
744.000000 0.128825
745.000000 0.120974
746.000000 0.113483
747.000000 0.106356
748.000000 0.099565
749.000000 0.093103
750.000000 0.087008
751.000000 0.081275
752.000000 0.075791
753.000000 0.070598
754.000000 0.065778
755.000000 0.061250
756.000000 0.056975
757.000000 0.052966
758.000000 0.049159
759.000000 0.045601
760.000000 0.042318
761.000000 0.039283
762.000000 0.036467
763.000000 0.033842
764.000000 0.031442
765.000000 0.029204
766.000000 0.027041
767.000000 0.025019
768.000000 0.023227
769.000000 0.021611
770.000000 0.020111
771.000000 0.018745
772.000000 0.017547
773.000000 0.016467
774.000000 0.015415
775.000000 0.014470
776.000000 0.013572
777.000000 0.012714
778.000000 0.011929
779.000000 0.011220
780.000000 0.010651
781.000000 0.010168
782.000000 0.009774
783.000000 0.009393
784.000000 0.008983
785.000000 0.008620
786.000000 0.008303
787.000000 0.008040
788.000000 0.007816
789.000000 0.007582
790.000000 0.007363
791.000000 0.007220
792.000000 0.007102
793.000000 0.006943
794.000000 0.006861
795.000000 0.006817
796.000000 0.006760
797.000000 0.006705
798.000000 0.006594
799.000000 0.006539
800.000000 0.006535
801.000000 0.006481
802.000000 0.006395
803.000000 0.006328
804.000000 0.006295
805.000000 0.006284
806.000000 0.006244
807.000000 0.006136
808.000000 0.006052
809.000000 0.006025
810.000000 0.005988
811.000000 0.005961
812.000000 0.005973
813.000000 0.005957
814.000000 0.005903
815.000000 0.005842
816.000000 0.005698
817.000000 0.005560
818.000000 0.005499
819.000000 0.005428
820.000000 0.005345
821.000000 0.005200
822.000000 0.005053
823.000000 0.004964
824.000000 0.004849
825.000000 0.004775
826.000000 0.004742
827.000000 0.004638
828.000000 0.004517
829.000000 0.004415
830.000000 0.004322
831.000000 0.004242
832.000000 0.004113
833.000000 0.003972
834.000000 0.003877
835.000000 0.003789
836.000000 0.003690
837.000000 0.003570
838.000000 0.003462
839.000000 0.003360
840.000000 0.003198
841.000000 0.003025
842.000000 0.002865
843.000000 0.002735
844.000000 0.002673
845.000000 0.002600
846.000000 0.002492
847.000000 0.002380
848.000000 0.002262
849.000000 0.002178
850.000000 0.002149
851.000000 0.002073
852.000000 0.001918
853.000000 0.001835
854.000000 0.001795
855.000000 0.001697
856.000000 0.001619
857.000000 0.001513
858.000000 0.001396
859.000000 0.001347
860.000000 0.001330
861.000000 0.001253
862.000000 0.001170
863.000000 0.001184
864.000000 0.001214
865.000000 0.001203
866.000000 0.001162
867.000000 0.001092
868.000000 0.001001
869.000000 0.000909
870.000000 0.000825
871.000000 0.000749
872.000000 0.000716
873.000000 0.000717
874.000000 0.000715
875.000000 0.000703
876.000000 0.000680
877.000000 0.000653
878.000000 0.000639
879.000000 0.000622
880.000000 0.000543
881.000000 0.000480
882.000000 0.000425
883.000000 0.000380
884.000000 0.000384
885.000000 0.000351
886.000000 0.000328
887.000000 0.000301
888.000000 0.000247
889.000000 0.000237
890.000000 0.000235
891.000000 0.000231
892.000000 0.000237
893.000000 0.000226
894.000000 0.000203
895.000000 0.000166
896.000000 0.000148
897.000000 0.000171
898.000000 0.000187
899.000000 0.000189
900.000000 0.000189
