315.000000 0.208771
316.000000 0.209160
317.000000 0.211073
318.000000 0.213377
319.000000 0.215433
320.000000 0.216927
321.000000 0.218698
322.000000 0.221026
323.000000 0.222703
324.000000 0.224248
325.000000 0.226655
326.000000 0.229000
327.000000 0.230656
328.000000 0.232012
329.000000 0.233443
330.000000 0.234784
331.000000 0.235655
332.000000 0.236862
333.000000 0.238466
334.000000 0.239776
335.000000 0.240982
336.000000 0.242586
337.000000 0.243935
338.000000 0.244789
339.000000 0.245500
340.000000 0.246231
341.000000 0.246885
342.000000 0.247281
343.000000 0.247760
344.000000 0.248147
345.000000 0.247781
346.000000 0.247248
347.000000 0.246922
348.000000 0.246337
349.000000 0.245566
350.000000 0.244728
351.000000 0.243676
352.000000 0.242093
353.000000 0.240445
354.000000 0.239081
355.000000 0.237671
356.000000 0.236179
357.000000 0.234685
358.000000 0.233280
359.000000 0.231849
360.000000 0.230444
361.000000 0.229235
362.000000 0.228009
363.000000 0.226702
364.000000 0.225405
365.000000 0.224145
366.000000 0.223052
367.000000 0.222168
368.000000 0.221294
369.000000 0.220361
370.000000 0.219240
371.000000 0.217884
372.000000 0.216587
373.000000 0.215861
374.000000 0.215494
375.000000 0.214865
376.000000 0.214113
377.000000 0.213272
378.000000 0.212426
379.000000 0.211477
380.000000 0.211179
381.000000 0.211930
382.000000 0.212132
383.000000 0.211790
384.000000 0.212119
385.000000 0.212481
386.000000 0.212649
387.000000 0.213247
388.000000 0.213763
389.000000 0.214375
390.000000 0.215307
391.000000 0.216218
392.000000 0.217414
393.000000 0.218576
394.000000 0.219650
395.000000 0.220804
396.000000 0.221803
397.000000 0.223041
398.000000 0.224715
399.000000 0.226343
400.000000 0.227744
401.000000 0.229089
402.000000 0.230409
403.000000 0.231675
404.000000 0.232899
405.000000 0.234124
406.000000 0.235297
407.000000 0.236452
408.000000 0.237659
409.000000 0.238655
410.000000 0.239496
411.000000 0.240532
412.000000 0.241561
413.000000 0.242295
414.000000 0.243033
415.000000 0.243896
416.000000 0.244862
417.000000 0.245848
418.000000 0.246683
419.000000 0.247405
420.000000 0.248139
421.000000 0.249040
422.000000 0.249772
423.000000 0.250452
424.000000 0.251299
425.000000 0.251915
426.000000 0.252048
427.000000 0.251553
428.000000 0.250765
429.000000 0.249757
430.000000 0.248323
431.000000 0.246549
432.000000 0.244352
433.000000 0.241840
434.000000 0.239211
435.000000 0.236185
436.000000 0.232753
437.000000 0.229057
438.000000 0.225121
439.000000 0.221249
440.000000 0.217253
441.000000 0.213239
442.000000 0.209344
443.000000 0.205184
444.000000 0.200872
445.000000 0.196652
446.000000 0.192272
447.000000 0.187840
448.000000 0.183338
449.000000 0.178865
450.000000 0.174743
451.000000 0.170524
452.000000 0.166186
453.000000 0.162108
454.000000 0.158194
455.000000 0.154382
456.000000 0.150635
457.000000 0.147030
458.000000 0.143738
459.000000 0.140525
460.000000 0.137419
461.000000 0.134622
462.000000 0.131995
463.000000 0.129396
464.000000 0.126846
465.000000 0.124464
466.000000 0.122345
467.000000 0.120409
468.000000 0.118615
469.000000 0.116901
470.000000 0.115317
471.000000 0.113947
472.000000 0.112626
473.000000 0.111362
474.000000 0.110240
475.000000 0.109234
476.000000 0.108385
477.000000 0.107645
478.000000 0.107024
479.000000 0.106529
480.000000 0.106112
481.000000 0.105824
482.000000 0.105645
483.000000 0.105596
484.000000 0.105722
485.000000 0.105928
486.000000 0.106231
487.000000 0.106415
488.000000 0.106799
489.000000 0.107382
490.000000 0.107917
491.000000 0.108893
492.000000 0.110064
493.000000 0.111380
494.000000 0.113111
495.000000 0.114606
496.000000 0.115838
497.000000 0.117066
498.000000 0.118831
499.000000 0.120913
500.000000 0.123128
501.000000 0.125634
502.000000 0.128057
503.000000 0.130602
504.000000 0.133258
505.000000 0.136034
506.000000 0.138794
507.000000 0.141451
508.000000 0.143848
509.000000 0.146387
510.000000 0.149210
511.000000 0.152141
512.000000 0.154749
513.000000 0.157017
514.000000 0.158987
515.000000 0.160882
516.000000 0.162763
517.000000 0.164234
518.000000 0.165692
519.000000 0.167102
520.000000 0.168468
521.000000 0.169825
522.000000 0.171318
523.000000 0.172489
524.000000 0.173404
525.000000 0.174638
526.000000 0.175609
527.000000 0.176357
528.000000 0.177465
529.000000 0.178906
530.000000 0.180679
531.000000 0.182973
532.000000 0.185240
533.000000 0.187662
534.000000 0.190545
535.000000 0.193511
536.000000 0.196879
537.000000 0.200668
538.000000 0.204949
539.000000 0.209921
540.000000 0.215447
541.000000 0.221376
542.000000 0.227179
543.000000 0.232970
544.000000 0.239120
545.000000 0.244827
546.000000 0.249891
547.000000 0.254823
548.000000 0.259331
549.000000 0.263100
550.000000 0.265825
551.000000 0.267492
552.000000 0.268352
553.000000 0.268077
554.000000 0.266809
555.000000 0.264363
556.000000 0.260923
557.000000 0.256701
558.000000 0.251392
559.000000 0.245386
560.000000 0.238573
561.000000 0.231236
562.000000 0.223228
563.000000 0.214783
564.000000 0.206182
565.000000 0.197494
566.000000 0.188815
567.000000 0.179961
568.000000 0.171391
569.000000 0.162972
570.000000 0.154884
571.000000 0.147268
572.000000 0.139989
573.000000 0.133119
574.000000 0.126595
575.000000 0.121025
576.000000 0.116140
577.000000 0.111186
578.000000 0.106685
579.000000 0.102777
580.000000 0.099298
581.000000 0.096041
582.000000 0.093056
583.000000 0.090577
584.000000 0.088631
585.000000 0.086964
586.000000 0.085297
587.000000 0.083787
588.000000 0.082422
589.000000 0.081379
590.000000 0.080527
591.000000 0.079860
592.000000 0.079344
593.000000 0.078690
594.000000 0.078267
595.000000 0.078114
596.000000 0.077794
597.000000 0.077472
598.000000 0.077336
599.000000 0.077259
600.000000 0.077346
601.000000 0.077634
602.000000 0.077989
603.000000 0.078401
604.000000 0.078869
605.000000 0.079423
606.000000 0.080128
607.000000 0.080840
608.000000 0.081586
609.000000 0.082578
610.000000 0.083678
611.000000 0.084782
612.000000 0.086024
613.000000 0.087380
614.000000 0.088783
615.000000 0.090341
616.000000 0.092047
617.000000 0.093926
618.000000 0.096052
619.000000 0.098291
620.000000 0.100641
621.000000 0.103134
622.000000 0.105716
623.000000 0.108396
624.000000 0.111337
625.000000 0.114368
626.000000 0.117409
627.000000 0.120620
628.000000 0.123793
629.000000 0.127056
630.000000 0.130581
631.000000 0.134131
632.000000 0.137487
633.000000 0.140856
634.000000 0.144407
635.000000 0.147806
636.000000 0.151097
637.000000 0.154462
638.000000 0.157663
639.000000 0.160746
640.000000 0.163808
641.000000 0.166774
642.000000 0.169486
643.000000 0.171955
644.000000 0.174320
645.000000 0.176566
646.000000 0.178729
647.000000 0.180784
648.000000 0.182710
649.000000 0.184429
650.000000 0.186062
651.000000 0.187666
652.000000 0.189223
653.000000 0.190692
654.000000 0.191998
655.000000 0.193328
656.000000 0.194763
657.000000 0.196190
658.000000 0.197692
659.000000 0.199361
660.000000 0.201122
661.000000 0.202946
662.000000 0.204967
663.000000 0.207293
664.000000 0.209871
665.000000 0.212603
666.000000 0.215541
667.000000 0.218896
668.000000 0.222700
669.000000 0.226687
670.000000 0.230879
671.000000 0.235543
672.000000 0.240684
673.000000 0.246270
674.000000 0.251895
675.000000 0.257854
676.000000 0.264574
677.000000 0.271793
678.000000 0.279427
679.000000 0.287062
680.000000 0.294920
681.000000 0.303386
682.000000 0.312274
683.000000 0.321513
684.000000 0.330671
685.000000 0.339798
686.000000 0.349276
687.000000 0.358977
688.000000 0.368626
689.000000 0.378029
690.000000 0.386907
691.000000 0.395463
692.000000 0.403956
693.000000 0.412029
694.000000 0.419587
695.000000 0.426601
696.000000 0.432709
697.000000 0.438002
698.000000 0.442732
699.000000 0.446695
700.000000 0.449734
701.000000 0.451741
702.000000 0.452824
703.000000 0.452997
704.000000 0.452177
705.000000 0.450335
706.000000 0.447543
707.000000 0.443820
708.000000 0.439133
709.000000 0.433529
710.000000 0.427319
711.000000 0.420430
712.000000 0.412606
713.000000 0.404037
714.000000 0.394790
715.000000 0.384958
716.000000 0.374638
717.000000 0.363939
718.000000 0.352943
719.000000 0.342153
720.000000 0.331386
721.000000 0.320193
722.000000 0.308785
723.000000 0.297358
724.000000 0.285991
725.000000 0.274748
726.000000 0.263752
727.000000 0.252796
728.000000 0.241897
729.000000 0.231211
730.000000 0.220710
731.000000 0.211064
732.000000 0.201940
733.000000 0.192504
734.000000 0.183134
735.000000 0.174012
736.000000 0.165072
737.000000 0.156478
738.000000 0.148156
739.000000 0.140034
740.000000 0.132246
741.000000 0.124775
742.000000 0.117635
743.000000 0.110863
744.000000 0.104407
745.000000 0.098156
746.000000 0.092202
747.000000 0.086520
748.000000 0.081130
749.000000 0.076044
750.000000 0.071145
751.000000 0.066548
752.000000 0.062206
753.000000 0.058096
754.000000 0.054285
755.000000 0.050721
756.000000 0.047353
757.000000 0.044090
758.000000 0.040997
759.000000 0.038189
760.000000 0.035621
761.000000 0.033227
762.000000 0.030985
763.000000 0.028925
764.000000 0.027060
765.000000 0.025262
766.000000 0.023567
767.000000 0.021997
768.000000 0.020516
769.000000 0.019206
770.000000 0.018038
771.000000 0.017013
772.000000 0.016114
773.000000 0.015292
774.000000 0.014549
775.000000 0.013904
776.000000 0.013221
777.000000 0.012552
778.000000 0.011934
779.000000 0.011335
780.000000 0.010879
781.000000 0.010518
782.000000 0.010241
783.000000 0.009995
784.000000 0.009736
785.000000 0.009485
786.000000 0.009251
787.000000 0.009090
788.000000 0.008932
789.000000 0.008758
790.000000 0.008604
791.000000 0.008477
792.000000 0.008432
793.000000 0.008380
794.000000 0.008307
795.000000 0.008275
796.000000 0.008272
797.000000 0.008268
798.000000 0.008214
799.000000 0.008172
800.000000 0.008161
801.000000 0.008132
802.000000 0.008099
803.000000 0.008073
804.000000 0.008066
805.000000 0.008053
806.000000 0.008042
807.000000 0.007991
808.000000 0.007914
809.000000 0.007857
810.000000 0.007783
811.000000 0.007703
812.000000 0.007642
813.000000 0.007619
814.000000 0.007620
815.000000 0.007609
816.000000 0.007505
817.000000 0.007395
818.000000 0.007337
819.000000 0.007228
820.000000 0.007067
821.000000 0.006893
822.000000 0.006762
823.000000 0.006676
824.000000 0.006535
825.000000 0.006404
826.000000 0.006348
827.000000 0.006281
828.000000 0.006180
829.000000 0.006018
830.000000 0.005841
831.000000 0.005680
832.000000 0.005522
833.000000 0.005390
834.000000 0.005233
835.000000 0.005085
836.000000 0.004937
837.000000 0.004759
838.000000 0.004617
839.000000 0.004469
840.000000 0.004286
841.000000 0.004131
842.000000 0.003975
843.000000 0.003799
844.000000 0.003658
845.000000 0.003532
846.000000 0.003361
847.000000 0.003188
848.000000 0.003063
849.000000 0.002957
850.000000 0.002872
851.000000 0.002770
852.000000 0.002624
853.000000 0.002495
854.000000 0.002379
855.000000 0.002254
856.000000 0.002195
857.000000 0.002123
858.000000 0.002007
859.000000 0.001910
860.000000 0.001839
861.000000 0.001764
862.000000 0.001702
863.000000 0.001685
864.000000 0.001661
865.000000 0.001593
866.000000 0.001529
867.000000 0.001493
868.000000 0.001469
869.000000 0.001409
870.000000 0.001324
871.000000 0.001234
872.000000 0.001154
873.000000 0.001125
874.000000 0.001098
875.000000 0.001052
876.000000 0.001015
877.000000 0.000987
878.000000 0.000958
879.000000 0.000911
880.000000 0.000839
881.000000 0.000786
882.000000 0.000729
883.000000 0.000679
884.000000 0.000636
885.000000 0.000569
886.000000 0.000545
887.000000 0.000523
888.000000 0.000472
889.000000 0.000448
890.000000 0.000438
891.000000 0.000464
892.000000 0.000486
893.000000 0.000456
894.000000 0.000422
895.000000 0.000389
896.000000 0.000364
897.000000 0.000347
898.000000 0.000334
899.000000 0.000342
900.000000 0.000350
