315.000000 0.199905
316.000000 0.200437
317.000000 0.202612
318.000000 0.205009
319.000000 0.207322
320.000000 0.209277
321.000000 0.210092
322.000000 0.211163
323.000000 0.212700
324.000000 0.214147
325.000000 0.216197
326.000000 0.218477
327.000000 0.220388
328.000000 0.222058
329.000000 0.223691
330.000000 0.224874
331.000000 0.226040
332.000000 0.227916
333.000000 0.229751
334.000000 0.231088
335.000000 0.232800
336.000000 0.234804
337.000000 0.236180
338.000000 0.237105
339.000000 0.238438
340.000000 0.239879
341.000000 0.241302
342.000000 0.242189
343.000000 0.242706
344.000000 0.243526
345.000000 0.243985
346.000000 0.243989
347.000000 0.243973
348.000000 0.243885
349.000000 0.243658
350.000000 0.243328
351.000000 0.242612
352.000000 0.241863
353.000000 0.241189
354.000000 0.240271
355.000000 0.239093
356.000000 0.237746
357.000000 0.236592
358.000000 0.235514
359.000000 0.234396
360.000000 0.233168
361.000000 0.231659
362.000000 0.230225
363.000000 0.228932
364.000000 0.227476
365.000000 0.226024
366.000000 0.224681
367.000000 0.223300
368.000000 0.221909
369.000000 0.220501
370.000000 0.220239
371.000000 0.220292
372.000000 0.219586
373.000000 0.218262
374.000000 0.216669
375.000000 0.215144
376.000000 0.213333
377.000000 0.211781
378.000000 0.210247
379.000000 0.208762
380.000000 0.207398
381.000000 0.206189
382.000000 0.205709
383.000000 0.205205
384.000000 0.204351
385.000000 0.203639
386.000000 0.203237
387.000000 0.203328
388.000000 0.203198
389.000000 0.202883
390.000000 0.203001
391.000000 0.203313
392.000000 0.203787
393.000000 0.204140
394.000000 0.204567
395.000000 0.205373
396.000000 0.206105
397.000000 0.206717
398.000000 0.207232
399.000000 0.207895
400.000000 0.208950
401.000000 0.210327
402.000000 0.211338
403.000000 0.212056
404.000000 0.212764
405.000000 0.213342
406.000000 0.214204
407.000000 0.214947
408.000000 0.215490
409.000000 0.216117
410.000000 0.216897
411.000000 0.217574
412.000000 0.217929
413.000000 0.218402
414.000000 0.218989
415.000000 0.219252
416.000000 0.219352
417.000000 0.219656
418.000000 0.220109
419.000000 0.220548
420.000000 0.221031
421.000000 0.221483
422.000000 0.222119
423.000000 0.222925
424.000000 0.223596
425.000000 0.224196
426.000000 0.224598
427.000000 0.224972
428.000000 0.225215
429.000000 0.225078
430.000000 0.224634
431.000000 0.224168
432.000000 0.223514
433.000000 0.222465
434.000000 0.221046
435.000000 0.219140
436.000000 0.216958
437.000000 0.214484
438.000000 0.211735
439.000000 0.208899
440.000000 0.205748
441.000000 0.202402
442.000000 0.198982
443.000000 0.195261
444.000000 0.191205
445.000000 0.186946
446.000000 0.182406
447.000000 0.177846
448.000000 0.173228
449.000000 0.168429
450.000000 0.163725
451.000000 0.158863
452.000000 0.154010
453.000000 0.149464
454.000000 0.144855
455.000000 0.140310
456.000000 0.135938
457.000000 0.131579
458.000000 0.127347
459.000000 0.123148
460.000000 0.119241
461.000000 0.115686
462.000000 0.112078
463.000000 0.108557
464.000000 0.105116
465.000000 0.101756
466.000000 0.098814
467.000000 0.096023
468.000000 0.093301
469.000000 0.090687
470.000000 0.088197
471.000000 0.085980
472.000000 0.083819
473.000000 0.081723
474.000000 0.079819
475.000000 0.078122
476.000000 0.076561
477.000000 0.075082
478.000000 0.073777
479.000000 0.072644
480.000000 0.071566
481.000000 0.070574
482.000000 0.069716
483.000000 0.068988
484.000000 0.068321
485.000000 0.067707
486.000000 0.067200
487.000000 0.066800
488.000000 0.066574
489.000000 0.066964
490.000000 0.067511
491.000000 0.068125
492.000000 0.068713
493.000000 0.068903
494.000000 0.069298
495.000000 0.069871
496.000000 0.070504
497.000000 0.070738
498.000000 0.071034
499.000000 0.071667
500.000000 0.072254
501.000000 0.073200
502.000000 0.074346
503.000000 0.075686
504.000000 0.077105
505.000000 0.078134
506.000000 0.079229
507.000000 0.080234
508.000000 0.081192
509.000000 0.082577
510.000000 0.083892
511.000000 0.085250
512.000000 0.086630
513.000000 0.087647
514.000000 0.088633
515.000000 0.089582
516.000000 0.090507
517.000000 0.091457
518.000000 0.092129
519.000000 0.092535
520.000000 0.092981
521.000000 0.093824
522.000000 0.094614
523.000000 0.095264
524.000000 0.095672
525.000000 0.095770
526.000000 0.096090
527.000000 0.096435
528.000000 0.096871
529.000000 0.097802
530.000000 0.098780
531.000000 0.099863
532.000000 0.101226
533.000000 0.102619
534.000000 0.104297
535.000000 0.106375
536.000000 0.108427
537.000000 0.110453
538.000000 0.112729
539.000000 0.115317
540.000000 0.118147
541.000000 0.121079
542.000000 0.124384
543.000000 0.127922
544.000000 0.131064
545.000000 0.134151
546.000000 0.137112
547.000000 0.139794
548.000000 0.142350
549.000000 0.144349
550.000000 0.145919
551.000000 0.147164
552.000000 0.148113
553.000000 0.148441
554.000000 0.148045
555.000000 0.147225
556.000000 0.146051
557.000000 0.144227
558.000000 0.141761
559.000000 0.139031
560.000000 0.136170
561.000000 0.133180
562.000000 0.129723
563.000000 0.125838
564.000000 0.121937
565.000000 0.118160
566.000000 0.114298
567.000000 0.110235
568.000000 0.106433
569.000000 0.102740
570.000000 0.099166
571.000000 0.095870
572.000000 0.092862
573.000000 0.090209
574.000000 0.087669
575.000000 0.085387
576.000000 0.083505
577.000000 0.082114
578.000000 0.081002
579.000000 0.079911
580.000000 0.079095
581.000000 0.078463
582.000000 0.077820
583.000000 0.077474
584.000000 0.077451
585.000000 0.077488
586.000000 0.077513
587.000000 0.077613
588.000000 0.077894
589.000000 0.078328
590.000000 0.078888
591.000000 0.079577
592.000000 0.080445
593.000000 0.081341
594.000000 0.082180
595.000000 0.083094
596.000000 0.084217
597.000000 0.085425
598.000000 0.086540
599.000000 0.087734
600.000000 0.089061
601.000000 0.090405
602.000000 0.091702
603.000000 0.093051
604.000000 0.094624
605.000000 0.096214
606.000000 0.097866
607.000000 0.099718
608.000000 0.101689
609.000000 0.103815
610.000000 0.106147
611.000000 0.108593
612.000000 0.111212
613.000000 0.113986
614.000000 0.116904
615.000000 0.120161
616.000000 0.123457
617.000000 0.126856
618.000000 0.130610
619.000000 0.134561
620.000000 0.138713
621.000000 0.143203
622.000000 0.147701
623.000000 0.152260
624.000000 0.157229
625.000000 0.162296
626.000000 0.167424
627.000000 0.172824
628.000000 0.178230
629.000000 0.183750
630.000000 0.189523
631.000000 0.195373
632.000000 0.201027
633.000000 0.206567
634.000000 0.212321
635.000000 0.217870
636.000000 0.223294
637.000000 0.228884
638.000000 0.234209
639.000000 0.239248
640.000000 0.244210
641.000000 0.248968
642.000000 0.253245
643.000000 0.257239
644.000000 0.261221
645.000000 0.264896
646.000000 0.268315
647.000000 0.271604
648.000000 0.274668
649.000000 0.277430
650.000000 0.280043
651.000000 0.282602
652.000000 0.285038
653.000000 0.287326
654.000000 0.289482
655.000000 0.291686
656.000000 0.293934
657.000000 0.296099
658.000000 0.298371
659.000000 0.300912
660.000000 0.303668
661.000000 0.306527
662.000000 0.309656
663.000000 0.313266
664.000000 0.317403
665.000000 0.321823
666.000000 0.326506
667.000000 0.331763
668.000000 0.337602
669.000000 0.343770
670.000000 0.350385
671.000000 0.357839
672.000000 0.366004
673.000000 0.374903
674.000000 0.383989
675.000000 0.393478
676.000000 0.404083
677.000000 0.415523
678.000000 0.427638
679.000000 0.439822
680.000000 0.452359
681.000000 0.465912
682.000000 0.480145
683.000000 0.494868
684.000000 0.509470
685.000000 0.524076
686.000000 0.539324
687.000000 0.554830
688.000000 0.570231
689.000000 0.585420
690.000000 0.599822
691.000000 0.613675
692.000000 0.627444
693.000000 0.640591
694.000000 0.652950
695.000000 0.664401
696.000000 0.674464
697.000000 0.683182
698.000000 0.690939
699.000000 0.697524
700.000000 0.702572
701.000000 0.706052
702.000000 0.708071
703.000000 0.708521
704.000000 0.707327
705.000000 0.704533
706.000000 0.700226
707.000000 0.694320
708.000000 0.686778
709.000000 0.677741
710.000000 0.667762
711.000000 0.656705
712.000000 0.644260
713.000000 0.630595
714.000000 0.615840
715.000000 0.600194
716.000000 0.583784
717.000000 0.566643
718.000000 0.548940
719.000000 0.531720
720.000000 0.514462
721.000000 0.496402
722.000000 0.478132
723.000000 0.459877
724.000000 0.441847
725.000000 0.423949
726.000000 0.406198
727.000000 0.388769
728.000000 0.371516
729.000000 0.354460
730.000000 0.337749
731.000000 0.322438
732.000000 0.307888
733.000000 0.293009
734.000000 0.278263
735.000000 0.263807
736.000000 0.249763
737.000000 0.236202
738.000000 0.223093
739.000000 0.210452
740.000000 0.198280
741.000000 0.186569
742.000000 0.175424
743.000000 0.164823
744.000000 0.154646
745.000000 0.144858
746.000000 0.135576
747.000000 0.126730
748.000000 0.118308
749.000000 0.110356
750.000000 0.102890
751.000000 0.095828
752.000000 0.089065
753.000000 0.082684
754.000000 0.076706
755.000000 0.071121
756.000000 0.065926
757.000000 0.061090
758.000000 0.056571
759.000000 0.052295
760.000000 0.048303
761.000000 0.044625
762.000000 0.041233
763.000000 0.038090
764.000000 0.035159
765.000000 0.032432
766.000000 0.029894
767.000000 0.027562
768.000000 0.025466
769.000000 0.023559
770.000000 0.021811
771.000000 0.020262
772.000000 0.018775
773.000000 0.017427
774.000000 0.016248
775.000000 0.015150
776.000000 0.014134
777.000000 0.013204
778.000000 0.012349
779.000000 0.011577
780.000000 0.010936
781.000000 0.010366
782.000000 0.009852
783.000000 0.009414
784.000000 0.008996
785.000000 0.008598
786.000000 0.008212
787.000000 0.007830
788.000000 0.007597
789.000000 0.007395
790.000000 0.007192
791.000000 0.007054
792.000000 0.006862
793.000000 0.006745
794.000000 0.006648
795.000000 0.006548
796.000000 0.006522
797.000000 0.006464
798.000000 0.006398
799.000000 0.006345
800.000000 0.006313
801.000000 0.006276
802.000000 0.006260
803.000000 0.006280
804.000000 0.006285
805.000000 0.006224
806.000000 0.006181
807.000000 0.006153
808.000000 0.006125
809.000000 0.006119
810.000000 0.006088
811.000000 0.006048
812.000000 0.006015
813.000000 0.005997
814.000000 0.005979
815.000000 0.005936
816.000000 0.005869
817.000000 0.005789
818.000000 0.005691
819.000000 0.005653
820.000000 0.005650
821.000000 0.005656
822.000000 0.005590
823.000000 0.005485
824.000000 0.005483
825.000000 0.005437
826.000000 0.005322
827.000000 0.005211
828.000000 0.005111
829.000000 0.005067
830.000000 0.005017
831.000000 0.004951
832.000000 0.004892
833.000000 0.004791
834.000000 0.004695
835.000000 0.004666
836.000000 0.004614
837.000000 0.004457
838.000000 0.004310
839.000000 0.004233
840.000000 0.004172
841.000000 0.004111
842.000000 0.004029
843.000000 0.003959
844.000000 0.003954
845.000000 0.003908
846.000000 0.003829
847.000000 0.003749
848.000000 0.003622
849.000000 0.003498
850.000000 0.003431
851.000000 0.003414
852.000000 0.003364
853.000000 0.003294
854.000000 0.003247
855.000000 0.003232
856.000000 0.003208
857.000000 0.003178
858.000000 0.003138
859.000000 0.003081
860.000000 0.003015
861.000000 0.002928
862.000000 0.002877
863.000000 0.002883
864.000000 0.002934
865.000000 0.002923
866.000000 0.002823
867.000000 0.002741
868.000000 0.002699
869.000000 0.002656
870.000000 0.002615
871.000000 0.002623
872.000000 0.002648
873.000000 0.002607
874.000000 0.002531
875.000000 0.002508
876.000000 0.002479
877.000000 0.002446
878.000000 0.002452
879.000000 0.002450
880.000000 0.002438
881.000000 0.002426
882.000000 0.002386
883.000000 0.002338
884.000000 0.002328
885.000000 0.002330
886.000000 0.002313
887.000000 0.002285
888.000000 0.002274
889.000000 0.002289
890.000000 0.002270
891.000000 0.002219
892.000000 0.002190
893.000000 0.002175
894.000000 0.002147
895.000000 0.002155
896.000000 0.002167
897.000000 0.002153
898.000000 0.002148
899.000000 0.002179
900.000000 0.002229
