315.000000 0.188639
316.000000 0.190775
317.000000 0.193230
318.000000 0.195473
319.000000 0.197206
320.000000 0.199154
321.000000 0.201343
322.000000 0.202593
323.000000 0.204224
324.000000 0.205636
325.000000 0.206376
326.000000 0.208104
327.000000 0.210668
328.000000 0.213441
329.000000 0.215761
330.000000 0.217531
331.000000 0.219179
332.000000 0.221236
333.000000 0.222961
334.000000 0.224120
335.000000 0.225461
336.000000 0.227359
337.000000 0.229575
338.000000 0.231387
339.000000 0.233033
340.000000 0.234437
341.000000 0.235373
342.000000 0.236310
343.000000 0.237259
344.000000 0.238086
345.000000 0.238837
346.000000 0.239445
347.000000 0.239811
348.000000 0.239922
349.000000 0.239885
350.000000 0.239821
351.000000 0.239280
352.000000 0.238366
353.000000 0.237537
354.000000 0.236816
355.000000 0.235941
356.000000 0.234701
357.000000 0.233396
358.000000 0.232104
359.000000 0.230805
360.000000 0.229475
361.000000 0.228259
362.000000 0.227119
363.000000 0.225785
364.000000 0.224401
365.000000 0.223032
366.000000 0.221664
367.000000 0.220284
368.000000 0.218704
369.000000 0.217044
370.000000 0.215696
371.000000 0.213842
372.000000 0.211561
373.000000 0.210547
374.000000 0.209684
375.000000 0.208249
376.000000 0.206801
377.000000 0.205224
378.000000 0.203493
379.000000 0.202117
380.000000 0.200906
381.000000 0.199308
382.000000 0.197938
383.000000 0.196710
384.000000 0.195944
385.000000 0.195773
386.000000 0.195449
387.000000 0.194976
388.000000 0.194972
389.000000 0.195308
390.000000 0.195636
391.000000 0.195767
392.000000 0.195832
393.000000 0.196120
394.000000 0.196486
395.000000 0.196961
396.000000 0.197652
397.000000 0.198476
398.000000 0.199226
399.000000 0.199972
400.000000 0.200945
401.000000 0.201860
402.000000 0.202661
403.000000 0.203369
404.000000 0.204014
405.000000 0.204739
406.000000 0.205452
407.000000 0.206069
408.000000 0.206524
409.000000 0.206935
410.000000 0.207075
411.000000 0.207171
412.000000 0.207535
413.000000 0.207972
414.000000 0.208447
415.000000 0.208665
416.000000 0.208887
417.000000 0.209224
418.000000 0.209586
419.000000 0.210283
420.000000 0.211096
421.000000 0.211722
422.000000 0.212259
423.000000 0.212913
424.000000 0.213725
425.000000 0.214504
426.000000 0.215304
427.000000 0.216008
428.000000 0.216493
429.000000 0.216793
430.000000 0.216993
431.000000 0.217043
432.000000 0.216681
433.000000 0.216068
434.000000 0.215216
435.000000 0.213948
436.000000 0.212307
437.000000 0.210321
438.000000 0.208032
439.000000 0.205357
440.000000 0.202346
441.000000 0.199250
442.000000 0.196098
443.000000 0.192429
444.000000 0.188258
445.000000 0.184044
446.000000 0.179606
447.000000 0.175035
448.000000 0.170201
449.000000 0.165268
450.000000 0.160612
451.000000 0.155777
452.000000 0.150728
453.000000 0.145932
454.000000 0.141124
455.000000 0.136330
456.000000 0.131736
457.000000 0.127179
458.000000 0.122856
459.000000 0.118655
460.000000 0.114632
461.000000 0.110818
462.000000 0.107010
463.000000 0.103338
464.000000 0.099707
465.000000 0.096158
466.000000 0.092986
467.000000 0.089954
468.000000 0.087080
469.000000 0.084403
470.000000 0.081839
471.000000 0.079501
472.000000 0.077276
473.000000 0.075043
474.000000 0.072872
475.000000 0.070955
476.000000 0.069299
477.000000 0.067692
478.000000 0.066196
479.000000 0.064846
480.000000 0.063657
481.000000 0.062542
482.000000 0.061466
483.000000 0.060546
484.000000 0.059713
485.000000 0.059027
486.000000 0.058413
487.000000 0.057925
488.000000 0.057595
489.000000 0.056947
490.000000 0.056252
491.000000 0.056121
492.000000 0.056153
493.000000 0.056376
494.000000 0.056939
495.000000 0.057354
496.000000 0.057549
497.000000 0.057754
498.000000 0.058133
499.000000 0.058627
500.000000 0.059046
501.000000 0.059522
502.000000 0.060346
503.000000 0.061369
504.000000 0.062361
505.000000 0.063059
506.000000 0.063677
507.000000 0.064591
508.000000 0.065448
509.000000 0.066211
510.000000 0.066998
511.000000 0.067808
512.000000 0.069075
513.000000 0.069999
514.000000 0.070275
515.000000 0.070672
516.000000 0.071244
517.000000 0.072180
518.000000 0.073054
519.000000 0.073629
520.000000 0.074498
521.000000 0.075358
522.000000 0.075900
523.000000 0.076547
524.000000 0.077138
525.000000 0.077342
526.000000 0.077347
527.000000 0.077634
528.000000 0.077855
529.000000 0.077882
530.000000 0.078450
531.000000 0.079674
532.000000 0.081223
533.000000 0.082760
534.000000 0.084347
535.000000 0.085855
536.000000 0.087444
537.000000 0.089156
538.000000 0.091247
539.000000 0.093470
540.000000 0.095519
541.000000 0.098195
542.000000 0.100580
543.000000 0.103039
544.000000 0.106014
545.000000 0.108849
546.000000 0.111449
547.000000 0.113562
548.000000 0.115508
549.000000 0.117262
550.000000 0.118741
551.000000 0.119744
552.000000 0.120280
553.000000 0.120564
554.000000 0.120447
555.000000 0.119862
556.000000 0.119122
557.000000 0.118152
558.000000 0.116568
559.000000 0.114576
560.000000 0.112426
561.000000 0.110129
562.000000 0.107466
563.000000 0.104693
564.000000 0.102002
565.000000 0.099359
566.000000 0.096590
567.000000 0.093680
568.000000 0.090914
569.000000 0.088394
570.000000 0.086093
571.000000 0.083926
572.000000 0.081970
573.000000 0.080149
574.000000 0.078581
575.000000 0.077363
576.000000 0.076384
577.000000 0.075587
578.000000 0.075027
579.000000 0.074660
580.000000 0.074486
581.000000 0.074455
582.000000 0.074537
583.000000 0.074781
584.000000 0.075189
585.000000 0.075702
586.000000 0.076308
587.000000 0.077144
588.000000 0.078124
589.000000 0.079263
590.000000 0.080429
591.000000 0.081627
592.000000 0.082944
593.000000 0.084257
594.000000 0.085441
595.000000 0.086574
596.000000 0.087823
597.000000 0.089182
598.000000 0.090722
599.000000 0.092435
600.000000 0.094124
601.000000 0.095743
602.000000 0.097350
603.000000 0.099108
604.000000 0.101138
605.000000 0.103097
606.000000 0.105106
607.000000 0.107446
608.000000 0.109889
609.000000 0.112449
610.000000 0.115213
611.000000 0.117994
612.000000 0.120965
613.000000 0.124182
614.000000 0.127608
615.000000 0.131347
616.000000 0.135163
617.000000 0.139137
618.000000 0.143473
619.000000 0.147899
620.000000 0.152534
621.000000 0.157634
622.000000 0.162923
623.000000 0.168293
624.000000 0.173899
625.000000 0.179591
626.000000 0.185423
627.000000 0.191641
628.000000 0.197861
629.000000 0.204163
630.000000 0.210750
631.000000 0.217400
632.000000 0.223869
633.000000 0.230348
634.000000 0.237073
635.000000 0.243445
636.000000 0.249623
637.000000 0.255971
638.000000 0.262056
639.000000 0.267881
640.000000 0.273660
641.000000 0.279226
642.000000 0.284231
643.000000 0.288832
644.000000 0.293416
645.000000 0.297659
646.000000 0.301568
647.000000 0.305331
648.000000 0.308874
649.000000 0.312100
650.000000 0.315122
651.000000 0.318064
652.000000 0.320853
653.000000 0.323432
654.000000 0.325926
655.000000 0.328553
656.000000 0.331189
657.000000 0.333750
658.000000 0.336409
659.000000 0.339325
660.000000 0.342474
661.000000 0.345777
662.000000 0.349379
663.000000 0.353504
664.000000 0.358144
665.000000 0.363126
666.000000 0.368511
667.000000 0.374540
668.000000 0.381198
669.000000 0.388214
670.000000 0.395835
671.000000 0.404429
672.000000 0.413700
673.000000 0.423650
674.000000 0.433775
675.000000 0.444483
676.000000 0.456563
677.000000 0.469530
678.000000 0.483181
679.000000 0.496949
680.000000 0.511212
681.000000 0.526585
682.000000 0.542628
683.000000 0.559214
684.000000 0.575695
685.000000 0.592304
686.000000 0.609669
687.000000 0.627302
688.000000 0.644822
689.000000 0.661976
690.000000 0.678244
691.000000 0.693904
692.000000 0.709456
693.000000 0.724395
694.000000 0.738551
695.000000 0.751702
696.000000 0.763218
697.000000 0.773217
698.000000 0.782179
699.000000 0.789784
700.000000 0.795680
701.000000 0.799771
702.000000 0.802112
703.000000 0.802755
704.000000 0.801663
705.000000 0.798704
706.000000 0.793929
707.000000 0.787483
708.000000 0.779190
709.000000 0.769110
710.000000 0.758005
711.000000 0.745604
712.000000 0.731427
713.000000 0.715975
714.000000 0.699439
715.000000 0.681867
716.000000 0.663325
717.000000 0.643943
718.000000 0.624001
719.000000 0.604514
720.000000 0.584978
721.000000 0.564505
722.000000 0.543695
723.000000 0.523010
724.000000 0.502532
725.000000 0.482226
726.000000 0.462231
727.000000 0.442455
728.000000 0.422823
729.000000 0.403458
730.000000 0.384466
731.000000 0.366988
732.000000 0.350367
733.000000 0.333419
734.000000 0.316690
735.000000 0.300336
736.000000 0.284427
737.000000 0.268896
738.000000 0.253823
739.000000 0.239340
740.000000 0.225423
741.000000 0.212053
742.000000 0.199330
743.000000 0.187222
744.000000 0.175563
745.000000 0.164390
746.000000 0.153821
747.000000 0.143747
748.000000 0.134075
749.000000 0.124893
750.000000 0.116230
751.000000 0.108037
752.000000 0.100313
753.000000 0.093057
754.000000 0.086265
755.000000 0.079837
756.000000 0.073735
757.000000 0.068140
758.000000 0.063015
759.000000 0.058110
760.000000 0.053416
761.000000 0.049102
762.000000 0.045131
763.000000 0.041411
764.000000 0.037964
765.000000 0.034790
766.000000 0.031857
767.000000 0.029204
768.000000 0.026803
769.000000 0.024554
770.000000 0.022506
771.000000 0.020631
772.000000 0.018900
773.000000 0.017297
774.000000 0.015819
775.000000 0.014517
776.000000 0.013257
777.000000 0.012052
778.000000 0.011053
779.000000 0.010221
780.000000 0.009454
781.000000 0.008717
782.000000 0.008039
783.000000 0.007434
784.000000 0.006875
785.000000 0.006363
786.000000 0.005957
787.000000 0.005655
788.000000 0.005368
789.000000 0.005043
790.000000 0.004770
791.000000 0.004560
792.000000 0.004355
793.000000 0.004219
794.000000 0.004092
795.000000 0.003940
796.000000 0.003803
797.000000 0.003671
798.000000 0.003565
799.000000 0.003489
800.000000 0.003420
801.000000 0.003356
802.000000 0.003321
803.000000 0.003328
804.000000 0.003296
805.000000 0.003213
806.000000 0.003137
807.000000 0.003072
808.000000 0.003041
809.000000 0.003022
810.000000 0.002985
811.000000 0.002993
812.000000 0.003015
813.000000 0.002974
814.000000 0.002881
815.000000 0.002862
816.000000 0.002846
817.000000 0.002786
818.000000 0.002750
819.000000 0.002719
820.000000 0.002669
821.000000 0.002552
822.000000 0.002505
823.000000 0.002504
824.000000 0.002426
825.000000 0.002355
826.000000 0.002343
827.000000 0.002289
828.000000 0.002229
829.000000 0.002171
830.000000 0.002108
831.000000 0.002059
832.000000 0.001961
833.000000 0.001854
834.000000 0.001736
835.000000 0.001690
836.000000 0.001686
837.000000 0.001638
838.000000 0.001562
839.000000 0.001469
840.000000 0.001406
841.000000 0.001359
842.000000 0.001327
843.000000 0.001302
844.000000 0.001251
845.000000 0.001202
846.000000 0.001144
847.000000 0.001101
848.000000 0.001041
849.000000 0.000928
850.000000 0.000872
851.000000 0.000841
852.000000 0.000796
853.000000 0.000734
854.000000 0.000664
855.000000 0.000638
856.000000 0.000608
857.000000 0.000541
858.000000 0.000497
859.000000 0.000502
860.000000 0.000518
861.000000 0.000479
862.000000 0.000424
863.000000 0.000408
864.000000 0.000393
865.000000 0.000417
866.000000 0.000449
867.000000 0.000437
868.000000 0.000400
869.000000 0.000355
870.000000 0.000320
871.000000 0.000306
872.000000 0.000291
873.000000 0.000302
874.000000 0.000315
875.000000 0.000292
876.000000 0.000274
877.000000 0.000269
878.000000 0.000227
879.000000 0.000195
880.000000 0.000206
881.000000 0.000229
882.000000 0.000245
883.000000 0.000221
884.000000 0.000189
885.000000 0.000163
886.000000 0.000120
887.000000 0.000092
888.000000 0.000083
889.000000 0.000077
890.000000 0.000071
891.000000 0.000050
892.000000 0.000026
893.000000 -0.000002
894.000000 -0.000024
895.000000 -0.000033
896.000000 0.000001
897.000000 0.000033
898.000000 0.000023
899.000000 0.000058
900.000000 0.000110
