315.000000 0.187868
316.000000 0.190399
317.000000 0.192802
318.000000 0.195215
319.000000 0.197193
320.000000 0.198816
321.000000 0.200830
322.000000 0.202657
323.000000 0.204336
324.000000 0.205614
325.000000 0.206708
326.000000 0.208577
327.000000 0.210834
328.000000 0.212768
329.000000 0.214710
330.000000 0.216797
331.000000 0.218815
332.000000 0.220889
333.000000 0.222313
334.000000 0.223378
335.000000 0.224878
336.000000 0.226835
337.000000 0.228685
338.000000 0.230439
339.000000 0.232275
340.000000 0.234208
341.000000 0.235600
342.000000 0.236138
343.000000 0.236610
344.000000 0.237494
345.000000 0.238355
346.000000 0.239055
347.000000 0.239677
348.000000 0.239911
349.000000 0.239672
350.000000 0.239427
351.000000 0.239110
352.000000 0.238553
353.000000 0.237885
354.000000 0.237257
355.000000 0.236519
356.000000 0.235474
357.000000 0.234352
358.000000 0.233074
359.000000 0.231772
360.000000 0.230291
361.000000 0.228739
362.000000 0.227395
363.000000 0.226121
364.000000 0.224947
365.000000 0.223620
366.000000 0.222099
367.000000 0.220540
368.000000 0.218979
369.000000 0.217425
370.000000 0.215876
371.000000 0.214326
372.000000 0.212518
373.000000 0.210996
374.000000 0.209668
375.000000 0.208483
376.000000 0.207093
377.000000 0.205209
378.000000 0.203536
379.000000 0.201990
380.000000 0.200412
381.000000 0.198854
382.000000 0.197736
383.000000 0.196948
384.000000 0.196244
385.000000 0.195603
386.000000 0.195043
387.000000 0.194829
388.000000 0.194768
389.000000 0.194954
390.000000 0.195371
391.000000 0.195609
392.000000 0.195776
393.000000 0.195984
394.000000 0.196365
395.000000 0.196880
396.000000 0.197485
397.000000 0.198048
398.000000 0.198832
399.000000 0.199984
400.000000 0.201045
401.000000 0.201830
402.000000 0.202582
403.000000 0.203303
404.000000 0.204000
405.000000 0.204740
406.000000 0.205476
407.000000 0.206142
408.000000 0.206675
409.000000 0.207216
410.000000 0.207535
411.000000 0.207904
412.000000 0.208418
413.000000 0.208830
414.000000 0.209198
415.000000 0.209290
416.000000 0.209285
417.000000 0.209474
418.000000 0.209795
419.000000 0.210187
420.000000 0.210831
421.000000 0.211632
422.000000 0.212285
423.000000 0.212951
424.000000 0.213692
425.000000 0.214410
426.000000 0.215270
427.000000 0.216065
428.000000 0.216542
429.000000 0.216851
430.000000 0.217221
431.000000 0.217505
432.000000 0.217177
433.000000 0.216507
434.000000 0.215783
435.000000 0.214672
436.000000 0.213069
437.000000 0.210991
438.000000 0.208580
439.000000 0.205941
440.000000 0.203017
441.000000 0.199911
442.000000 0.196755
443.000000 0.193229
444.000000 0.189226
445.000000 0.184969
446.000000 0.180414
447.000000 0.175725
448.000000 0.170838
449.000000 0.165956
450.000000 0.161310
451.000000 0.156425
452.000000 0.151306
453.000000 0.146462
454.000000 0.141635
455.000000 0.136737
456.000000 0.132013
457.000000 0.127381
458.000000 0.122979
459.000000 0.118668
460.000000 0.114522
461.000000 0.110693
462.000000 0.106888
463.000000 0.103159
464.000000 0.099505
465.000000 0.095894
466.000000 0.092663
467.000000 0.089552
468.000000 0.086519
469.000000 0.083705
470.000000 0.081064
471.000000 0.078707
472.000000 0.076434
473.000000 0.074170
474.000000 0.071993
475.000000 0.069990
476.000000 0.068254
477.000000 0.066601
478.000000 0.065037
479.000000 0.063617
480.000000 0.062361
481.000000 0.061240
482.000000 0.060202
483.000000 0.059251
484.000000 0.058368
485.000000 0.057616
486.000000 0.056880
487.000000 0.056277
488.000000 0.055838
489.000000 0.054925
490.000000 0.054356
491.000000 0.054570
492.000000 0.054760
493.000000 0.054909
494.000000 0.055003
495.000000 0.055377
496.000000 0.055698
497.000000 0.055780
498.000000 0.056237
499.000000 0.056937
500.000000 0.057645
501.000000 0.058239
502.000000 0.058988
503.000000 0.060034
504.000000 0.060798
505.000000 0.061106
506.000000 0.061552
507.000000 0.062255
508.000000 0.062760
509.000000 0.063361
510.000000 0.064249
511.000000 0.065231
512.000000 0.066540
513.000000 0.067370
514.000000 0.067767
515.000000 0.068372
516.000000 0.068795
517.000000 0.069464
518.000000 0.070286
519.000000 0.070851
520.000000 0.071613
521.000000 0.072405
522.000000 0.072687
523.000000 0.073037
524.000000 0.073559
525.000000 0.073740
526.000000 0.073884
527.000000 0.074362
528.000000 0.074716
529.000000 0.074908
530.000000 0.075517
531.000000 0.076651
532.000000 0.077988
533.000000 0.079495
534.000000 0.081178
535.000000 0.082440
536.000000 0.083957
537.000000 0.085644
538.000000 0.087406
539.000000 0.089667
540.000000 0.091809
541.000000 0.093947
542.000000 0.096136
543.000000 0.098577
544.000000 0.101350
545.000000 0.104060
546.000000 0.106497
547.000000 0.108602
548.000000 0.110428
549.000000 0.111994
550.000000 0.113064
551.000000 0.113839
552.000000 0.114464
553.000000 0.114855
554.000000 0.114798
555.000000 0.114311
556.000000 0.113651
557.000000 0.112661
558.000000 0.111290
559.000000 0.109519
560.000000 0.107368
561.000000 0.105149
562.000000 0.102772
563.000000 0.100278
564.000000 0.097892
565.000000 0.095465
566.000000 0.093010
567.000000 0.090558
568.000000 0.088194
569.000000 0.085934
570.000000 0.083872
571.000000 0.082014
572.000000 0.080341
573.000000 0.078727
574.000000 0.077365
575.000000 0.076416
576.000000 0.075482
577.000000 0.074738
578.000000 0.074402
579.000000 0.074332
580.000000 0.074411
581.000000 0.074447
582.000000 0.074666
583.000000 0.075117
584.000000 0.075692
585.000000 0.076340
586.000000 0.076985
587.000000 0.077792
588.000000 0.078725
589.000000 0.079864
590.000000 0.081188
591.000000 0.082558
592.000000 0.083955
593.000000 0.085259
594.000000 0.086464
595.000000 0.087717
596.000000 0.089136
597.000000 0.090642
598.000000 0.092272
599.000000 0.094041
600.000000 0.095736
601.000000 0.097395
602.000000 0.099076
603.000000 0.100965
604.000000 0.103110
605.000000 0.105086
606.000000 0.107127
607.000000 0.109585
608.000000 0.112092
609.000000 0.114633
610.000000 0.117499
611.000000 0.120482
612.000000 0.123573
613.000000 0.126856
614.000000 0.130400
615.000000 0.134284
616.000000 0.138192
617.000000 0.142263
618.000000 0.146738
619.000000 0.151298
620.000000 0.156055
621.000000 0.161272
622.000000 0.166642
623.000000 0.172179
624.000000 0.178016
625.000000 0.183810
626.000000 0.189746
627.000000 0.196120
628.000000 0.202482
629.000000 0.208893
630.000000 0.215573
631.000000 0.222351
632.000000 0.228944
633.000000 0.235580
634.000000 0.242519
635.000000 0.249126
636.000000 0.255521
637.000000 0.262030
638.000000 0.268280
639.000000 0.274281
640.000000 0.280183
641.000000 0.285861
642.000000 0.291023
643.000000 0.295789
644.000000 0.300529
645.000000 0.304871
646.000000 0.308847
647.000000 0.312762
648.000000 0.316483
649.000000 0.319835
650.000000 0.322956
651.000000 0.326020
652.000000 0.328918
653.000000 0.331566
654.000000 0.334109
655.000000 0.336758
656.000000 0.339435
657.000000 0.342032
658.000000 0.344738
659.000000 0.347724
660.000000 0.350968
661.000000 0.354366
662.000000 0.358051
663.000000 0.362263
664.000000 0.367014
665.000000 0.372140
666.000000 0.377633
667.000000 0.383783
668.000000 0.390617
669.000000 0.397770
670.000000 0.405542
671.000000 0.414335
672.000000 0.423774
673.000000 0.433904
674.000000 0.444215
675.000000 0.455140
676.000000 0.467496
677.000000 0.480729
678.000000 0.494737
679.000000 0.508935
680.000000 0.523484
681.000000 0.539092
682.000000 0.555517
683.000000 0.572542
684.000000 0.589434
685.000000 0.606382
686.000000 0.624120
687.000000 0.642202
688.000000 0.660169
689.000000 0.677888
690.000000 0.694660
691.000000 0.710685
692.000000 0.726635
693.000000 0.742035
694.000000 0.756589
695.000000 0.770039
696.000000 0.781875
697.000000 0.792229
698.000000 0.801536
699.000000 0.809400
700.000000 0.815553
701.000000 0.819961
702.000000 0.822524
703.000000 0.823325
704.000000 0.822334
705.000000 0.819435
706.000000 0.814748
707.000000 0.808268
708.000000 0.799816
709.000000 0.789608
710.000000 0.778383
711.000000 0.765831
712.000000 0.751460
713.000000 0.735649
714.000000 0.718718
715.000000 0.700789
716.000000 0.681841
717.000000 0.662034
718.000000 0.641654
719.000000 0.621742
720.000000 0.601724
721.000000 0.580773
722.000000 0.559463
723.000000 0.538183
724.000000 0.517152
725.000000 0.496338
726.000000 0.475842
727.000000 0.455593
728.000000 0.435506
729.000000 0.415711
730.000000 0.396239
731.000000 0.378281
732.000000 0.361194
733.000000 0.343770
734.000000 0.326576
735.000000 0.309658
736.000000 0.293183
737.000000 0.277249
738.000000 0.261855
739.000000 0.246989
740.000000 0.232658
741.000000 0.218956
742.000000 0.205929
743.000000 0.193490
744.000000 0.181541
745.000000 0.170077
746.000000 0.159196
747.000000 0.148812
748.000000 0.138812
749.000000 0.129329
750.000000 0.120433
751.000000 0.112011
752.000000 0.104000
753.000000 0.096448
754.000000 0.089424
755.000000 0.082828
756.000000 0.076562
757.000000 0.070729
758.000000 0.065355
759.000000 0.060269
760.000000 0.055438
761.000000 0.050983
762.000000 0.046842
763.000000 0.043002
764.000000 0.039463
765.000000 0.036150
766.000000 0.033069
767.000000 0.030261
768.000000 0.027734
769.000000 0.025446
770.000000 0.023321
771.000000 0.021366
772.000000 0.019604
773.000000 0.017996
774.000000 0.016504
775.000000 0.015118
776.000000 0.013774
777.000000 0.012548
778.000000 0.011513
779.000000 0.010644
780.000000 0.009883
781.000000 0.009153
782.000000 0.008440
783.000000 0.007791
784.000000 0.007237
785.000000 0.006718
786.000000 0.006292
787.000000 0.005915
788.000000 0.005551
789.000000 0.005258
790.000000 0.004998
791.000000 0.004763
792.000000 0.004549
793.000000 0.004373
794.000000 0.004200
795.000000 0.004038
796.000000 0.003921
797.000000 0.003779
798.000000 0.003628
799.000000 0.003493
800.000000 0.003398
801.000000 0.003323
802.000000 0.003267
803.000000 0.003259
804.000000 0.003232
805.000000 0.003163
806.000000 0.003141
807.000000 0.003148
808.000000 0.003123
809.000000 0.003053
810.000000 0.002940
811.000000 0.002910
812.000000 0.002908
813.000000 0.002821
814.000000 0.002739
815.000000 0.002703
816.000000 0.002647
817.000000 0.002621
818.000000 0.002635
819.000000 0.002601
820.000000 0.002536
821.000000 0.002477
822.000000 0.002435
823.000000 0.002417
824.000000 0.002360
825.000000 0.002279
826.000000 0.002255
827.000000 0.002202
828.000000 0.002102
829.000000 0.002015
830.000000 0.001997
831.000000 0.001952
832.000000 0.001860
833.000000 0.001792
834.000000 0.001744
835.000000 0.001706
836.000000 0.001627
837.000000 0.001572
838.000000 0.001526
839.000000 0.001414
840.000000 0.001365
841.000000 0.001357
842.000000 0.001343
843.000000 0.001353
844.000000 0.001312
845.000000 0.001235
846.000000 0.001190
847.000000 0.001175
848.000000 0.001150
849.000000 0.001104
850.000000 0.001052
851.000000 0.000990
852.000000 0.000930
853.000000 0.000864
854.000000 0.000791
855.000000 0.000762
856.000000 0.000746
857.000000 0.000706
858.000000 0.000668
859.000000 0.000650
860.000000 0.000646
861.000000 0.000604
862.000000 0.000557
863.000000 0.000519
864.000000 0.000489
865.000000 0.000478
866.000000 0.000481
867.000000 0.000526
868.000000 0.000527
869.000000 0.000473
870.000000 0.000437
871.000000 0.000421
872.000000 0.000427
873.000000 0.000433
874.000000 0.000411
875.000000 0.000380
876.000000 0.000366
877.000000 0.000366
878.000000 0.000348
879.000000 0.000315
880.000000 0.000293
881.000000 0.000311
882.000000 0.000318
883.000000 0.000296
884.000000 0.000259
885.000000 0.000223
886.000000 0.000214
887.000000 0.000210
888.000000 0.000189
889.000000 0.000161
890.000000 0.000143
891.000000 0.000111
892.000000 0.000085
893.000000 0.000088
894.000000 0.000095
895.000000 0.000087
896.000000 0.000120
897.000000 0.000154
898.000000 0.000146
899.000000 0.000178
900.000000 0.000225
