315.000000 0.208181
316.000000 0.209013
317.000000 0.210717
318.000000 0.213212
319.000000 0.215738
320.000000 0.218069
321.000000 0.219881
322.000000 0.221439
323.000000 0.222877
324.000000 0.224067
325.000000 0.225766
326.000000 0.227691
327.000000 0.229330
328.000000 0.231136
329.000000 0.232978
330.000000 0.234777
331.000000 0.236256
332.000000 0.237638
333.000000 0.239295
334.000000 0.240685
335.000000 0.241672
336.000000 0.243043
337.000000 0.244489
338.000000 0.245410
339.000000 0.246260
340.000000 0.247101
341.000000 0.247581
342.000000 0.248091
343.000000 0.248729
344.000000 0.248944
345.000000 0.248830
346.000000 0.248570
347.000000 0.248051
348.000000 0.247350
349.000000 0.246741
350.000000 0.245975
351.000000 0.244904
352.000000 0.243488
353.000000 0.241888
354.000000 0.240471
355.000000 0.239149
356.000000 0.237578
357.000000 0.235906
358.000000 0.234618
359.000000 0.233376
360.000000 0.232019
361.000000 0.230885
362.000000 0.229797
363.000000 0.228550
364.000000 0.227427
365.000000 0.226315
366.000000 0.225140
367.000000 0.224055
368.000000 0.223119
369.000000 0.222120
370.000000 0.221486
371.000000 0.220961
372.000000 0.219788
373.000000 0.218904
374.000000 0.218384
375.000000 0.217558
376.000000 0.216713
377.000000 0.215645
378.000000 0.214721
379.000000 0.213779
380.000000 0.213030
381.000000 0.213165
382.000000 0.213116
383.000000 0.212705
384.000000 0.212555
385.000000 0.212687
386.000000 0.213121
387.000000 0.213724
388.000000 0.214147
389.000000 0.214721
390.000000 0.215177
391.000000 0.215609
392.000000 0.216742
393.000000 0.217859
394.000000 0.218831
395.000000 0.219941
396.000000 0.220899
397.000000 0.222049
398.000000 0.223501
399.000000 0.224893
400.000000 0.226198
401.000000 0.227601
402.000000 0.228934
403.000000 0.230245
404.000000 0.231597
405.000000 0.232838
406.000000 0.233888
407.000000 0.235036
408.000000 0.236118
409.000000 0.236921
410.000000 0.238012
411.000000 0.239005
412.000000 0.239794
413.000000 0.240621
414.000000 0.241377
415.000000 0.242169
416.000000 0.242883
417.000000 0.243574
418.000000 0.244253
419.000000 0.244972
420.000000 0.245776
421.000000 0.246653
422.000000 0.247440
423.000000 0.248063
424.000000 0.248756
425.000000 0.249245
426.000000 0.249256
427.000000 0.248910
428.000000 0.248374
429.000000 0.247556
430.000000 0.246224
431.000000 0.244444
432.000000 0.242309
433.000000 0.239960
434.000000 0.237490
435.000000 0.234683
436.000000 0.231510
437.000000 0.228074
438.000000 0.224434
439.000000 0.220839
440.000000 0.216989
441.000000 0.213063
442.000000 0.209239
443.000000 0.205070
444.000000 0.200706
445.000000 0.196449
446.000000 0.192036
447.000000 0.187512
448.000000 0.182931
449.000000 0.178390
450.000000 0.174123
451.000000 0.169753
452.000000 0.165351
453.000000 0.161259
454.000000 0.157216
455.000000 0.153212
456.000000 0.149332
457.000000 0.145608
458.000000 0.142159
459.000000 0.138746
460.000000 0.135508
461.000000 0.132580
462.000000 0.129692
463.000000 0.126880
464.000000 0.124192
465.000000 0.121612
466.000000 0.119399
467.000000 0.117348
468.000000 0.115364
469.000000 0.113528
470.000000 0.111773
471.000000 0.110224
472.000000 0.108792
473.000000 0.107343
474.000000 0.105915
475.000000 0.104718
476.000000 0.103778
477.000000 0.102937
478.000000 0.102229
479.000000 0.101593
480.000000 0.101010
481.000000 0.100651
482.000000 0.100405
483.000000 0.100222
484.000000 0.100149
485.000000 0.100186
486.000000 0.100361
487.000000 0.100646
488.000000 0.100953
489.000000 0.101323
490.000000 0.101717
491.000000 0.102353
492.000000 0.103452
493.000000 0.104699
494.000000 0.106476
495.000000 0.108137
496.000000 0.109461
497.000000 0.110630
498.000000 0.111839
499.000000 0.113529
500.000000 0.115501
501.000000 0.117504
502.000000 0.119685
503.000000 0.121995
504.000000 0.124346
505.000000 0.126820
506.000000 0.129181
507.000000 0.131911
508.000000 0.134510
509.000000 0.136770
510.000000 0.139080
511.000000 0.141598
512.000000 0.144005
513.000000 0.146158
514.000000 0.148310
515.000000 0.150347
516.000000 0.151955
517.000000 0.153173
518.000000 0.154324
519.000000 0.155456
520.000000 0.156673
521.000000 0.157816
522.000000 0.158891
523.000000 0.159726
524.000000 0.160495
525.000000 0.161448
526.000000 0.162611
527.000000 0.163995
528.000000 0.165183
529.000000 0.166347
530.000000 0.167835
531.000000 0.169717
532.000000 0.171632
533.000000 0.173992
534.000000 0.176854
535.000000 0.179716
536.000000 0.182828
537.000000 0.186205
538.000000 0.190213
539.000000 0.194997
540.000000 0.200178
541.000000 0.205658
542.000000 0.211246
543.000000 0.216579
544.000000 0.221795
545.000000 0.226987
546.000000 0.231968
547.000000 0.236704
548.000000 0.240639
549.000000 0.243924
550.000000 0.246538
551.000000 0.248031
552.000000 0.248689
553.000000 0.248301
554.000000 0.247073
555.000000 0.244938
556.000000 0.241980
557.000000 0.238196
558.000000 0.233435
559.000000 0.228111
560.000000 0.221957
561.000000 0.215165
562.000000 0.207889
563.000000 0.200370
564.000000 0.192594
565.000000 0.184762
566.000000 0.176899
567.000000 0.168739
568.000000 0.160982
569.000000 0.153368
570.000000 0.146053
571.000000 0.139266
572.000000 0.132844
573.000000 0.126649
574.000000 0.120647
575.000000 0.115526
576.000000 0.111022
577.000000 0.106671
578.000000 0.102763
579.000000 0.099246
580.000000 0.096030
581.000000 0.093077
582.000000 0.090499
583.000000 0.088424
584.000000 0.086718
585.000000 0.085241
586.000000 0.083754
587.000000 0.082498
588.000000 0.081562
589.000000 0.080896
590.000000 0.080389
591.000000 0.080029
592.000000 0.079734
593.000000 0.079231
594.000000 0.078916
595.000000 0.078777
596.000000 0.078506
597.000000 0.078358
598.000000 0.078462
599.000000 0.078665
600.000000 0.078987
601.000000 0.079428
602.000000 0.079898
603.000000 0.080441
604.000000 0.080986
605.000000 0.081597
606.000000 0.082452
607.000000 0.083406
608.000000 0.084393
609.000000 0.085504
610.000000 0.086703
611.000000 0.087972
612.000000 0.089430
613.000000 0.090996
614.000000 0.092664
615.000000 0.094566
616.000000 0.096519
617.000000 0.098564
618.000000 0.100887
619.000000 0.103338
620.000000 0.105923
621.000000 0.108735
622.000000 0.111564
623.000000 0.114471
624.000000 0.117661
625.000000 0.120918
626.000000 0.124262
627.000000 0.127836
628.000000 0.131351
629.000000 0.134894
630.000000 0.138708
631.000000 0.142572
632.000000 0.146242
633.000000 0.149903
634.000000 0.153717
635.000000 0.157408
636.000000 0.161035
637.000000 0.164701
638.000000 0.168157
639.000000 0.171546
640.000000 0.174920
641.000000 0.178128
642.000000 0.181038
643.000000 0.183677
644.000000 0.186329
645.000000 0.188857
646.000000 0.191177
647.000000 0.193367
648.000000 0.195420
649.000000 0.197301
650.000000 0.199113
651.000000 0.200901
652.000000 0.202627
653.000000 0.204215
654.000000 0.205617
655.000000 0.207038
656.000000 0.208594
657.000000 0.210144
658.000000 0.211717
659.000000 0.213489
660.000000 0.215444
661.000000 0.217438
662.000000 0.219603
663.000000 0.222135
664.000000 0.224966
665.000000 0.227941
666.000000 0.231167
667.000000 0.234808
668.000000 0.238846
669.000000 0.243102
670.000000 0.247626
671.000000 0.252695
672.000000 0.258230
673.000000 0.264239
674.000000 0.270318
675.000000 0.276736
676.000000 0.283998
677.000000 0.291795
678.000000 0.300036
679.000000 0.308309
680.000000 0.316776
681.000000 0.325931
682.000000 0.335537
683.000000 0.345450
684.000000 0.355306
685.000000 0.365167
686.000000 0.375428
687.000000 0.385865
688.000000 0.396219
689.000000 0.406349
690.000000 0.415958
691.000000 0.425226
692.000000 0.434420
693.000000 0.443211
694.000000 0.451432
695.000000 0.459020
696.000000 0.465620
697.000000 0.471371
698.000000 0.476523
699.000000 0.480773
700.000000 0.484037
701.000000 0.486299
702.000000 0.487539
703.000000 0.487696
704.000000 0.486799
705.000000 0.484859
706.000000 0.481822
707.000000 0.477749
708.000000 0.472704
709.000000 0.466661
710.000000 0.459949
711.000000 0.452544
712.000000 0.444194
713.000000 0.434996
714.000000 0.425050
715.000000 0.414518
716.000000 0.403437
717.000000 0.391878
718.000000 0.379966
719.000000 0.368304
720.000000 0.356654
721.000000 0.344494
722.000000 0.332101
723.000000 0.319696
724.000000 0.307427
725.000000 0.295334
726.000000 0.283466
727.000000 0.271725
728.000000 0.260026
729.000000 0.248507
730.000000 0.237170
731.000000 0.226711
732.000000 0.216821
733.000000 0.206706
734.000000 0.196719
735.000000 0.186945
736.000000 0.177300
737.000000 0.167952
738.000000 0.158976
739.000000 0.150262
740.000000 0.141869
741.000000 0.133861
742.000000 0.126257
743.000000 0.118950
744.000000 0.111944
745.000000 0.105219
746.000000 0.098756
747.000000 0.092592
748.000000 0.086759
749.000000 0.081219
750.000000 0.075974
751.000000 0.071043
752.000000 0.066335
753.000000 0.061892
754.000000 0.057789
755.000000 0.053933
756.000000 0.050267
757.000000 0.046817
758.000000 0.043582
759.000000 0.040590
760.000000 0.037779
761.000000 0.035144
762.000000 0.032731
763.000000 0.030509
764.000000 0.028485
765.000000 0.026579
766.000000 0.024760
767.000000 0.023072
768.000000 0.021532
769.000000 0.020123
770.000000 0.018830
771.000000 0.017678
772.000000 0.016624
773.000000 0.015692
774.000000 0.014883
775.000000 0.014150
776.000000 0.013361
777.000000 0.012611
778.000000 0.011975
779.000000 0.011379
780.000000 0.010896
781.000000 0.010494
782.000000 0.010147
783.000000 0.009806
784.000000 0.009498
785.000000 0.009246
786.000000 0.009034
787.000000 0.008863
788.000000 0.008699
789.000000 0.008510
790.000000 0.008300
791.000000 0.008161
792.000000 0.008098
793.000000 0.008004
794.000000 0.007918
795.000000 0.007847
796.000000 0.007775
797.000000 0.007725
798.000000 0.007661
799.000000 0.007655
800.000000 0.007630
801.000000 0.007543
802.000000 0.007515
803.000000 0.007489
804.000000 0.007472
805.000000 0.007465
806.000000 0.007472
807.000000 0.007418
808.000000 0.007325
809.000000 0.007264
810.000000 0.007184
811.000000 0.007117
812.000000 0.007058
813.000000 0.007054
814.000000 0.007025
815.000000 0.006955
816.000000 0.006826
817.000000 0.006704
818.000000 0.006669
819.000000 0.006591
820.000000 0.006465
821.000000 0.006300
822.000000 0.006145
823.000000 0.006040
824.000000 0.005906
825.000000 0.005791
826.000000 0.005751
827.000000 0.005698
828.000000 0.005597
829.000000 0.005468
830.000000 0.005342
831.000000 0.005184
832.000000 0.004995
833.000000 0.004848
834.000000 0.004706
835.000000 0.004598
836.000000 0.004492
837.000000 0.004354
838.000000 0.004215
839.000000 0.004062
840.000000 0.003911
841.000000 0.003723
842.000000 0.003566
843.000000 0.003464
844.000000 0.003348
845.000000 0.003245
846.000000 0.003132
847.000000 0.003018
848.000000 0.002907
849.000000 0.002811
850.000000 0.002736
851.000000 0.002604
852.000000 0.002441
853.000000 0.002360
854.000000 0.002296
855.000000 0.002213
856.000000 0.002155
857.000000 0.002023
858.000000 0.001867
859.000000 0.001782
860.000000 0.001729
861.000000 0.001668
862.000000 0.001628
863.000000 0.001631
864.000000 0.001619
865.000000 0.001556
866.000000 0.001459
867.000000 0.001322
868.000000 0.001244
869.000000 0.001194
870.000000 0.001136
871.000000 0.001078
872.000000 0.001012
873.000000 0.000957
874.000000 0.000902
875.000000 0.000905
876.000000 0.000891
877.000000 0.000837
878.000000 0.000809
879.000000 0.000798
880.000000 0.000721
881.000000 0.000645
882.000000 0.000602
883.000000 0.000543
884.000000 0.000493
885.000000 0.000447
886.000000 0.000425
887.000000 0.000422
888.000000 0.000395
889.000000 0.000369
890.000000 0.000374
891.000000 0.000390
892.000000 0.000387
893.000000 0.000357
894.000000 0.000333
895.000000 0.000296
896.000000 0.000278
897.000000 0.000281
898.000000 0.000260
899.000000 0.000249
900.000000 0.000250
