315.000000 0.190721
316.000000 0.192353
317.000000 0.193763
318.000000 0.195091
319.000000 0.196800
320.000000 0.198846
321.000000 0.201319
322.000000 0.203259
323.000000 0.204647
324.000000 0.206374
325.000000 0.207754
326.000000 0.209015
327.000000 0.210819
328.000000 0.213155
329.000000 0.215631
330.000000 0.217889
331.000000 0.219508
332.000000 0.220898
333.000000 0.222579
334.000000 0.224750
335.000000 0.227020
336.000000 0.228700
337.000000 0.229823
338.000000 0.230937
339.000000 0.232221
340.000000 0.233741
341.000000 0.235380
342.000000 0.236616
343.000000 0.237452
344.000000 0.238006
345.000000 0.238736
346.000000 0.239542
347.000000 0.240220
348.000000 0.240458
349.000000 0.240381
350.000000 0.240192
351.000000 0.239521
352.000000 0.238634
353.000000 0.237956
354.000000 0.237392
355.000000 0.236475
356.000000 0.235275
357.000000 0.234162
358.000000 0.232969
359.000000 0.231807
360.000000 0.230629
361.000000 0.229266
362.000000 0.227873
363.000000 0.226485
364.000000 0.225064
365.000000 0.223643
366.000000 0.222285
367.000000 0.220780
368.000000 0.219200
369.000000 0.217607
370.000000 0.215797
371.000000 0.214465
372.000000 0.212897
373.000000 0.210577
374.000000 0.208744
375.000000 0.207003
376.000000 0.205225
377.000000 0.203403
378.000000 0.201780
379.000000 0.200471
380.000000 0.198970
381.000000 0.197666
382.000000 0.196464
383.000000 0.195064
384.000000 0.194230
385.000000 0.193611
386.000000 0.192864
387.000000 0.192446
388.000000 0.192028
389.000000 0.191934
390.000000 0.192220
391.000000 0.192458
392.000000 0.192888
393.000000 0.193336
394.000000 0.193665
395.000000 0.194258
396.000000 0.195069
397.000000 0.195641
398.000000 0.195983
399.000000 0.196483
400.000000 0.197069
401.000000 0.198019
402.000000 0.199064
403.000000 0.199810
404.000000 0.200518
405.000000 0.201266
406.000000 0.202020
407.000000 0.202739
408.000000 0.203438
409.000000 0.203956
410.000000 0.204223
411.000000 0.204584
412.000000 0.204730
413.000000 0.204675
414.000000 0.204840
415.000000 0.205315
416.000000 0.205897
417.000000 0.206421
418.000000 0.206973
419.000000 0.207533
420.000000 0.208146
421.000000 0.208785
422.000000 0.209412
423.000000 0.210069
424.000000 0.210860
425.000000 0.211695
426.000000 0.212542
427.000000 0.213463
428.000000 0.214335
429.000000 0.214908
430.000000 0.215312
431.000000 0.215405
432.000000 0.215194
433.000000 0.214922
434.000000 0.214400
435.000000 0.213291
436.000000 0.211726
437.000000 0.209868
438.000000 0.207696
439.000000 0.205278
440.000000 0.202359
441.000000 0.199074
442.000000 0.195687
443.000000 0.191932
444.000000 0.187862
445.000000 0.183752
446.000000 0.179286
447.000000 0.174633
448.000000 0.169904
449.000000 0.165098
450.000000 0.160321
451.000000 0.155297
452.000000 0.150191
453.000000 0.145335
454.000000 0.140424
455.000000 0.135511
456.000000 0.130743
457.000000 0.126104
458.000000 0.121769
459.000000 0.117330
460.000000 0.112945
461.000000 0.108924
462.000000 0.104952
463.000000 0.101178
464.000000 0.097590
465.000000 0.094070
466.000000 0.090848
467.000000 0.087724
468.000000 0.084705
469.000000 0.081796
470.000000 0.079010
471.000000 0.076568
472.000000 0.074233
473.000000 0.072012
474.000000 0.069835
475.000000 0.067713
476.000000 0.065867
477.000000 0.064158
478.000000 0.062610
479.000000 0.061156
480.000000 0.059778
481.000000 0.058494
482.000000 0.057267
483.000000 0.056208
484.000000 0.055286
485.000000 0.054462
486.000000 0.053733
487.000000 0.053112
488.000000 0.052573
489.000000 0.052269
490.000000 0.051832
491.000000 0.051314
492.000000 0.050896
493.000000 0.050366
494.000000 0.050146
495.000000 0.050231
496.000000 0.050523
497.000000 0.051013
498.000000 0.051240
499.000000 0.051440
500.000000 0.051791
501.000000 0.052132
502.000000 0.052863
503.000000 0.053811
504.000000 0.054667
505.000000 0.055403
506.000000 0.056088
507.000000 0.056802
508.000000 0.057458
509.000000 0.058025
510.000000 0.058721
511.000000 0.059451
512.000000 0.059896
513.000000 0.060278
514.000000 0.060792
515.000000 0.061247
516.000000 0.061716
517.000000 0.062247
518.000000 0.062556
519.000000 0.062909
520.000000 0.063542
521.000000 0.064064
522.000000 0.064337
523.000000 0.064623
524.000000 0.065190
525.000000 0.065789
526.000000 0.065846
527.000000 0.066043
528.000000 0.066824
529.000000 0.067370
530.000000 0.067937
531.000000 0.068741
532.000000 0.069615
533.000000 0.070521
534.000000 0.071670
535.000000 0.073141
536.000000 0.074431
537.000000 0.075606
538.000000 0.077139
539.000000 0.079110
540.000000 0.081139
541.000000 0.083424
542.000000 0.085760
543.000000 0.087877
544.000000 0.089994
545.000000 0.092069
546.000000 0.094065
547.000000 0.096033
548.000000 0.097969
549.000000 0.099807
550.000000 0.101344
551.000000 0.102295
552.000000 0.102939
553.000000 0.103380
554.000000 0.103515
555.000000 0.103282
556.000000 0.102711
557.000000 0.101786
558.000000 0.100677
559.000000 0.099384
560.000000 0.097748
561.000000 0.096012
562.000000 0.094030
563.000000 0.092033
564.000000 0.090026
565.000000 0.088052
566.000000 0.086180
567.000000 0.084126
568.000000 0.082140
569.000000 0.080475
570.000000 0.079018
571.000000 0.077519
572.000000 0.076150
573.000000 0.074960
574.000000 0.074087
575.000000 0.073493
576.000000 0.073092
577.000000 0.072941
578.000000 0.072782
579.000000 0.072873
580.000000 0.073269
581.000000 0.073850
582.000000 0.074534
583.000000 0.075195
584.000000 0.075906
585.000000 0.076712
586.000000 0.077782
587.000000 0.079022
588.000000 0.080225
589.000000 0.081489
590.000000 0.082832
591.000000 0.084192
592.000000 0.085632
593.000000 0.087138
594.000000 0.088644
595.000000 0.089997
596.000000 0.091419
597.000000 0.093068
598.000000 0.094731
599.000000 0.096438
600.000000 0.098339
601.000000 0.100398
602.000000 0.102407
603.000000 0.104347
604.000000 0.106551
605.000000 0.108904
606.000000 0.111256
607.000000 0.113713
608.000000 0.116150
609.000000 0.118910
610.000000 0.122087
611.000000 0.125303
612.000000 0.128634
613.000000 0.132107
614.000000 0.135823
615.000000 0.139973
616.000000 0.144126
617.000000 0.148397
618.000000 0.153113
619.000000 0.157973
620.000000 0.163090
621.000000 0.168553
622.000000 0.173992
623.000000 0.179567
624.000000 0.185627
625.000000 0.191825
626.000000 0.198177
627.000000 0.204933
628.000000 0.211642
629.000000 0.218391
630.000000 0.225528
631.000000 0.232726
632.000000 0.239626
633.000000 0.246582
634.000000 0.253831
635.000000 0.260773
636.000000 0.267490
637.000000 0.274318
638.000000 0.280846
639.000000 0.287068
640.000000 0.293168
641.000000 0.299045
642.000000 0.304425
643.000000 0.309459
644.000000 0.314446
645.000000 0.319014
646.000000 0.323232
647.000000 0.327333
648.000000 0.331204
649.000000 0.334714
650.000000 0.337994
651.000000 0.341195
652.000000 0.344258
653.000000 0.347092
654.000000 0.349827
655.000000 0.352604
656.000000 0.355474
657.000000 0.358340
658.000000 0.361171
659.000000 0.364213
660.000000 0.367575
661.000000 0.371162
662.000000 0.375057
663.000000 0.379484
664.000000 0.384436
665.000000 0.389697
666.000000 0.395401
667.000000 0.401848
668.000000 0.408955
669.000000 0.416384
670.000000 0.424434
671.000000 0.433508
672.000000 0.443376
673.000000 0.454128
674.000000 0.465033
675.000000 0.476534
676.000000 0.489487
677.000000 0.503373
678.000000 0.518100
679.000000 0.532939
680.000000 0.548182
681.000000 0.564565
682.000000 0.581757
683.000000 0.599608
684.000000 0.617289
685.000000 0.635065
686.000000 0.653668
687.000000 0.672584
688.000000 0.691442
689.000000 0.709973
690.000000 0.727541
691.000000 0.744439
692.000000 0.761215
693.000000 0.777424
694.000000 0.792800
695.000000 0.807060
696.000000 0.819519
697.000000 0.830349
698.000000 0.840060
699.000000 0.848377
700.000000 0.855058
701.000000 0.859769
702.000000 0.862536
703.000000 0.863430
704.000000 0.862417
705.000000 0.859403
706.000000 0.854449
707.000000 0.847663
708.000000 0.838959
709.000000 0.828370
710.000000 0.816515
711.000000 0.803288
712.000000 0.788281
713.000000 0.771997
714.000000 0.754339
715.000000 0.735305
716.000000 0.715393
717.000000 0.694631
718.000000 0.673195
719.000000 0.652358
720.000000 0.631414
721.000000 0.609391
722.000000 0.587037
723.000000 0.564719
724.000000 0.542599
725.000000 0.520714
726.000000 0.499203
727.000000 0.477965
728.000000 0.456834
729.000000 0.435955
730.000000 0.415527
731.000000 0.396776
732.000000 0.378974
733.000000 0.360775
734.000000 0.342734
735.000000 0.325029
736.000000 0.307769
737.000000 0.291075
738.000000 0.274961
739.000000 0.259394
740.000000 0.244377
741.000000 0.229973
742.000000 0.216250
743.000000 0.203170
744.000000 0.190625
745.000000 0.178587
746.000000 0.167109
747.000000 0.156160
748.000000 0.145746
749.000000 0.135816
750.000000 0.126460
751.000000 0.117659
752.000000 0.109295
753.000000 0.101400
754.000000 0.093948
755.000000 0.086925
756.000000 0.080301
757.000000 0.074126
758.000000 0.068424
759.000000 0.063089
760.000000 0.058074
761.000000 0.053376
762.000000 0.049006
763.000000 0.044980
764.000000 0.041200
765.000000 0.037682
766.000000 0.034466
767.000000 0.031515
768.000000 0.028814
769.000000 0.026308
770.000000 0.024045
771.000000 0.022023
772.000000 0.020161
773.000000 0.018453
774.000000 0.016877
775.000000 0.015452
776.000000 0.014093
777.000000 0.012806
778.000000 0.011679
779.000000 0.010687
780.000000 0.009818
781.000000 0.009007
782.000000 0.008243
783.000000 0.007558
784.000000 0.006954
785.000000 0.006415
786.000000 0.005945
787.000000 0.005535
788.000000 0.005112
789.000000 0.004722
790.000000 0.004369
791.000000 0.004125
792.000000 0.003975
793.000000 0.003766
794.000000 0.003530
795.000000 0.003322
796.000000 0.003188
797.000000 0.003092
798.000000 0.002981
799.000000 0.002893
800.000000 0.002799
801.000000 0.002691
802.000000 0.002618
803.000000 0.002550
804.000000 0.002456
805.000000 0.002346
806.000000 0.002286
807.000000 0.002288
808.000000 0.002263
809.000000 0.002204
810.000000 0.002150
811.000000 0.002087
812.000000 0.002031
813.000000 0.001977
814.000000 0.001920
815.000000 0.001901
816.000000 0.001892
817.000000 0.001848
818.000000 0.001798
819.000000 0.001759
820.000000 0.001720
821.000000 0.001682
822.000000 0.001666
823.000000 0.001642
824.000000 0.001583
825.000000 0.001538
826.000000 0.001467
827.000000 0.001397
828.000000 0.001319
829.000000 0.001238
830.000000 0.001209
831.000000 0.001190
832.000000 0.001152
833.000000 0.001071
834.000000 0.001014
835.000000 0.001006
836.000000 0.000983
837.000000 0.000925
838.000000 0.000881
839.000000 0.000828
840.000000 0.000771
841.000000 0.000722
842.000000 0.000673
843.000000 0.000653
844.000000 0.000619
845.000000 0.000546
846.000000 0.000468
847.000000 0.000421
848.000000 0.000387
849.000000 0.000387
850.000000 0.000364
851.000000 0.000295
852.000000 0.000239
853.000000 0.000198
854.000000 0.000146
855.000000 0.000104
856.000000 0.000086
857.000000 0.000043
858.000000 -0.000017
859.000000 -0.000045
860.000000 -0.000005
861.000000 0.000036
862.000000 -0.000017
863.000000 -0.000107
864.000000 -0.000152
865.000000 -0.000180
866.000000 -0.000217
867.000000 -0.000264
868.000000 -0.000274
869.000000 -0.000255
870.000000 -0.000242
871.000000 -0.000233
872.000000 -0.000257
873.000000 -0.000281
874.000000 -0.000268
875.000000 -0.000246
876.000000 -0.000248
877.000000 -0.000260
878.000000 -0.000302
879.000000 -0.000358
880.000000 -0.000374
881.000000 -0.000370
882.000000 -0.000377
883.000000 -0.000359
884.000000 -0.000337
885.000000 -0.000356
886.000000 -0.000399
887.000000 -0.000418
888.000000 -0.000434
889.000000 -0.000427
890.000000 -0.000412
891.000000 -0.000417
892.000000 -0.000397
893.000000 -0.000397
894.000000 -0.000390
895.000000 -0.000362
896.000000 -0.000330
897.000000 -0.000294
898.000000 -0.000258
899.000000 -0.000258
900.000000 -0.000288
