315.000000 0.188649
316.000000 0.189711
317.000000 0.190490
318.000000 0.192165
319.000000 0.194216
320.000000 0.196490
321.000000 0.198929
322.000000 0.200641
323.000000 0.202142
324.000000 0.204236
325.000000 0.205883
326.000000 0.206845
327.000000 0.208139
328.000000 0.210175
329.000000 0.212461
330.000000 0.214787
331.000000 0.216994
332.000000 0.218907
333.000000 0.220781
334.000000 0.222679
335.000000 0.224335
336.000000 0.225517
337.000000 0.226493
338.000000 0.227895
339.000000 0.229757
340.000000 0.231661
341.000000 0.233199
342.000000 0.234392
343.000000 0.235461
344.000000 0.236292
345.000000 0.236966
346.000000 0.237504
347.000000 0.238022
348.000000 0.238355
349.000000 0.238454
350.000000 0.238455
351.000000 0.238127
352.000000 0.237506
353.000000 0.236698
354.000000 0.235865
355.000000 0.234962
356.000000 0.233950
357.000000 0.232933
358.000000 0.231718
359.000000 0.230402
360.000000 0.229009
361.000000 0.227592
362.000000 0.226277
363.000000 0.224882
364.000000 0.223409
365.000000 0.222045
366.000000 0.220726
367.000000 0.219182
368.000000 0.217505
369.000000 0.215836
370.000000 0.213632
371.000000 0.211060
372.000000 0.208949
373.000000 0.206979
374.000000 0.205562
375.000000 0.204418
376.000000 0.203043
377.000000 0.201551
378.000000 0.200084
379.000000 0.198735
380.000000 0.197182
381.000000 0.195835
382.000000 0.194204
383.000000 0.192474
384.000000 0.191504
385.000000 0.190783
386.000000 0.190131
387.000000 0.189818
388.000000 0.189592
389.000000 0.189471
390.000000 0.189529
391.000000 0.189584
392.000000 0.189858
393.000000 0.190426
394.000000 0.191056
395.000000 0.191502
396.000000 0.192113
397.000000 0.192704
398.000000 0.192876
399.000000 0.193196
400.000000 0.193841
401.000000 0.194842
402.000000 0.195870
403.000000 0.196736
404.000000 0.197492
405.000000 0.198215
406.000000 0.199051
407.000000 0.199746
408.000000 0.200212
409.000000 0.200595
410.000000 0.200827
411.000000 0.200988
412.000000 0.201106
413.000000 0.201221
414.000000 0.201369
415.000000 0.201807
416.000000 0.202417
417.000000 0.202800
418.000000 0.203154
419.000000 0.203864
420.000000 0.204680
421.000000 0.205393
422.000000 0.206095
423.000000 0.206796
424.000000 0.207866
425.000000 0.208986
426.000000 0.210024
427.000000 0.211012
428.000000 0.211885
429.000000 0.212604
430.000000 0.213110
431.000000 0.213353
432.000000 0.213374
433.000000 0.213309
434.000000 0.212902
435.000000 0.211933
436.000000 0.210582
437.000000 0.208878
438.000000 0.206853
439.000000 0.204444
440.000000 0.201550
441.000000 0.198444
442.000000 0.195188
443.000000 0.191494
444.000000 0.187451
445.000000 0.183326
446.000000 0.178884
447.000000 0.174172
448.000000 0.169334
449.000000 0.164481
450.000000 0.159661
451.000000 0.154639
452.000000 0.149491
453.000000 0.144582
454.000000 0.139645
455.000000 0.134686
456.000000 0.129850
457.000000 0.125117
458.000000 0.120713
459.000000 0.116310
460.000000 0.111996
461.000000 0.107932
462.000000 0.103823
463.000000 0.099940
464.000000 0.096223
465.000000 0.092568
466.000000 0.089266
467.000000 0.086105
468.000000 0.083023
469.000000 0.079999
470.000000 0.077126
471.000000 0.074516
472.000000 0.072020
473.000000 0.069766
474.000000 0.067565
475.000000 0.065395
476.000000 0.063475
477.000000 0.061720
478.000000 0.060145
479.000000 0.058629
480.000000 0.057145
481.000000 0.055765
482.000000 0.054514
483.000000 0.053457
484.000000 0.052539
485.000000 0.051646
486.000000 0.050829
487.000000 0.050116
488.000000 0.049450
489.000000 0.048595
490.000000 0.047760
491.000000 0.047508
492.000000 0.047349
493.000000 0.046765
494.000000 0.046234
495.000000 0.046076
496.000000 0.046351
497.000000 0.046962
498.000000 0.047123
499.000000 0.046965
500.000000 0.046979
501.000000 0.047100
502.000000 0.047630
503.000000 0.048472
504.000000 0.049290
505.000000 0.049998
506.000000 0.050815
507.000000 0.051422
508.000000 0.051714
509.000000 0.052180
510.000000 0.052829
511.000000 0.053332
512.000000 0.053661
513.000000 0.054120
514.000000 0.054530
515.000000 0.054926
516.000000 0.055283
517.000000 0.055502
518.000000 0.055638
519.000000 0.055914
520.000000 0.056307
521.000000 0.056645
522.000000 0.057029
523.000000 0.057420
524.000000 0.057838
525.000000 0.058364
526.000000 0.058405
527.000000 0.058597
528.000000 0.059256
529.000000 0.059458
530.000000 0.059817
531.000000 0.060407
532.000000 0.061163
533.000000 0.062183
534.000000 0.063193
535.000000 0.064393
536.000000 0.065750
537.000000 0.067166
538.000000 0.068635
539.000000 0.070082
540.000000 0.071780
541.000000 0.073844
542.000000 0.075987
543.000000 0.077885
544.000000 0.079638
545.000000 0.081646
546.000000 0.083651
547.000000 0.085403
548.000000 0.086982
549.000000 0.088642
550.000000 0.090198
551.000000 0.091229
552.000000 0.092083
553.000000 0.092744
554.000000 0.093023
555.000000 0.092888
556.000000 0.092518
557.000000 0.091996
558.000000 0.091261
559.000000 0.090203
560.000000 0.088910
561.000000 0.087574
562.000000 0.086119
563.000000 0.084730
564.000000 0.083225
565.000000 0.081654
566.000000 0.080187
567.000000 0.078574
568.000000 0.077103
569.000000 0.075903
570.000000 0.074779
571.000000 0.073771
572.000000 0.073003
573.000000 0.072407
574.000000 0.071976
575.000000 0.071698
576.000000 0.071667
577.000000 0.071756
578.000000 0.071925
579.000000 0.072306
580.000000 0.072801
581.000000 0.073432
582.000000 0.074136
583.000000 0.075075
584.000000 0.076208
585.000000 0.077575
586.000000 0.079042
587.000000 0.080352
588.000000 0.081579
589.000000 0.082836
590.000000 0.084333
591.000000 0.086017
592.000000 0.087688
593.000000 0.089267
594.000000 0.090830
595.000000 0.092356
596.000000 0.094035
597.000000 0.095908
598.000000 0.097747
599.000000 0.099697
600.000000 0.101872
601.000000 0.104109
602.000000 0.106245
603.000000 0.108396
604.000000 0.110772
605.000000 0.113235
606.000000 0.115763
607.000000 0.118455
608.000000 0.121184
609.000000 0.124101
610.000000 0.127399
611.000000 0.130832
612.000000 0.134342
613.000000 0.138075
614.000000 0.142103
615.000000 0.146436
616.000000 0.150779
617.000000 0.155359
618.000000 0.160372
619.000000 0.165520
620.000000 0.170949
621.000000 0.176758
622.000000 0.182620
623.000000 0.188610
624.000000 0.195032
625.000000 0.201536
626.000000 0.208257
627.000000 0.215435
628.000000 0.222481
629.000000 0.229554
630.000000 0.237039
631.000000 0.244638
632.000000 0.252077
633.000000 0.259472
634.000000 0.267044
635.000000 0.274386
636.000000 0.281534
637.000000 0.288807
638.000000 0.295806
639.000000 0.302524
640.000000 0.309077
641.000000 0.315372
642.000000 0.321119
643.000000 0.326482
644.000000 0.331791
645.000000 0.336626
646.000000 0.341133
647.000000 0.345504
648.000000 0.349579
649.000000 0.353313
650.000000 0.356884
651.000000 0.360398
652.000000 0.363723
653.000000 0.366782
654.000000 0.369680
655.000000 0.372606
656.000000 0.375638
657.000000 0.378638
658.000000 0.381637
659.000000 0.384890
660.000000 0.388486
661.000000 0.392301
662.000000 0.396416
663.000000 0.401090
664.000000 0.406284
665.000000 0.411779
666.000000 0.417785
667.000000 0.424621
668.000000 0.432156
669.000000 0.440003
670.000000 0.448456
671.000000 0.457982
672.000000 0.468436
673.000000 0.479797
674.000000 0.491248
675.000000 0.503289
676.000000 0.516671
677.000000 0.531203
678.000000 0.546777
679.000000 0.562359
680.000000 0.578399
681.000000 0.595630
682.000000 0.613706
683.000000 0.632526
684.000000 0.651232
685.000000 0.669973
686.000000 0.689551
687.000000 0.709465
688.000000 0.729341
689.000000 0.748964
690.000000 0.767580
691.000000 0.785425
692.000000 0.803218
693.000000 0.820513
694.000000 0.836804
695.000000 0.851913
696.000000 0.865207
697.000000 0.876798
698.000000 0.887312
699.000000 0.896286
700.000000 0.903431
701.000000 0.908599
702.000000 0.911709
703.000000 0.912845
704.000000 0.911971
705.000000 0.909018
706.000000 0.904069
707.000000 0.897098
708.000000 0.888044
709.000000 0.876923
710.000000 0.864583
711.000000 0.850879
712.000000 0.835205
713.000000 0.818089
714.000000 0.799565
715.000000 0.779709
716.000000 0.758830
717.000000 0.736958
718.000000 0.714401
719.000000 0.692370
720.000000 0.670246
721.000000 0.647050
722.000000 0.623472
723.000000 0.599897
724.000000 0.576535
725.000000 0.553486
726.000000 0.530799
727.000000 0.508356
728.000000 0.486052
729.000000 0.464001
730.000000 0.442365
731.000000 0.422504
732.000000 0.403545
733.000000 0.384196
734.000000 0.365098
735.000000 0.346371
736.000000 0.328109
737.000000 0.310395
738.000000 0.293291
739.000000 0.276754
740.000000 0.260772
741.000000 0.245462
742.000000 0.230901
743.000000 0.217005
744.000000 0.203693
745.000000 0.190914
746.000000 0.178712
747.000000 0.167034
748.000000 0.155927
749.000000 0.145369
750.000000 0.135380
751.000000 0.125973
752.000000 0.117107
753.000000 0.108714
754.000000 0.100750
755.000000 0.093273
756.000000 0.086211
757.000000 0.079622
758.000000 0.073530
759.000000 0.067784
760.000000 0.062346
761.000000 0.057305
762.000000 0.052693
763.000000 0.048445
764.000000 0.044433
765.000000 0.040676
766.000000 0.037209
767.000000 0.033990
768.000000 0.031087
769.000000 0.028419
770.000000 0.025920
771.000000 0.023666
772.000000 0.021609
773.000000 0.019738
774.000000 0.018000
775.000000 0.016373
776.000000 0.014814
777.000000 0.013370
778.000000 0.012140
779.000000 0.011095
780.000000 0.010173
781.000000 0.009344
782.000000 0.008615
783.000000 0.007896
784.000000 0.007223
785.000000 0.006645
786.000000 0.006155
787.000000 0.005703
788.000000 0.005219
789.000000 0.004812
790.000000 0.004485
791.000000 0.004207
792.000000 0.003992
793.000000 0.003748
794.000000 0.003469
795.000000 0.003233
796.000000 0.003061
797.000000 0.002887
798.000000 0.002690
799.000000 0.002533
800.000000 0.002402
801.000000 0.002300
802.000000 0.002266
803.000000 0.002204
804.000000 0.002121
805.000000 0.002058
806.000000 0.001975
807.000000 0.001880
808.000000 0.001797
809.000000 0.001764
810.000000 0.001750
811.000000 0.001691
812.000000 0.001628
813.000000 0.001566
814.000000 0.001524
815.000000 0.001536
816.000000 0.001546
817.000000 0.001520
818.000000 0.001507
819.000000 0.001481
820.000000 0.001409
821.000000 0.001353
822.000000 0.001331
823.000000 0.001259
824.000000 0.001141
825.000000 0.001075
826.000000 0.001024
827.000000 0.000986
828.000000 0.000947
829.000000 0.000908
830.000000 0.000877
831.000000 0.000851
832.000000 0.000816
833.000000 0.000746
834.000000 0.000709
835.000000 0.000691
836.000000 0.000666
837.000000 0.000607
838.000000 0.000555
839.000000 0.000539
840.000000 0.000474
841.000000 0.000412
842.000000 0.000408
843.000000 0.000428
844.000000 0.000435
845.000000 0.000408
846.000000 0.000342
847.000000 0.000267
848.000000 0.000215
849.000000 0.000212
850.000000 0.000215
851.000000 0.000162
852.000000 0.000086
853.000000 0.000029
854.000000 -0.000015
855.000000 -0.000075
856.000000 -0.000105
857.000000 -0.000127
858.000000 -0.000166
859.000000 -0.000181
860.000000 -0.000178
861.000000 -0.000166
862.000000 -0.000177
863.000000 -0.000211
864.000000 -0.000217
865.000000 -0.000223
866.000000 -0.000261
867.000000 -0.000301
868.000000 -0.000302
869.000000 -0.000299
870.000000 -0.000320
871.000000 -0.000348
872.000000 -0.000363
873.000000 -0.000372
874.000000 -0.000373
875.000000 -0.000347
876.000000 -0.000348
877.000000 -0.000354
878.000000 -0.000377
879.000000 -0.000423
880.000000 -0.000443
881.000000 -0.000445
882.000000 -0.000424
883.000000 -0.000403
884.000000 -0.000438
885.000000 -0.000478
886.000000 -0.000487
887.000000 -0.000475
888.000000 -0.000490
889.000000 -0.000522
890.000000 -0.000512
891.000000 -0.000529
892.000000 -0.000556
893.000000 -0.000574
894.000000 -0.000576
895.000000 -0.000527
896.000000 -0.000495
897.000000 -0.000464
898.000000 -0.000425
899.000000 -0.000431
900.000000 -0.000445
