315.000000 0.190297
316.000000 0.190692
317.000000 0.191273
318.000000 0.192821
319.000000 0.194942
320.000000 0.196839
321.000000 0.198330
322.000000 0.199643
323.000000 0.201192
324.000000 0.203350
325.000000 0.204963
326.000000 0.206065
327.000000 0.207881
328.000000 0.209940
329.000000 0.212115
330.000000 0.214359
331.000000 0.216441
332.000000 0.218142
333.000000 0.219783
334.000000 0.221686
335.000000 0.223413
336.000000 0.225094
337.000000 0.226622
338.000000 0.228058
339.000000 0.229514
340.000000 0.230956
341.000000 0.232459
342.000000 0.233776
343.000000 0.235011
344.000000 0.236220
345.000000 0.237033
346.000000 0.237489
347.000000 0.237930
348.000000 0.238222
349.000000 0.238487
350.000000 0.238645
351.000000 0.238297
352.000000 0.237613
353.000000 0.236800
354.000000 0.235980
355.000000 0.235092
356.000000 0.234108
357.000000 0.232836
358.000000 0.231263
359.000000 0.230023
360.000000 0.228839
361.000000 0.227481
362.000000 0.226141
363.000000 0.224635
364.000000 0.223069
365.000000 0.221672
366.000000 0.220444
367.000000 0.219078
368.000000 0.217566
369.000000 0.215972
370.000000 0.214343
371.000000 0.212810
372.000000 0.211151
373.000000 0.209094
374.000000 0.207061
375.000000 0.205232
376.000000 0.203399
377.000000 0.201755
378.000000 0.200249
379.000000 0.198722
380.000000 0.197235
381.000000 0.196018
382.000000 0.194604
383.000000 0.192897
384.000000 0.191896
385.000000 0.191217
386.000000 0.190673
387.000000 0.190396
388.000000 0.189927
389.000000 0.189605
390.000000 0.189715
391.000000 0.189934
392.000000 0.190160
393.000000 0.190381
394.000000 0.190539
395.000000 0.190797
396.000000 0.191336
397.000000 0.192024
398.000000 0.192490
399.000000 0.192934
400.000000 0.193535
401.000000 0.194440
402.000000 0.195536
403.000000 0.196347
404.000000 0.197033
405.000000 0.197748
406.000000 0.198457
407.000000 0.199106
408.000000 0.199531
409.000000 0.199918
410.000000 0.200316
411.000000 0.200779
412.000000 0.200900
413.000000 0.200946
414.000000 0.201291
415.000000 0.201775
416.000000 0.202223
417.000000 0.202518
418.000000 0.202927
419.000000 0.203501
420.000000 0.204174
421.000000 0.204750
422.000000 0.205307
423.000000 0.206125
424.000000 0.207276
425.000000 0.208406
426.000000 0.209508
427.000000 0.210555
428.000000 0.211423
429.000000 0.212010
430.000000 0.212429
431.000000 0.212789
432.000000 0.212906
433.000000 0.212811
434.000000 0.212428
435.000000 0.211626
436.000000 0.210406
437.000000 0.208746
438.000000 0.206696
439.000000 0.204345
440.000000 0.201623
441.000000 0.198539
442.000000 0.195202
443.000000 0.191480
444.000000 0.187349
445.000000 0.183087
446.000000 0.178605
447.000000 0.173975
448.000000 0.169166
449.000000 0.164262
450.000000 0.159438
451.000000 0.154359
452.000000 0.149182
453.000000 0.144334
454.000000 0.139423
455.000000 0.134478
456.000000 0.129696
457.000000 0.125005
458.000000 0.120524
459.000000 0.115982
460.000000 0.111613
461.000000 0.107583
462.000000 0.103513
463.000000 0.099581
464.000000 0.095825
465.000000 0.092202
466.000000 0.088894
467.000000 0.085658
468.000000 0.082559
469.000000 0.079529
470.000000 0.076624
471.000000 0.074050
472.000000 0.071576
473.000000 0.069261
474.000000 0.067041
475.000000 0.064880
476.000000 0.062984
477.000000 0.061234
478.000000 0.059576
479.000000 0.058008
480.000000 0.056556
481.000000 0.055218
482.000000 0.053926
483.000000 0.052754
484.000000 0.051697
485.000000 0.050776
486.000000 0.050016
487.000000 0.049385
488.000000 0.048736
489.000000 0.047925
490.000000 0.046971
491.000000 0.046283
492.000000 0.046049
493.000000 0.045910
494.000000 0.045714
495.000000 0.045464
496.000000 0.045652
497.000000 0.046141
498.000000 0.046029
499.000000 0.046107
500.000000 0.046348
501.000000 0.046302
502.000000 0.046644
503.000000 0.047242
504.000000 0.047909
505.000000 0.048663
506.000000 0.049531
507.000000 0.050032
508.000000 0.050268
509.000000 0.050907
510.000000 0.051526
511.000000 0.051837
512.000000 0.052071
513.000000 0.052484
514.000000 0.052809
515.000000 0.053020
516.000000 0.053412
517.000000 0.053837
518.000000 0.054155
519.000000 0.054523
520.000000 0.055114
521.000000 0.055687
522.000000 0.056289
523.000000 0.056870
524.000000 0.057274
525.000000 0.057519
526.000000 0.057587
527.000000 0.057933
528.000000 0.058421
529.000000 0.058650
530.000000 0.059066
531.000000 0.059797
532.000000 0.060599
533.000000 0.061283
534.000000 0.062088
535.000000 0.063326
536.000000 0.064434
537.000000 0.065503
538.000000 0.066843
539.000000 0.068303
540.000000 0.070167
541.000000 0.072353
542.000000 0.074309
543.000000 0.075742
544.000000 0.077272
545.000000 0.079234
546.000000 0.081193
547.000000 0.082819
548.000000 0.084318
549.000000 0.086016
550.000000 0.087587
551.000000 0.088663
552.000000 0.089341
553.000000 0.089888
554.000000 0.090105
555.000000 0.089917
556.000000 0.089614
557.000000 0.089081
558.000000 0.088288
559.000000 0.087268
560.000000 0.086091
561.000000 0.084905
562.000000 0.083539
563.000000 0.082140
564.000000 0.080715
565.000000 0.079282
566.000000 0.077925
567.000000 0.076574
568.000000 0.075360
569.000000 0.074190
570.000000 0.073161
571.000000 0.072250
572.000000 0.071499
573.000000 0.070986
574.000000 0.070711
575.000000 0.070618
576.000000 0.070736
577.000000 0.070930
578.000000 0.071102
579.000000 0.071545
580.000000 0.072173
581.000000 0.072934
582.000000 0.073805
583.000000 0.074840
584.000000 0.076049
585.000000 0.077397
586.000000 0.078853
587.000000 0.080231
588.000000 0.081627
589.000000 0.083056
590.000000 0.084582
591.000000 0.086278
592.000000 0.087933
593.000000 0.089598
594.000000 0.091321
595.000000 0.092998
596.000000 0.094806
597.000000 0.096679
598.000000 0.098464
599.000000 0.100431
600.000000 0.102675
601.000000 0.104967
602.000000 0.107104
603.000000 0.109213
604.000000 0.111587
605.000000 0.114076
606.000000 0.116587
607.000000 0.119247
608.000000 0.122014
609.000000 0.125031
610.000000 0.128367
611.000000 0.131829
612.000000 0.135447
613.000000 0.139194
614.000000 0.143240
615.000000 0.147723
616.000000 0.152165
617.000000 0.156748
618.000000 0.161796
619.000000 0.167003
620.000000 0.172485
621.000000 0.178356
622.000000 0.184247
623.000000 0.190256
624.000000 0.196759
625.000000 0.203395
626.000000 0.210201
627.000000 0.217483
628.000000 0.224643
629.000000 0.231738
630.000000 0.239243
631.000000 0.246938
632.000000 0.254412
633.000000 0.261826
634.000000 0.269457
635.000000 0.276855
636.000000 0.284084
637.000000 0.291444
638.000000 0.298450
639.000000 0.305097
640.000000 0.311635
641.000000 0.317957
642.000000 0.323751
643.000000 0.329173
644.000000 0.334589
645.000000 0.339580
646.000000 0.344157
647.000000 0.348568
648.000000 0.352762
649.000000 0.356638
650.000000 0.360263
651.000000 0.363761
652.000000 0.367048
653.000000 0.370087
654.000000 0.373001
655.000000 0.375942
656.000000 0.379007
657.000000 0.382005
658.000000 0.385009
659.000000 0.388297
660.000000 0.391887
661.000000 0.395692
662.000000 0.399803
663.000000 0.404515
664.000000 0.409804
665.000000 0.415408
666.000000 0.421480
667.000000 0.428371
668.000000 0.435988
669.000000 0.443932
670.000000 0.452435
671.000000 0.461924
672.000000 0.472374
673.000000 0.483811
674.000000 0.495370
675.000000 0.507556
676.000000 0.521277
677.000000 0.536036
678.000000 0.551653
679.000000 0.567383
680.000000 0.583566
681.000000 0.600949
682.000000 0.619165
683.000000 0.638071
684.000000 0.656880
685.000000 0.675744
686.000000 0.695466
687.000000 0.715580
688.000000 0.735640
689.000000 0.755411
690.000000 0.774164
691.000000 0.792210
692.000000 0.810255
693.000000 0.827671
694.000000 0.844082
695.000000 0.859362
696.000000 0.872829
697.000000 0.884611
698.000000 0.895243
699.000000 0.904344
700.000000 0.911681
701.000000 0.916972
702.000000 0.920174
703.000000 0.921369
704.000000 0.920531
705.000000 0.917600
706.000000 0.912536
707.000000 0.905451
708.000000 0.896386
709.000000 0.885246
710.000000 0.872775
711.000000 0.858963
712.000000 0.843173
713.000000 0.825868
714.000000 0.807150
715.000000 0.787101
716.000000 0.766081
717.000000 0.744053
718.000000 0.721227
719.000000 0.698986
720.000000 0.676805
721.000000 0.653533
722.000000 0.629745
723.000000 0.605894
724.000000 0.582190
725.000000 0.558900
726.000000 0.536088
727.000000 0.513490
728.000000 0.490933
729.000000 0.468620
730.000000 0.446809
731.000000 0.426773
732.000000 0.407666
733.000000 0.388159
734.000000 0.368964
735.000000 0.350119
736.000000 0.331696
737.000000 0.313817
738.000000 0.296493
739.000000 0.279773
740.000000 0.263629
741.000000 0.248147
742.000000 0.233388
743.000000 0.219313
744.000000 0.205883
745.000000 0.192987
746.000000 0.180665
747.000000 0.168863
748.000000 0.157624
749.000000 0.146995
750.000000 0.136934
751.000000 0.127415
752.000000 0.118396
753.000000 0.109859
754.000000 0.101811
755.000000 0.094254
756.000000 0.087152
757.000000 0.080504
758.000000 0.074312
759.000000 0.068530
760.000000 0.063155
761.000000 0.058113
762.000000 0.053365
763.000000 0.048992
764.000000 0.044898
765.000000 0.041091
766.000000 0.037603
767.000000 0.034385
768.000000 0.031430
769.000000 0.028735
770.000000 0.026263
771.000000 0.023986
772.000000 0.021904
773.000000 0.020023
774.000000 0.018344
775.000000 0.016761
776.000000 0.015173
777.000000 0.013691
778.000000 0.012391
779.000000 0.011288
780.000000 0.010379
781.000000 0.009590
782.000000 0.008843
783.000000 0.008086
784.000000 0.007369
785.000000 0.006740
786.000000 0.006193
787.000000 0.005713
788.000000 0.005267
789.000000 0.004846
790.000000 0.004479
791.000000 0.004190
792.000000 0.003992
793.000000 0.003810
794.000000 0.003584
795.000000 0.003346
796.000000 0.003149
797.000000 0.002979
798.000000 0.002796
799.000000 0.002632
800.000000 0.002489
801.000000 0.002428
802.000000 0.002381
803.000000 0.002264
804.000000 0.002194
805.000000 0.002176
806.000000 0.002142
807.000000 0.002057
808.000000 0.001955
809.000000 0.001913
810.000000 0.001905
811.000000 0.001842
812.000000 0.001741
813.000000 0.001693
814.000000 0.001693
815.000000 0.001676
816.000000 0.001682
817.000000 0.001678
818.000000 0.001628
819.000000 0.001573
820.000000 0.001511
821.000000 0.001449
822.000000 0.001443
823.000000 0.001444
824.000000 0.001388
825.000000 0.001295
826.000000 0.001202
827.000000 0.001166
828.000000 0.001104
829.000000 0.001031
830.000000 0.001028
831.000000 0.001012
832.000000 0.000968
833.000000 0.000917
834.000000 0.000854
835.000000 0.000806
836.000000 0.000789
837.000000 0.000724
838.000000 0.000639
839.000000 0.000577
840.000000 0.000490
841.000000 0.000445
842.000000 0.000446
843.000000 0.000466
844.000000 0.000462
845.000000 0.000402
846.000000 0.000348
847.000000 0.000310
848.000000 0.000254
849.000000 0.000224
850.000000 0.000216
851.000000 0.000181
852.000000 0.000141
853.000000 0.000105
854.000000 0.000047
855.000000 -0.000044
856.000000 -0.000083
857.000000 -0.000085
858.000000 -0.000111
859.000000 -0.000148
860.000000 -0.000164
861.000000 -0.000123
862.000000 -0.000128
863.000000 -0.000170
864.000000 -0.000200
865.000000 -0.000231
866.000000 -0.000239
867.000000 -0.000275
868.000000 -0.000295
869.000000 -0.000297
870.000000 -0.000315
871.000000 -0.000338
872.000000 -0.000338
873.000000 -0.000325
874.000000 -0.000336
875.000000 -0.000340
876.000000 -0.000334
877.000000 -0.000328
878.000000 -0.000373
879.000000 -0.000437
880.000000 -0.000436
881.000000 -0.000419
882.000000 -0.000411
883.000000 -0.000346
884.000000 -0.000294
885.000000 -0.000322
886.000000 -0.000335
887.000000 -0.000332
888.000000 -0.000358
889.000000 -0.000346
890.000000 -0.000333
891.000000 -0.000373
892.000000 -0.000411
893.000000 -0.000425
894.000000 -0.000421
895.000000 -0.000421
896.000000 -0.000420
897.000000 -0.000398
898.000000 -0.000381
899.000000 -0.000367
900.000000 -0.000347
