315.000000 0.187987
316.000000 0.189596
317.000000 0.190804
318.000000 0.192018
319.000000 0.193235
320.000000 0.195000
321.000000 0.197103
322.000000 0.198875
323.000000 0.200548
324.000000 0.202462
325.000000 0.204258
326.000000 0.205992
327.000000 0.207761
328.000000 0.209717
329.000000 0.211527
330.000000 0.213251
331.000000 0.214798
332.000000 0.216287
333.000000 0.218082
334.000000 0.220104
335.000000 0.222231
336.000000 0.223929
337.000000 0.225030
338.000000 0.226250
339.000000 0.227960
340.000000 0.230005
341.000000 0.231917
342.000000 0.233314
343.000000 0.234291
344.000000 0.235084
345.000000 0.235835
346.000000 0.236352
347.000000 0.236873
348.000000 0.237265
349.000000 0.237357
350.000000 0.237218
351.000000 0.236703
352.000000 0.236119
353.000000 0.235618
354.000000 0.235068
355.000000 0.234200
356.000000 0.233308
357.000000 0.232341
358.000000 0.231037
359.000000 0.229649
360.000000 0.228286
361.000000 0.226845
362.000000 0.225405
363.000000 0.224017
364.000000 0.222536
365.000000 0.221117
366.000000 0.219879
367.000000 0.218503
368.000000 0.216888
369.000000 0.215299
370.000000 0.213285
371.000000 0.210910
372.000000 0.208777
373.000000 0.206569
374.000000 0.204934
375.000000 0.203636
376.000000 0.201702
377.000000 0.199749
378.000000 0.198168
379.000000 0.196828
380.000000 0.195547
381.000000 0.194347
382.000000 0.192975
383.000000 0.191782
384.000000 0.190893
385.000000 0.189802
386.000000 0.189021
387.000000 0.188490
388.000000 0.187972
389.000000 0.187585
390.000000 0.187527
391.000000 0.187794
392.000000 0.188247
393.000000 0.188699
394.000000 0.188931
395.000000 0.189158
396.000000 0.189609
397.000000 0.190174
398.000000 0.190681
399.000000 0.191164
400.000000 0.191586
401.000000 0.192352
402.000000 0.193437
403.000000 0.194399
404.000000 0.195144
405.000000 0.195708
406.000000 0.196321
407.000000 0.197010
408.000000 0.197596
409.000000 0.197945
410.000000 0.198193
411.000000 0.198451
412.000000 0.198479
413.000000 0.198604
414.000000 0.198971
415.000000 0.199402
416.000000 0.199825
417.000000 0.200296
418.000000 0.200788
419.000000 0.201350
420.000000 0.202047
421.000000 0.202747
422.000000 0.203497
423.000000 0.204361
424.000000 0.205331
425.000000 0.206473
426.000000 0.207665
427.000000 0.208724
428.000000 0.209775
429.000000 0.210653
430.000000 0.211373
431.000000 0.211833
432.000000 0.211984
433.000000 0.211953
434.000000 0.211636
435.000000 0.210776
436.000000 0.209529
437.000000 0.207971
438.000000 0.206031
439.000000 0.203678
440.000000 0.200889
441.000000 0.197857
442.000000 0.194603
443.000000 0.190856
444.000000 0.186769
445.000000 0.182596
446.000000 0.178075
447.000000 0.173386
448.000000 0.168577
449.000000 0.163697
450.000000 0.158793
451.000000 0.153655
452.000000 0.148434
453.000000 0.143508
454.000000 0.138589
455.000000 0.133675
456.000000 0.128879
457.000000 0.124098
458.000000 0.119620
459.000000 0.115182
460.000000 0.110811
461.000000 0.106684
462.000000 0.102546
463.000000 0.098544
464.000000 0.094727
465.000000 0.091062
466.000000 0.087744
467.000000 0.084512
468.000000 0.081338
469.000000 0.078288
470.000000 0.075408
471.000000 0.072791
472.000000 0.070277
473.000000 0.067957
474.000000 0.065744
475.000000 0.063602
476.000000 0.061671
477.000000 0.059870
478.000000 0.058282
479.000000 0.056753
480.000000 0.055190
481.000000 0.053748
482.000000 0.052438
483.000000 0.051314
484.000000 0.050259
485.000000 0.049307
486.000000 0.048523
487.000000 0.047789
488.000000 0.047109
489.000000 0.046348
490.000000 0.045624
491.000000 0.045363
492.000000 0.045163
493.000000 0.044548
494.000000 0.044034
495.000000 0.043860
496.000000 0.043927
497.000000 0.044311
498.000000 0.044458
499.000000 0.044452
500.000000 0.044585
501.000000 0.044772
502.000000 0.044971
503.000000 0.045218
504.000000 0.045555
505.000000 0.045890
506.000000 0.046306
507.000000 0.046621
508.000000 0.046984
509.000000 0.047502
510.000000 0.048110
511.000000 0.048627
512.000000 0.048859
513.000000 0.049212
514.000000 0.049530
515.000000 0.049646
516.000000 0.050066
517.000000 0.050589
518.000000 0.050706
519.000000 0.050722
520.000000 0.050865
521.000000 0.051037
522.000000 0.051573
523.000000 0.052171
524.000000 0.052495
525.000000 0.052759
526.000000 0.053000
527.000000 0.053395
528.000000 0.053958
529.000000 0.054361
530.000000 0.054719
531.000000 0.055167
532.000000 0.055705
533.000000 0.056591
534.000000 0.057604
535.000000 0.058768
536.000000 0.059960
537.000000 0.060969
538.000000 0.062431
539.000000 0.064126
540.000000 0.065807
541.000000 0.067630
542.000000 0.069410
543.000000 0.071147
544.000000 0.072944
545.000000 0.074815
546.000000 0.076478
547.000000 0.078020
548.000000 0.079630
549.000000 0.081233
550.000000 0.082638
551.000000 0.083588
552.000000 0.084277
553.000000 0.084883
554.000000 0.085201
555.000000 0.085203
556.000000 0.084944
557.000000 0.084396
558.000000 0.083717
559.000000 0.082981
560.000000 0.082155
561.000000 0.081143
562.000000 0.079922
563.000000 0.078772
564.000000 0.077558
565.000000 0.076154
566.000000 0.074971
567.000000 0.073989
568.000000 0.073003
569.000000 0.071972
570.000000 0.071070
571.000000 0.070319
572.000000 0.069735
573.000000 0.069411
574.000000 0.069263
575.000000 0.069268
576.000000 0.069546
577.000000 0.069906
578.000000 0.070270
579.000000 0.071032
580.000000 0.071922
581.000000 0.072832
582.000000 0.073881
583.000000 0.074982
584.000000 0.076243
585.000000 0.077637
586.000000 0.079053
587.000000 0.080541
588.000000 0.082069
589.000000 0.083521
590.000000 0.085114
591.000000 0.086943
592.000000 0.088843
593.000000 0.090739
594.000000 0.092541
595.000000 0.094239
596.000000 0.096058
597.000000 0.097952
598.000000 0.099859
599.000000 0.101969
600.000000 0.104235
601.000000 0.106430
602.000000 0.108562
603.000000 0.110845
604.000000 0.113352
605.000000 0.115875
606.000000 0.118516
607.000000 0.121350
608.000000 0.124217
609.000000 0.127328
610.000000 0.130703
611.000000 0.134149
612.000000 0.137772
613.000000 0.141635
614.000000 0.145808
615.000000 0.150408
616.000000 0.154984
617.000000 0.159703
618.000000 0.164839
619.000000 0.170130
620.000000 0.175726
621.000000 0.181728
622.000000 0.187812
623.000000 0.194035
624.000000 0.200694
625.000000 0.207399
626.000000 0.214314
627.000000 0.221783
628.000000 0.229127
629.000000 0.236415
630.000000 0.244144
631.000000 0.252054
632.000000 0.259738
633.000000 0.267373
634.000000 0.275250
635.000000 0.282817
636.000000 0.290149
637.000000 0.297652
638.000000 0.304836
639.000000 0.311747
640.000000 0.318556
641.000000 0.325064
642.000000 0.330992
643.000000 0.336520
644.000000 0.342046
645.000000 0.347113
646.000000 0.351810
647.000000 0.356338
648.000000 0.360605
649.000000 0.364548
650.000000 0.368218
651.000000 0.371774
652.000000 0.375128
653.000000 0.378263
654.000000 0.381288
655.000000 0.384317
656.000000 0.387420
657.000000 0.390505
658.000000 0.393614
659.000000 0.396988
660.000000 0.400711
661.000000 0.404614
662.000000 0.408854
663.000000 0.413735
664.000000 0.419161
665.000000 0.424886
666.000000 0.431093
667.000000 0.438072
668.000000 0.445780
669.000000 0.453889
670.000000 0.462593
671.000000 0.472328
672.000000 0.483016
673.000000 0.494681
674.000000 0.506455
675.000000 0.518887
676.000000 0.532919
677.000000 0.548018
678.000000 0.563989
679.000000 0.580047
680.000000 0.596580
681.000000 0.614357
682.000000 0.632994
683.000000 0.652292
684.000000 0.671531
685.000000 0.690928
686.000000 0.711208
687.000000 0.731852
688.000000 0.752372
689.000000 0.772606
690.000000 0.791825
691.000000 0.810308
692.000000 0.828714
693.000000 0.846550
694.000000 0.863456
695.000000 0.879184
696.000000 0.893010
697.000000 0.905060
698.000000 0.915983
699.000000 0.925394
700.000000 0.932957
701.000000 0.938434
702.000000 0.941780
703.000000 0.943071
704.000000 0.942296
705.000000 0.939401
706.000000 0.934401
707.000000 0.927263
708.000000 0.918041
709.000000 0.906790
710.000000 0.894163
711.000000 0.880103
712.000000 0.863984
713.000000 0.846309
714.000000 0.827258
715.000000 0.806734
716.000000 0.785150
717.000000 0.762621
718.000000 0.739277
719.000000 0.716469
720.000000 0.693681
721.000000 0.669828
722.000000 0.645504
723.000000 0.621152
724.000000 0.597005
725.000000 0.573198
726.000000 0.549819
727.000000 0.526612
728.000000 0.503475
729.000000 0.480669
730.000000 0.458400
731.000000 0.437909
732.000000 0.418286
733.000000 0.398273
734.000000 0.378554
735.000000 0.359260
736.000000 0.340441
737.000000 0.322114
738.000000 0.304385
739.000000 0.287243
740.000000 0.270690
741.000000 0.254845
742.000000 0.239730
743.000000 0.225320
744.000000 0.211480
745.000000 0.198159
746.000000 0.185533
747.000000 0.173426
748.000000 0.161850
749.000000 0.150901
750.000000 0.140528
751.000000 0.130751
752.000000 0.121532
753.000000 0.112811
754.000000 0.104582
755.000000 0.096858
756.000000 0.089569
757.000000 0.082743
758.000000 0.076392
759.000000 0.070398
760.000000 0.064721
761.000000 0.059448
762.000000 0.054643
763.000000 0.050231
764.000000 0.046046
765.000000 0.042073
766.000000 0.038407
767.000000 0.035077
768.000000 0.032066
769.000000 0.029284
770.000000 0.026721
771.000000 0.024386
772.000000 0.022243
773.000000 0.020335
774.000000 0.018600
775.000000 0.016989
776.000000 0.015389
777.000000 0.013847
778.000000 0.012517
779.000000 0.011411
780.000000 0.010468
781.000000 0.009603
782.000000 0.008771
783.000000 0.007980
784.000000 0.007292
785.000000 0.006685
786.000000 0.006135
787.000000 0.005654
788.000000 0.005197
789.000000 0.004737
790.000000 0.004343
791.000000 0.004037
792.000000 0.003775
793.000000 0.003549
794.000000 0.003350
795.000000 0.003146
796.000000 0.002965
797.000000 0.002808
798.000000 0.002633
799.000000 0.002481
800.000000 0.002313
801.000000 0.002201
802.000000 0.002166
803.000000 0.002087
804.000000 0.001996
805.000000 0.001918
806.000000 0.001830
807.000000 0.001736
808.000000 0.001692
809.000000 0.001666
810.000000 0.001626
811.000000 0.001585
812.000000 0.001536
813.000000 0.001483
814.000000 0.001430
815.000000 0.001383
816.000000 0.001359
817.000000 0.001334
818.000000 0.001309
819.000000 0.001266
820.000000 0.001204
821.000000 0.001176
822.000000 0.001174
823.000000 0.001131
824.000000 0.001044
825.000000 0.000960
826.000000 0.000879
827.000000 0.000836
828.000000 0.000802
829.000000 0.000777
830.000000 0.000797
831.000000 0.000814
832.000000 0.000780
833.000000 0.000698
834.000000 0.000669
835.000000 0.000661
836.000000 0.000649
837.000000 0.000633
838.000000 0.000589
839.000000 0.000530
840.000000 0.000476
841.000000 0.000399
842.000000 0.000335
843.000000 0.000336
844.000000 0.000322
845.000000 0.000282
846.000000 0.000238
847.000000 0.000202
848.000000 0.000187
849.000000 0.000173
850.000000 0.000119
851.000000 0.000047
852.000000 -0.000000
853.000000 0.000000
854.000000 -0.000038
855.000000 -0.000106
856.000000 -0.000119
857.000000 -0.000133
858.000000 -0.000165
859.000000 -0.000182
860.000000 -0.000190
861.000000 -0.000192
862.000000 -0.000230
863.000000 -0.000286
864.000000 -0.000310
865.000000 -0.000333
866.000000 -0.000366
867.000000 -0.000409
868.000000 -0.000413
869.000000 -0.000410
870.000000 -0.000419
871.000000 -0.000427
872.000000 -0.000437
873.000000 -0.000422
874.000000 -0.000406
875.000000 -0.000407
876.000000 -0.000419
877.000000 -0.000419
878.000000 -0.000413
879.000000 -0.000422
880.000000 -0.000429
881.000000 -0.000423
882.000000 -0.000407
883.000000 -0.000369
884.000000 -0.000374
885.000000 -0.000414
886.000000 -0.000433
887.000000 -0.000430
888.000000 -0.000443
889.000000 -0.000450
890.000000 -0.000465
891.000000 -0.000527
892.000000 -0.000556
893.000000 -0.000574
894.000000 -0.000578
895.000000 -0.000545
896.000000 -0.000522
897.000000 -0.000515
898.000000 -0.000486
899.000000 -0.000458
900.000000 -0.000459
