315.000000 0.209504
316.000000 0.209980
317.000000 0.211319
318.000000 0.212649
319.000000 0.214156
320.000000 0.216413
321.000000 0.218520
322.000000 0.219885
323.000000 0.221411
324.000000 0.223221
325.000000 0.225083
326.000000 0.227277
327.000000 0.229335
328.000000 0.231177
329.000000 0.233036
330.000000 0.234878
331.000000 0.236078
332.000000 0.237105
333.000000 0.238399
334.000000 0.239608
335.000000 0.240971
336.000000 0.242779
337.000000 0.244216
338.000000 0.245201
339.000000 0.246054
340.000000 0.246614
341.000000 0.247107
342.000000 0.247637
343.000000 0.248159
344.000000 0.248699
345.000000 0.248703
346.000000 0.248295
347.000000 0.247904
348.000000 0.247465
349.000000 0.246866
350.000000 0.246286
351.000000 0.245502
352.000000 0.244116
353.000000 0.242491
354.000000 0.240861
355.000000 0.239457
356.000000 0.238245
357.000000 0.236906
358.000000 0.235700
359.000000 0.234503
360.000000 0.232974
361.000000 0.231663
362.000000 0.230475
363.000000 0.229124
364.000000 0.227831
365.000000 0.226691
366.000000 0.225865
367.000000 0.224958
368.000000 0.223963
369.000000 0.222960
370.000000 0.222407
371.000000 0.221739
372.000000 0.220019
373.000000 0.218451
374.000000 0.217365
375.000000 0.216215
376.000000 0.214966
377.000000 0.214185
378.000000 0.213966
379.000000 0.213141
380.000000 0.212448
381.000000 0.212621
382.000000 0.212471
383.000000 0.212100
384.000000 0.211948
385.000000 0.211950
386.000000 0.212057
387.000000 0.212404
388.000000 0.212905
389.000000 0.213463
390.000000 0.214170
391.000000 0.214831
392.000000 0.215731
393.000000 0.216860
394.000000 0.217973
395.000000 0.218939
396.000000 0.219673
397.000000 0.220691
398.000000 0.222117
399.000000 0.223596
400.000000 0.224924
401.000000 0.226211
402.000000 0.227502
403.000000 0.228657
404.000000 0.229670
405.000000 0.230751
406.000000 0.231906
407.000000 0.232962
408.000000 0.233876
409.000000 0.234688
410.000000 0.235682
411.000000 0.236660
412.000000 0.237347
413.000000 0.237838
414.000000 0.238266
415.000000 0.238928
416.000000 0.239746
417.000000 0.240348
418.000000 0.240940
419.000000 0.241606
420.000000 0.242299
421.000000 0.243026
422.000000 0.243628
423.000000 0.244374
424.000000 0.245223
425.000000 0.245785
426.000000 0.245969
427.000000 0.245744
428.000000 0.245327
429.000000 0.244631
430.000000 0.243455
431.000000 0.241987
432.000000 0.240201
433.000000 0.238168
434.000000 0.235890
435.000000 0.233154
436.000000 0.230180
437.000000 0.226979
438.000000 0.223505
439.000000 0.219939
440.000000 0.216165
441.000000 0.212415
442.000000 0.208641
443.000000 0.204419
444.000000 0.200035
445.000000 0.195837
446.000000 0.191429
447.000000 0.186908
448.000000 0.182287
449.000000 0.177635
450.000000 0.173334
451.000000 0.168948
452.000000 0.164452
453.000000 0.160211
454.000000 0.156114
455.000000 0.152063
456.000000 0.147980
457.000000 0.144085
458.000000 0.140579
459.000000 0.137086
460.000000 0.133681
461.000000 0.130579
462.000000 0.127601
463.000000 0.124689
464.000000 0.121859
465.000000 0.119155
466.000000 0.116748
467.000000 0.114510
468.000000 0.112423
469.000000 0.110430
470.000000 0.108511
471.000000 0.106813
472.000000 0.105251
473.000000 0.103780
474.000000 0.102329
475.000000 0.101067
476.000000 0.100023
477.000000 0.099085
478.000000 0.098267
479.000000 0.097502
480.000000 0.096902
481.000000 0.096457
482.000000 0.096005
483.000000 0.095678
484.000000 0.095477
485.000000 0.095346
486.000000 0.095398
487.000000 0.095589
488.000000 0.095813
489.000000 0.095972
490.000000 0.096227
491.000000 0.096722
492.000000 0.097398
493.000000 0.098484
494.000000 0.099957
495.000000 0.101180
496.000000 0.102440
497.000000 0.103622
498.000000 0.105058
499.000000 0.106709
500.000000 0.108234
501.000000 0.110092
502.000000 0.112099
503.000000 0.114154
504.000000 0.116456
505.000000 0.119110
506.000000 0.121488
507.000000 0.123454
508.000000 0.125413
509.000000 0.127531
510.000000 0.129819
511.000000 0.132267
512.000000 0.134432
513.000000 0.136320
514.000000 0.138058
515.000000 0.139814
516.000000 0.141421
517.000000 0.142497
518.000000 0.143446
519.000000 0.144549
520.000000 0.145798
521.000000 0.147019
522.000000 0.148203
523.000000 0.149078
524.000000 0.149769
525.000000 0.150843
526.000000 0.151835
527.000000 0.152593
528.000000 0.153491
529.000000 0.154572
530.000000 0.155988
531.000000 0.157902
532.000000 0.159958
533.000000 0.162330
534.000000 0.165264
535.000000 0.168070
536.000000 0.170780
537.000000 0.173813
538.000000 0.177386
539.000000 0.181524
540.000000 0.186239
541.000000 0.191314
542.000000 0.196502
543.000000 0.201817
544.000000 0.206984
545.000000 0.211724
546.000000 0.216350
547.000000 0.220683
548.000000 0.224391
549.000000 0.227667
550.000000 0.229844
551.000000 0.230935
552.000000 0.231469
553.000000 0.231370
554.000000 0.230542
555.000000 0.228630
556.000000 0.225920
557.000000 0.222448
558.000000 0.218080
559.000000 0.213199
560.000000 0.207604
561.000000 0.201514
562.000000 0.194897
563.000000 0.187983
564.000000 0.180822
565.000000 0.173449
566.000000 0.165991
567.000000 0.158488
568.000000 0.151432
569.000000 0.144539
570.000000 0.137995
571.000000 0.131753
572.000000 0.125626
573.000000 0.119874
574.000000 0.114497
575.000000 0.109927
576.000000 0.105930
577.000000 0.101923
578.000000 0.098479
579.000000 0.095534
580.000000 0.092770
581.000000 0.090309
582.000000 0.088080
583.000000 0.086211
584.000000 0.084743
585.000000 0.083566
586.000000 0.082482
587.000000 0.081501
588.000000 0.080686
589.000000 0.080126
590.000000 0.079698
591.000000 0.079480
592.000000 0.079352
593.000000 0.079004
594.000000 0.078821
595.000000 0.078896
596.000000 0.078899
597.000000 0.078979
598.000000 0.079241
599.000000 0.079530
600.000000 0.079907
601.000000 0.080411
602.000000 0.080979
603.000000 0.081642
604.000000 0.082491
605.000000 0.083353
606.000000 0.084268
607.000000 0.085340
608.000000 0.086449
609.000000 0.087654
610.000000 0.089021
611.000000 0.090487
612.000000 0.092091
613.000000 0.093777
614.000000 0.095580
615.000000 0.097634
616.000000 0.099795
617.000000 0.102075
618.000000 0.104599
619.000000 0.107260
620.000000 0.110075
621.000000 0.113111
622.000000 0.116216
623.000000 0.119398
624.000000 0.122736
625.000000 0.126157
626.000000 0.129734
627.000000 0.133531
628.000000 0.137305
629.000000 0.141157
630.000000 0.145318
631.000000 0.149491
632.000000 0.153441
633.000000 0.157332
634.000000 0.161343
635.000000 0.165309
636.000000 0.169200
637.000000 0.173128
638.000000 0.176878
639.000000 0.180457
640.000000 0.184001
641.000000 0.187418
642.000000 0.190541
643.000000 0.193458
644.000000 0.196315
645.000000 0.199006
646.000000 0.201471
647.000000 0.203723
648.000000 0.205868
649.000000 0.207844
650.000000 0.209738
651.000000 0.211650
652.000000 0.213497
653.000000 0.215159
654.000000 0.216671
655.000000 0.218275
656.000000 0.219965
657.000000 0.221619
658.000000 0.223342
659.000000 0.225251
660.000000 0.227309
661.000000 0.229446
662.000000 0.231721
663.000000 0.234360
664.000000 0.237374
665.000000 0.240576
666.000000 0.244024
667.000000 0.247890
668.000000 0.252191
669.000000 0.256706
670.000000 0.261505
671.000000 0.266859
672.000000 0.272705
673.000000 0.279063
674.000000 0.285523
675.000000 0.292377
676.000000 0.300095
677.000000 0.308357
678.000000 0.317096
679.000000 0.325866
680.000000 0.334841
681.000000 0.344526
682.000000 0.354703
683.000000 0.365256
684.000000 0.375701
685.000000 0.386142
686.000000 0.397022
687.000000 0.408110
688.000000 0.419133
689.000000 0.429909
690.000000 0.440134
691.000000 0.449976
692.000000 0.459701
693.000000 0.468978
694.000000 0.477687
695.000000 0.485772
696.000000 0.492851
697.000000 0.498964
698.000000 0.504360
699.000000 0.508851
700.000000 0.512339
701.000000 0.514712
702.000000 0.516003
703.000000 0.516224
704.000000 0.515299
705.000000 0.513221
706.000000 0.510086
707.000000 0.505822
708.000000 0.500364
709.000000 0.493925
710.000000 0.486871
711.000000 0.479006
712.000000 0.470093
713.000000 0.460289
714.000000 0.449711
715.000000 0.438539
716.000000 0.426769
717.000000 0.414503
718.000000 0.401918
719.000000 0.389583
720.000000 0.377231
721.000000 0.364366
722.000000 0.351280
723.000000 0.338174
724.000000 0.325171
725.000000 0.312335
726.000000 0.299807
727.000000 0.287414
728.000000 0.274989
729.000000 0.262726
730.000000 0.250699
731.000000 0.239634
732.000000 0.229124
733.000000 0.218321
734.000000 0.207645
735.000000 0.197280
736.000000 0.187166
737.000000 0.177364
738.000000 0.167872
739.000000 0.158620
740.000000 0.149731
741.000000 0.141245
742.000000 0.133131
743.000000 0.125384
744.000000 0.117982
745.000000 0.110861
746.000000 0.104068
747.000000 0.097561
748.000000 0.091375
749.000000 0.085499
750.000000 0.079907
751.000000 0.074639
752.000000 0.069661
753.000000 0.065010
754.000000 0.060663
755.000000 0.056568
756.000000 0.052695
757.000000 0.049018
758.000000 0.045588
759.000000 0.042429
760.000000 0.039467
761.000000 0.036686
762.000000 0.034111
763.000000 0.031731
764.000000 0.029547
765.000000 0.027504
766.000000 0.025586
767.000000 0.023808
768.000000 0.022178
769.000000 0.020679
770.000000 0.019308
771.000000 0.018079
772.000000 0.016952
773.000000 0.015934
774.000000 0.015033
775.000000 0.014287
776.000000 0.013519
777.000000 0.012684
778.000000 0.011956
779.000000 0.011352
780.000000 0.010804
781.000000 0.010346
782.000000 0.010010
783.000000 0.009657
784.000000 0.009299
785.000000 0.009009
786.000000 0.008750
787.000000 0.008521
788.000000 0.008317
789.000000 0.008140
790.000000 0.007967
791.000000 0.007804
792.000000 0.007676
793.000000 0.007559
794.000000 0.007452
795.000000 0.007359
796.000000 0.007351
797.000000 0.007335
798.000000 0.007244
799.000000 0.007192
800.000000 0.007143
801.000000 0.007060
802.000000 0.007018
803.000000 0.007022
804.000000 0.007025
805.000000 0.007002
806.000000 0.006958
807.000000 0.006857
808.000000 0.006779
809.000000 0.006739
810.000000 0.006696
811.000000 0.006676
812.000000 0.006655
813.000000 0.006622
814.000000 0.006618
815.000000 0.006600
816.000000 0.006461
817.000000 0.006322
818.000000 0.006220
819.000000 0.006115
820.000000 0.006018
821.000000 0.005870
822.000000 0.005748
823.000000 0.005684
824.000000 0.005575
825.000000 0.005462
826.000000 0.005410
827.000000 0.005351
828.000000 0.005254
829.000000 0.005135
830.000000 0.004992
831.000000 0.004841
832.000000 0.004661
833.000000 0.004474
834.000000 0.004296
835.000000 0.004167
836.000000 0.004043
837.000000 0.003917
838.000000 0.003832
839.000000 0.003731
840.000000 0.003563
841.000000 0.003386
842.000000 0.003251
843.000000 0.003137
844.000000 0.003046
845.000000 0.002951
846.000000 0.002860
847.000000 0.002775
848.000000 0.002660
849.000000 0.002568
850.000000 0.002511
851.000000 0.002388
852.000000 0.002197
853.000000 0.002092
854.000000 0.002031
855.000000 0.001959
856.000000 0.001911
857.000000 0.001837
858.000000 0.001779
859.000000 0.001719
860.000000 0.001645
861.000000 0.001550
862.000000 0.001468
863.000000 0.001422
864.000000 0.001399
865.000000 0.001354
866.000000 0.001291
867.000000 0.001235
868.000000 0.001188
869.000000 0.001136
870.000000 0.001067
871.000000 0.000993
872.000000 0.000933
873.000000 0.000932
874.000000 0.000916
875.000000 0.000903
876.000000 0.000899
877.000000 0.000837
878.000000 0.000770
879.000000 0.000713
880.000000 0.000640
881.000000 0.000620
882.000000 0.000609
883.000000 0.000569
884.000000 0.000533
885.000000 0.000498
886.000000 0.000466
887.000000 0.000417
888.000000 0.000362
889.000000 0.000326
890.000000 0.000303
891.000000 0.000304
892.000000 0.000304
893.000000 0.000276
894.000000 0.000254
895.000000 0.000246
896.000000 0.000251
897.000000 0.000243
898.000000 0.000219
899.000000 0.000206
900.000000 0.000197
