315.000000 0.186562
316.000000 0.187068
317.000000 0.188245
318.000000 0.189814
319.000000 0.191646
320.000000 0.193797
321.000000 0.195934
322.000000 0.197697
323.000000 0.199610
324.000000 0.201807
325.000000 0.203485
326.000000 0.204828
327.000000 0.206492
328.000000 0.208256
329.000000 0.210252
330.000000 0.212639
331.000000 0.215129
332.000000 0.217154
333.000000 0.218728
334.000000 0.220430
335.000000 0.222324
336.000000 0.223665
337.000000 0.224542
338.000000 0.225695
339.000000 0.227011
340.000000 0.228857
341.000000 0.230856
342.000000 0.232156
343.000000 0.233158
344.000000 0.234121
345.000000 0.235099
346.000000 0.235821
347.000000 0.236343
348.000000 0.236805
349.000000 0.237169
350.000000 0.237270
351.000000 0.236690
352.000000 0.235979
353.000000 0.235467
354.000000 0.234869
355.000000 0.234022
356.000000 0.232980
357.000000 0.231948
358.000000 0.230772
359.000000 0.229473
360.000000 0.228193
361.000000 0.226830
362.000000 0.225478
363.000000 0.224140
364.000000 0.222634
365.000000 0.221004
366.000000 0.219472
367.000000 0.217867
368.000000 0.216276
369.000000 0.214718
370.000000 0.212800
371.000000 0.210871
372.000000 0.209122
373.000000 0.207460
374.000000 0.205869
375.000000 0.203967
376.000000 0.202270
377.000000 0.200752
378.000000 0.199067
379.000000 0.197481
380.000000 0.195963
381.000000 0.194511
382.000000 0.192909
383.000000 0.191212
384.000000 0.189945
385.000000 0.189064
386.000000 0.188548
387.000000 0.188135
388.000000 0.187409
389.000000 0.186939
390.000000 0.186993
391.000000 0.187149
392.000000 0.187277
393.000000 0.187413
394.000000 0.187819
395.000000 0.188394
396.000000 0.189041
397.000000 0.189658
398.000000 0.190053
399.000000 0.190501
400.000000 0.191061
401.000000 0.191905
402.000000 0.192812
403.000000 0.193570
404.000000 0.194179
405.000000 0.194688
406.000000 0.195297
407.000000 0.195971
408.000000 0.196537
409.000000 0.196917
410.000000 0.197256
411.000000 0.197560
412.000000 0.197679
413.000000 0.197907
414.000000 0.198059
415.000000 0.198360
416.000000 0.198793
417.000000 0.199066
418.000000 0.199441
419.000000 0.199977
420.000000 0.200582
421.000000 0.201260
422.000000 0.202120
423.000000 0.203069
424.000000 0.204168
425.000000 0.205305
426.000000 0.206468
427.000000 0.207595
428.000000 0.208625
429.000000 0.209506
430.000000 0.210390
431.000000 0.211146
432.000000 0.211479
433.000000 0.211560
434.000000 0.211334
435.000000 0.210566
436.000000 0.209410
437.000000 0.207757
438.000000 0.205682
439.000000 0.203411
440.000000 0.200692
441.000000 0.197623
442.000000 0.194383
443.000000 0.190698
444.000000 0.186668
445.000000 0.182570
446.000000 0.178087
447.000000 0.173358
448.000000 0.168533
449.000000 0.163622
450.000000 0.158739
451.000000 0.153612
452.000000 0.148319
453.000000 0.143309
454.000000 0.138306
455.000000 0.133291
456.000000 0.128376
457.000000 0.123525
458.000000 0.118991
459.000000 0.114450
460.000000 0.110003
461.000000 0.105867
462.000000 0.101730
463.000000 0.097740
464.000000 0.093906
465.000000 0.090180
466.000000 0.086762
467.000000 0.083437
468.000000 0.080297
469.000000 0.077245
470.000000 0.074281
471.000000 0.071645
472.000000 0.069065
473.000000 0.066633
474.000000 0.064324
475.000000 0.062062
476.000000 0.060062
477.000000 0.058294
478.000000 0.056641
479.000000 0.054994
480.000000 0.053429
481.000000 0.052005
482.000000 0.050660
483.000000 0.049448
484.000000 0.048397
485.000000 0.047456
486.000000 0.046552
487.000000 0.045731
488.000000 0.044983
489.000000 0.044475
490.000000 0.044315
491.000000 0.044288
492.000000 0.043826
493.000000 0.043089
494.000000 0.042628
495.000000 0.042148
496.000000 0.042075
497.000000 0.042215
498.000000 0.041785
499.000000 0.041443
500.000000 0.041228
501.000000 0.041007
502.000000 0.041334
503.000000 0.041979
504.000000 0.042734
505.000000 0.043323
506.000000 0.043659
507.000000 0.043778
508.000000 0.043826
509.000000 0.044065
510.000000 0.044436
511.000000 0.044845
512.000000 0.045190
513.000000 0.045610
514.000000 0.045831
515.000000 0.045838
516.000000 0.045954
517.000000 0.046235
518.000000 0.046458
519.000000 0.046602
520.000000 0.046798
521.000000 0.046860
522.000000 0.047090
523.000000 0.047497
524.000000 0.047981
525.000000 0.048471
526.000000 0.048605
527.000000 0.048920
528.000000 0.049425
529.000000 0.049786
530.000000 0.050373
531.000000 0.050874
532.000000 0.051331
533.000000 0.051971
534.000000 0.052634
535.000000 0.053595
536.000000 0.054733
537.000000 0.055710
538.000000 0.056750
539.000000 0.057955
540.000000 0.059342
541.000000 0.060955
542.000000 0.062704
543.000000 0.064517
544.000000 0.066224
545.000000 0.067745
546.000000 0.069120
547.000000 0.070557
548.000000 0.072115
549.000000 0.073652
550.000000 0.074915
551.000000 0.075803
552.000000 0.076472
553.000000 0.077075
554.000000 0.077492
555.000000 0.077548
556.000000 0.077399
557.000000 0.077086
558.000000 0.076657
559.000000 0.076091
560.000000 0.075441
561.000000 0.074825
562.000000 0.073963
563.000000 0.073098
564.000000 0.072315
565.000000 0.071477
566.000000 0.070704
567.000000 0.069966
568.000000 0.069285
569.000000 0.068755
570.000000 0.068339
571.000000 0.067998
572.000000 0.067831
573.000000 0.067775
574.000000 0.067951
575.000000 0.068253
576.000000 0.068828
577.000000 0.069564
578.000000 0.070147
579.000000 0.070997
580.000000 0.072047
581.000000 0.073270
582.000000 0.074624
583.000000 0.075770
584.000000 0.076920
585.000000 0.078388
586.000000 0.080108
587.000000 0.081871
588.000000 0.083638
589.000000 0.085396
590.000000 0.087145
591.000000 0.088929
592.000000 0.090745
593.000000 0.092610
594.000000 0.094500
595.000000 0.096389
596.000000 0.098368
597.000000 0.100507
598.000000 0.102681
599.000000 0.104846
600.000000 0.107213
601.000000 0.109691
602.000000 0.112009
603.000000 0.114234
604.000000 0.116731
605.000000 0.119366
606.000000 0.122095
607.000000 0.125035
608.000000 0.127960
609.000000 0.131138
610.000000 0.134730
611.000000 0.138422
612.000000 0.142269
613.000000 0.146295
614.000000 0.150574
615.000000 0.155206
616.000000 0.159895
617.000000 0.164803
618.000000 0.170110
619.000000 0.175629
620.000000 0.181464
621.000000 0.187691
622.000000 0.193993
623.000000 0.200473
624.000000 0.207387
625.000000 0.214372
626.000000 0.221525
627.000000 0.229186
628.000000 0.236795
629.000000 0.244408
630.000000 0.252464
631.000000 0.260659
632.000000 0.268596
633.000000 0.276495
634.000000 0.284630
635.000000 0.292477
636.000000 0.300123
637.000000 0.307944
638.000000 0.315417
639.000000 0.322528
640.000000 0.329559
641.000000 0.336349
642.000000 0.342490
643.000000 0.348205
644.000000 0.353930
645.000000 0.359194
646.000000 0.364088
647.000000 0.368847
648.000000 0.373342
649.000000 0.377456
650.000000 0.381309
651.000000 0.385028
652.000000 0.388566
653.000000 0.391897
654.000000 0.395081
655.000000 0.398249
656.000000 0.401458
657.000000 0.404663
658.000000 0.407890
659.000000 0.411401
660.000000 0.415271
661.000000 0.419267
662.000000 0.423566
663.000000 0.428536
664.000000 0.434122
665.000000 0.440021
666.000000 0.446426
667.000000 0.453649
668.000000 0.461614
669.000000 0.469969
670.000000 0.478930
671.000000 0.488987
672.000000 0.500029
673.000000 0.512088
674.000000 0.524263
675.000000 0.537126
676.000000 0.551634
677.000000 0.567184
678.000000 0.583661
679.000000 0.600245
680.000000 0.617286
681.000000 0.635669
682.000000 0.655018
683.000000 0.675089
684.000000 0.695004
685.000000 0.715001
686.000000 0.735969
687.000000 0.757293
688.000000 0.778547
689.000000 0.799601
690.000000 0.819638
691.000000 0.838900
692.000000 0.858051
693.000000 0.876632
694.000000 0.894246
695.000000 0.910588
696.000000 0.924931
697.000000 0.937523
698.000000 0.949016
699.000000 0.958915
700.000000 0.966887
701.000000 0.972703
702.000000 0.976321
703.000000 0.977784
704.000000 0.977166
705.000000 0.974316
706.000000 0.969216
707.000000 0.961988
708.000000 0.952554
709.000000 0.940998
710.000000 0.928051
711.000000 0.913508
712.000000 0.896839
713.000000 0.878668
714.000000 0.859002
715.000000 0.837901
716.000000 0.815761
717.000000 0.792554
718.000000 0.768437
719.000000 0.744770
720.000000 0.721080
721.000000 0.696493
722.000000 0.671355
723.000000 0.645962
724.000000 0.620744
725.000000 0.595958
726.000000 0.571764
727.000000 0.547818
728.000000 0.523893
729.000000 0.500203
730.000000 0.476977
731.000000 0.455557
732.000000 0.435110
733.000000 0.414286
734.000000 0.393770
735.000000 0.373747
736.000000 0.354254
737.000000 0.335325
738.000000 0.317046
739.000000 0.299314
740.000000 0.282171
741.000000 0.265778
742.000000 0.250090
743.000000 0.235071
744.000000 0.220712
745.000000 0.206950
746.000000 0.193791
747.000000 0.181190
748.000000 0.169217
749.000000 0.157820
750.000000 0.147039
751.000000 0.136900
752.000000 0.127209
753.000000 0.118009
754.000000 0.109382
755.000000 0.101293
756.000000 0.093698
757.000000 0.086626
758.000000 0.080040
759.000000 0.073799
760.000000 0.067911
761.000000 0.062450
762.000000 0.057402
763.000000 0.052740
764.000000 0.048387
765.000000 0.044302
766.000000 0.040553
767.000000 0.037122
768.000000 0.033930
769.000000 0.030962
770.000000 0.028241
771.000000 0.025806
772.000000 0.023583
773.000000 0.021545
774.000000 0.019680
775.000000 0.017974
776.000000 0.016265
777.000000 0.014597
778.000000 0.013190
779.000000 0.012044
780.000000 0.011051
781.000000 0.010118
782.000000 0.009285
783.000000 0.008524
784.000000 0.007826
785.000000 0.007171
786.000000 0.006562
787.000000 0.005999
788.000000 0.005466
789.000000 0.005022
790.000000 0.004636
791.000000 0.004285
792.000000 0.004009
793.000000 0.003725
794.000000 0.003453
795.000000 0.003236
796.000000 0.003019
797.000000 0.002817
798.000000 0.002624
799.000000 0.002473
800.000000 0.002384
801.000000 0.002293
802.000000 0.002185
803.000000 0.002070
804.000000 0.001970
805.000000 0.001904
806.000000 0.001889
807.000000 0.001865
808.000000 0.001752
809.000000 0.001642
810.000000 0.001571
811.000000 0.001492
812.000000 0.001422
813.000000 0.001376
814.000000 0.001382
815.000000 0.001415
816.000000 0.001413
817.000000 0.001316
818.000000 0.001231
819.000000 0.001215
820.000000 0.001195
821.000000 0.001142
822.000000 0.001091
823.000000 0.001033
824.000000 0.000961
825.000000 0.000899
826.000000 0.000806
827.000000 0.000753
828.000000 0.000730
829.000000 0.000722
830.000000 0.000723
831.000000 0.000705
832.000000 0.000688
833.000000 0.000638
834.000000 0.000585
835.000000 0.000534
836.000000 0.000503
837.000000 0.000463
838.000000 0.000411
839.000000 0.000392
840.000000 0.000362
841.000000 0.000340
842.000000 0.000331
843.000000 0.000338
844.000000 0.000377
845.000000 0.000360
846.000000 0.000285
847.000000 0.000239
848.000000 0.000204
849.000000 0.000182
850.000000 0.000169
851.000000 0.000144
852.000000 0.000099
853.000000 0.000038
854.000000 -0.000040
855.000000 -0.000120
856.000000 -0.000127
857.000000 -0.000117
858.000000 -0.000154
859.000000 -0.000168
860.000000 -0.000138
861.000000 -0.000118
862.000000 -0.000174
863.000000 -0.000237
864.000000 -0.000244
865.000000 -0.000259
866.000000 -0.000311
867.000000 -0.000372
868.000000 -0.000376
869.000000 -0.000360
870.000000 -0.000361
871.000000 -0.000355
872.000000 -0.000348
873.000000 -0.000337
874.000000 -0.000331
875.000000 -0.000318
876.000000 -0.000319
877.000000 -0.000336
878.000000 -0.000362
879.000000 -0.000372
880.000000 -0.000361
881.000000 -0.000361
882.000000 -0.000316
883.000000 -0.000253
884.000000 -0.000283
885.000000 -0.000320
886.000000 -0.000340
887.000000 -0.000372
888.000000 -0.000397
889.000000 -0.000400
890.000000 -0.000402
891.000000 -0.000428
892.000000 -0.000420
893.000000 -0.000426
894.000000 -0.000422
895.000000 -0.000382
896.000000 -0.000357
897.000000 -0.000325
898.000000 -0.000295
899.000000 -0.000310
900.000000 -0.000338
