315.000000 0.202817
316.000000 0.204223
317.000000 0.206567
318.000000 0.208548
319.000000 0.210219
320.000000 0.212157
321.000000 0.214550
322.000000 0.217109
323.000000 0.219142
324.000000 0.221113
325.000000 0.222926
326.000000 0.224457
327.000000 0.226353
328.000000 0.228078
329.000000 0.229715
330.000000 0.231422
331.000000 0.233073
332.000000 0.234475
333.000000 0.235781
334.000000 0.237367
335.000000 0.238526
336.000000 0.239959
337.000000 0.241732
338.000000 0.242815
339.000000 0.243757
340.000000 0.244537
341.000000 0.245159
342.000000 0.245830
343.000000 0.246225
344.000000 0.246617
345.000000 0.246838
346.000000 0.247030
347.000000 0.247149
348.000000 0.246875
349.000000 0.246288
350.000000 0.245566
351.000000 0.244658
352.000000 0.243489
353.000000 0.242221
354.000000 0.241028
355.000000 0.239839
356.000000 0.238486
357.000000 0.236976
358.000000 0.235596
359.000000 0.234326
360.000000 0.232970
361.000000 0.231746
362.000000 0.230588
363.000000 0.229446
364.000000 0.228104
365.000000 0.226834
366.000000 0.225882
367.000000 0.224851
368.000000 0.223858
369.000000 0.222872
370.000000 0.221018
371.000000 0.219636
372.000000 0.218989
373.000000 0.217724
374.000000 0.216335
375.000000 0.214954
376.000000 0.213679
377.000000 0.212761
378.000000 0.211922
379.000000 0.211042
380.000000 0.210800
381.000000 0.211059
382.000000 0.210905
383.000000 0.210731
384.000000 0.210887
385.000000 0.210886
386.000000 0.210860
387.000000 0.211181
388.000000 0.211803
389.000000 0.212477
390.000000 0.213131
391.000000 0.213773
392.000000 0.214539
393.000000 0.215226
394.000000 0.216036
395.000000 0.216959
396.000000 0.217712
397.000000 0.218777
398.000000 0.220129
399.000000 0.221435
400.000000 0.222763
401.000000 0.224025
402.000000 0.225258
403.000000 0.226419
404.000000 0.227533
405.000000 0.228710
406.000000 0.229687
407.000000 0.230725
408.000000 0.231929
409.000000 0.232885
410.000000 0.233866
411.000000 0.234871
412.000000 0.235774
413.000000 0.236501
414.000000 0.237042
415.000000 0.237636
416.000000 0.238181
417.000000 0.238668
418.000000 0.239197
419.000000 0.239872
420.000000 0.240635
421.000000 0.241383
422.000000 0.241914
423.000000 0.242420
424.000000 0.243152
425.000000 0.243660
426.000000 0.243857
427.000000 0.243765
428.000000 0.243299
429.000000 0.242562
430.000000 0.241458
431.000000 0.240117
432.000000 0.238499
433.000000 0.236542
434.000000 0.234383
435.000000 0.231852
436.000000 0.228955
437.000000 0.225810
438.000000 0.222420
439.000000 0.218975
440.000000 0.215310
441.000000 0.211546
442.000000 0.207836
443.000000 0.203799
444.000000 0.199545
445.000000 0.195268
446.000000 0.190724
447.000000 0.186142
448.000000 0.181533
449.000000 0.176939
450.000000 0.172632
451.000000 0.168162
452.000000 0.163596
453.000000 0.159293
454.000000 0.154977
455.000000 0.150745
456.000000 0.146901
457.000000 0.143052
458.000000 0.139170
459.000000 0.135433
460.000000 0.131871
461.000000 0.128682
462.000000 0.125628
463.000000 0.122584
464.000000 0.119617
465.000000 0.116802
466.000000 0.114270
467.000000 0.111902
468.000000 0.109696
469.000000 0.107614
470.000000 0.105654
471.000000 0.103880
472.000000 0.102153
473.000000 0.100515
474.000000 0.098982
475.000000 0.097563
476.000000 0.096325
477.000000 0.095271
478.000000 0.094413
479.000000 0.093610
480.000000 0.092879
481.000000 0.092280
482.000000 0.091775
483.000000 0.091395
484.000000 0.091150
485.000000 0.090954
486.000000 0.090888
487.000000 0.091010
488.000000 0.091154
489.000000 0.090982
490.000000 0.090842
491.000000 0.091354
492.000000 0.092246
493.000000 0.093276
494.000000 0.094604
495.000000 0.095807
496.000000 0.096975
497.000000 0.097946
498.000000 0.099041
499.000000 0.100481
500.000000 0.102028
501.000000 0.103655
502.000000 0.105336
503.000000 0.107328
504.000000 0.109514
505.000000 0.111732
506.000000 0.113776
507.000000 0.115979
508.000000 0.118099
509.000000 0.120078
510.000000 0.122040
511.000000 0.124148
512.000000 0.126002
513.000000 0.127380
514.000000 0.128866
515.000000 0.130867
516.000000 0.132624
517.000000 0.133678
518.000000 0.135525
519.000000 0.136893
520.000000 0.137310
521.000000 0.138003
522.000000 0.138582
523.000000 0.139044
524.000000 0.139728
525.000000 0.140646
526.000000 0.141445
527.000000 0.142209
528.000000 0.143077
529.000000 0.144194
530.000000 0.145718
531.000000 0.147594
532.000000 0.149464
533.000000 0.151583
534.000000 0.154144
535.000000 0.156649
536.000000 0.159181
537.000000 0.162158
538.000000 0.165641
539.000000 0.169518
540.000000 0.173806
541.000000 0.178703
542.000000 0.183614
543.000000 0.188480
544.000000 0.193500
545.000000 0.198205
546.000000 0.202730
547.000000 0.207026
548.000000 0.210463
549.000000 0.213196
550.000000 0.215392
551.000000 0.216664
552.000000 0.217277
553.000000 0.217075
554.000000 0.216113
555.000000 0.214237
556.000000 0.211647
557.000000 0.208485
558.000000 0.204474
559.000000 0.199999
560.000000 0.194764
561.000000 0.189035
562.000000 0.182872
563.000000 0.176398
564.000000 0.169798
565.000000 0.163076
566.000000 0.156228
567.000000 0.149225
568.000000 0.142633
569.000000 0.136383
570.000000 0.130502
571.000000 0.124891
572.000000 0.119467
573.000000 0.114342
574.000000 0.109453
575.000000 0.105305
576.000000 0.101743
577.000000 0.098285
578.000000 0.095189
579.000000 0.092425
580.000000 0.089919
581.000000 0.087578
582.000000 0.085381
583.000000 0.083722
584.000000 0.082630
585.000000 0.081791
586.000000 0.081062
587.000000 0.080301
588.000000 0.079555
589.000000 0.079147
590.000000 0.078887
591.000000 0.078773
592.000000 0.078747
593.000000 0.078645
594.000000 0.078739
595.000000 0.078951
596.000000 0.079030
597.000000 0.079219
598.000000 0.079667
599.000000 0.080214
600.000000 0.080866
601.000000 0.081578
602.000000 0.082244
603.000000 0.082937
604.000000 0.083800
605.000000 0.084814
606.000000 0.085999
607.000000 0.087188
608.000000 0.088382
609.000000 0.089780
610.000000 0.091333
611.000000 0.092946
612.000000 0.094736
613.000000 0.096652
614.000000 0.098561
615.000000 0.100716
616.000000 0.103046
617.000000 0.105496
618.000000 0.108248
619.000000 0.111088
620.000000 0.114014
621.000000 0.117244
622.000000 0.120549
623.000000 0.123885
624.000000 0.127444
625.000000 0.131117
626.000000 0.134921
627.000000 0.138962
628.000000 0.142972
629.000000 0.147012
630.000000 0.151352
631.000000 0.155758
632.000000 0.159923
633.000000 0.164085
634.000000 0.168413
635.000000 0.172613
636.000000 0.176723
637.000000 0.180854
638.000000 0.184795
639.000000 0.188586
640.000000 0.192321
641.000000 0.195924
642.000000 0.199214
643.000000 0.202286
644.000000 0.205342
645.000000 0.208173
646.000000 0.210739
647.000000 0.213176
648.000000 0.215508
649.000000 0.217594
650.000000 0.219584
651.000000 0.221561
652.000000 0.223464
653.000000 0.225264
654.000000 0.226929
655.000000 0.228561
656.000000 0.230310
657.000000 0.232114
658.000000 0.233945
659.000000 0.235997
660.000000 0.238208
661.000000 0.240431
662.000000 0.242848
663.000000 0.245667
664.000000 0.248805
665.000000 0.252124
666.000000 0.255725
667.000000 0.259753
668.000000 0.264236
669.000000 0.268970
670.000000 0.274028
671.000000 0.279696
672.000000 0.285927
673.000000 0.292685
674.000000 0.299514
675.000000 0.306749
676.000000 0.314883
677.000000 0.323566
678.000000 0.332727
679.000000 0.341932
680.000000 0.351387
681.000000 0.361599
682.000000 0.372352
683.000000 0.383473
684.000000 0.394461
685.000000 0.405485
686.000000 0.416964
687.000000 0.428646
688.000000 0.440268
689.000000 0.451664
690.000000 0.462467
691.000000 0.472811
692.000000 0.483036
693.000000 0.492867
694.000000 0.502100
695.000000 0.510562
696.000000 0.517928
697.000000 0.524411
698.000000 0.530205
699.000000 0.535015
700.000000 0.538801
701.000000 0.541401
702.000000 0.542788
703.000000 0.542971
704.000000 0.541982
705.000000 0.539860
706.000000 0.536553
707.000000 0.532075
708.000000 0.526404
709.000000 0.519581
710.000000 0.512079
711.000000 0.503790
712.000000 0.494355
713.000000 0.484023
714.000000 0.472916
715.000000 0.461098
716.000000 0.448678
717.000000 0.435790
718.000000 0.422563
719.000000 0.409635
720.000000 0.396678
721.000000 0.383134
722.000000 0.369361
723.000000 0.355590
724.000000 0.341918
725.000000 0.328425
726.000000 0.315234
727.000000 0.302160
728.000000 0.289110
729.000000 0.276200
730.000000 0.263488
731.000000 0.251850
732.000000 0.240816
733.000000 0.229442
734.000000 0.218229
735.000000 0.207291
736.000000 0.196572
737.000000 0.186174
738.000000 0.176135
739.000000 0.166410
740.000000 0.157037
741.000000 0.148102
742.000000 0.139590
743.000000 0.131439
744.000000 0.123652
745.000000 0.116121
746.000000 0.108908
747.000000 0.102046
748.000000 0.095552
749.000000 0.089396
750.000000 0.083598
751.000000 0.078128
752.000000 0.072867
753.000000 0.067915
754.000000 0.063305
755.000000 0.058935
756.000000 0.054829
757.000000 0.050990
758.000000 0.047388
759.000000 0.044023
760.000000 0.040846
761.000000 0.037950
762.000000 0.035292
763.000000 0.032791
764.000000 0.030462
765.000000 0.028241
766.000000 0.026156
767.000000 0.024238
768.000000 0.022468
769.000000 0.020893
770.000000 0.019491
771.000000 0.018215
772.000000 0.017035
773.000000 0.016008
774.000000 0.015078
775.000000 0.014233
776.000000 0.013360
777.000000 0.012496
778.000000 0.011743
779.000000 0.011071
780.000000 0.010528
781.000000 0.010083
782.000000 0.009686
783.000000 0.009314
784.000000 0.008976
785.000000 0.008649
786.000000 0.008359
787.000000 0.008153
788.000000 0.007953
789.000000 0.007745
790.000000 0.007573
791.000000 0.007404
792.000000 0.007275
793.000000 0.007164
794.000000 0.007058
795.000000 0.006984
796.000000 0.006899
797.000000 0.006767
798.000000 0.006688
799.000000 0.006699
800.000000 0.006691
801.000000 0.006653
802.000000 0.006596
803.000000 0.006521
804.000000 0.006493
805.000000 0.006451
806.000000 0.006364
807.000000 0.006254
808.000000 0.006201
809.000000 0.006203
810.000000 0.006177
811.000000 0.006122
812.000000 0.006122
813.000000 0.006132
814.000000 0.006080
815.000000 0.006046
816.000000 0.005925
817.000000 0.005782
818.000000 0.005715
819.000000 0.005634
820.000000 0.005525
821.000000 0.005378
822.000000 0.005242
823.000000 0.005171
824.000000 0.005063
825.000000 0.004953
826.000000 0.004904
827.000000 0.004840
828.000000 0.004759
829.000000 0.004633
830.000000 0.004505
831.000000 0.004411
832.000000 0.004286
833.000000 0.004151
834.000000 0.004008
835.000000 0.003891
836.000000 0.003765
837.000000 0.003605
838.000000 0.003499
839.000000 0.003407
840.000000 0.003267
841.000000 0.003105
842.000000 0.002991
843.000000 0.002882
844.000000 0.002791
845.000000 0.002685
846.000000 0.002529
847.000000 0.002402
848.000000 0.002291
849.000000 0.002220
850.000000 0.002188
851.000000 0.002115
852.000000 0.001988
853.000000 0.001924
854.000000 0.001872
855.000000 0.001784
856.000000 0.001745
857.000000 0.001658
858.000000 0.001534
859.000000 0.001448
860.000000 0.001376
861.000000 0.001314
862.000000 0.001270
863.000000 0.001270
864.000000 0.001312
865.000000 0.001320
866.000000 0.001262
867.000000 0.001149
868.000000 0.001076
869.000000 0.001027
870.000000 0.000982
871.000000 0.000937
872.000000 0.000879
873.000000 0.000838
874.000000 0.000767
875.000000 0.000712
876.000000 0.000684
877.000000 0.000658
878.000000 0.000638
879.000000 0.000624
880.000000 0.000552
881.000000 0.000480
882.000000 0.000454
883.000000 0.000420
884.000000 0.000356
885.000000 0.000275
886.000000 0.000248
887.000000 0.000246
888.000000 0.000216
889.000000 0.000186
890.000000 0.000177
891.000000 0.000189
892.000000 0.000180
893.000000 0.000145
894.000000 0.000148
895.000000 0.000161
896.000000 0.000147
897.000000 0.000144
898.000000 0.000133
899.000000 0.000120
900.000000 0.000120
