315.000000 0.093071
316.000000 0.096429
317.000000 0.098373
318.000000 0.100001
319.000000 0.101657
320.000000 0.102645
321.000000 0.104035
322.000000 0.106223
323.000000 0.108039
324.000000 0.109939
325.000000 0.112304
326.000000 0.114724
327.000000 0.116581
328.000000 0.118237
329.000000 0.119998
330.000000 0.121841
331.000000 0.123530
332.000000 0.125128
333.000000 0.126933
334.000000 0.129242
335.000000 0.131816
336.000000 0.134178
337.000000 0.136635
338.000000 0.138970
339.000000 0.141517
340.000000 0.144576
341.000000 0.147816
342.000000 0.150876
343.000000 0.153896
344.000000 0.156930
345.000000 0.159552
346.000000 0.161904
347.000000 0.164034
348.000000 0.166233
349.000000 0.168192
350.000000 0.169795
351.000000 0.171425
352.000000 0.172832
353.000000 0.174081
354.000000 0.174758
355.000000 0.175359
356.000000 0.175964
357.000000 0.176196
358.000000 0.176348
359.000000 0.176008
360.000000 0.175454
361.000000 0.174750
362.000000 0.173903
363.000000 0.173084
364.000000 0.172231
365.000000 0.171528
366.000000 0.170993
367.000000 0.170548
368.000000 0.170339
369.000000 0.170382
370.000000 0.171040
371.000000 0.171170
372.000000 0.171093
373.000000 0.172307
374.000000 0.173952
375.000000 0.175635
376.000000 0.176543
377.000000 0.177200
378.000000 0.178167
379.000000 0.179327
380.000000 0.180805
381.000000 0.182214
382.000000 0.183457
383.000000 0.184369
384.000000 0.185143
385.000000 0.185859
386.000000 0.186524
387.000000 0.187141
388.000000 0.188185
389.000000 0.189824
390.000000 0.191562
391.000000 0.193128
392.000000 0.194541
393.000000 0.196122
394.000000 0.197744
395.000000 0.199357
396.000000 0.200989
397.000000 0.202455
398.000000 0.203669
399.000000 0.204240
400.000000 0.203992
401.000000 0.202949
402.000000 0.201180
403.000000 0.198921
404.000000 0.196142
405.000000 0.192589
406.000000 0.188509
407.000000 0.184560
408.000000 0.180526
409.000000 0.176322
410.000000 0.172313
411.000000 0.168265
412.000000 0.164197
413.000000 0.160340
414.000000 0.156797
415.000000 0.153568
416.000000 0.150558
417.000000 0.147840
418.000000 0.145439
419.000000 0.143219
420.000000 0.140988
421.000000 0.138697
422.000000 0.136429
423.000000 0.134157
424.000000 0.131968
425.000000 0.130021
426.000000 0.128124
427.000000 0.126201
428.000000 0.124421
429.000000 0.122624
430.000000 0.120785
431.000000 0.119158
432.000000 0.117702
433.000000 0.116300
434.000000 0.114960
435.000000 0.113852
436.000000 0.113079
437.000000 0.112576
438.000000 0.112364
439.000000 0.112355
440.000000 0.112493
441.000000 0.112750
442.000000 0.113070
443.000000 0.113469
444.000000 0.113952
445.000000 0.114421
446.000000 0.114834
447.000000 0.115263
448.000000 0.115627
449.000000 0.115839
450.000000 0.115872
451.000000 0.115867
452.000000 0.115786
453.000000 0.115596
454.000000 0.115435
455.000000 0.115331
456.000000 0.115308
457.000000 0.115344
458.000000 0.115648
459.000000 0.116393
460.000000 0.117526
461.000000 0.119031
462.000000 0.121141
463.000000 0.123963
464.000000 0.127583
465.000000 0.131945
466.000000 0.136626
467.000000 0.142079
468.000000 0.148276
469.000000 0.155096
470.000000 0.162378
471.000000 0.169522
472.000000 0.176975
473.000000 0.184326
474.000000 0.191237
475.000000 0.197688
476.000000 0.203204
477.000000 0.207826
478.000000 0.211393
479.000000 0.213826
480.000000 0.215210
481.000000 0.215574
482.000000 0.215020
483.000000 0.213696
484.000000 0.211570
485.000000 0.208782
486.000000 0.205407
487.000000 0.201749
488.000000 0.197954
489.000000 0.193982
490.000000 0.190041
491.000000 0.186386
492.000000 0.182881
493.000000 0.179298
494.000000 0.176000
495.000000 0.172944
496.000000 0.170382
497.000000 0.168245
498.000000 0.166318
499.000000 0.164860
500.000000 0.163942
501.000000 0.163504
502.000000 0.163481
503.000000 0.163895
504.000000 0.164753
505.000000 0.166432
506.000000 0.168992
507.000000 0.172076
508.000000 0.175453
509.000000 0.179210
510.000000 0.183560
511.000000 0.189009
512.000000 0.195009
513.000000 0.200750
514.000000 0.206709
515.000000 0.213133
516.000000 0.219559
517.000000 0.225978
518.000000 0.232687
519.000000 0.239509
520.000000 0.246291
521.000000 0.252773
522.000000 0.258826
523.000000 0.264540
524.000000 0.269624
525.000000 0.274260
526.000000 0.278541
527.000000 0.282252
528.000000 0.285347
529.000000 0.287806
530.000000 0.289815
531.000000 0.291035
532.000000 0.291628
533.000000 0.292047
534.000000 0.292547
535.000000 0.292885
536.000000 0.292957
537.000000 0.293067
538.000000 0.293649
539.000000 0.294810
540.000000 0.296138
541.000000 0.297893
542.000000 0.300189
543.000000 0.303614
544.000000 0.308106
545.000000 0.313149
546.000000 0.318959
547.000000 0.325805
548.000000 0.333433
549.000000 0.341542
550.000000 0.350466
551.000000 0.360476
552.000000 0.371390
553.000000 0.383168
554.000000 0.395703
555.000000 0.408829
556.000000 0.422333
557.000000 0.436062
558.000000 0.450836
559.000000 0.465647
560.000000 0.480111
561.000000 0.494208
562.000000 0.507692
563.000000 0.520102
564.000000 0.531314
565.000000 0.541042
566.000000 0.548979
567.000000 0.555205
568.000000 0.559197
569.000000 0.560914
570.000000 0.560289
571.000000 0.557307
572.000000 0.552069
573.000000 0.544630
574.000000 0.535018
575.000000 0.524464
576.000000 0.512793
577.000000 0.500148
578.000000 0.487059
579.000000 0.473333
580.000000 0.459321
581.000000 0.445349
582.000000 0.432328
583.000000 0.419992
584.000000 0.408580
585.000000 0.398300
586.000000 0.388557
587.000000 0.379933
588.000000 0.372255
589.000000 0.365486
590.000000 0.359699
591.000000 0.354767
592.000000 0.350842
593.000000 0.347529
594.000000 0.344821
595.000000 0.342667
596.000000 0.340978
597.000000 0.339720
598.000000 0.338744
599.000000 0.338112
600.000000 0.337849
601.000000 0.337707
602.000000 0.337623
603.000000 0.337598
604.000000 0.337490
605.000000 0.337304
606.000000 0.336937
607.000000 0.336189
608.000000 0.334979
609.000000 0.333187
610.000000 0.330677
611.000000 0.327479
612.000000 0.323482
613.000000 0.318782
614.000000 0.313165
615.000000 0.306345
616.000000 0.299082
617.000000 0.291121
618.000000 0.281842
619.000000 0.272144
620.000000 0.261964
621.000000 0.250899
622.000000 0.239767
623.000000 0.228516
624.000000 0.216820
625.000000 0.205405
626.000000 0.194169
627.000000 0.182738
628.000000 0.171953
629.000000 0.161683
630.000000 0.151475
631.000000 0.141763
632.000000 0.132974
633.000000 0.124813
634.000000 0.116956
635.000000 0.109854
636.000000 0.103346
637.000000 0.097183
638.000000 0.091795
639.000000 0.087022
640.000000 0.082604
641.000000 0.078546
642.000000 0.074998
643.000000 0.071910
644.000000 0.068980
645.000000 0.066462
646.000000 0.064319
647.000000 0.062241
648.000000 0.060228
649.000000 0.058489
650.000000 0.056942
651.000000 0.055423
652.000000 0.054032
653.000000 0.052843
654.000000 0.051643
655.000000 0.050441
656.000000 0.049355
657.000000 0.048320
658.000000 0.047277
659.000000 0.046223
660.000000 0.045253
661.000000 0.044395
662.000000 0.043582
663.000000 0.042686
664.000000 0.041751
665.000000 0.040935
666.000000 0.040198
667.000000 0.039440
668.000000 0.038712
669.000000 0.038096
670.000000 0.037569
671.000000 0.037066
672.000000 0.036572
673.000000 0.036088
674.000000 0.035726
675.000000 0.035442
676.000000 0.035202
677.000000 0.035061
678.000000 0.034960
679.000000 0.034852
680.000000 0.034779
681.000000 0.034812
682.000000 0.034935
683.000000 0.035145
684.000000 0.035393
685.000000 0.035628
686.000000 0.035958
687.000000 0.036389
688.000000 0.036874
689.000000 0.037371
690.000000 0.037820
691.000000 0.038323
692.000000 0.038902
693.000000 0.039500
694.000000 0.040126
695.000000 0.040812
696.000000 0.041512
697.000000 0.042187
698.000000 0.042924
699.000000 0.043696
700.000000 0.044455
701.000000 0.045264
702.000000 0.046044
703.000000 0.046779
704.000000 0.047540
705.000000 0.048295
706.000000 0.049008
707.000000 0.049717
708.000000 0.050447
709.000000 0.051139
710.000000 0.051767
711.000000 0.052354
712.000000 0.052949
713.000000 0.053544
714.000000 0.054105
715.000000 0.054618
716.000000 0.055105
717.000000 0.055562
718.000000 0.055963
719.000000 0.056350
720.000000 0.056723
721.000000 0.056997
722.000000 0.057263
723.000000 0.057614
724.000000 0.057942
725.000000 0.058185
726.000000 0.058365
727.000000 0.058537
728.000000 0.058718
729.000000 0.058906
730.000000 0.059115
731.000000 0.059375
732.000000 0.059659
733.000000 0.059973
734.000000 0.060303
735.000000 0.060645
736.000000 0.061006
737.000000 0.061385
738.000000 0.061837
739.000000 0.062353
740.000000 0.062902
741.000000 0.063516
742.000000 0.064216
743.000000 0.064989
744.000000 0.065892
745.000000 0.066873
746.000000 0.067831
747.000000 0.068836
748.000000 0.069954
749.000000 0.071139
750.000000 0.072446
751.000000 0.073842
752.000000 0.075293
753.000000 0.076818
754.000000 0.078356
755.000000 0.079960
756.000000 0.081718
757.000000 0.083587
758.000000 0.085455
759.000000 0.087387
760.000000 0.089408
761.000000 0.091591
762.000000 0.093852
763.000000 0.096067
764.000000 0.098353
765.000000 0.100745
766.000000 0.103202
767.000000 0.105691
768.000000 0.108195
769.000000 0.110695
770.000000 0.113253
771.000000 0.115835
772.000000 0.118410
773.000000 0.120947
774.000000 0.123449
775.000000 0.125928
776.000000 0.128517
777.000000 0.131139
778.000000 0.133451
779.000000 0.135474
780.000000 0.137313
781.000000 0.138991
782.000000 0.140463
783.000000 0.141694
784.000000 0.142678
785.000000 0.143301
786.000000 0.143528
787.000000 0.143470
788.000000 0.143041
789.000000 0.142220
790.000000 0.141075
791.000000 0.139554
792.000000 0.137685
793.000000 0.135440
794.000000 0.132830
795.000000 0.129894
796.000000 0.126669
797.000000 0.123042
798.000000 0.119104
799.000000 0.115064
800.000000 0.110885
801.000000 0.106547
802.000000 0.102092
803.000000 0.097580
804.000000 0.092816
805.000000 0.087923
806.000000 0.083241
807.000000 0.078717
808.000000 0.074257
809.000000 0.069869
810.000000 0.065376
811.000000 0.060930
812.000000 0.056791
813.000000 0.052890
814.000000 0.049223
815.000000 0.045727
816.000000 0.042314
817.000000 0.039112
818.000000 0.036188
819.000000 0.033490
820.000000 0.030972
821.000000 0.028581
822.000000 0.026361
823.000000 0.024327
824.000000 0.022464
825.000000 0.020734
826.000000 0.019152
827.000000 0.017720
828.000000 0.016403
829.000000 0.015204
830.000000 0.014080
831.000000 0.013083
832.000000 0.012231
833.000000 0.011467
834.000000 0.010736
835.000000 0.010039
836.000000 0.009426
837.000000 0.008876
838.000000 0.008365
839.000000 0.007927
840.000000 0.007531
841.000000 0.007132
842.000000 0.006784
843.000000 0.006477
844.000000 0.006190
845.000000 0.005942
846.000000 0.005688
847.000000 0.005459
848.000000 0.005295
849.000000 0.005127
850.000000 0.004972
851.000000 0.004828
852.000000 0.004656
853.000000 0.004499
854.000000 0.004356
855.000000 0.004268
856.000000 0.004201
857.000000 0.004100
858.000000 0.003974
859.000000 0.003875
860.000000 0.003829
861.000000 0.003759
862.000000 0.003694
863.000000 0.003689
864.000000 0.003668
865.000000 0.003619
866.000000 0.003585
867.000000 0.003528
868.000000 0.003494
869.000000 0.003495
870.000000 0.003473
871.000000 0.003483
872.000000 0.003500
873.000000 0.003519
874.000000 0.003532
875.000000 0.003505
876.000000 0.003504
877.000000 0.003544
878.000000 0.003542
879.000000 0.003526
880.000000 0.003536
881.000000 0.003525
882.000000 0.003515
883.000000 0.003560
884.000000 0.003593
885.000000 0.003574
886.000000 0.003597
887.000000 0.003648
888.000000 0.003683
889.000000 0.003724
890.000000 0.003754
891.000000 0.003784
892.000000 0.003826
893.000000 0.003838
894.000000 0.003855
895.000000 0.003872
896.000000 0.003906
897.000000 0.003961
898.000000 0.004022
899.000000 0.004072
900.000000 0.004085
