315.000000 0.119750
316.000000 0.119739
317.000000 0.119696
318.000000 0.120628
319.000000 0.121380
320.000000 0.121721
321.000000 0.122518
322.000000 0.123259
323.000000 0.124223
324.000000 0.125485
325.000000 0.126363
326.000000 0.126895
327.000000 0.127348
328.000000 0.128150
329.000000 0.129010
330.000000 0.129784
331.000000 0.130495
332.000000 0.130859
333.000000 0.131234
334.000000 0.131819
335.000000 0.132312
336.000000 0.132744
337.000000 0.133047
338.000000 0.133346
339.000000 0.133696
340.000000 0.134093
341.000000 0.134458
342.000000 0.134949
343.000000 0.135311
344.000000 0.135690
345.000000 0.136237
346.000000 0.136610
347.000000 0.136991
348.000000 0.137487
349.000000 0.137882
350.000000 0.138294
351.000000 0.138963
352.000000 0.139791
353.000000 0.140451
354.000000 0.140918
355.000000 0.141591
356.000000 0.142344
357.000000 0.143034
358.000000 0.143797
359.000000 0.144713
360.000000 0.145758
361.000000 0.146803
362.000000 0.147964
363.000000 0.149267
364.000000 0.150639
365.000000 0.152019
366.000000 0.153482
367.000000 0.155061
368.000000 0.156674
369.000000 0.158363
370.000000 0.160268
371.000000 0.162442
372.000000 0.164418
373.000000 0.166701
374.000000 0.169362
375.000000 0.171545
376.000000 0.173740
377.000000 0.176100
378.000000 0.178756
379.000000 0.181319
380.000000 0.184140
381.000000 0.187490
382.000000 0.190603
383.000000 0.193682
384.000000 0.196561
385.000000 0.199520
386.000000 0.202908
387.000000 0.206334
388.000000 0.209508
389.000000 0.212630
390.000000 0.215931
391.000000 0.219292
392.000000 0.222367
393.000000 0.225288
394.000000 0.228219
395.000000 0.231179
396.000000 0.234283
397.000000 0.237459
398.000000 0.240902
399.000000 0.244297
400.000000 0.247578
401.000000 0.251211
402.000000 0.254721
403.000000 0.257950
404.000000 0.261164
405.000000 0.264570
406.000000 0.268148
407.000000 0.271408
408.000000 0.274520
409.000000 0.277726
410.000000 0.281157
411.000000 0.284550
412.000000 0.287707
413.000000 0.290822
414.000000 0.293928
415.000000 0.297023
416.000000 0.299989
417.000000 0.302898
418.000000 0.305873
419.000000 0.308776
420.000000 0.311351
421.000000 0.313713
422.000000 0.315933
423.000000 0.318097
424.000000 0.320201
425.000000 0.322017
426.000000 0.323645
427.000000 0.325123
428.000000 0.326291
429.000000 0.327054
430.000000 0.327644
431.000000 0.328097
432.000000 0.328313
433.000000 0.328361
434.000000 0.328123
435.000000 0.327628
436.000000 0.327106
437.000000 0.326356
438.000000 0.325466
439.000000 0.324716
440.000000 0.323775
441.000000 0.322732
442.000000 0.321679
443.000000 0.320483
444.000000 0.319236
445.000000 0.317938
446.000000 0.316499
447.000000 0.314962
448.000000 0.313266
449.000000 0.311369
450.000000 0.309445
451.000000 0.307334
452.000000 0.304968
453.000000 0.302632
454.000000 0.300227
455.000000 0.297491
456.000000 0.294322
457.000000 0.290939
458.000000 0.287639
459.000000 0.284126
460.000000 0.280402
461.000000 0.276593
462.000000 0.272520
463.000000 0.268297
464.000000 0.263926
465.000000 0.259454
466.000000 0.255132
467.000000 0.250703
468.000000 0.246243
469.000000 0.241741
470.000000 0.237247
471.000000 0.233072
472.000000 0.228855
473.000000 0.224663
474.000000 0.220669
475.000000 0.216866
476.000000 0.213327
477.000000 0.209875
478.000000 0.206584
479.000000 0.203499
480.000000 0.200661
481.000000 0.198068
482.000000 0.195638
483.000000 0.193483
484.000000 0.191476
485.000000 0.189570
486.000000 0.187848
487.000000 0.186274
488.000000 0.184817
489.000000 0.183968
490.000000 0.183166
491.000000 0.182121
492.000000 0.181303
493.000000 0.180750
494.000000 0.180365
495.000000 0.179853
496.000000 0.179563
497.000000 0.179391
498.000000 0.179066
499.000000 0.178710
500.000000 0.178401
501.000000 0.178084
502.000000 0.177647
503.000000 0.177516
504.000000 0.178002
505.000000 0.178815
506.000000 0.179511
507.000000 0.179582
508.000000 0.179584
509.000000 0.180074
510.000000 0.180591
511.000000 0.180982
512.000000 0.180930
513.000000 0.180897
514.000000 0.181074
515.000000 0.181238
516.000000 0.181484
517.000000 0.181765
518.000000 0.182255
519.000000 0.182831
520.000000 0.183428
521.000000 0.184105
522.000000 0.184800
523.000000 0.185563
524.000000 0.186403
525.000000 0.187075
526.000000 0.187627
527.000000 0.188251
528.000000 0.188902
529.000000 0.189602
530.000000 0.190492
531.000000 0.191200
532.000000 0.191565
533.000000 0.192200
534.000000 0.193044
535.000000 0.193577
536.000000 0.194357
537.000000 0.195362
538.000000 0.196054
539.000000 0.196520
540.000000 0.197025
541.000000 0.197861
542.000000 0.198586
543.000000 0.199075
544.000000 0.199801
545.000000 0.200624
546.000000 0.201093
547.000000 0.201213
548.000000 0.201370
549.000000 0.201517
550.000000 0.201560
551.000000 0.201502
552.000000 0.201337
553.000000 0.201243
554.000000 0.201202
555.000000 0.201044
556.000000 0.200654
557.000000 0.200117
558.000000 0.199673
559.000000 0.199183
560.000000 0.198566
561.000000 0.198007
562.000000 0.197437
563.000000 0.196684
564.000000 0.195858
565.000000 0.195151
566.000000 0.194472
567.000000 0.193714
568.000000 0.193015
569.000000 0.192353
570.000000 0.191728
571.000000 0.191096
572.000000 0.190311
573.000000 0.189406
574.000000 0.188565
575.000000 0.187659
576.000000 0.186663
577.000000 0.185792
578.000000 0.185035
579.000000 0.184310
580.000000 0.183409
581.000000 0.182419
582.000000 0.181377
583.000000 0.180321
584.000000 0.179279
585.000000 0.178188
586.000000 0.177041
587.000000 0.175959
588.000000 0.174874
589.000000 0.173705
590.000000 0.172537
591.000000 0.171244
592.000000 0.169890
593.000000 0.168548
594.000000 0.167012
595.000000 0.165351
596.000000 0.163743
597.000000 0.162223
598.000000 0.160786
599.000000 0.159257
600.000000 0.158024
601.000000 0.156575
602.000000 0.154725
603.000000 0.153066
604.000000 0.151424
605.000000 0.149847
606.000000 0.148326
607.000000 0.146796
608.000000 0.145326
609.000000 0.143880
610.000000 0.142422
611.000000 0.141084
612.000000 0.139856
613.000000 0.138749
614.000000 0.137753
615.000000 0.136850
616.000000 0.136001
617.000000 0.135254
618.000000 0.134616
619.000000 0.134055
620.000000 0.133677
621.000000 0.133436
622.000000 0.133347
623.000000 0.133396
624.000000 0.133560
625.000000 0.133910
626.000000 0.134331
627.000000 0.134871
628.000000 0.135501
629.000000 0.136230
630.000000 0.137104
631.000000 0.138035
632.000000 0.139086
633.000000 0.140202
634.000000 0.141371
635.000000 0.142550
636.000000 0.143702
637.000000 0.144865
638.000000 0.145973
639.000000 0.147015
640.000000 0.147980
641.000000 0.148864
642.000000 0.149622
643.000000 0.150258
644.000000 0.150815
645.000000 0.151190
646.000000 0.151376
647.000000 0.151409
648.000000 0.151346
649.000000 0.151199
650.000000 0.150906
651.000000 0.150527
652.000000 0.150056
653.000000 0.149527
654.000000 0.149034
655.000000 0.148543
656.000000 0.148037
657.000000 0.147519
658.000000 0.147058
659.000000 0.146653
660.000000 0.146307
661.000000 0.146089
662.000000 0.145925
663.000000 0.145812
664.000000 0.145838
665.000000 0.145951
666.000000 0.146202
667.000000 0.146597
668.000000 0.147055
669.000000 0.147536
670.000000 0.148071
671.000000 0.148726
672.000000 0.149442
673.000000 0.150180
674.000000 0.150906
675.000000 0.151607
676.000000 0.152318
677.000000 0.153090
678.000000 0.153908
679.000000 0.154698
680.000000 0.155439
681.000000 0.156157
682.000000 0.156863
683.000000 0.157505
684.000000 0.158106
685.000000 0.158696
686.000000 0.159286
687.000000 0.159869
688.000000 0.160409
689.000000 0.160918
690.000000 0.161446
691.000000 0.162042
692.000000 0.162662
693.000000 0.163324
694.000000 0.164064
695.000000 0.164837
696.000000 0.165701
697.000000 0.166707
698.000000 0.167873
699.000000 0.169214
700.000000 0.170707
701.000000 0.172379
702.000000 0.174193
703.000000 0.176155
704.000000 0.178343
705.000000 0.180780
706.000000 0.183448
707.000000 0.186357
708.000000 0.189449
709.000000 0.192692
710.000000 0.196012
711.000000 0.199481
712.000000 0.203244
713.000000 0.207184
714.000000 0.211257
715.000000 0.215388
716.000000 0.219547
717.000000 0.223761
718.000000 0.227972
719.000000 0.231995
720.000000 0.235917
721.000000 0.239907
722.000000 0.243918
723.000000 0.247782
724.000000 0.251448
725.000000 0.254935
726.000000 0.258232
727.000000 0.261455
728.000000 0.264470
729.000000 0.267242
730.000000 0.269842
731.000000 0.272108
732.000000 0.274127
733.000000 0.276041
734.000000 0.277820
735.000000 0.279448
736.000000 0.280860
737.000000 0.282095
738.000000 0.283117
739.000000 0.283920
740.000000 0.284538
741.000000 0.284967
742.000000 0.285215
743.000000 0.285254
744.000000 0.285034
745.000000 0.284522
746.000000 0.283771
747.000000 0.282773
748.000000 0.281502
749.000000 0.279987
750.000000 0.278165
751.000000 0.275926
752.000000 0.273310
753.000000 0.270376
754.000000 0.267169
755.000000 0.263655
756.000000 0.259758
757.000000 0.255511
758.000000 0.250959
759.000000 0.246118
760.000000 0.240964
761.000000 0.235440
762.000000 0.229644
763.000000 0.223669
764.000000 0.217427
765.000000 0.210884
766.000000 0.204146
767.000000 0.197344
768.000000 0.190516
769.000000 0.183703
770.000000 0.176844
771.000000 0.169962
772.000000 0.163215
773.000000 0.156560
774.000000 0.149976
775.000000 0.143478
776.000000 0.136684
777.000000 0.129914
778.000000 0.123691
779.000000 0.117841
780.000000 0.112248
781.000000 0.106894
782.000000 0.101794
783.000000 0.096920
784.000000 0.092266
785.000000 0.087816
786.000000 0.083543
787.000000 0.079491
788.000000 0.075554
789.000000 0.071794
790.000000 0.068352
791.000000 0.065111
792.000000 0.062064
793.000000 0.059191
794.000000 0.056441
795.000000 0.053801
796.000000 0.051276
797.000000 0.048838
798.000000 0.046529
799.000000 0.044344
800.000000 0.042303
801.000000 0.040420
802.000000 0.038586
803.000000 0.036817
804.000000 0.035062
805.000000 0.033325
806.000000 0.031850
807.000000 0.030405
808.000000 0.028896
809.000000 0.027525
810.000000 0.026145
811.000000 0.024800
812.000000 0.023559
813.000000 0.022364
814.000000 0.021224
815.000000 0.020158
816.000000 0.019157
817.000000 0.018185
818.000000 0.017278
819.000000 0.016425
820.000000 0.015603
821.000000 0.014815
822.000000 0.014070
823.000000 0.013434
824.000000 0.012858
825.000000 0.012303
826.000000 0.011758
827.000000 0.011260
828.000000 0.010833
829.000000 0.010368
830.000000 0.009845
831.000000 0.009362
832.000000 0.008952
833.000000 0.008567
834.000000 0.008166
835.000000 0.007812
836.000000 0.007519
837.000000 0.007240
838.000000 0.006979
839.000000 0.006764
840.000000 0.006586
841.000000 0.006351
842.000000 0.006078
843.000000 0.005874
844.000000 0.005727
845.000000 0.005523
846.000000 0.005271
847.000000 0.005077
848.000000 0.004920
849.000000 0.004774
850.000000 0.004641
851.000000 0.004469
852.000000 0.004280
853.000000 0.004131
854.000000 0.003989
855.000000 0.003814
856.000000 0.003681
857.000000 0.003554
858.000000 0.003403
859.000000 0.003282
860.000000 0.003145
861.000000 0.003003
862.000000 0.002846
863.000000 0.002680
864.000000 0.002553
865.000000 0.002483
866.000000 0.002365
867.000000 0.002201
868.000000 0.002088
869.000000 0.001958
870.000000 0.001824
871.000000 0.001728
872.000000 0.001669
873.000000 0.001617
874.000000 0.001508
875.000000 0.001393
876.000000 0.001312
877.000000 0.001242
878.000000 0.001176
879.000000 0.001074
880.000000 0.000969
881.000000 0.000885
882.000000 0.000772
883.000000 0.000676
884.000000 0.000623
885.000000 0.000605
886.000000 0.000578
887.000000 0.000525
888.000000 0.000484
889.000000 0.000428
890.000000 0.000385
891.000000 0.000340
892.000000 0.000264
893.000000 0.000195
894.000000 0.000120
895.000000 0.000072
896.000000 0.000067
897.000000 0.000037
898.000000 0.000007
899.000000 0.000005
900.000000 0.000046
901.000000 0.000046
902.000000 -0.000049
903.000000 -0.000122
904.000000 -0.000167
905.000000 -0.000217
906.000000 -0.000275
907.000000 -0.000312
908.000000 -0.000333
909.000000 -0.000375
910.000000 -0.000414
911.000000 -0.000457
912.000000 -0.000519
913.000000 -0.000582
914.000000 -0.000626
915.000000 -0.000672
916.000000 -0.000721
917.000000 -0.000646
918.000000 -0.000607
919.000000 -0.000666
920.000000 -0.000688
921.000000 -0.000705
922.000000 -0.000723
923.000000 -0.000741
924.000000 -0.000746
925.000000 -0.000771
926.000000 -0.000786
927.000000 -0.000777
928.000000 -0.000785
929.000000 -0.000808
930.000000 -0.000852
931.000000 -0.000901
932.000000 -0.000941
933.000000 -0.000974
934.000000 -0.000954
935.000000 -0.000941
936.000000 -0.000941
937.000000 -0.000943
938.000000 -0.000939
939.000000 -0.000910
940.000000 -0.000900
941.000000 -0.000880
942.000000 -0.000862
943.000000 -0.000830
944.000000 -0.000800
945.000000 -0.000825
946.000000 -0.000856
947.000000 -0.000864
948.000000 -0.000884
949.000000 -0.000921
950.000000 -0.000943
951.000000 -0.000979
952.000000 -0.001033
953.000000 -0.001082
954.000000 -0.001107
955.000000 -0.001088
956.000000 -0.001088
957.000000 -0.001136
958.000000 -0.001166
959.000000 -0.001172
960.000000 -0.001212
961.000000 -0.001254
962.000000 -0.001269
963.000000 -0.001282
964.000000 -0.001320
965.000000 -0.001352
966.000000 -0.001357
967.000000 -0.001353
968.000000 -0.001360
969.000000 -0.001367
970.000000 -0.001381
971.000000 -0.001430
972.000000 -0.001564
973.000000 -0.001618
974.000000 -0.001527
975.000000 -0.001484
976.000000 -0.001493
977.000000 -0.001514
978.000000 -0.001529
979.000000 -0.001568
980.000000 -0.001643
981.000000 -0.001712
982.000000 -0.001753
983.000000 -0.001792
984.000000 -0.001822
985.000000 -0.001842
986.000000 -0.001859
987.000000 -0.001877
988.000000 -0.001875
989.000000 -0.001865
990.000000 -0.001850
991.000000 -0.001806
992.000000 -0.001798
993.000000 -0.001835
994.000000 -0.001869
995.000000 -0.001879
