315.000000 0.121408
316.000000 0.122281
317.000000 0.123054
318.000000 0.124254
319.000000 0.125131
320.000000 0.125571
321.000000 0.126309
322.000000 0.127359
323.000000 0.128345
324.000000 0.129032
325.000000 0.129830
326.000000 0.130459
327.000000 0.130947
328.000000 0.131682
329.000000 0.132458
330.000000 0.133177
331.000000 0.133471
332.000000 0.133789
333.000000 0.134291
334.000000 0.134757
335.000000 0.135232
336.000000 0.135622
337.000000 0.136248
338.000000 0.136817
339.000000 0.136878
340.000000 0.137387
341.000000 0.137963
342.000000 0.138006
343.000000 0.138255
344.000000 0.138778
345.000000 0.139082
346.000000 0.139389
347.000000 0.139846
348.000000 0.140408
349.000000 0.140931
350.000000 0.141261
351.000000 0.141753
352.000000 0.142343
353.000000 0.142909
354.000000 0.143496
355.000000 0.144129
356.000000 0.144845
357.000000 0.145509
358.000000 0.146102
359.000000 0.146868
360.000000 0.147846
361.000000 0.148775
362.000000 0.149722
363.000000 0.150854
364.000000 0.152160
365.000000 0.153633
366.000000 0.155190
367.000000 0.156855
368.000000 0.158438
369.000000 0.159932
370.000000 0.161660
371.000000 0.163567
372.000000 0.165545
373.000000 0.167341
374.000000 0.169457
375.000000 0.172045
376.000000 0.174679
377.000000 0.177271
378.000000 0.180058
379.000000 0.182773
380.000000 0.185537
381.000000 0.188898
382.000000 0.192262
383.000000 0.195203
384.000000 0.197983
385.000000 0.201146
386.000000 0.204625
387.000000 0.208293
388.000000 0.211756
389.000000 0.214761
390.000000 0.217857
391.000000 0.221060
392.000000 0.224097
393.000000 0.226969
394.000000 0.229905
395.000000 0.233032
396.000000 0.236294
397.000000 0.239600
398.000000 0.242959
399.000000 0.246185
400.000000 0.249466
401.000000 0.253137
402.000000 0.256859
403.000000 0.260485
404.000000 0.263822
405.000000 0.267248
406.000000 0.270905
407.000000 0.274358
408.000000 0.277740
409.000000 0.281070
410.000000 0.284728
411.000000 0.288500
412.000000 0.291640
413.000000 0.294743
414.000000 0.298030
415.000000 0.301103
416.000000 0.304003
417.000000 0.307040
418.000000 0.310131
419.000000 0.313028
420.000000 0.315782
421.000000 0.318329
422.000000 0.320691
423.000000 0.323002
424.000000 0.325155
425.000000 0.326985
426.000000 0.328600
427.000000 0.329992
428.000000 0.331231
429.000000 0.332194
430.000000 0.332834
431.000000 0.333358
432.000000 0.333715
433.000000 0.333811
434.000000 0.333684
435.000000 0.333330
436.000000 0.332728
437.000000 0.332020
438.000000 0.331308
439.000000 0.330547
440.000000 0.329631
441.000000 0.328598
442.000000 0.327501
443.000000 0.326315
444.000000 0.325016
445.000000 0.323714
446.000000 0.322292
447.000000 0.320675
448.000000 0.318929
449.000000 0.317090
450.000000 0.315157
451.000000 0.312958
452.000000 0.310449
453.000000 0.307984
454.000000 0.305497
455.000000 0.302697
456.000000 0.299515
457.000000 0.296133
458.000000 0.292770
459.000000 0.289052
460.000000 0.285142
461.000000 0.281183
462.000000 0.276959
463.000000 0.272632
464.000000 0.268153
465.000000 0.263577
466.000000 0.259220
467.000000 0.254756
468.000000 0.250162
469.000000 0.245471
470.000000 0.240755
471.000000 0.236370
472.000000 0.232005
473.000000 0.227755
474.000000 0.223751
475.000000 0.219918
476.000000 0.216315
477.000000 0.212829
478.000000 0.209531
479.000000 0.206428
480.000000 0.203539
481.000000 0.200901
482.000000 0.198447
483.000000 0.196292
484.000000 0.194273
485.000000 0.192365
486.000000 0.190675
487.000000 0.189145
488.000000 0.187786
489.000000 0.187029
490.000000 0.186492
491.000000 0.185707
492.000000 0.184919
493.000000 0.184327
494.000000 0.183877
495.000000 0.183391
496.000000 0.183033
497.000000 0.182684
498.000000 0.182567
499.000000 0.182747
500.000000 0.182843
501.000000 0.182630
502.000000 0.182327
503.000000 0.182387
504.000000 0.182673
505.000000 0.182948
506.000000 0.183302
507.000000 0.183643
508.000000 0.183988
509.000000 0.184563
510.000000 0.185085
511.000000 0.185451
512.000000 0.185725
513.000000 0.186056
514.000000 0.186483
515.000000 0.186828
516.000000 0.187273
517.000000 0.187945
518.000000 0.188722
519.000000 0.189283
520.000000 0.189722
521.000000 0.190528
522.000000 0.191411
523.000000 0.192090
524.000000 0.192837
525.000000 0.193356
526.000000 0.193895
527.000000 0.194685
528.000000 0.195550
529.000000 0.196523
530.000000 0.197584
531.000000 0.198454
532.000000 0.198788
533.000000 0.199213
534.000000 0.199929
535.000000 0.200682
536.000000 0.201827
537.000000 0.203151
538.000000 0.203825
539.000000 0.204142
540.000000 0.204646
541.000000 0.205298
542.000000 0.206200
543.000000 0.206915
544.000000 0.207361
545.000000 0.207906
546.000000 0.208260
547.000000 0.208347
548.000000 0.208511
549.000000 0.208684
550.000000 0.208714
551.000000 0.208581
552.000000 0.208321
553.000000 0.208125
554.000000 0.207944
555.000000 0.207603
556.000000 0.207246
557.000000 0.206916
558.000000 0.206642
559.000000 0.206265
560.000000 0.205708
561.000000 0.205122
562.000000 0.204443
563.000000 0.203578
564.000000 0.202660
565.000000 0.201832
566.000000 0.201091
567.000000 0.200269
568.000000 0.199467
569.000000 0.198729
570.000000 0.197964
571.000000 0.197194
572.000000 0.196306
573.000000 0.195353
574.000000 0.194435
575.000000 0.193512
576.000000 0.192507
577.000000 0.191503
578.000000 0.190539
579.000000 0.189710
580.000000 0.188795
581.000000 0.187630
582.000000 0.186437
583.000000 0.185274
584.000000 0.184111
585.000000 0.182884
586.000000 0.181553
587.000000 0.180366
588.000000 0.179132
589.000000 0.177783
590.000000 0.176428
591.000000 0.174907
592.000000 0.173334
593.000000 0.171775
594.000000 0.170164
595.000000 0.168514
596.000000 0.166864
597.000000 0.165213
598.000000 0.163642
599.000000 0.162007
600.000000 0.160177
601.000000 0.158267
602.000000 0.156513
603.000000 0.154806
604.000000 0.152986
605.000000 0.151317
606.000000 0.149724
607.000000 0.148110
608.000000 0.146502
609.000000 0.144827
610.000000 0.143212
611.000000 0.141726
612.000000 0.140350
613.000000 0.139110
614.000000 0.137951
615.000000 0.136809
616.000000 0.135778
617.000000 0.134882
618.000000 0.134085
619.000000 0.133423
620.000000 0.132863
621.000000 0.132470
622.000000 0.132257
623.000000 0.132181
624.000000 0.132267
625.000000 0.132420
626.000000 0.132597
627.000000 0.132947
628.000000 0.133456
629.000000 0.134005
630.000000 0.134666
631.000000 0.135482
632.000000 0.136326
633.000000 0.137173
634.000000 0.138130
635.000000 0.139169
636.000000 0.140232
637.000000 0.141277
638.000000 0.142234
639.000000 0.143061
640.000000 0.143797
641.000000 0.144502
642.000000 0.145103
643.000000 0.145575
644.000000 0.145908
645.000000 0.146014
646.000000 0.145946
647.000000 0.145762
648.000000 0.145460
649.000000 0.145092
650.000000 0.144608
651.000000 0.143992
652.000000 0.143291
653.000000 0.142559
654.000000 0.141840
655.000000 0.141103
656.000000 0.140297
657.000000 0.139487
658.000000 0.138750
659.000000 0.138036
660.000000 0.137392
661.000000 0.136893
662.000000 0.136494
663.000000 0.136164
664.000000 0.135951
665.000000 0.135822
666.000000 0.135783
667.000000 0.135880
668.000000 0.136108
669.000000 0.136375
670.000000 0.136676
671.000000 0.137076
672.000000 0.137553
673.000000 0.138087
674.000000 0.138648
675.000000 0.139217
676.000000 0.139788
677.000000 0.140405
678.000000 0.141050
679.000000 0.141643
680.000000 0.142241
681.000000 0.142855
682.000000 0.143436
683.000000 0.143985
684.000000 0.144458
685.000000 0.144889
686.000000 0.145371
687.000000 0.145973
688.000000 0.146545
689.000000 0.146970
690.000000 0.147372
691.000000 0.147771
692.000000 0.148221
693.000000 0.148794
694.000000 0.149469
695.000000 0.150173
696.000000 0.150934
697.000000 0.151856
698.000000 0.152941
699.000000 0.154186
700.000000 0.155515
701.000000 0.156961
702.000000 0.158545
703.000000 0.160310
704.000000 0.162333
705.000000 0.164541
706.000000 0.166946
707.000000 0.169564
708.000000 0.172302
709.000000 0.175162
710.000000 0.178117
711.000000 0.181235
712.000000 0.184609
713.000000 0.188151
714.000000 0.191823
715.000000 0.195558
716.000000 0.199327
717.000000 0.203141
718.000000 0.207004
719.000000 0.210698
720.000000 0.214278
721.000000 0.217930
722.000000 0.221589
723.000000 0.225110
724.000000 0.228471
725.000000 0.231701
726.000000 0.234813
727.000000 0.237839
728.000000 0.240655
729.000000 0.243288
730.000000 0.245737
731.000000 0.247868
732.000000 0.249738
733.000000 0.251612
734.000000 0.253454
735.000000 0.255075
736.000000 0.256476
737.000000 0.257681
738.000000 0.258667
739.000000 0.259460
740.000000 0.260107
741.000000 0.260588
742.000000 0.260914
743.000000 0.261006
744.000000 0.260849
745.000000 0.260468
746.000000 0.259806
747.000000 0.258868
748.000000 0.257700
749.000000 0.256333
750.000000 0.254690
751.000000 0.252668
752.000000 0.250341
753.000000 0.247722
754.000000 0.244771
755.000000 0.241523
756.000000 0.237967
757.000000 0.234152
758.000000 0.230065
759.000000 0.225619
760.000000 0.220899
761.000000 0.215941
762.000000 0.210676
763.000000 0.205193
764.000000 0.199517
765.000000 0.193643
766.000000 0.187569
767.000000 0.181378
768.000000 0.175214
769.000000 0.169050
770.000000 0.162825
771.000000 0.156610
772.000000 0.150549
773.000000 0.144590
774.000000 0.138657
775.000000 0.132782
776.000000 0.126649
777.000000 0.120495
778.000000 0.114829
779.000000 0.109575
780.000000 0.104585
781.000000 0.099762
782.000000 0.095119
783.000000 0.090669
784.000000 0.086442
785.000000 0.082425
786.000000 0.078576
787.000000 0.074924
788.000000 0.071363
789.000000 0.067932
790.000000 0.064739
791.000000 0.061699
792.000000 0.058871
793.000000 0.056221
794.000000 0.053702
795.000000 0.051329
796.000000 0.049042
797.000000 0.046792
798.000000 0.044631
799.000000 0.042632
800.000000 0.040749
801.000000 0.038993
802.000000 0.037278
803.000000 0.035553
804.000000 0.033910
805.000000 0.032324
806.000000 0.030793
807.000000 0.029343
808.000000 0.028004
809.000000 0.026727
810.000000 0.025404
811.000000 0.024098
812.000000 0.022881
813.000000 0.021727
814.000000 0.020670
815.000000 0.019663
816.000000 0.018665
817.000000 0.017708
818.000000 0.016846
819.000000 0.016016
820.000000 0.015180
821.000000 0.014415
822.000000 0.013728
823.000000 0.013116
824.000000 0.012532
825.000000 0.011960
826.000000 0.011449
827.000000 0.010956
828.000000 0.010497
829.000000 0.010079
830.000000 0.009640
831.000000 0.009257
832.000000 0.008915
833.000000 0.008520
834.000000 0.008090
835.000000 0.007732
836.000000 0.007430
837.000000 0.007131
838.000000 0.006852
839.000000 0.006613
840.000000 0.006406
841.000000 0.006177
842.000000 0.005927
843.000000 0.005710
844.000000 0.005536
845.000000 0.005342
846.000000 0.005127
847.000000 0.004956
848.000000 0.004795
849.000000 0.004642
850.000000 0.004524
851.000000 0.004377
852.000000 0.004172
853.000000 0.003969
854.000000 0.003826
855.000000 0.003685
856.000000 0.003551
857.000000 0.003434
858.000000 0.003290
859.000000 0.003153
860.000000 0.003032
861.000000 0.002915
862.000000 0.002780
863.000000 0.002634
864.000000 0.002502
865.000000 0.002430
866.000000 0.002353
867.000000 0.002256
868.000000 0.002195
869.000000 0.002092
870.000000 0.001915
871.000000 0.001728
872.000000 0.001585
873.000000 0.001490
874.000000 0.001397
875.000000 0.001312
876.000000 0.001249
877.000000 0.001157
878.000000 0.001075
879.000000 0.000994
880.000000 0.000899
881.000000 0.000831
882.000000 0.000719
883.000000 0.000627
884.000000 0.000598
885.000000 0.000587
886.000000 0.000570
887.000000 0.000510
888.000000 0.000442
889.000000 0.000385
890.000000 0.000372
891.000000 0.000335
892.000000 0.000244
893.000000 0.000173
894.000000 0.000102
895.000000 0.000046
896.000000 0.000036
897.000000 0.000044
898.000000 0.000030
899.000000 -0.000039
900.000000 -0.000076
901.000000 0.000058
902.000000 0.000200
903.000000 0.000171
904.000000 0.000095
905.000000 0.000041
906.000000 -0.000038
907.000000 -0.000138
908.000000 -0.000224
909.000000 -0.000286
910.000000 -0.000321
911.000000 -0.000333
912.000000 -0.000373
913.000000 -0.000453
914.000000 -0.000514
915.000000 -0.000558
916.000000 -0.000603
917.000000 -0.000617
918.000000 -0.000622
919.000000 -0.000631
920.000000 -0.000634
921.000000 -0.000649
922.000000 -0.000660
923.000000 -0.000673
924.000000 -0.000693
925.000000 -0.000723
926.000000 -0.000765
927.000000 -0.000791
928.000000 -0.000820
929.000000 -0.000849
930.000000 -0.000861
931.000000 -0.000868
932.000000 -0.000893
933.000000 -0.000918
934.000000 -0.000932
935.000000 -0.000933
936.000000 -0.000906
937.000000 -0.000887
938.000000 -0.000871
939.000000 -0.000857
940.000000 -0.000884
941.000000 -0.000891
942.000000 -0.000866
943.000000 -0.000825
944.000000 -0.000804
945.000000 -0.000834
946.000000 -0.000868
947.000000 -0.000887
948.000000 -0.000929
949.000000 -0.000985
950.000000 -0.000983
951.000000 -0.000950
952.000000 -0.000940
953.000000 -0.000984
954.000000 -0.001022
955.000000 -0.001013
956.000000 -0.001024
957.000000 -0.001074
958.000000 -0.001084
959.000000 -0.001075
960.000000 -0.001125
961.000000 -0.001192
962.000000 -0.001232
963.000000 -0.001242
964.000000 -0.001253
965.000000 -0.001238
966.000000 -0.001243
967.000000 -0.001286
968.000000 -0.001296
969.000000 -0.001303
970.000000 -0.001352
971.000000 -0.001415
972.000000 -0.001547
973.000000 -0.001624
974.000000 -0.001539
975.000000 -0.001494
976.000000 -0.001515
977.000000 -0.001533
978.000000 -0.001518
979.000000 -0.001536
980.000000 -0.001585
981.000000 -0.001609
982.000000 -0.001657
983.000000 -0.001730
984.000000 -0.001782
985.000000 -0.001783
986.000000 -0.001794
987.000000 -0.001844
988.000000 -0.001863
989.000000 -0.001875
990.000000 -0.001901
991.000000 -0.001910
992.000000 -0.001881
993.000000 -0.001886
994.000000 -0.001944
995.000000 -0.001976
