315.000000 0.117695
316.000000 0.117983
317.000000 0.118321
318.000000 0.119061
319.000000 0.119658
320.000000 0.119973
321.000000 0.120520
322.000000 0.121252
323.000000 0.122330
324.000000 0.122998
325.000000 0.123299
326.000000 0.123967
327.000000 0.124641
328.000000 0.125360
329.000000 0.126456
330.000000 0.127124
331.000000 0.127631
332.000000 0.128544
333.000000 0.129121
334.000000 0.129728
335.000000 0.130094
336.000000 0.130034
337.000000 0.130488
338.000000 0.131088
339.000000 0.131464
340.000000 0.132032
341.000000 0.132569
342.000000 0.132916
343.000000 0.133244
344.000000 0.133370
345.000000 0.133642
346.000000 0.134155
347.000000 0.134669
348.000000 0.135254
349.000000 0.135791
350.000000 0.136442
351.000000 0.137098
352.000000 0.137695
353.000000 0.138292
354.000000 0.138827
355.000000 0.139291
356.000000 0.139935
357.000000 0.140748
358.000000 0.141464
359.000000 0.142343
360.000000 0.143405
361.000000 0.144388
362.000000 0.145423
363.000000 0.146746
364.000000 0.148223
365.000000 0.149714
366.000000 0.151422
367.000000 0.153167
368.000000 0.154740
369.000000 0.156414
370.000000 0.158256
371.000000 0.159894
372.000000 0.161844
373.000000 0.164234
374.000000 0.166533
375.000000 0.169224
376.000000 0.171779
377.000000 0.173558
378.000000 0.176125
379.000000 0.179085
380.000000 0.181646
381.000000 0.185022
382.000000 0.188767
383.000000 0.192135
384.000000 0.195086
385.000000 0.198041
386.000000 0.201338
387.000000 0.204776
388.000000 0.208155
389.000000 0.211362
390.000000 0.214411
391.000000 0.217481
392.000000 0.220466
393.000000 0.223277
394.000000 0.225942
395.000000 0.228536
396.000000 0.231392
397.000000 0.234546
398.000000 0.237719
399.000000 0.240728
400.000000 0.243947
401.000000 0.247475
402.000000 0.251024
403.000000 0.254321
404.000000 0.257459
405.000000 0.260800
406.000000 0.264212
407.000000 0.267359
408.000000 0.270416
409.000000 0.273565
410.000000 0.276930
411.000000 0.280460
412.000000 0.283468
413.000000 0.286369
414.000000 0.289594
415.000000 0.292614
416.000000 0.295338
417.000000 0.297891
418.000000 0.300386
419.000000 0.302847
420.000000 0.305323
421.000000 0.307732
422.000000 0.309901
423.000000 0.311973
424.000000 0.313802
425.000000 0.315369
426.000000 0.316919
427.000000 0.318342
428.000000 0.319433
429.000000 0.320211
430.000000 0.320806
431.000000 0.321173
432.000000 0.321263
433.000000 0.321072
434.000000 0.320789
435.000000 0.320325
436.000000 0.319660
437.000000 0.318901
438.000000 0.318006
439.000000 0.317090
440.000000 0.316095
441.000000 0.315029
442.000000 0.313943
443.000000 0.312788
444.000000 0.311534
445.000000 0.310229
446.000000 0.308847
447.000000 0.307395
448.000000 0.305758
449.000000 0.303921
450.000000 0.302103
451.000000 0.300082
452.000000 0.297749
453.000000 0.295418
454.000000 0.293088
455.000000 0.290571
456.000000 0.287632
457.000000 0.284452
458.000000 0.281343
459.000000 0.278018
460.000000 0.274527
461.000000 0.270978
462.000000 0.267042
463.000000 0.262813
464.000000 0.258528
465.000000 0.254209
466.000000 0.250127
467.000000 0.245995
468.000000 0.241735
469.000000 0.237427
470.000000 0.233060
471.000000 0.228992
472.000000 0.224967
473.000000 0.221042
474.000000 0.217247
475.000000 0.213493
476.000000 0.209987
477.000000 0.206556
478.000000 0.203242
479.000000 0.200162
480.000000 0.197374
481.000000 0.194851
482.000000 0.192441
483.000000 0.190255
484.000000 0.188172
485.000000 0.186195
486.000000 0.184437
487.000000 0.182772
488.000000 0.181213
489.000000 0.180185
490.000000 0.179344
491.000000 0.178313
492.000000 0.177541
493.000000 0.176875
494.000000 0.175997
495.000000 0.175293
496.000000 0.174970
497.000000 0.174924
498.000000 0.174909
499.000000 0.174440
500.000000 0.173936
501.000000 0.173639
502.000000 0.173238
503.000000 0.172975
504.000000 0.173046
505.000000 0.173387
506.000000 0.173708
507.000000 0.173711
508.000000 0.173750
509.000000 0.174045
510.000000 0.174338
511.000000 0.174570
512.000000 0.174681
513.000000 0.174710
514.000000 0.174673
515.000000 0.174616
516.000000 0.174602
517.000000 0.174832
518.000000 0.175234
519.000000 0.175516
520.000000 0.175985
521.000000 0.176735
522.000000 0.177240
523.000000 0.177527
524.000000 0.178080
525.000000 0.178678
526.000000 0.179081
527.000000 0.179561
528.000000 0.180263
529.000000 0.180979
530.000000 0.181841
531.000000 0.182608
532.000000 0.182970
533.000000 0.183470
534.000000 0.184072
535.000000 0.184390
536.000000 0.185041
537.000000 0.186140
538.000000 0.186839
539.000000 0.187261
540.000000 0.187760
541.000000 0.188247
542.000000 0.188719
543.000000 0.189307
544.000000 0.190104
545.000000 0.190875
546.000000 0.191252
547.000000 0.191358
548.000000 0.191481
549.000000 0.191678
550.000000 0.191793
551.000000 0.191643
552.000000 0.191387
553.000000 0.191192
554.000000 0.191110
555.000000 0.191016
556.000000 0.190824
557.000000 0.190523
558.000000 0.190270
559.000000 0.189979
560.000000 0.189510
561.000000 0.188979
562.000000 0.188503
563.000000 0.187861
564.000000 0.187156
565.000000 0.186600
566.000000 0.185897
567.000000 0.185181
568.000000 0.184578
569.000000 0.183972
570.000000 0.183416
571.000000 0.182761
572.000000 0.181938
573.000000 0.181037
574.000000 0.180372
575.000000 0.179864
576.000000 0.179125
577.000000 0.178464
578.000000 0.177963
579.000000 0.177297
580.000000 0.176365
581.000000 0.175380
582.000000 0.174417
583.000000 0.173471
584.000000 0.172554
585.000000 0.171640
586.000000 0.170684
587.000000 0.169734
588.000000 0.168817
589.000000 0.167801
590.000000 0.166640
591.000000 0.165462
592.000000 0.164425
593.000000 0.163350
594.000000 0.162045
595.000000 0.160696
596.000000 0.159354
597.000000 0.158026
598.000000 0.156768
599.000000 0.155409
600.000000 0.153965
601.000000 0.152506
602.000000 0.151175
603.000000 0.149842
604.000000 0.148455
605.000000 0.147145
606.000000 0.145816
607.000000 0.144490
608.000000 0.143290
609.000000 0.142109
610.000000 0.140884
611.000000 0.139742
612.000000 0.138740
613.000000 0.137907
614.000000 0.137152
615.000000 0.136380
616.000000 0.135682
617.000000 0.135190
618.000000 0.134823
619.000000 0.134485
620.000000 0.134274
621.000000 0.134216
622.000000 0.134266
623.000000 0.134462
624.000000 0.134845
625.000000 0.135355
626.000000 0.136002
627.000000 0.136773
628.000000 0.137560
629.000000 0.138450
630.000000 0.139492
631.000000 0.140694
632.000000 0.141972
633.000000 0.143225
634.000000 0.144542
635.000000 0.145847
636.000000 0.147148
637.000000 0.148518
638.000000 0.149826
639.000000 0.151084
640.000000 0.152325
641.000000 0.153443
642.000000 0.154410
643.000000 0.155256
644.000000 0.155987
645.000000 0.156570
646.000000 0.157072
647.000000 0.157472
648.000000 0.157682
649.000000 0.157793
650.000000 0.157851
651.000000 0.157806
652.000000 0.157673
653.000000 0.157513
654.000000 0.157332
655.000000 0.157103
656.000000 0.156884
657.000000 0.156685
658.000000 0.156551
659.000000 0.156507
660.000000 0.156504
661.000000 0.156581
662.000000 0.156734
663.000000 0.156966
664.000000 0.157309
665.000000 0.157781
666.000000 0.158367
667.000000 0.159065
668.000000 0.159873
669.000000 0.160655
670.000000 0.161434
671.000000 0.162297
672.000000 0.163262
673.000000 0.164259
674.000000 0.165184
675.000000 0.166133
676.000000 0.167116
677.000000 0.168119
678.000000 0.169135
679.000000 0.170088
680.000000 0.170982
681.000000 0.171849
682.000000 0.172676
683.000000 0.173477
684.000000 0.174219
685.000000 0.174901
686.000000 0.175583
687.000000 0.176211
688.000000 0.176837
689.000000 0.177480
690.000000 0.178078
691.000000 0.178689
692.000000 0.179362
693.000000 0.180125
694.000000 0.181010
695.000000 0.181984
696.000000 0.182992
697.000000 0.184111
698.000000 0.185429
699.000000 0.186916
700.000000 0.188578
701.000000 0.190463
702.000000 0.192508
703.000000 0.194722
704.000000 0.197183
705.000000 0.199925
706.000000 0.202897
707.000000 0.206128
708.000000 0.209608
709.000000 0.213258
710.000000 0.217013
711.000000 0.220940
712.000000 0.225121
713.000000 0.229472
714.000000 0.233950
715.000000 0.238540
716.000000 0.243218
717.000000 0.247900
718.000000 0.252618
719.000000 0.257103
720.000000 0.261416
721.000000 0.265806
722.000000 0.270177
723.000000 0.274395
724.000000 0.278405
725.000000 0.282249
726.000000 0.285851
727.000000 0.289283
728.000000 0.292557
729.000000 0.295608
730.000000 0.298380
731.000000 0.300761
732.000000 0.302868
733.000000 0.304904
734.000000 0.306780
735.000000 0.308404
736.000000 0.309829
737.000000 0.311081
738.000000 0.312112
739.000000 0.312906
740.000000 0.313476
741.000000 0.313851
742.000000 0.314083
743.000000 0.314073
744.000000 0.313763
745.000000 0.313202
746.000000 0.312357
747.000000 0.311207
748.000000 0.309783
749.000000 0.308094
750.000000 0.306076
751.000000 0.303672
752.000000 0.300878
753.000000 0.297670
754.000000 0.294071
755.000000 0.290132
756.000000 0.285861
757.000000 0.281221
758.000000 0.276198
759.000000 0.270788
760.000000 0.265038
761.000000 0.258882
762.000000 0.252381
763.000000 0.245684
764.000000 0.238695
765.000000 0.231423
766.000000 0.223937
767.000000 0.216319
768.000000 0.208695
769.000000 0.201075
770.000000 0.193439
771.000000 0.185808
772.000000 0.178295
773.000000 0.170842
774.000000 0.163446
775.000000 0.156206
776.000000 0.148604
777.000000 0.140998
778.000000 0.134003
779.000000 0.127457
780.000000 0.121251
781.000000 0.115267
782.000000 0.109581
783.000000 0.104141
784.000000 0.098903
785.000000 0.093925
786.000000 0.089177
787.000000 0.084717
788.000000 0.080404
789.000000 0.076276
790.000000 0.072456
791.000000 0.068839
792.000000 0.065477
793.000000 0.062289
794.000000 0.059257
795.000000 0.056419
796.000000 0.053724
797.000000 0.051120
798.000000 0.048619
799.000000 0.046219
800.000000 0.043957
801.000000 0.041942
802.000000 0.040025
803.000000 0.038121
804.000000 0.036242
805.000000 0.034439
806.000000 0.032784
807.000000 0.031225
808.000000 0.029759
809.000000 0.028332
810.000000 0.026893
811.000000 0.025520
812.000000 0.024238
813.000000 0.023010
814.000000 0.021858
815.000000 0.020781
816.000000 0.019747
817.000000 0.018728
818.000000 0.017766
819.000000 0.016862
820.000000 0.016009
821.000000 0.015217
822.000000 0.014464
823.000000 0.013781
824.000000 0.013144
825.000000 0.012550
826.000000 0.011997
827.000000 0.011475
828.000000 0.010982
829.000000 0.010492
830.000000 0.009999
831.000000 0.009570
832.000000 0.009229
833.000000 0.008867
834.000000 0.008448
835.000000 0.008080
836.000000 0.007755
837.000000 0.007420
838.000000 0.007101
839.000000 0.006827
840.000000 0.006601
841.000000 0.006353
842.000000 0.006095
843.000000 0.005874
844.000000 0.005700
845.000000 0.005487
846.000000 0.005261
847.000000 0.005093
848.000000 0.004880
849.000000 0.004676
850.000000 0.004567
851.000000 0.004457
852.000000 0.004301
853.000000 0.004127
854.000000 0.003957
855.000000 0.003807
856.000000 0.003686
857.000000 0.003548
858.000000 0.003397
859.000000 0.003280
860.000000 0.003146
861.000000 0.002992
862.000000 0.002831
863.000000 0.002669
864.000000 0.002518
865.000000 0.002435
866.000000 0.002326
867.000000 0.002182
868.000000 0.002097
869.000000 0.001992
870.000000 0.001835
871.000000 0.001690
872.000000 0.001609
873.000000 0.001538
874.000000 0.001397
875.000000 0.001268
876.000000 0.001182
877.000000 0.001092
878.000000 0.001048
879.000000 0.000982
880.000000 0.000879
881.000000 0.000809
882.000000 0.000722
883.000000 0.000624
884.000000 0.000576
885.000000 0.000555
886.000000 0.000510
887.000000 0.000454
888.000000 0.000404
889.000000 0.000369
890.000000 0.000361
891.000000 0.000289
892.000000 0.000170
893.000000 0.000123
894.000000 0.000102
895.000000 0.000097
896.000000 0.000113
897.000000 0.000092
898.000000 0.000071
899.000000 0.000024
900.000000 -0.000051
901.000000 -0.000094
902.000000 -0.000132
903.000000 -0.000176
904.000000 -0.000212
905.000000 -0.000244
906.000000 -0.000290
907.000000 -0.000333
908.000000 -0.000358
909.000000 -0.000383
910.000000 -0.000440
911.000000 -0.000488
912.000000 -0.000477
913.000000 -0.000424
914.000000 -0.000405
915.000000 -0.000489
916.000000 -0.000604
917.000000 -0.000662
918.000000 -0.000673
919.000000 -0.000644
920.000000 -0.000647
921.000000 -0.000721
922.000000 -0.000769
923.000000 -0.000791
924.000000 -0.000812
925.000000 -0.000858
926.000000 -0.000905
927.000000 -0.000909
928.000000 -0.000906
929.000000 -0.000914
930.000000 -0.000921
931.000000 -0.000903
932.000000 -0.000882
933.000000 -0.000891
934.000000 -0.000912
935.000000 -0.000933
936.000000 -0.000947
937.000000 -0.000957
938.000000 -0.000953
939.000000 -0.000944
940.000000 -0.000935
941.000000 -0.000906
942.000000 -0.000885
943.000000 -0.000865
944.000000 -0.000862
945.000000 -0.000887
946.000000 -0.000905
947.000000 -0.000917
948.000000 -0.000952
949.000000 -0.000991
950.000000 -0.001023
951.000000 -0.001038
952.000000 -0.001018
953.000000 -0.001042
954.000000 -0.001082
955.000000 -0.001076
956.000000 -0.001079
957.000000 -0.001130
958.000000 -0.001174
959.000000 -0.001190
960.000000 -0.001260
961.000000 -0.001340
962.000000 -0.001368
963.000000 -0.001362
964.000000 -0.001356
965.000000 -0.001368
966.000000 -0.001375
967.000000 -0.001365
968.000000 -0.001352
969.000000 -0.001373
970.000000 -0.001440
971.000000 -0.001505
972.000000 -0.001658
973.000000 -0.001740
974.000000 -0.001648
975.000000 -0.001609
976.000000 -0.001586
977.000000 -0.001551
978.000000 -0.001554
979.000000 -0.001601
980.000000 -0.001667
981.000000 -0.001717
982.000000 -0.001746
983.000000 -0.001802
984.000000 -0.001843
985.000000 -0.001845
986.000000 -0.001850
987.000000 -0.001858
988.000000 -0.001867
989.000000 -0.001856
990.000000 -0.001871
991.000000 -0.001905
992.000000 -0.001915
993.000000 -0.001919
994.000000 -0.001946
995.000000 -0.001979
