315.000000 0.111617
316.000000 0.111005
317.000000 0.110731
318.000000 0.111892
319.000000 0.113045
320.000000 0.113004
321.000000 0.112888
322.000000 0.113920
323.000000 0.114848
324.000000 0.114824
325.000000 0.115166
326.000000 0.116160
327.000000 0.117109
328.000000 0.117941
329.000000 0.118352
330.000000 0.118960
331.000000 0.120010
332.000000 0.120664
333.000000 0.120969
334.000000 0.121337
335.000000 0.121656
336.000000 0.121963
337.000000 0.122593
338.000000 0.123163
339.000000 0.123477
340.000000 0.123809
341.000000 0.124485
342.000000 0.125277
343.000000 0.125865
344.000000 0.126675
345.000000 0.127419
346.000000 0.127819
347.000000 0.128146
348.000000 0.128614
349.000000 0.129069
350.000000 0.129435
351.000000 0.130198
352.000000 0.131074
353.000000 0.131810
354.000000 0.132450
355.000000 0.132992
356.000000 0.133716
357.000000 0.134566
358.000000 0.135451
359.000000 0.136425
360.000000 0.137552
361.000000 0.138614
362.000000 0.139696
363.000000 0.141104
364.000000 0.142574
365.000000 0.144030
366.000000 0.145698
367.000000 0.147562
368.000000 0.149499
369.000000 0.151297
370.000000 0.152874
371.000000 0.154194
372.000000 0.155862
373.000000 0.158000
374.000000 0.160390
375.000000 0.163064
376.000000 0.165770
377.000000 0.168226
378.000000 0.170900
379.000000 0.173680
380.000000 0.176757
381.000000 0.180500
382.000000 0.183889
383.000000 0.187132
384.000000 0.190516
385.000000 0.193751
386.000000 0.196946
387.000000 0.200228
388.000000 0.203401
389.000000 0.206308
390.000000 0.209135
391.000000 0.211902
392.000000 0.214365
393.000000 0.216906
394.000000 0.219553
395.000000 0.222301
396.000000 0.225312
397.000000 0.228203
398.000000 0.231027
399.000000 0.233871
400.000000 0.236814
401.000000 0.239890
402.000000 0.242989
403.000000 0.246109
404.000000 0.249215
405.000000 0.252505
406.000000 0.255746
407.000000 0.258489
408.000000 0.261179
409.000000 0.263997
410.000000 0.266948
411.000000 0.270094
412.000000 0.272922
413.000000 0.275389
414.000000 0.278050
415.000000 0.280776
416.000000 0.283411
417.000000 0.286011
418.000000 0.288427
419.000000 0.290592
420.000000 0.292622
421.000000 0.294648
422.000000 0.296466
423.000000 0.298278
424.000000 0.300016
425.000000 0.301417
426.000000 0.302667
427.000000 0.303709
428.000000 0.304536
429.000000 0.305185
430.000000 0.305680
431.000000 0.305937
432.000000 0.305966
433.000000 0.305823
434.000000 0.305409
435.000000 0.304689
436.000000 0.303917
437.000000 0.303124
438.000000 0.302197
439.000000 0.301309
440.000000 0.300333
441.000000 0.299304
442.000000 0.298229
443.000000 0.297016
444.000000 0.295710
445.000000 0.294335
446.000000 0.292912
447.000000 0.291512
448.000000 0.290021
449.000000 0.288386
450.000000 0.286670
451.000000 0.284764
452.000000 0.282629
453.000000 0.280516
454.000000 0.278377
455.000000 0.276079
456.000000 0.273461
457.000000 0.270618
458.000000 0.267802
459.000000 0.264684
460.000000 0.261419
461.000000 0.258180
462.000000 0.254678
463.000000 0.250948
464.000000 0.247080
465.000000 0.243179
466.000000 0.239495
467.000000 0.235706
468.000000 0.231809
469.000000 0.227885
470.000000 0.223952
471.000000 0.220279
472.000000 0.216486
473.000000 0.212706
474.000000 0.209119
475.000000 0.205682
476.000000 0.202519
477.000000 0.199379
478.000000 0.196307
479.000000 0.193352
480.000000 0.190595
481.000000 0.188051
482.000000 0.185593
483.000000 0.183411
484.000000 0.181353
485.000000 0.179368
486.000000 0.177564
487.000000 0.175947
488.000000 0.174523
489.000000 0.173324
490.000000 0.171954
491.000000 0.170564
492.000000 0.169293
493.000000 0.168418
494.000000 0.167755
495.000000 0.166731
496.000000 0.165976
497.000000 0.165394
498.000000 0.164892
499.000000 0.164472
500.000000 0.164025
501.000000 0.163573
502.000000 0.162989
503.000000 0.162521
504.000000 0.162245
505.000000 0.162049
506.000000 0.162014
507.000000 0.161918
508.000000 0.161628
509.000000 0.161308
510.000000 0.161045
511.000000 0.161065
512.000000 0.161005
513.000000 0.160835
514.000000 0.160756
515.000000 0.160600
516.000000 0.160422
517.000000 0.160253
518.000000 0.160191
519.000000 0.160240
520.000000 0.160501
521.000000 0.160886
522.000000 0.161080
523.000000 0.161332
524.000000 0.161778
525.000000 0.162115
526.000000 0.162336
527.000000 0.162650
528.000000 0.163050
529.000000 0.163320
530.000000 0.163721
531.000000 0.164133
532.000000 0.164185
533.000000 0.164563
534.000000 0.165404
535.000000 0.165925
536.000000 0.166480
537.000000 0.167310
538.000000 0.167808
539.000000 0.168103
540.000000 0.168422
541.000000 0.168800
542.000000 0.169306
543.000000 0.169876
544.000000 0.170638
545.000000 0.171469
546.000000 0.172081
547.000000 0.172425
548.000000 0.172577
549.000000 0.172867
550.000000 0.173099
551.000000 0.173031
552.000000 0.172915
553.000000 0.172942
554.000000 0.173041
555.000000 0.173046
556.000000 0.172869
557.000000 0.172520
558.000000 0.172320
559.000000 0.172066
560.000000 0.171606
561.000000 0.171194
562.000000 0.170825
563.000000 0.170257
564.000000 0.169624
565.000000 0.169170
566.000000 0.168700
567.000000 0.168129
568.000000 0.167725
569.000000 0.167289
570.000000 0.166812
571.000000 0.166429
572.000000 0.165908
573.000000 0.165312
574.000000 0.164810
575.000000 0.164274
576.000000 0.163637
577.000000 0.163113
578.000000 0.162809
579.000000 0.162440
580.000000 0.161865
581.000000 0.161402
582.000000 0.160932
583.000000 0.160231
584.000000 0.159437
585.000000 0.158624
586.000000 0.157934
587.000000 0.157466
588.000000 0.156887
589.000000 0.156235
590.000000 0.155614
591.000000 0.154887
592.000000 0.154009
593.000000 0.153135
594.000000 0.152199
595.000000 0.151185
596.000000 0.150253
597.000000 0.149291
598.000000 0.148359
599.000000 0.147430
600.000000 0.146456
601.000000 0.145515
602.000000 0.144565
603.000000 0.143516
604.000000 0.142518
605.000000 0.141633
606.000000 0.140750
607.000000 0.139800
608.000000 0.138880
609.000000 0.138000
610.000000 0.137148
611.000000 0.136356
612.000000 0.135694
613.000000 0.135236
614.000000 0.134870
615.000000 0.134524
616.000000 0.134178
617.000000 0.133976
618.000000 0.133901
619.000000 0.133954
620.000000 0.134198
621.000000 0.134551
622.000000 0.135028
623.000000 0.135626
624.000000 0.136308
625.000000 0.137094
626.000000 0.138035
627.000000 0.139168
628.000000 0.140341
629.000000 0.141565
630.000000 0.143010
631.000000 0.144567
632.000000 0.146085
633.000000 0.147622
634.000000 0.149294
635.000000 0.150959
636.000000 0.152599
637.000000 0.154336
638.000000 0.156044
639.000000 0.157692
640.000000 0.159313
641.000000 0.160896
642.000000 0.162589
643.000000 0.164169
644.000000 0.165371
645.000000 0.166386
646.000000 0.167219
647.000000 0.167794
648.000000 0.168365
649.000000 0.168950
650.000000 0.169408
651.000000 0.169807
652.000000 0.170166
653.000000 0.170551
654.000000 0.170961
655.000000 0.171326
656.000000 0.171685
657.000000 0.172124
658.000000 0.172626
659.000000 0.173149
660.000000 0.173792
661.000000 0.174653
662.000000 0.175534
663.000000 0.176321
664.000000 0.177177
665.000000 0.178090
666.000000 0.179044
667.000000 0.180118
668.000000 0.181423
669.000000 0.182944
670.000000 0.184487
671.000000 0.185796
672.000000 0.186946
673.000000 0.188181
674.000000 0.189445
675.000000 0.190742
676.000000 0.192053
677.000000 0.193443
678.000000 0.194854
679.000000 0.196116
680.000000 0.197318
681.000000 0.198515
682.000000 0.199633
683.000000 0.200651
684.000000 0.201575
685.000000 0.202432
686.000000 0.203279
687.000000 0.204082
688.000000 0.204872
689.000000 0.205698
690.000000 0.206467
691.000000 0.207201
692.000000 0.208008
693.000000 0.208925
694.000000 0.209963
695.000000 0.211093
696.000000 0.212266
697.000000 0.213607
698.000000 0.215194
699.000000 0.217001
700.000000 0.219009
701.000000 0.221244
702.000000 0.223634
703.000000 0.226244
704.000000 0.229223
705.000000 0.232503
706.000000 0.236038
707.000000 0.239832
708.000000 0.243925
709.000000 0.248306
710.000000 0.252767
711.000000 0.257329
712.000000 0.262252
713.000000 0.267475
714.000000 0.272823
715.000000 0.278254
716.000000 0.283775
717.000000 0.289281
718.000000 0.294778
719.000000 0.300006
720.000000 0.305037
721.000000 0.310170
722.000000 0.315271
723.000000 0.320209
724.000000 0.324919
725.000000 0.329380
726.000000 0.333501
727.000000 0.337365
728.000000 0.341002
729.000000 0.344356
730.000000 0.347469
731.000000 0.350169
732.000000 0.352518
733.000000 0.354721
734.000000 0.356792
735.000000 0.358624
736.000000 0.360094
737.000000 0.361312
738.000000 0.362313
739.000000 0.363057
740.000000 0.363584
741.000000 0.363903
742.000000 0.364006
743.000000 0.363877
744.000000 0.363463
745.000000 0.362760
746.000000 0.361717
747.000000 0.360279
748.000000 0.358519
749.000000 0.356480
750.000000 0.354102
751.000000 0.351255
752.000000 0.347941
753.000000 0.344224
754.000000 0.340049
755.000000 0.335433
756.000000 0.330429
757.000000 0.324959
758.000000 0.319058
759.000000 0.312754
760.000000 0.306037
761.000000 0.298840
762.000000 0.291261
763.000000 0.283415
764.000000 0.275237
765.000000 0.266698
766.000000 0.257847
767.000000 0.248902
768.000000 0.239980
769.000000 0.230979
770.000000 0.221869
771.000000 0.212819
772.000000 0.203942
773.000000 0.195165
774.000000 0.186465
775.000000 0.177899
776.000000 0.168941
777.000000 0.159784
778.000000 0.151497
779.000000 0.143941
780.000000 0.136602
781.000000 0.129593
782.000000 0.122922
783.000000 0.116496
784.000000 0.110342
785.000000 0.104498
786.000000 0.098955
787.000000 0.093713
788.000000 0.088644
789.000000 0.083826
790.000000 0.079371
791.000000 0.075216
792.000000 0.071329
793.000000 0.067629
794.000000 0.064166
795.000000 0.060951
796.000000 0.057906
797.000000 0.054904
798.000000 0.052037
799.000000 0.049390
800.000000 0.046917
801.000000 0.044635
802.000000 0.042435
803.000000 0.040320
804.000000 0.038253
805.000000 0.036263
806.000000 0.034451
807.000000 0.032758
808.000000 0.031161
809.000000 0.029603
810.000000 0.028033
811.000000 0.026584
812.000000 0.025263
813.000000 0.023937
814.000000 0.022681
815.000000 0.021523
816.000000 0.020451
817.000000 0.019457
818.000000 0.018555
819.000000 0.017701
820.000000 0.016755
821.000000 0.015779
822.000000 0.014945
823.000000 0.014251
824.000000 0.013603
825.000000 0.012947
826.000000 0.012304
827.000000 0.011717
828.000000 0.011213
829.000000 0.010737
830.000000 0.010238
831.000000 0.009764
832.000000 0.009359
833.000000 0.008993
834.000000 0.008594
835.000000 0.008205
836.000000 0.007873
837.000000 0.007577
838.000000 0.007249
839.000000 0.006946
840.000000 0.006738
841.000000 0.006506
842.000000 0.006219
843.000000 0.005967
844.000000 0.005797
845.000000 0.005602
846.000000 0.005333
847.000000 0.005112
848.000000 0.004930
849.000000 0.004762
850.000000 0.004607
851.000000 0.004448
852.000000 0.004322
853.000000 0.004201
854.000000 0.004042
855.000000 0.003849
856.000000 0.003716
857.000000 0.003591
858.000000 0.003399
859.000000 0.003232
860.000000 0.003074
861.000000 0.002938
862.000000 0.002797
863.000000 0.002616
864.000000 0.002485
865.000000 0.002425
866.000000 0.002313
867.000000 0.002189
868.000000 0.002069
869.000000 0.001915
870.000000 0.001790
871.000000 0.001677
872.000000 0.001603
873.000000 0.001534
874.000000 0.001414
875.000000 0.001302
876.000000 0.001223
877.000000 0.001123
878.000000 0.001067
879.000000 0.001009
880.000000 0.000928
881.000000 0.000886
882.000000 0.000815
883.000000 0.000722
884.000000 0.000648
885.000000 0.000601
886.000000 0.000557
887.000000 0.000481
888.000000 0.000409
889.000000 0.000359
890.000000 0.000343
891.000000 0.000296
892.000000 0.000175
893.000000 0.000089
894.000000 0.000058
895.000000 0.000040
896.000000 0.000021
897.000000 0.000004
898.000000 -0.000012
899.000000 -0.000080
900.000000 -0.000158
901.000000 -0.000216
902.000000 -0.000266
903.000000 -0.000282
904.000000 -0.000305
905.000000 -0.000347
906.000000 -0.000367
907.000000 -0.000376
908.000000 -0.000393
909.000000 -0.000414
910.000000 -0.000460
911.000000 -0.000554
912.000000 -0.000645
913.000000 -0.000691
914.000000 -0.000710
915.000000 -0.000741
916.000000 -0.000779
917.000000 -0.000795
918.000000 -0.000812
919.000000 -0.000823
920.000000 -0.000821
921.000000 -0.000825
922.000000 -0.000821
923.000000 -0.000820
924.000000 -0.000809
925.000000 -0.000839
926.000000 -0.000914
927.000000 -0.000946
928.000000 -0.000957
929.000000 -0.000975
930.000000 -0.001006
931.000000 -0.001012
932.000000 -0.001014
933.000000 -0.001026
934.000000 -0.001032
935.000000 -0.001058
936.000000 -0.001055
937.000000 -0.001032
938.000000 -0.001014
939.000000 -0.001004
940.000000 -0.000999
941.000000 -0.000955
942.000000 -0.000942
943.000000 -0.000943
944.000000 -0.000924
945.000000 -0.000948
946.000000 -0.000964
947.000000 -0.000961
948.000000 -0.001008
949.000000 -0.001055
950.000000 -0.001067
951.000000 -0.001066
952.000000 -0.001075
953.000000 -0.001124
954.000000 -0.001170
955.000000 -0.001183
956.000000 -0.001204
957.000000 -0.001233
958.000000 -0.001211
959.000000 -0.001226
960.000000 -0.001332
961.000000 -0.001407
962.000000 -0.001409
963.000000 -0.001391
964.000000 -0.001416
965.000000 -0.001457
966.000000 -0.001473
967.000000 -0.001489
968.000000 -0.001518
969.000000 -0.001538
970.000000 -0.001567
971.000000 -0.001597
972.000000 -0.001714
973.000000 -0.001771
974.000000 -0.001656
975.000000 -0.001577
976.000000 -0.001581
977.000000 -0.001647
978.000000 -0.001701
979.000000 -0.001736
980.000000 -0.001780
981.000000 -0.001800
982.000000 -0.001830
983.000000 -0.001885
984.000000 -0.001911
985.000000 -0.001939
986.000000 -0.001966
987.000000 -0.001977
988.000000 -0.001986
989.000000 -0.001997
990.000000 -0.002021
991.000000 -0.002029
992.000000 -0.002015
993.000000 -0.002027
994.000000 -0.002077
995.000000 -0.002111
