315.000000 0.125400
316.000000 0.124971
317.000000 0.124928
318.000000 0.125942
319.000000 0.127109
320.000000 0.127654
321.000000 0.128174
322.000000 0.128693
323.000000 0.129630
324.000000 0.130656
325.000000 0.131772
326.000000 0.132815
327.000000 0.133161
328.000000 0.133645
329.000000 0.134324
330.000000 0.135242
331.000000 0.136301
332.000000 0.137147
333.000000 0.137930
334.000000 0.138536
335.000000 0.138870
336.000000 0.139473
337.000000 0.140258
338.000000 0.140530
339.000000 0.140453
340.000000 0.140805
341.000000 0.141444
342.000000 0.141752
343.000000 0.141771
344.000000 0.142070
345.000000 0.148415
346.000000 0.154836
347.000000 0.153303
348.000000 0.154582
349.000000 0.153264
350.000000 0.153419
351.000000 0.154035
352.000000 0.154148
353.000000 0.154371
354.000000 0.155504
355.000000 0.156105
356.000000 0.155800
357.000000 0.156492
358.000000 0.156759
359.000000 0.157710
360.000000 0.154244
361.000000 0.152990
362.000000 0.153187
363.000000 0.154144
364.000000 0.155365
365.000000 0.156784
366.000000 0.158156
367.000000 0.159444
368.000000 0.160938
369.000000 0.162535
370.000000 0.164116
371.000000 0.165659
372.000000 0.167323
373.000000 0.169092
374.000000 0.171045
375.000000 0.173356
376.000000 0.175973
377.000000 0.178785
378.000000 0.181472
379.000000 0.183774
380.000000 0.186191
381.000000 0.189340
382.000000 0.192685
383.000000 0.195649
384.000000 0.198498
385.000000 0.201708
386.000000 0.205160
387.000000 0.208688
388.000000 0.212332
389.000000 0.215823
390.000000 0.219153
391.000000 0.222453
392.000000 0.225767
393.000000 0.228965
394.000000 0.232168
395.000000 0.235589
396.000000 0.239043
397.000000 0.242463
398.000000 0.246081
399.000000 0.249745
400.000000 0.253249
401.000000 0.257045
402.000000 0.260917
403.000000 0.264522
404.000000 0.267839
405.000000 0.271373
406.000000 0.275294
407.000000 0.278906
408.000000 0.282406
409.000000 0.285945
410.000000 0.289710
411.000000 0.293664
412.000000 0.297090
413.000000 0.300149
414.000000 0.303581
415.000000 0.307047
416.000000 0.310045
417.000000 0.312940
418.000000 0.315938
419.000000 0.318879
420.000000 0.321691
421.000000 0.324278
422.000000 0.326692
423.000000 0.329195
424.000000 0.331539
425.000000 0.333482
426.000000 0.335239
427.000000 0.336872
428.000000 0.338344
429.000000 0.339502
430.000000 0.340308
431.000000 0.340883
432.000000 0.341283
433.000000 0.341438
434.000000 0.341411
435.000000 0.341217
436.000000 0.340691
437.000000 0.339971
438.000000 0.339274
439.000000 0.338580
440.000000 0.337627
441.000000 0.336593
442.000000 0.335564
443.000000 0.334338
444.000000 0.333064
445.000000 0.331763
446.000000 0.330249
447.000000 0.328649
448.000000 0.326987
449.000000 0.325178
450.000000 0.323271
451.000000 0.321106
452.000000 0.318524
453.000000 0.315912
454.000000 0.313270
455.000000 0.310377
456.000000 0.307153
457.000000 0.303879
458.000000 0.301091
459.000000 0.297885
460.000000 0.293774
461.000000 0.289220
462.000000 0.284304
463.000000 0.279373
464.000000 0.274565
465.000000 0.269796
466.000000 0.265236
467.000000 0.260518
468.000000 0.255692
469.000000 0.250929
470.000000 0.246184
471.000000 0.241706
472.000000 0.237194
473.000000 0.232778
474.000000 0.228616
475.000000 0.224678
476.000000 0.221026
477.000000 0.217438
478.000000 0.214020
479.000000 0.210886
480.000000 0.208014
481.000000 0.205357
482.000000 0.202902
483.000000 0.200721
484.000000 0.198687
485.000000 0.196855
486.000000 0.195259
487.000000 0.193763
488.000000 0.192421
489.000000 0.191581
490.000000 0.190923
491.000000 0.190166
492.000000 0.189562
493.000000 0.189062
494.000000 0.188461
495.000000 0.187974
496.000000 0.187884
497.000000 0.187794
498.000000 0.187891
499.000000 0.188074
500.000000 0.188307
501.000000 0.188534
502.000000 0.188435
503.000000 0.188777
504.000000 0.189378
505.000000 0.190002
506.000000 0.190686
507.000000 0.191105
508.000000 0.191383
509.000000 0.191790
510.000000 0.192428
511.000000 0.192987
512.000000 0.193363
513.000000 0.193996
514.000000 0.194677
515.000000 0.195199
516.000000 0.195650
517.000000 0.196085
518.000000 0.196778
519.000000 0.197766
520.000000 0.198867
521.000000 0.199847
522.000000 0.200622
523.000000 0.201393
524.000000 0.202163
525.000000 0.202605
526.000000 0.203299
527.000000 0.204231
528.000000 0.205066
529.000000 0.206036
530.000000 0.207156
531.000000 0.208025
532.000000 0.208547
533.000000 0.209297
534.000000 0.210103
535.000000 0.210681
536.000000 0.211367
537.000000 0.212357
538.000000 0.213255
539.000000 0.214018
540.000000 0.214863
541.000000 0.215773
542.000000 0.216548
543.000000 0.217120
544.000000 0.217714
545.000000 0.218153
546.000000 0.218180
547.000000 0.217975
548.000000 0.217974
549.000000 0.218227
550.000000 0.218403
551.000000 0.218363
552.000000 0.218140
553.000000 0.217939
554.000000 0.217766
555.000000 0.217380
556.000000 0.216975
557.000000 0.216607
558.000000 0.216100
559.000000 0.215477
560.000000 0.214827
561.000000 0.214250
562.000000 0.213585
563.000000 0.212624
564.000000 0.211720
565.000000 0.210993
566.000000 0.210137
567.000000 0.209081
568.000000 0.208063
569.000000 0.207111
570.000000 0.206149
571.000000 0.205176
572.000000 0.204139
573.000000 0.203055
574.000000 0.202046
575.000000 0.201014
576.000000 0.199920
577.000000 0.198941
578.000000 0.197926
579.000000 0.196847
580.000000 0.195767
581.000000 0.194574
582.000000 0.193286
583.000000 0.191980
584.000000 0.190517
585.000000 0.188938
586.000000 0.187418
587.000000 0.186045
588.000000 0.184665
589.000000 0.183147
590.000000 0.181543
591.000000 0.179865
592.000000 0.178169
593.000000 0.176446
594.000000 0.174594
595.000000 0.172677
596.000000 0.170726
597.000000 0.168828
598.000000 0.167036
599.000000 0.165126
600.000000 0.163095
601.000000 0.161026
602.000000 0.159020
603.000000 0.157012
604.000000 0.154980
605.000000 0.153032
606.000000 0.151087
607.000000 0.149144
608.000000 0.147269
609.000000 0.145438
610.000000 0.143612
611.000000 0.141883
612.000000 0.140302
613.000000 0.138787
614.000000 0.137345
615.000000 0.136014
616.000000 0.134846
617.000000 0.133790
618.000000 0.132740
619.000000 0.131780
620.000000 0.130957
621.000000 0.130284
622.000000 0.129810
623.000000 0.129454
624.000000 0.129205
625.000000 0.129115
626.000000 0.129161
627.000000 0.129346
628.000000 0.129599
629.000000 0.129900
630.000000 0.130356
631.000000 0.130964
632.000000 0.131613
633.000000 0.132306
634.000000 0.133057
635.000000 0.133777
636.000000 0.134473
637.000000 0.135231
638.000000 0.135976
639.000000 0.136629
640.000000 0.137166
641.000000 0.137578
642.000000 0.137898
643.000000 0.138098
644.000000 0.138090
645.000000 0.137891
646.000000 0.137542
647.000000 0.137029
648.000000 0.136392
649.000000 0.135696
650.000000 0.134892
651.000000 0.133901
652.000000 0.132788
653.000000 0.131675
654.000000 0.130563
655.000000 0.129375
656.000000 0.128153
657.000000 0.127001
658.000000 0.125926
659.000000 0.124856
660.000000 0.123845
661.000000 0.122951
662.000000 0.122169
663.000000 0.121469
664.000000 0.120869
665.000000 0.120385
666.000000 0.120005
667.000000 0.119730
668.000000 0.119545
669.000000 0.119420
670.000000 0.119398
671.000000 0.119490
672.000000 0.119650
673.000000 0.119863
674.000000 0.120110
675.000000 0.120401
676.000000 0.120735
677.000000 0.121150
678.000000 0.121596
679.000000 0.122000
680.000000 0.122413
681.000000 0.122834
682.000000 0.123231
683.000000 0.123570
684.000000 0.123898
685.000000 0.124268
686.000000 0.124639
687.000000 0.125004
688.000000 0.125353
689.000000 0.125703
690.000000 0.126049
691.000000 0.126402
692.000000 0.126781
693.000000 0.127224
694.000000 0.127767
695.000000 0.128374
696.000000 0.128998
697.000000 0.129732
698.000000 0.130654
699.000000 0.131689
700.000000 0.132776
701.000000 0.133957
702.000000 0.135292
703.000000 0.136778
704.000000 0.138453
705.000000 0.140304
706.000000 0.142250
707.000000 0.144352
708.000000 0.146610
709.000000 0.149004
710.000000 0.151489
711.000000 0.154085
712.000000 0.156900
713.000000 0.159893
714.000000 0.162954
715.000000 0.166025
716.000000 0.169169
717.000000 0.172408
718.000000 0.175704
719.000000 0.178853
720.000000 0.181905
721.000000 0.185054
722.000000 0.188231
723.000000 0.191297
724.000000 0.194253
725.000000 0.197148
726.000000 0.199915
727.000000 0.202583
728.000000 0.205147
729.000000 0.207545
730.000000 0.209833
731.000000 0.211901
732.000000 0.213733
733.000000 0.215467
734.000000 0.217140
735.000000 0.218674
736.000000 0.219996
737.000000 0.221209
738.000000 0.222289
739.000000 0.223181
740.000000 0.223895
741.000000 0.224432
742.000000 0.224806
743.000000 0.224954
744.000000 0.224900
745.000000 0.224682
746.000000 0.224200
747.000000 0.223441
748.000000 0.222508
749.000000 0.221410
750.000000 0.220061
751.000000 0.218314
752.000000 0.216206
753.000000 0.213892
754.000000 0.211359
755.000000 0.208606
756.000000 0.205623
757.000000 0.202331
758.000000 0.198759
759.000000 0.194978
760.000000 0.190987
761.000000 0.186704
762.000000 0.182204
763.000000 0.177596
764.000000 0.172821
765.000000 0.167834
766.000000 0.162679
767.000000 0.157500
768.000000 0.152318
769.000000 0.147098
770.000000 0.141845
771.000000 0.136607
772.000000 0.131491
773.000000 0.126412
774.000000 0.121377
775.000000 0.116464
776.000000 0.111347
777.000000 0.106232
778.000000 0.101511
779.000000 0.097057
780.000000 0.092810
781.000000 0.088760
782.000000 0.084890
783.000000 0.081169
784.000000 0.077566
785.000000 0.074153
786.000000 0.070889
787.000000 0.067843
788.000000 0.064932
789.000000 0.062044
790.000000 0.059283
791.000000 0.056692
792.000000 0.054282
793.000000 0.051973
794.000000 0.049796
795.000000 0.047689
796.000000 0.045649
797.000000 0.043705
798.000000 0.041836
799.000000 0.040022
800.000000 0.038305
801.000000 0.036721
802.000000 0.035149
803.000000 0.033574
804.000000 0.032012
805.000000 0.030498
806.000000 0.029091
807.000000 0.027741
808.000000 0.026480
809.000000 0.025291
810.000000 0.024081
811.000000 0.022902
812.000000 0.021805
813.000000 0.020743
814.000000 0.019697
815.000000 0.018714
816.000000 0.017808
817.000000 0.016858
818.000000 0.016019
819.000000 0.015412
820.000000 0.014816
821.000000 0.014111
822.000000 0.013352
823.000000 0.012684
824.000000 0.012107
825.000000 0.011572
826.000000 0.011033
827.000000 0.010539
828.000000 0.010116
829.000000 0.009700
830.000000 0.009276
831.000000 0.008864
832.000000 0.008534
833.000000 0.008215
834.000000 0.007834
835.000000 0.007500
836.000000 0.007200
837.000000 0.006911
838.000000 0.006663
839.000000 0.006433
840.000000 0.006236
841.000000 0.006031
842.000000 0.005821
843.000000 0.005637
844.000000 0.005480
845.000000 0.005282
846.000000 0.005061
847.000000 0.004902
848.000000 0.004716
849.000000 0.004541
850.000000 0.004435
851.000000 0.004304
852.000000 0.004134
853.000000 0.003987
854.000000 0.003856
855.000000 0.003662
856.000000 0.003484
857.000000 0.003331
858.000000 0.003159
859.000000 0.003041
860.000000 0.002935
861.000000 0.002826
862.000000 0.002709
863.000000 0.002565
864.000000 0.002437
865.000000 0.002386
866.000000 0.002305
867.000000 0.002170
868.000000 0.002071
869.000000 0.001950
870.000000 0.001777
871.000000 0.001622
872.000000 0.001560
873.000000 0.001512
874.000000 0.001413
875.000000 0.001316
876.000000 0.001213
877.000000 0.001091
878.000000 0.001000
879.000000 0.000912
880.000000 0.000829
881.000000 0.000814
882.000000 0.000760
883.000000 0.000639
884.000000 0.000545
885.000000 0.000495
886.000000 0.000451
887.000000 0.000406
888.000000 0.000376
889.000000 0.000352
890.000000 0.000328
891.000000 0.000265
892.000000 0.000181
893.000000 0.000108
894.000000 0.000061
895.000000 0.000072
896.000000 0.000092
897.000000 0.000052
898.000000 0.000008
899.000000 -0.000020
900.000000 -0.000072
901.000000 -0.000105
902.000000 -0.000127
903.000000 -0.000175
904.000000 -0.000231
905.000000 -0.000286
906.000000 -0.000327
907.000000 -0.000361
908.000000 -0.000389
909.000000 -0.000403
910.000000 -0.000436
911.000000 -0.000493
912.000000 -0.000578
913.000000 -0.000660
914.000000 -0.000697
915.000000 -0.000717
916.000000 -0.000732
917.000000 -0.000738
918.000000 -0.000750
919.000000 -0.000758
920.000000 -0.000757
921.000000 -0.000774
922.000000 -0.000789
923.000000 -0.000783
924.000000 -0.000774
925.000000 -0.000810
926.000000 -0.000863
927.000000 -0.000872
928.000000 -0.000872
929.000000 -0.000893
930.000000 -0.000906
931.000000 -0.000878
932.000000 -0.000838
933.000000 -0.000826
934.000000 -0.000807
935.000000 -0.000819
936.000000 -0.000868
937.000000 -0.000915
938.000000 -0.000947
939.000000 -0.000954
940.000000 -0.000968
941.000000 -0.000931
942.000000 -0.000889
943.000000 -0.000874
944.000000 -0.000866
945.000000 -0.000892
946.000000 -0.000886
947.000000 -0.000863
948.000000 -0.000898
949.000000 -0.000963
950.000000 -0.000995
951.000000 -0.000992
952.000000 -0.001012
953.000000 -0.001049
954.000000 -0.001045
955.000000 -0.001025
956.000000 -0.001071
957.000000 -0.001130
958.000000 -0.001123
959.000000 -0.001108
960.000000 -0.001155
961.000000 -0.001219
962.000000 -0.001256
963.000000 -0.001259
964.000000 -0.001259
965.000000 -0.001265
966.000000 -0.001275
967.000000 -0.001291
968.000000 -0.001326
969.000000 -0.001353
970.000000 -0.001386
971.000000 -0.001431
972.000000 -0.001543
973.000000 -0.001599
974.000000 -0.001516
975.000000 -0.001482
976.000000 -0.001489
977.000000 -0.001490
978.000000 -0.001516
979.000000 -0.001565
980.000000 -0.001603
981.000000 -0.001632
982.000000 -0.001658
983.000000 -0.001707
984.000000 -0.001759
985.000000 -0.001790
986.000000 -0.001796
987.000000 -0.001807
988.000000 -0.001831
989.000000 -0.001826
990.000000 -0.001801
991.000000 -0.001812
992.000000 -0.001849
993.000000 -0.001870
994.000000 -0.001920
995.000000 -0.001978
