315.000000 0.142380
316.000000 0.141945
317.000000 0.142603
318.000000 0.143695
319.000000 0.144617
320.000000 0.145031
321.000000 0.146017
322.000000 0.146719
323.000000 0.146872
324.000000 0.146966
325.000000 0.146820
326.000000 0.147125
327.000000 0.147919
328.000000 0.148746
329.000000 0.149252
330.000000 0.149584
331.000000 0.149834
332.000000 0.149909
333.000000 0.149753
334.000000 0.149349
335.000000 0.149405
336.000000 0.149933
337.000000 0.150411
338.000000 0.150645
339.000000 0.151076
340.000000 0.151706
341.000000 0.151883
342.000000 0.152014
343.000000 0.152563
344.000000 0.153001
345.000000 0.153358
346.000000 0.153977
347.000000 0.154712
348.000000 0.155572
349.000000 0.156400
350.000000 0.156955
351.000000 0.157480
352.000000 0.158200
353.000000 0.159066
354.000000 0.160168
355.000000 0.161405
356.000000 0.162652
357.000000 0.163711
358.000000 0.164660
359.000000 0.165812
360.000000 0.167056
361.000000 0.168366
362.000000 0.169887
363.000000 0.171491
364.000000 0.173192
365.000000 0.175082
366.000000 0.177046
367.000000 0.179086
368.000000 0.181275
369.000000 0.183451
370.000000 0.184586
371.000000 0.185876
372.000000 0.188340
373.000000 0.190654
374.000000 0.192873
375.000000 0.195235
376.000000 0.196923
377.000000 0.198653
378.000000 0.201664
379.000000 0.204992
380.000000 0.207834
381.000000 0.210642
382.000000 0.213356
383.000000 0.215994
384.000000 0.219071
385.000000 0.222346
386.000000 0.225473
387.000000 0.228191
388.000000 0.230636
389.000000 0.233318
390.000000 0.236292
391.000000 0.239440
392.000000 0.242909
393.000000 0.246338
394.000000 0.249418
395.000000 0.252591
396.000000 0.255644
397.000000 0.258417
398.000000 0.261603
399.000000 0.264958
400.000000 0.267895
401.000000 0.270737
402.000000 0.273668
403.000000 0.276570
404.000000 0.279219
405.000000 0.281811
406.000000 0.284509
407.000000 0.287053
408.000000 0.289699
409.000000 0.292196
410.000000 0.294296
411.000000 0.296737
412.000000 0.299287
413.000000 0.301403
414.000000 0.303331
415.000000 0.305092
416.000000 0.306934
417.000000 0.308934
418.000000 0.310788
419.000000 0.312314
420.000000 0.313714
421.000000 0.315064
422.000000 0.315930
423.000000 0.316397
424.000000 0.316841
425.000000 0.317121
426.000000 0.317425
427.000000 0.317654
428.000000 0.317506
429.000000 0.317201
430.000000 0.316785
431.000000 0.316160
432.000000 0.315348
433.000000 0.314554
434.000000 0.313779
435.000000 0.312959
436.000000 0.312087
437.000000 0.311089
438.000000 0.309907
439.000000 0.308686
440.000000 0.307326
441.000000 0.305816
442.000000 0.304174
443.000000 0.302256
444.000000 0.300236
445.000000 0.298209
446.000000 0.295982
447.000000 0.293559
448.000000 0.291018
449.000000 0.288348
450.000000 0.285698
451.000000 0.282954
452.000000 0.279980
453.000000 0.277048
454.000000 0.274048
455.000000 0.270903
456.000000 0.267634
457.000000 0.264245
458.000000 0.260984
459.000000 0.257685
460.000000 0.254476
461.000000 0.251433
462.000000 0.248324
463.000000 0.245306
464.000000 0.242365
465.000000 0.239516
466.000000 0.236997
467.000000 0.234624
468.000000 0.232398
469.000000 0.230345
470.000000 0.228352
471.000000 0.226581
472.000000 0.224988
473.000000 0.223557
474.000000 0.222244
475.000000 0.221072
476.000000 0.220051
477.000000 0.219176
478.000000 0.218486
479.000000 0.217863
480.000000 0.217366
481.000000 0.216992
482.000000 0.216763
483.000000 0.216651
484.000000 0.216610
485.000000 0.216731
486.000000 0.216915
487.000000 0.217091
488.000000 0.217356
489.000000 0.217743
490.000000 0.218232
491.000000 0.218485
492.000000 0.218640
493.000000 0.219198
494.000000 0.219851
495.000000 0.220514
496.000000 0.221183
497.000000 0.221934
498.000000 0.222642
499.000000 0.223154
500.000000 0.223955
501.000000 0.224765
502.000000 0.225509
503.000000 0.226504
504.000000 0.227301
505.000000 0.227912
506.000000 0.228507
507.000000 0.228859
508.000000 0.229462
509.000000 0.230344
510.000000 0.230949
511.000000 0.231575
512.000000 0.232410
513.000000 0.233431
514.000000 0.234291
515.000000 0.234847
516.000000 0.235215
517.000000 0.235545
518.000000 0.236199
519.000000 0.236867
520.000000 0.237287
521.000000 0.237684
522.000000 0.238101
523.000000 0.238752
524.000000 0.239299
525.000000 0.239481
526.000000 0.239708
527.000000 0.239855
528.000000 0.240198
529.000000 0.240630
530.000000 0.240871
531.000000 0.241184
532.000000 0.241422
533.000000 0.241620
534.000000 0.241904
535.000000 0.241779
536.000000 0.241315
537.000000 0.241092
538.000000 0.240814
539.000000 0.240360
540.000000 0.239862
541.000000 0.239287
542.000000 0.239055
543.000000 0.238827
544.000000 0.238342
545.000000 0.237675
546.000000 0.236940
547.000000 0.236264
548.000000 0.235563
549.000000 0.234656
550.000000 0.233689
551.000000 0.232884
552.000000 0.231837
553.000000 0.230758
554.000000 0.229803
555.000000 0.228673
556.000000 0.227587
557.000000 0.226564
558.000000 0.225291
559.000000 0.224035
560.000000 0.222784
561.000000 0.221381
562.000000 0.219854
563.000000 0.218417
564.000000 0.217014
565.000000 0.215528
566.000000 0.214029
567.000000 0.212323
568.000000 0.210568
569.000000 0.208946
570.000000 0.207376
571.000000 0.205772
572.000000 0.203951
573.000000 0.202051
574.000000 0.200177
575.000000 0.198341
576.000000 0.196616
577.000000 0.194880
578.000000 0.193029
579.000000 0.191022
580.000000 0.189005
581.000000 0.187138
582.000000 0.185258
583.000000 0.183289
584.000000 0.181478
585.000000 0.179624
586.000000 0.177606
587.000000 0.175661
588.000000 0.173688
589.000000 0.171676
590.000000 0.169801
591.000000 0.167893
592.000000 0.166042
593.000000 0.164287
594.000000 0.162475
595.000000 0.160580
596.000000 0.158646
597.000000 0.156854
598.000000 0.155062
599.000000 0.153329
600.000000 0.151800
601.000000 0.150261
602.000000 0.148683
603.000000 0.147147
604.000000 0.145625
605.000000 0.144206
606.000000 0.142845
607.000000 0.141484
608.000000 0.140271
609.000000 0.139183
610.000000 0.138122
611.000000 0.137068
612.000000 0.135977
613.000000 0.134953
614.000000 0.134041
615.000000 0.133217
616.000000 0.132559
617.000000 0.131963
618.000000 0.131405
619.000000 0.130921
620.000000 0.130461
621.000000 0.130065
622.000000 0.129800
623.000000 0.129634
624.000000 0.129540
625.000000 0.129420
626.000000 0.129294
627.000000 0.129173
628.000000 0.129029
629.000000 0.129012
630.000000 0.129108
631.000000 0.129179
632.000000 0.129214
633.000000 0.129274
634.000000 0.129354
635.000000 0.129391
636.000000 0.129348
637.000000 0.129244
638.000000 0.129138
639.000000 0.129103
640.000000 0.128997
641.000000 0.128780
642.000000 0.128563
643.000000 0.128319
644.000000 0.128045
645.000000 0.127761
646.000000 0.127442
647.000000 0.127107
648.000000 0.126779
649.000000 0.126441
650.000000 0.126100
651.000000 0.125778
652.000000 0.125445
653.000000 0.125142
654.000000 0.124877
655.000000 0.124638
656.000000 0.124474
657.000000 0.124343
658.000000 0.124226
659.000000 0.124143
660.000000 0.124113
661.000000 0.124130
662.000000 0.124151
663.000000 0.124175
664.000000 0.124224
665.000000 0.124282
666.000000 0.124343
667.000000 0.124479
668.000000 0.124686
669.000000 0.124843
670.000000 0.124959
671.000000 0.125120
672.000000 0.125272
673.000000 0.125416
674.000000 0.125571
675.000000 0.125713
676.000000 0.125914
677.000000 0.126105
678.000000 0.126254
679.000000 0.126391
680.000000 0.126508
681.000000 0.126640
682.000000 0.126801
683.000000 0.126998
684.000000 0.127206
685.000000 0.127424
686.000000 0.127713
687.000000 0.128035
688.000000 0.128327
689.000000 0.128655
690.000000 0.129042
691.000000 0.129495
692.000000 0.129983
693.000000 0.130440
694.000000 0.130931
695.000000 0.131560
696.000000 0.132246
697.000000 0.132926
698.000000 0.133653
699.000000 0.134502
700.000000 0.135454
701.000000 0.136387
702.000000 0.137365
703.000000 0.138437
704.000000 0.139577
705.000000 0.140751
706.000000 0.141984
707.000000 0.143327
708.000000 0.144697
709.000000 0.146031
710.000000 0.147357
711.000000 0.148794
712.000000 0.150321
713.000000 0.151823
714.000000 0.153307
715.000000 0.154812
716.000000 0.156327
717.000000 0.157848
718.000000 0.159358
719.000000 0.160820
720.000000 0.162255
721.000000 0.163652
722.000000 0.164944
723.000000 0.166159
724.000000 0.167272
725.000000 0.168252
726.000000 0.169144
727.000000 0.169942
728.000000 0.170606
729.000000 0.171077
730.000000 0.171359
731.000000 0.171491
732.000000 0.171488
733.000000 0.171281
734.000000 0.170828
735.000000 0.170210
736.000000 0.169446
737.000000 0.168451
738.000000 0.167185
739.000000 0.165683
740.000000 0.163928
741.000000 0.161921
742.000000 0.159749
743.000000 0.157453
744.000000 0.155052
745.000000 0.152449
746.000000 0.149620
747.000000 0.146679
748.000000 0.143646
749.000000 0.140516
750.000000 0.137281
751.000000 0.133993
752.000000 0.130670
753.000000 0.127276
754.000000 0.123812
755.000000 0.120315
756.000000 0.116830
757.000000 0.113422
758.000000 0.110116
759.000000 0.106807
760.000000 0.103506
761.000000 0.100295
762.000000 0.097209
763.000000 0.094210
764.000000 0.091264
765.000000 0.088377
766.000000 0.085580
767.000000 0.082902
768.000000 0.080318
769.000000 0.077829
770.000000 0.075449
771.000000 0.073124
772.000000 0.070900
773.000000 0.068811
774.000000 0.066791
775.000000 0.064830
776.000000 0.062779
777.000000 0.060779
778.000000 0.058967
779.000000 0.057219
780.000000 0.055513
781.000000 0.053880
782.000000 0.052360
783.000000 0.050971
784.000000 0.049613
785.000000 0.048218
786.000000 0.046841
787.000000 0.045519
788.000000 0.044199
789.000000 0.042905
790.000000 0.041698
791.000000 0.040492
792.000000 0.039271
793.000000 0.038084
794.000000 0.036907
795.000000 0.035795
796.000000 0.034778
797.000000 0.033746
798.000000 0.032691
799.000000 0.031669
800.000000 0.030686
801.000000 0.029753
802.000000 0.028858
803.000000 0.027965
804.000000 0.027003
805.000000 0.026050
806.000000 0.025198
807.000000 0.024359
808.000000 0.023576
809.000000 0.022881
810.000000 0.022156
811.000000 0.021452
812.000000 0.020866
813.000000 0.020286
814.000000 0.019671
815.000000 0.019078
816.000000 0.018504
817.000000 0.017921
818.000000 0.017362
819.000000 0.016861
820.000000 0.016362
821.000000 0.015889
822.000000 0.015445
823.000000 0.014994
824.000000 0.014549
825.000000 0.014090
826.000000 0.013732
827.000000 0.013387
828.000000 0.012978
829.000000 0.012606
830.000000 0.012240
831.000000 0.011897
832.000000 0.011598
833.000000 0.011320
834.000000 0.011024
835.000000 0.010702
836.000000 0.010369
837.000000 0.010071
838.000000 0.009815
839.000000 0.009600
840.000000 0.009409
841.000000 0.009162
842.000000 0.008882
843.000000 0.008671
844.000000 0.008469
845.000000 0.008226
846.000000 0.008005
847.000000 0.007808
848.000000 0.007608
849.000000 0.007389
850.000000 0.007203
851.000000 0.007031
852.000000 0.006846
853.000000 0.006700
854.000000 0.006558
855.000000 0.006370
856.000000 0.006158
857.000000 0.006005
858.000000 0.005898
859.000000 0.005788
860.000000 0.005700
861.000000 0.005617
862.000000 0.005502
863.000000 0.005397
864.000000 0.005297
865.000000 0.005158
866.000000 0.005016
867.000000 0.004934
868.000000 0.004893
869.000000 0.004828
870.000000 0.004738
871.000000 0.004643
872.000000 0.004519
873.000000 0.004404
874.000000 0.004327
875.000000 0.004253
876.000000 0.004157
877.000000 0.004059
878.000000 0.003994
879.000000 0.003923
880.000000 0.003840
881.000000 0.003771
882.000000 0.003721
883.000000 0.003673
884.000000 0.003605
885.000000 0.003534
886.000000 0.003471
887.000000 0.003387
888.000000 0.003306
889.000000 0.003257
890.000000 0.003201
891.000000 0.003128
892.000000 0.003074
893.000000 0.003021
894.000000 0.002981
895.000000 0.002949
896.000000 0.002885
897.000000 0.002802
898.000000 0.002774
899.000000 0.002780
900.000000 0.002750
901.000000 0.002698
902.000000 0.002645
903.000000 0.002641
904.000000 0.002632
905.000000 0.002594
906.000000 0.002575
907.000000 0.002547
908.000000 0.002519
909.000000 0.002510
910.000000 0.002501
911.000000 0.002458
912.000000 0.002410
913.000000 0.002364
914.000000 0.002304
915.000000 0.002294
916.000000 0.002277
917.000000 0.002236
918.000000 0.002206
919.000000 0.002159
920.000000 0.002106
921.000000 0.002065
922.000000 0.002047
923.000000 0.002003
924.000000 0.001930
925.000000 0.001887
926.000000 0.001855
927.000000 0.001849
928.000000 0.001837
929.000000 0.001792
930.000000 0.001788
931.000000 0.001770
932.000000 0.001725
933.000000 0.001695
934.000000 0.001668
935.000000 0.001639
936.000000 0.001600
937.000000 0.001562
938.000000 0.001575
939.000000 0.001599
940.000000 0.001581
941.000000 0.001565
942.000000 0.001599
943.000000 0.001649
944.000000 0.001653
945.000000 0.001633
946.000000 0.001599
947.000000 0.001579
948.000000 0.001551
949.000000 0.001512
950.000000 0.001496
