315.000000 0.135854
316.000000 0.135773
317.000000 0.136013
318.000000 0.136465
319.000000 0.137133
320.000000 0.137450
321.000000 0.138039
322.000000 0.138206
323.000000 0.138532
324.000000 0.139225
325.000000 0.139532
326.000000 0.140146
327.000000 0.141101
328.000000 0.142018
329.000000 0.142215
330.000000 0.142256
331.000000 0.142908
332.000000 0.143695
333.000000 0.143981
334.000000 0.144005
335.000000 0.144125
336.000000 0.144574
337.000000 0.145358
338.000000 0.146130
339.000000 0.146922
340.000000 0.147649
341.000000 0.147988
342.000000 0.148347
343.000000 0.149233
344.000000 0.150166
345.000000 0.150972
346.000000 0.151904
347.000000 0.153000
348.000000 0.154119
349.000000 0.155118
350.000000 0.156126
351.000000 0.157236
352.000000 0.158471
353.000000 0.159820
354.000000 0.161275
355.000000 0.162801
356.000000 0.164298
357.000000 0.165645
358.000000 0.167133
359.000000 0.168856
360.000000 0.170518
361.000000 0.171994
362.000000 0.173815
363.000000 0.176114
364.000000 0.178311
365.000000 0.180406
366.000000 0.182685
367.000000 0.185206
368.000000 0.187860
369.000000 0.190389
370.000000 0.192542
371.000000 0.195074
372.000000 0.198132
373.000000 0.200941
374.000000 0.203203
375.000000 0.205620
376.000000 0.207735
377.000000 0.209771
378.000000 0.212635
379.000000 0.215907
380.000000 0.219030
381.000000 0.221566
382.000000 0.224122
383.000000 0.227122
384.000000 0.230180
385.000000 0.233233
386.000000 0.236144
387.000000 0.238533
388.000000 0.240788
389.000000 0.243107
390.000000 0.245475
391.000000 0.247866
392.000000 0.250438
393.000000 0.253043
394.000000 0.255373
395.000000 0.257604
396.000000 0.259670
397.000000 0.261636
398.000000 0.263939
399.000000 0.266325
400.000000 0.268490
401.000000 0.270528
402.000000 0.272453
403.000000 0.274509
404.000000 0.276569
405.000000 0.278584
406.000000 0.280614
407.000000 0.282458
408.000000 0.284238
409.000000 0.285972
410.000000 0.287780
411.000000 0.289568
412.000000 0.291048
413.000000 0.292255
414.000000 0.293453
415.000000 0.294554
416.000000 0.295632
417.000000 0.296843
418.000000 0.297823
419.000000 0.298582
420.000000 0.299283
421.000000 0.299923
422.000000 0.300277
423.000000 0.300137
424.000000 0.299983
425.000000 0.299846
426.000000 0.299569
427.000000 0.299365
428.000000 0.298964
429.000000 0.298363
430.000000 0.297695
431.000000 0.296869
432.000000 0.295883
433.000000 0.294804
434.000000 0.293743
435.000000 0.292644
436.000000 0.291444
437.000000 0.290236
438.000000 0.288950
439.000000 0.287596
440.000000 0.286135
441.000000 0.284592
442.000000 0.283067
443.000000 0.281422
444.000000 0.279647
445.000000 0.277842
446.000000 0.275871
447.000000 0.273768
448.000000 0.271684
449.000000 0.269526
450.000000 0.267357
451.000000 0.265062
452.000000 0.262617
453.000000 0.260252
454.000000 0.257733
455.000000 0.255097
456.000000 0.252456
457.000000 0.249700
458.000000 0.247004
459.000000 0.244272
460.000000 0.241679
461.000000 0.239243
462.000000 0.236630
463.000000 0.233983
464.000000 0.231434
465.000000 0.228963
466.000000 0.226676
467.000000 0.224410
468.000000 0.222182
469.000000 0.220031
470.000000 0.217941
471.000000 0.216052
472.000000 0.214218
473.000000 0.212513
474.000000 0.210906
475.000000 0.209363
476.000000 0.207934
477.000000 0.206602
478.000000 0.205370
479.000000 0.204166
480.000000 0.203036
481.000000 0.201970
482.000000 0.201090
483.000000 0.200375
484.000000 0.199603
485.000000 0.198921
486.000000 0.198324
487.000000 0.197688
488.000000 0.197094
489.000000 0.196673
490.000000 0.196244
491.000000 0.195722
492.000000 0.195536
493.000000 0.195531
494.000000 0.195068
495.000000 0.194511
496.000000 0.194336
497.000000 0.194259
498.000000 0.193827
499.000000 0.193123
500.000000 0.192804
501.000000 0.192882
502.000000 0.192846
503.000000 0.192829
504.000000 0.192777
505.000000 0.192483
506.000000 0.191994
507.000000 0.191406
508.000000 0.191394
509.000000 0.191708
510.000000 0.191709
511.000000 0.191829
512.000000 0.191966
513.000000 0.191992
514.000000 0.192148
515.000000 0.192446
516.000000 0.192499
517.000000 0.192345
518.000000 0.192391
519.000000 0.192606
520.000000 0.192747
521.000000 0.192769
522.000000 0.193090
523.000000 0.193470
524.000000 0.193557
525.000000 0.193408
526.000000 0.193167
527.000000 0.193212
528.000000 0.193451
529.000000 0.193728
530.000000 0.194102
531.000000 0.194376
532.000000 0.194387
533.000000 0.194351
534.000000 0.194569
535.000000 0.194633
536.000000 0.194384
537.000000 0.194344
538.000000 0.194252
539.000000 0.194106
540.000000 0.193773
541.000000 0.193437
542.000000 0.193552
543.000000 0.193517
544.000000 0.193519
545.000000 0.193458
546.000000 0.193184
547.000000 0.192933
548.000000 0.192653
549.000000 0.192224
550.000000 0.191800
551.000000 0.191293
552.000000 0.190591
553.000000 0.189992
554.000000 0.189503
555.000000 0.189023
556.000000 0.188429
557.000000 0.187654
558.000000 0.186818
559.000000 0.186213
560.000000 0.185743
561.000000 0.185175
562.000000 0.184430
563.000000 0.183644
564.000000 0.182893
565.000000 0.182229
566.000000 0.181523
567.000000 0.180625
568.000000 0.179723
569.000000 0.178755
570.000000 0.177834
571.000000 0.177172
572.000000 0.176520
573.000000 0.175773
574.000000 0.174947
575.000000 0.174045
576.000000 0.173267
577.000000 0.172537
578.000000 0.171654
579.000000 0.170726
580.000000 0.169906
581.000000 0.169202
582.000000 0.168421
583.000000 0.167539
584.000000 0.166795
585.000000 0.166039
586.000000 0.165249
587.000000 0.164403
588.000000 0.163576
589.000000 0.162879
590.000000 0.162147
591.000000 0.161435
592.000000 0.160875
593.000000 0.160340
594.000000 0.159704
595.000000 0.159049
596.000000 0.158445
597.000000 0.157896
598.000000 0.157327
599.000000 0.156866
600.000000 0.156533
601.000000 0.156104
602.000000 0.155671
603.000000 0.155328
604.000000 0.155061
605.000000 0.154911
606.000000 0.154819
607.000000 0.154746
608.000000 0.154676
609.000000 0.154663
610.000000 0.154759
611.000000 0.154939
612.000000 0.155178
613.000000 0.155476
614.000000 0.155760
615.000000 0.156125
616.000000 0.156585
617.000000 0.157136
618.000000 0.157850
619.000000 0.158611
620.000000 0.159327
621.000000 0.160090
622.000000 0.160925
623.000000 0.161811
624.000000 0.162806
625.000000 0.163824
626.000000 0.164875
627.000000 0.165986
628.000000 0.167115
629.000000 0.168330
630.000000 0.169600
631.000000 0.170879
632.000000 0.172140
633.000000 0.173469
634.000000 0.174887
635.000000 0.176210
636.000000 0.177497
637.000000 0.178802
638.000000 0.180084
639.000000 0.181417
640.000000 0.182789
641.000000 0.184149
642.000000 0.185437
643.000000 0.186654
644.000000 0.187880
645.000000 0.189088
646.000000 0.190321
647.000000 0.191637
648.000000 0.193025
649.000000 0.194401
650.000000 0.195774
651.000000 0.197191
652.000000 0.198634
653.000000 0.200073
654.000000 0.201559
655.000000 0.203124
656.000000 0.204719
657.000000 0.206255
658.000000 0.207786
659.000000 0.209449
660.000000 0.211162
661.000000 0.212847
662.000000 0.214511
663.000000 0.216166
664.000000 0.217863
665.000000 0.219488
666.000000 0.221022
667.000000 0.222596
668.000000 0.224171
669.000000 0.225668
670.000000 0.227065
671.000000 0.228412
672.000000 0.229691
673.000000 0.230917
674.000000 0.232011
675.000000 0.233012
676.000000 0.234045
677.000000 0.235035
678.000000 0.235941
679.000000 0.236762
680.000000 0.237500
681.000000 0.238188
682.000000 0.238846
683.000000 0.239477
684.000000 0.240097
685.000000 0.240736
686.000000 0.241398
687.000000 0.242087
688.000000 0.242822
689.000000 0.243620
690.000000 0.244472
691.000000 0.245400
692.000000 0.246432
693.000000 0.247587
694.000000 0.248889
695.000000 0.250366
696.000000 0.251945
697.000000 0.253678
698.000000 0.255600
699.000000 0.257747
700.000000 0.260180
701.000000 0.262755
702.000000 0.265365
703.000000 0.268094
704.000000 0.271070
705.000000 0.274267
706.000000 0.277583
707.000000 0.281057
708.000000 0.284685
709.000000 0.288348
710.000000 0.291913
711.000000 0.295581
712.000000 0.299424
713.000000 0.303257
714.000000 0.307085
715.000000 0.310828
716.000000 0.314470
717.000000 0.318032
718.000000 0.321527
719.000000 0.324759
720.000000 0.327736
721.000000 0.330628
722.000000 0.333349
723.000000 0.335853
724.000000 0.338099
725.000000 0.340088
726.000000 0.341833
727.000000 0.343323
728.000000 0.344544
729.000000 0.345452
730.000000 0.346075
731.000000 0.346481
732.000000 0.346619
733.000000 0.346447
734.000000 0.346000
735.000000 0.345262
736.000000 0.344262
737.000000 0.342945
738.000000 0.341227
739.000000 0.339177
740.000000 0.336838
741.000000 0.334153
742.000000 0.331170
743.000000 0.327967
744.000000 0.324452
745.000000 0.320611
746.000000 0.316463
747.000000 0.311981
748.000000 0.307186
749.000000 0.302081
750.000000 0.296738
751.000000 0.291228
752.000000 0.285460
753.000000 0.279344
754.000000 0.272951
755.000000 0.266408
756.000000 0.259715
757.000000 0.252908
758.000000 0.246066
759.000000 0.239101
760.000000 0.231984
761.000000 0.224763
762.000000 0.217545
763.000000 0.210362
764.000000 0.203180
765.000000 0.195945
766.000000 0.188731
767.000000 0.181623
768.000000 0.174692
769.000000 0.167947
770.000000 0.161325
771.000000 0.154877
772.000000 0.148596
773.000000 0.142500
774.000000 0.136591
775.000000 0.130858
776.000000 0.125006
777.000000 0.119273
778.000000 0.114042
779.000000 0.109077
780.000000 0.104292
781.000000 0.099770
782.000000 0.095536
783.000000 0.091510
784.000000 0.087620
785.000000 0.083884
786.000000 0.080332
787.000000 0.076937
788.000000 0.073582
789.000000 0.070354
790.000000 0.067445
791.000000 0.064742
792.000000 0.062102
793.000000 0.059546
794.000000 0.057132
795.000000 0.054855
796.000000 0.052740
797.000000 0.050638
798.000000 0.048585
799.000000 0.046694
800.000000 0.044916
801.000000 0.043236
802.000000 0.041598
803.000000 0.040068
804.000000 0.038563
805.000000 0.037070
806.000000 0.035693
807.000000 0.034384
808.000000 0.033130
809.000000 0.031941
810.000000 0.030803
811.000000 0.029733
812.000000 0.028782
813.000000 0.027875
814.000000 0.026945
815.000000 0.026041
816.000000 0.025140
817.000000 0.024270
818.000000 0.023472
819.000000 0.022732
820.000000 0.022023
821.000000 0.021305
822.000000 0.020624
823.000000 0.019979
824.000000 0.019396
825.000000 0.018773
826.000000 0.018180
827.000000 0.017663
828.000000 0.017134
829.000000 0.016667
830.000000 0.016178
831.000000 0.015674
832.000000 0.015231
833.000000 0.014811
834.000000 0.014367
835.000000 0.013952
836.000000 0.013557
837.000000 0.013169
838.000000 0.012825
839.000000 0.012490
840.000000 0.012137
841.000000 0.011752
842.000000 0.011383
843.000000 0.011123
844.000000 0.010881
845.000000 0.010586
846.000000 0.010286
847.000000 0.009984
848.000000 0.009726
849.000000 0.009479
850.000000 0.009244
851.000000 0.009020
852.000000 0.008769
853.000000 0.008550
854.000000 0.008380
855.000000 0.008165
856.000000 0.007896
857.000000 0.007695
858.000000 0.007523
859.000000 0.007354
860.000000 0.007216
861.000000 0.007090
862.000000 0.006956
863.000000 0.006836
864.000000 0.006721
865.000000 0.006574
866.000000 0.006404
867.000000 0.006259
868.000000 0.006140
869.000000 0.006041
870.000000 0.005975
871.000000 0.005889
872.000000 0.005756
873.000000 0.005625
874.000000 0.005538
875.000000 0.005439
876.000000 0.005334
877.000000 0.005251
878.000000 0.005190
879.000000 0.005127
880.000000 0.005030
881.000000 0.004908
882.000000 0.004799
883.000000 0.004711
884.000000 0.004629
885.000000 0.004549
886.000000 0.004467
887.000000 0.004373
888.000000 0.004304
889.000000 0.004259
890.000000 0.004188
891.000000 0.004101
892.000000 0.004040
893.000000 0.003958
894.000000 0.003847
895.000000 0.003756
896.000000 0.003687
897.000000 0.003604
898.000000 0.003575
899.000000 0.003585
900.000000 0.003553
901.000000 0.003511
902.000000 0.003455
903.000000 0.003427
904.000000 0.003419
905.000000 0.003403
906.000000 0.003362
907.000000 0.003298
908.000000 0.003248
909.000000 0.003227
910.000000 0.003207
911.000000 0.003172
912.000000 0.003120
913.000000 0.003044
914.000000 0.002978
915.000000 0.002934
916.000000 0.002898
917.000000 0.002884
918.000000 0.002853
919.000000 0.002814
920.000000 0.002784
921.000000 0.002725
922.000000 0.002679
923.000000 0.002637
924.000000 0.002551
925.000000 0.002500
926.000000 0.002479
927.000000 0.002435
928.000000 0.002395
929.000000 0.002346
930.000000 0.002316
931.000000 0.002292
932.000000 0.002282
933.000000 0.002291
934.000000 0.002270
935.000000 0.002239
936.000000 0.002209
937.000000 0.002197
938.000000 0.002205
939.000000 0.002221
940.000000 0.002220
941.000000 0.002208
942.000000 0.002247
943.000000 0.002297
944.000000 0.002285
945.000000 0.002260
946.000000 0.002250
947.000000 0.002244
948.000000 0.002241
949.000000 0.002227
950.000000 0.002218
