315.000000 0.161744
316.000000 0.162713
317.000000 0.164133
318.000000 0.166226
319.000000 0.168327
320.000000 0.170027
321.000000 0.170863
322.000000 0.172043
323.000000 0.174068
324.000000 0.175862
325.000000 0.178103
326.000000 0.180100
327.000000 0.181189
328.000000 0.182360
329.000000 0.183857
330.000000 0.185640
331.000000 0.187577
332.000000 0.189710
333.000000 0.191902
334.000000 0.193483
335.000000 0.194798
336.000000 0.196587
337.000000 0.198400
338.000000 0.200221
339.000000 0.201992
340.000000 0.203449
341.000000 0.205026
342.000000 0.206609
343.000000 0.208194
344.000000 0.209662
345.000000 0.210791
346.000000 0.211596
347.000000 0.212385
348.000000 0.213296
349.000000 0.213744
350.000000 0.213645
351.000000 0.213428
352.000000 0.213193
353.000000 0.212802
354.000000 0.212099
355.000000 0.211095
356.000000 0.209927
357.000000 0.208784
358.000000 0.207882
359.000000 0.207079
360.000000 0.206061
361.000000 0.205039
362.000000 0.204148
363.000000 0.203098
364.000000 0.202024
365.000000 0.201143
366.000000 0.200272
367.000000 0.199357
368.000000 0.198380
369.000000 0.197435
370.000000 0.196247
371.000000 0.195257
372.000000 0.194428
373.000000 0.193373
374.000000 0.192165
375.000000 0.191214
376.000000 0.190356
377.000000 0.189089
378.000000 0.188228
379.000000 0.187533
380.000000 0.186893
381.000000 0.186447
382.000000 0.186077
383.000000 0.185866
384.000000 0.185670
385.000000 0.185375
386.000000 0.184995
387.000000 0.185088
388.000000 0.185879
389.000000 0.186633
390.000000 0.186922
391.000000 0.187318
392.000000 0.187980
393.000000 0.188917
394.000000 0.190140
395.000000 0.191337
396.000000 0.192471
397.000000 0.193823
398.000000 0.195457
399.000000 0.197095
400.000000 0.198790
401.000000 0.200352
402.000000 0.202006
403.000000 0.203925
404.000000 0.205881
405.000000 0.207726
406.000000 0.209378
407.000000 0.211010
408.000000 0.212848
409.000000 0.214671
410.000000 0.216282
411.000000 0.217823
412.000000 0.219294
413.000000 0.220635
414.000000 0.221948
415.000000 0.223271
416.000000 0.224615
417.000000 0.226192
418.000000 0.227772
419.000000 0.229163
420.000000 0.230803
421.000000 0.232740
422.000000 0.234634
423.000000 0.236610
424.000000 0.238519
425.000000 0.240244
426.000000 0.242159
427.000000 0.244174
428.000000 0.245843
429.000000 0.247069
430.000000 0.247984
431.000000 0.248665
432.000000 0.248971
433.000000 0.248763
434.000000 0.248210
435.000000 0.247152
436.000000 0.245557
437.000000 0.243653
438.000000 0.241414
439.000000 0.238803
440.000000 0.235859
441.000000 0.232931
442.000000 0.230070
443.000000 0.226905
444.000000 0.223490
445.000000 0.219958
446.000000 0.216107
447.000000 0.212275
448.000000 0.208471
449.000000 0.204491
450.000000 0.200399
451.000000 0.196119
452.000000 0.191761
453.000000 0.187551
454.000000 0.183314
455.000000 0.179207
456.000000 0.175169
457.000000 0.170979
458.000000 0.166993
459.000000 0.163131
460.000000 0.159412
461.000000 0.155852
462.000000 0.152257
463.000000 0.148697
464.000000 0.145211
465.000000 0.141965
466.000000 0.139070
467.000000 0.136263
468.000000 0.133576
469.000000 0.130971
470.000000 0.128381
471.000000 0.126004
472.000000 0.123718
473.000000 0.121586
474.000000 0.119647
475.000000 0.117750
476.000000 0.116009
477.000000 0.114329
478.000000 0.112754
479.000000 0.111335
480.000000 0.110066
481.000000 0.108858
482.000000 0.107691
483.000000 0.106731
484.000000 0.105893
485.000000 0.105115
486.000000 0.104422
487.000000 0.103819
488.000000 0.103345
489.000000 0.102674
490.000000 0.102172
491.000000 0.101969
492.000000 0.101651
493.000000 0.101573
494.000000 0.101814
495.000000 0.102011
496.000000 0.102414
497.000000 0.102939
498.000000 0.103532
499.000000 0.104715
500.000000 0.105931
501.000000 0.107100
502.000000 0.108542
503.000000 0.110041
504.000000 0.111632
505.000000 0.113471
506.000000 0.115282
507.000000 0.117005
508.000000 0.119141
509.000000 0.121551
510.000000 0.123987
511.000000 0.126641
512.000000 0.129404
513.000000 0.132226
514.000000 0.135088
515.000000 0.137807
516.000000 0.140314
517.000000 0.142753
518.000000 0.145388
519.000000 0.148017
520.000000 0.150548
521.000000 0.152825
522.000000 0.154551
523.000000 0.155991
524.000000 0.157506
525.000000 0.159362
526.000000 0.161050
527.000000 0.162409
528.000000 0.163406
529.000000 0.163913
530.000000 0.164432
531.000000 0.164855
532.000000 0.165503
533.000000 0.166362
534.000000 0.166756
535.000000 0.167315
536.000000 0.168575
537.000000 0.170048
538.000000 0.171635
539.000000 0.173577
540.000000 0.175736
541.000000 0.178288
542.000000 0.181413
543.000000 0.185482
544.000000 0.190029
545.000000 0.194801
546.000000 0.200187
547.000000 0.206152
548.000000 0.212414
549.000000 0.218775
550.000000 0.225410
551.000000 0.232073
552.000000 0.238723
553.000000 0.245190
554.000000 0.251373
555.000000 0.257158
556.000000 0.262428
557.000000 0.267006
558.000000 0.270858
559.000000 0.273919
560.000000 0.276062
561.000000 0.277171
562.000000 0.277106
563.000000 0.275812
564.000000 0.273266
565.000000 0.269763
566.000000 0.265148
567.000000 0.259313
568.000000 0.252749
569.000000 0.245429
570.000000 0.237492
571.000000 0.229035
572.000000 0.220407
573.000000 0.211688
574.000000 0.202642
575.000000 0.194289
576.000000 0.186316
577.000000 0.178419
578.000000 0.170804
579.000000 0.163451
580.000000 0.156563
581.000000 0.149981
582.000000 0.144050
583.000000 0.138634
584.000000 0.133671
585.000000 0.129296
586.000000 0.125301
587.000000 0.121779
588.000000 0.118699
589.000000 0.115943
590.000000 0.113553
591.000000 0.111398
592.000000 0.109668
593.000000 0.108277
594.000000 0.107050
595.000000 0.106068
596.000000 0.105182
597.000000 0.104495
598.000000 0.104007
599.000000 0.103714
600.000000 0.103638
601.000000 0.103548
602.000000 0.103517
603.000000 0.103658
604.000000 0.103880
605.000000 0.104121
606.000000 0.104467
607.000000 0.104989
608.000000 0.105574
609.000000 0.106289
610.000000 0.107145
611.000000 0.108102
612.000000 0.109263
613.000000 0.110463
614.000000 0.111773
615.000000 0.113323
616.000000 0.114954
617.000000 0.116723
618.000000 0.118744
619.000000 0.120903
620.000000 0.123217
621.000000 0.125877
622.000000 0.128691
623.000000 0.131552
624.000000 0.134759
625.000000 0.138154
626.000000 0.141693
627.000000 0.145595
628.000000 0.149541
629.000000 0.153628
630.000000 0.158157
631.000000 0.162959
632.000000 0.167746
633.000000 0.172680
634.000000 0.177957
635.000000 0.183227
636.000000 0.188528
637.000000 0.194045
638.000000 0.199488
639.000000 0.204936
640.000000 0.210567
641.000000 0.216228
642.000000 0.221602
643.000000 0.226873
644.000000 0.232294
645.000000 0.237406
646.000000 0.242262
647.000000 0.247141
648.000000 0.251955
649.000000 0.256348
650.000000 0.260506
651.000000 0.264662
652.000000 0.268631
653.000000 0.272287
654.000000 0.275713
655.000000 0.278997
656.000000 0.282081
657.000000 0.284947
658.000000 0.287683
659.000000 0.290399
660.000000 0.293010
661.000000 0.295475
662.000000 0.297868
663.000000 0.300426
664.000000 0.303135
665.000000 0.305799
666.000000 0.308525
667.000000 0.311478
668.000000 0.314697
669.000000 0.318055
670.000000 0.321601
671.000000 0.325625
672.000000 0.330133
673.000000 0.335041
674.000000 0.340030
675.000000 0.345476
676.000000 0.351755
677.000000 0.358586
678.000000 0.366056
679.000000 0.373806
680.000000 0.381999
681.000000 0.391113
682.000000 0.400971
683.000000 0.411542
684.000000 0.422471
685.000000 0.433960
686.000000 0.446477
687.000000 0.459691
688.000000 0.473456
689.000000 0.487743
690.000000 0.501891
691.000000 0.516206
692.000000 0.531373
693.000000 0.546987
694.000000 0.562802
695.000000 0.578727
696.000000 0.594027
697.000000 0.608898
698.000000 0.624077
699.000000 0.639146
700.000000 0.653755
701.000000 0.667675
702.000000 0.680422
703.000000 0.692251
704.000000 0.703598
705.000000 0.713957
706.000000 0.723088
707.000000 0.730938
708.000000 0.737526
709.000000 0.742740
710.000000 0.746409
711.000000 0.748623
712.000000 0.749383
713.000000 0.748643
714.000000 0.746455
715.000000 0.742768
716.000000 0.737580
717.000000 0.730908
718.000000 0.722897
719.000000 0.714130
720.000000 0.704421
721.000000 0.693361
722.000000 0.681135
723.000000 0.667873
724.000000 0.653758
725.000000 0.639037
726.000000 0.624042
727.000000 0.608462
728.000000 0.592098
729.000000 0.575281
730.000000 0.558154
731.000000 0.541896
732.000000 0.525855
733.000000 0.508935
734.000000 0.491637
735.000000 0.474209
736.000000 0.456856
737.000000 0.439584
738.000000 0.422394
739.000000 0.405453
740.000000 0.388784
741.000000 0.372337
742.000000 0.356210
743.000000 0.340466
744.000000 0.325138
745.000000 0.310018
746.000000 0.295202
747.000000 0.280805
748.000000 0.266872
749.000000 0.253408
750.000000 0.240410
751.000000 0.227839
752.000000 0.215663
753.000000 0.203938
754.000000 0.192697
755.000000 0.181913
756.000000 0.171502
757.000000 0.161545
758.000000 0.152106
759.000000 0.143081
760.000000 0.134400
761.000000 0.126170
762.000000 0.118399
763.000000 0.111008
764.000000 0.103990
765.000000 0.097276
766.000000 0.090906
767.000000 0.084971
768.000000 0.079418
769.000000 0.074202
770.000000 0.069325
771.000000 0.064768
772.000000 0.060514
773.000000 0.056563
774.000000 0.052834
775.000000 0.049307
776.000000 0.045855
777.000000 0.042596
778.000000 0.039727
779.000000 0.037138
780.000000 0.034794
781.000000 0.032647
782.000000 0.030657
783.000000 0.028870
784.000000 0.027247
785.000000 0.025715
786.000000 0.024321
787.000000 0.023051
788.000000 0.021857
789.000000 0.020761
790.000000 0.019747
791.000000 0.018822
792.000000 0.018013
793.000000 0.017276
794.000000 0.016574
795.000000 0.015960
796.000000 0.015439
797.000000 0.014952
798.000000 0.014524
799.000000 0.014116
800.000000 0.013732
801.000000 0.013420
802.000000 0.013142
803.000000 0.012880
804.000000 0.012621
805.000000 0.012381
806.000000 0.012206
807.000000 0.012116
808.000000 0.012164
809.000000 0.012212
810.000000 0.012112
811.000000 0.012028
812.000000 0.011954
813.000000 0.011858
814.000000 0.011767
815.000000 0.011591
816.000000 0.011333
817.000000 0.011117
818.000000 0.010958
819.000000 0.010834
820.000000 0.010748
821.000000 0.010664
822.000000 0.010592
823.000000 0.010512
824.000000 0.010364
825.000000 0.010195
826.000000 0.010105
827.000000 0.009968
828.000000 0.009771
829.000000 0.009613
830.000000 0.009456
831.000000 0.009288
832.000000 0.009096
833.000000 0.008861
834.000000 0.008680
835.000000 0.008538
836.000000 0.008370
837.000000 0.008209
838.000000 0.007998
839.000000 0.007809
840.000000 0.007667
841.000000 0.007522
842.000000 0.007387
843.000000 0.007203
844.000000 0.007019
845.000000 0.006853
846.000000 0.006662
847.000000 0.006505
848.000000 0.006340
849.000000 0.006151
850.000000 0.005990
851.000000 0.005824
852.000000 0.005686
853.000000 0.005550
854.000000 0.005357
855.000000 0.005191
856.000000 0.005066
857.000000 0.004963
858.000000 0.004867
859.000000 0.004751
860.000000 0.004646
861.000000 0.004551
862.000000 0.004452
863.000000 0.004337
864.000000 0.004218
865.000000 0.004139
866.000000 0.004064
867.000000 0.003976
868.000000 0.003908
869.000000 0.003854
870.000000 0.003780
871.000000 0.003670
872.000000 0.003548
873.000000 0.003424
874.000000 0.003310
875.000000 0.003228
876.000000 0.003162
877.000000 0.003116
878.000000 0.003064
879.000000 0.002980
880.000000 0.002904
881.000000 0.002851
882.000000 0.002800
883.000000 0.002792
884.000000 0.002808
885.000000 0.002759
886.000000 0.002699
887.000000 0.002683
888.000000 0.002648
889.000000 0.002595
890.000000 0.002566
891.000000 0.002559
892.000000 0.002549
893.000000 0.002532
894.000000 0.002478
895.000000 0.002408
896.000000 0.002346
897.000000 0.002300
898.000000 0.002297
899.000000 0.002307
900.000000 0.002323
