315.000000 0.163839
316.000000 0.165651
317.000000 0.166877
318.000000 0.167899
319.000000 0.169444
320.000000 0.171208
321.000000 0.172496
322.000000 0.174219
323.000000 0.176372
324.000000 0.178220
325.000000 0.180187
326.000000 0.182060
327.000000 0.183530
328.000000 0.185125
329.000000 0.187118
330.000000 0.189181
331.000000 0.191003
332.000000 0.192498
333.000000 0.193909
334.000000 0.195148
335.000000 0.196520
336.000000 0.197967
337.000000 0.199176
338.000000 0.200337
339.000000 0.201549
340.000000 0.202687
341.000000 0.203823
342.000000 0.204935
343.000000 0.205879
344.000000 0.204104
345.000000 0.201119
346.000000 0.203524
347.000000 0.204435
348.000000 0.204000
349.000000 0.206553
350.000000 0.207453
351.000000 0.204262
352.000000 0.198437
353.000000 0.197828
354.000000 0.199248
355.000000 0.198252
356.000000 0.197032
357.000000 0.195614
358.000000 0.195891
359.000000 0.196493
360.000000 0.195004
361.000000 0.193105
362.000000 0.191920
363.000000 0.191077
364.000000 0.190182
365.000000 0.189088
366.000000 0.187292
367.000000 0.185326
368.000000 0.183676
369.000000 0.182275
370.000000 0.181245
371.000000 0.180574
372.000000 0.180124
373.000000 0.179768
374.000000 0.179222
375.000000 0.178737
376.000000 0.178316
377.000000 0.177389
378.000000 0.176719
379.000000 0.176673
380.000000 0.176984
381.000000 0.177157
382.000000 0.177413
383.000000 0.178071
384.000000 0.178505
385.000000 0.178882
386.000000 0.179389
387.000000 0.180175
388.000000 0.181496
389.000000 0.183210
390.000000 0.184887
391.000000 0.186449
392.000000 0.188064
393.000000 0.189723
394.000000 0.191543
395.000000 0.193418
396.000000 0.195462
397.000000 0.197878
398.000000 0.200526
399.000000 0.202946
400.000000 0.205143
401.000000 0.207418
402.000000 0.209748
403.000000 0.212035
404.000000 0.214421
405.000000 0.217004
406.000000 0.219325
407.000000 0.221431
408.000000 0.223898
409.000000 0.226332
410.000000 0.228368
411.000000 0.230400
412.000000 0.232668
413.000000 0.234817
414.000000 0.236835
415.000000 0.238969
416.000000 0.240959
417.000000 0.242977
418.000000 0.245203
419.000000 0.247306
420.000000 0.249351
421.000000 0.251398
422.000000 0.253430
423.000000 0.255792
424.000000 0.258211
425.000000 0.260393
426.000000 0.262699
427.000000 0.264967
428.000000 0.266682
429.000000 0.267923
430.000000 0.268713
431.000000 0.268828
432.000000 0.268071
433.000000 0.266672
434.000000 0.264977
435.000000 0.262612
436.000000 0.259749
437.000000 0.256539
438.000000 0.253008
439.000000 0.249459
440.000000 0.245619
441.000000 0.241716
442.000000 0.238001
443.000000 0.234130
444.000000 0.230221
445.000000 0.226446
446.000000 0.222401
447.000000 0.218363
448.000000 0.214509
449.000000 0.210664
450.000000 0.206893
451.000000 0.202974
452.000000 0.198964
453.000000 0.195214
454.000000 0.191528
455.000000 0.187983
456.000000 0.184600
457.000000 0.181247
458.000000 0.178089
459.000000 0.175065
460.000000 0.172251
461.000000 0.169666
462.000000 0.167102
463.000000 0.164616
464.000000 0.162383
465.000000 0.160455
466.000000 0.158799
467.000000 0.157219
468.000000 0.155760
469.000000 0.154423
470.000000 0.153158
471.000000 0.152090
472.000000 0.151156
473.000000 0.150369
474.000000 0.149645
475.000000 0.148930
476.000000 0.148417
477.000000 0.148013
478.000000 0.147728
479.000000 0.147622
480.000000 0.147581
481.000000 0.147577
482.000000 0.147659
483.000000 0.147859
484.000000 0.148123
485.000000 0.148420
486.000000 0.148877
487.000000 0.149461
488.000000 0.150175
489.000000 0.150769
490.000000 0.151315
491.000000 0.152049
492.000000 0.153101
493.000000 0.154535
494.000000 0.155721
495.000000 0.156697
496.000000 0.158166
497.000000 0.160102
498.000000 0.162257
499.000000 0.164421
500.000000 0.166727
501.000000 0.169487
502.000000 0.172563
503.000000 0.175751
504.000000 0.178908
505.000000 0.182270
506.000000 0.185846
507.000000 0.189481
508.000000 0.193498
509.000000 0.197896
510.000000 0.202435
511.000000 0.207392
512.000000 0.212372
513.000000 0.217266
514.000000 0.222371
515.000000 0.227523
516.000000 0.232489
517.000000 0.237324
518.000000 0.242057
519.000000 0.246558
520.000000 0.250869
521.000000 0.254870
522.000000 0.258534
523.000000 0.261700
524.000000 0.264496
525.000000 0.267180
526.000000 0.269758
527.000000 0.272135
528.000000 0.273981
529.000000 0.275616
530.000000 0.277113
531.000000 0.277960
532.000000 0.278995
533.000000 0.280226
534.000000 0.281069
535.000000 0.282066
536.000000 0.283666
537.000000 0.285764
538.000000 0.288365
539.000000 0.291374
540.000000 0.294671
541.000000 0.298987
542.000000 0.304336
543.000000 0.310761
544.000000 0.318172
545.000000 0.326364
546.000000 0.335351
547.000000 0.345186
548.000000 0.355542
549.000000 0.366225
550.000000 0.377252
551.000000 0.388340
552.000000 0.399376
553.000000 0.410139
554.000000 0.420650
555.000000 0.430473
556.000000 0.439205
557.000000 0.446657
558.000000 0.453032
559.000000 0.457943
560.000000 0.461238
561.000000 0.462731
562.000000 0.462167
563.000000 0.459659
564.000000 0.454964
565.000000 0.448533
566.000000 0.440325
567.000000 0.429908
568.000000 0.418209
569.000000 0.405054
570.000000 0.390868
571.000000 0.375935
572.000000 0.360399
573.000000 0.344611
574.000000 0.328277
575.000000 0.312855
576.000000 0.297945
577.000000 0.283236
578.000000 0.268946
579.000000 0.255137
580.000000 0.241862
581.000000 0.228850
582.000000 0.217130
583.000000 0.206419
584.000000 0.196675
585.000000 0.187711
586.000000 0.179114
587.000000 0.171406
588.000000 0.164413
589.000000 0.157960
590.000000 0.152022
591.000000 0.146467
592.000000 0.141772
593.000000 0.137707
594.000000 0.133974
595.000000 0.130562
596.000000 0.127297
597.000000 0.124476
598.000000 0.121937
599.000000 0.119483
600.000000 0.117350
601.000000 0.115464
602.000000 0.113774
603.000000 0.112270
604.000000 0.110781
605.000000 0.109438
606.000000 0.108294
607.000000 0.107292
608.000000 0.106499
609.000000 0.105832
610.000000 0.105204
611.000000 0.104742
612.000000 0.104429
613.000000 0.104233
614.000000 0.104203
615.000000 0.104319
616.000000 0.104591
617.000000 0.104999
618.000000 0.105518
619.000000 0.106195
620.000000 0.107069
621.000000 0.108179
622.000000 0.109437
623.000000 0.110761
624.000000 0.112285
625.000000 0.114005
626.000000 0.115881
627.000000 0.117945
628.000000 0.120079
629.000000 0.122360
630.000000 0.124913
631.000000 0.127662
632.000000 0.130452
633.000000 0.133358
634.000000 0.136526
635.000000 0.139665
636.000000 0.142850
637.000000 0.146185
638.000000 0.149407
639.000000 0.152634
640.000000 0.155997
641.000000 0.159431
642.000000 0.162683
643.000000 0.165824
644.000000 0.169106
645.000000 0.172184
646.000000 0.175071
647.000000 0.177993
648.000000 0.180876
649.000000 0.183554
650.000000 0.186084
651.000000 0.188527
652.000000 0.190839
653.000000 0.192993
654.000000 0.195064
655.000000 0.197078
656.000000 0.198953
657.000000 0.200719
658.000000 0.202391
659.000000 0.204050
660.000000 0.205678
661.000000 0.207212
662.000000 0.208710
663.000000 0.210328
664.000000 0.212072
665.000000 0.213791
666.000000 0.215559
667.000000 0.217509
668.000000 0.219659
669.000000 0.221904
670.000000 0.224266
671.000000 0.226945
672.000000 0.229977
673.000000 0.233321
674.000000 0.236743
675.000000 0.240459
676.000000 0.244687
677.000000 0.249261
678.000000 0.254256
679.000000 0.259463
680.000000 0.264985
681.000000 0.271090
682.000000 0.277700
683.000000 0.284788
684.000000 0.292067
685.000000 0.299717
686.000000 0.308027
687.000000 0.316767
688.000000 0.325854
689.000000 0.335255
690.000000 0.344494
691.000000 0.353766
692.000000 0.363582
693.000000 0.373663
694.000000 0.383868
695.000000 0.394118
696.000000 0.403830
697.000000 0.413241
698.000000 0.422862
699.000000 0.432327
700.000000 0.441471
701.000000 0.450110
702.000000 0.457897
703.000000 0.464974
704.000000 0.471650
705.000000 0.477722
706.000000 0.482971
707.000000 0.487292
708.000000 0.490773
709.000000 0.493407
710.000000 0.495074
711.000000 0.495787
712.000000 0.495545
713.000000 0.494382
714.000000 0.492321
715.000000 0.489317
716.000000 0.485401
717.000000 0.480576
718.000000 0.474892
719.000000 0.468750
720.000000 0.462091
721.000000 0.454630
722.000000 0.446453
723.000000 0.437673
724.000000 0.428401
725.000000 0.418827
726.000000 0.409140
727.000000 0.399119
728.000000 0.388629
729.000000 0.377853
730.000000 0.366901
731.000000 0.356492
732.000000 0.346291
733.000000 0.335559
734.000000 0.324581
735.000000 0.313475
736.000000 0.302346
737.000000 0.291277
738.000000 0.280282
739.000000 0.269444
740.000000 0.258743
741.000000 0.248168
742.000000 0.237782
743.000000 0.227645
744.000000 0.217757
745.000000 0.207996
746.000000 0.198421
747.000000 0.189094
748.000000 0.180071
749.000000 0.171295
750.000000 0.162804
751.000000 0.154587
752.000000 0.146618
753.000000 0.138976
754.000000 0.131632
755.000000 0.124539
756.000000 0.117745
757.000000 0.111316
758.000000 0.105153
759.000000 0.099223
760.000000 0.093586
761.000000 0.088237
762.000000 0.083130
763.000000 0.078295
764.000000 0.073745
765.000000 0.069430
766.000000 0.065413
767.000000 0.061669
768.000000 0.058112
769.000000 0.054758
770.000000 0.051614
771.000000 0.048675
772.000000 0.045965
773.000000 0.043474
774.000000 0.041143
775.000000 0.038952
776.000000 0.036762
777.000000 0.034684
778.000000 0.032882
779.000000 0.031288
780.000000 0.029885
781.000000 0.028587
782.000000 0.027361
783.000000 0.026252
784.000000 0.025269
785.000000 0.024418
786.000000 0.023639
787.000000 0.022843
788.000000 0.022078
789.000000 0.021463
790.000000 0.020931
791.000000 0.020427
792.000000 0.020006
793.000000 0.019618
794.000000 0.019256
795.000000 0.018955
796.000000 0.018684
797.000000 0.018474
798.000000 0.018301
799.000000 0.018148
800.000000 0.018053
801.000000 0.017969
802.000000 0.017903
803.000000 0.017814
804.000000 0.017726
805.000000 0.017691
806.000000 0.017703
807.000000 0.017731
808.000000 0.017763
809.000000 0.017744
810.000000 0.017675
811.000000 0.017653
812.000000 0.017616
813.000000 0.017561
814.000000 0.017561
815.000000 0.017612
816.000000 0.017634
817.000000 0.017586
818.000000 0.017482
819.000000 0.017345
820.000000 0.017248
821.000000 0.017189
822.000000 0.017069
823.000000 0.016883
824.000000 0.016682
825.000000 0.016470
826.000000 0.016316
827.000000 0.016186
828.000000 0.015981
829.000000 0.015748
830.000000 0.015521
831.000000 0.015294
832.000000 0.015082
833.000000 0.014833
834.000000 0.014554
835.000000 0.014309
836.000000 0.014063
837.000000 0.013797
838.000000 0.013516
839.000000 0.013219
840.000000 0.012953
841.000000 0.012697
842.000000 0.012435
843.000000 0.012140
844.000000 0.011829
845.000000 0.011541
846.000000 0.011240
847.000000 0.010934
848.000000 0.010653
849.000000 0.010395
850.000000 0.010165
851.000000 0.009914
852.000000 0.009662
853.000000 0.009419
854.000000 0.009111
855.000000 0.008825
856.000000 0.008598
857.000000 0.008405
858.000000 0.008225
859.000000 0.008038
860.000000 0.007810
861.000000 0.007583
862.000000 0.007372
863.000000 0.007164
864.000000 0.006986
865.000000 0.006849
866.000000 0.006725
867.000000 0.006575
868.000000 0.006426
869.000000 0.006284
870.000000 0.006155
871.000000 0.006022
872.000000 0.005817
873.000000 0.005581
874.000000 0.005427
875.000000 0.005304
876.000000 0.005204
877.000000 0.005134
878.000000 0.005007
879.000000 0.004857
880.000000 0.004745
881.000000 0.004651
882.000000 0.004536
883.000000 0.004443
884.000000 0.004383
885.000000 0.004290
886.000000 0.004235
887.000000 0.004231
888.000000 0.004197
889.000000 0.004134
890.000000 0.004067
891.000000 0.004002
892.000000 0.003973
893.000000 0.003962
894.000000 0.003930
895.000000 0.003866
896.000000 0.003791
897.000000 0.003729
898.000000 0.003685
899.000000 0.003637
900.000000 0.003595
