315.000000 0.159300
316.000000 0.160342
317.000000 0.162449
318.000000 0.164848
319.000000 0.166542
320.000000 0.168411
321.000000 0.169959
322.000000 0.171014
323.000000 0.172254
324.000000 0.173723
325.000000 0.175672
326.000000 0.177603
327.000000 0.179521
328.000000 0.180950
329.000000 0.182692
330.000000 0.185103
331.000000 0.187175
332.000000 0.189066
333.000000 0.190797
334.000000 0.192163
335.000000 0.193687
336.000000 0.195562
337.000000 0.197327
338.000000 0.198945
339.000000 0.200602
340.000000 0.202645
341.000000 0.204684
342.000000 0.206636
343.000000 0.208578
344.000000 0.210279
345.000000 0.211624
346.000000 0.212798
347.000000 0.214065
348.000000 0.215270
349.000000 0.216166
350.000000 0.216544
351.000000 0.216774
352.000000 0.216778
353.000000 0.216542
354.000000 0.216333
355.000000 0.216005
356.000000 0.215357
357.000000 0.214695
358.000000 0.214213
359.000000 0.213682
360.000000 0.212993
361.000000 0.212146
362.000000 0.211348
363.000000 0.210462
364.000000 0.209528
365.000000 0.208674
366.000000 0.207834
367.000000 0.207020
368.000000 0.206070
369.000000 0.205081
370.000000 0.203859
371.000000 0.202328
372.000000 0.200981
373.000000 0.199972
374.000000 0.199050
375.000000 0.197914
376.000000 0.196505
377.000000 0.194788
378.000000 0.192924
379.000000 0.191468
380.000000 0.190599
381.000000 0.189695
382.000000 0.188790
383.000000 0.187935
384.000000 0.186989
385.000000 0.186196
386.000000 0.185750
387.000000 0.185696
388.000000 0.185819
389.000000 0.185854
390.000000 0.185630
391.000000 0.185928
392.000000 0.186670
393.000000 0.187195
394.000000 0.187800
395.000000 0.188587
396.000000 0.189557
397.000000 0.190682
398.000000 0.191958
399.000000 0.193210
400.000000 0.194494
401.000000 0.195895
402.000000 0.197329
403.000000 0.198927
404.000000 0.200689
405.000000 0.202445
406.000000 0.203979
407.000000 0.205488
408.000000 0.207019
409.000000 0.208353
410.000000 0.209343
411.000000 0.210433
412.000000 0.211772
413.000000 0.212992
414.000000 0.214162
415.000000 0.215199
416.000000 0.216198
417.000000 0.217347
418.000000 0.218560
419.000000 0.219928
420.000000 0.221314
421.000000 0.222754
422.000000 0.224352
423.000000 0.226065
424.000000 0.227856
425.000000 0.229562
426.000000 0.231523
427.000000 0.233581
428.000000 0.235308
429.000000 0.236858
430.000000 0.238183
431.000000 0.239176
432.000000 0.239871
433.000000 0.240141
434.000000 0.240068
435.000000 0.239513
436.000000 0.238500
437.000000 0.237148
438.000000 0.235449
439.000000 0.233474
440.000000 0.231054
441.000000 0.228476
442.000000 0.225827
443.000000 0.222785
444.000000 0.219485
445.000000 0.216064
446.000000 0.212357
447.000000 0.208593
448.000000 0.204694
449.000000 0.200550
450.000000 0.196321
451.000000 0.191914
452.000000 0.187408
453.000000 0.183041
454.000000 0.178638
455.000000 0.174259
456.000000 0.169901
457.000000 0.165426
458.000000 0.161124
459.000000 0.156868
460.000000 0.152749
461.000000 0.148777
462.000000 0.144745
463.000000 0.140802
464.000000 0.136878
465.000000 0.133095
466.000000 0.129727
467.000000 0.126437
468.000000 0.123188
469.000000 0.120023
470.000000 0.116894
471.000000 0.114006
472.000000 0.111180
473.000000 0.108445
474.000000 0.105778
475.000000 0.103223
476.000000 0.100954
477.000000 0.098701
478.000000 0.096566
479.000000 0.094595
480.000000 0.092804
481.000000 0.091092
482.000000 0.089412
483.000000 0.087975
484.000000 0.086592
485.000000 0.085258
486.000000 0.084089
487.000000 0.083114
488.000000 0.082260
489.000000 0.081009
490.000000 0.079799
491.000000 0.078734
492.000000 0.077974
493.000000 0.077746
494.000000 0.077578
495.000000 0.077378
496.000000 0.077261
497.000000 0.077256
498.000000 0.077280
499.000000 0.077585
500.000000 0.078138
501.000000 0.078902
502.000000 0.079601
503.000000 0.080287
504.000000 0.080932
505.000000 0.081706
506.000000 0.082593
507.000000 0.083285
508.000000 0.084495
509.000000 0.086102
510.000000 0.087629
511.000000 0.089059
512.000000 0.090415
513.000000 0.092195
514.000000 0.094095
515.000000 0.095867
516.000000 0.097381
517.000000 0.098651
518.000000 0.100315
519.000000 0.102033
520.000000 0.103604
521.000000 0.104804
522.000000 0.105625
523.000000 0.106509
524.000000 0.107454
525.000000 0.108350
526.000000 0.109104
527.000000 0.109986
528.000000 0.110610
529.000000 0.111029
530.000000 0.111351
531.000000 0.111344
532.000000 0.111863
533.000000 0.112594
534.000000 0.112883
535.000000 0.113357
536.000000 0.114419
537.000000 0.115465
538.000000 0.116365
539.000000 0.117433
540.000000 0.118524
541.000000 0.119988
542.000000 0.122154
543.000000 0.124951
544.000000 0.127994
545.000000 0.131241
546.000000 0.134686
547.000000 0.138656
548.000000 0.143125
549.000000 0.147481
550.000000 0.151630
551.000000 0.155811
552.000000 0.160190
553.000000 0.164452
554.000000 0.168508
555.000000 0.172309
556.000000 0.175776
557.000000 0.178865
558.000000 0.181533
559.000000 0.183650
560.000000 0.185075
561.000000 0.185748
562.000000 0.185764
563.000000 0.185102
564.000000 0.183694
565.000000 0.181703
566.000000 0.178928
567.000000 0.175492
568.000000 0.171731
569.000000 0.167322
570.000000 0.162504
571.000000 0.157484
572.000000 0.152234
573.000000 0.147020
574.000000 0.141762
575.000000 0.136842
576.000000 0.132351
577.000000 0.128058
578.000000 0.123773
579.000000 0.119711
580.000000 0.115989
581.000000 0.112439
582.000000 0.109353
583.000000 0.106586
584.000000 0.104109
585.000000 0.102025
586.000000 0.100392
587.000000 0.099014
588.000000 0.097863
589.000000 0.096894
590.000000 0.096132
591.000000 0.095632
592.000000 0.095470
593.000000 0.095498
594.000000 0.095533
595.000000 0.095777
596.000000 0.096117
597.000000 0.096658
598.000000 0.097362
599.000000 0.098083
600.000000 0.098836
601.000000 0.099522
602.000000 0.100312
603.000000 0.101214
604.000000 0.102127
605.000000 0.103163
606.000000 0.104343
607.000000 0.105582
608.000000 0.106867
609.000000 0.108350
610.000000 0.109959
611.000000 0.111576
612.000000 0.113329
613.000000 0.115248
614.000000 0.117331
615.000000 0.119617
616.000000 0.121955
617.000000 0.124488
618.000000 0.127250
619.000000 0.130078
620.000000 0.133187
621.000000 0.136698
622.000000 0.140274
623.000000 0.143957
624.000000 0.148082
625.000000 0.152366
626.000000 0.156851
627.000000 0.161724
628.000000 0.166625
629.000000 0.171732
630.000000 0.177361
631.000000 0.183296
632.000000 0.189166
633.000000 0.195139
634.000000 0.201563
635.000000 0.208034
636.000000 0.214588
637.000000 0.221423
638.000000 0.228110
639.000000 0.234766
640.000000 0.241667
641.000000 0.248617
642.000000 0.255183
643.000000 0.261590
644.000000 0.268250
645.000000 0.274572
646.000000 0.280558
647.000000 0.286559
648.000000 0.292441
649.000000 0.297911
650.000000 0.303079
651.000000 0.308145
652.000000 0.313048
653.000000 0.317560
654.000000 0.321779
655.000000 0.325864
656.000000 0.329754
657.000000 0.333352
658.000000 0.336671
659.000000 0.339917
660.000000 0.343075
661.000000 0.346106
662.000000 0.349025
663.000000 0.352085
664.000000 0.355310
665.000000 0.358465
666.000000 0.361669
667.000000 0.365166
668.000000 0.368943
669.000000 0.372844
670.000000 0.376984
671.000000 0.381661
672.000000 0.386891
673.000000 0.392658
674.000000 0.398596
675.000000 0.405008
676.000000 0.412381
677.000000 0.420474
678.000000 0.429260
679.000000 0.438328
680.000000 0.447945
681.000000 0.458621
682.000000 0.470248
683.000000 0.482820
684.000000 0.495735
685.000000 0.509262
686.000000 0.524033
687.000000 0.539750
688.000000 0.556181
689.000000 0.573187
690.000000 0.590055
691.000000 0.607185
692.000000 0.625427
693.000000 0.644257
694.000000 0.663344
695.000000 0.682574
696.000000 0.701024
697.000000 0.719056
698.000000 0.737628
699.000000 0.756052
700.000000 0.774019
701.000000 0.791289
702.000000 0.807103
703.000000 0.821752
704.000000 0.835912
705.000000 0.849045
706.000000 0.860760
707.000000 0.870960
708.000000 0.879605
709.000000 0.886595
710.000000 0.891808
711.000000 0.895203
712.000000 0.896749
713.000000 0.896488
714.000000 0.894492
715.000000 0.890722
716.000000 0.885090
717.000000 0.877587
718.000000 0.868401
719.000000 0.858242
720.000000 0.846854
721.000000 0.833659
722.000000 0.818959
723.000000 0.803033
724.000000 0.786088
725.000000 0.768411
726.000000 0.750152
727.000000 0.731198
728.000000 0.711511
729.000000 0.691187
730.000000 0.670433
731.000000 0.650691
732.000000 0.631124
733.000000 0.610582
734.000000 0.589697
735.000000 0.568542
736.000000 0.547402
737.000000 0.526465
738.000000 0.505728
739.000000 0.485201
740.000000 0.464965
741.000000 0.445046
742.000000 0.425620
743.000000 0.406720
744.000000 0.388356
745.000000 0.370247
746.000000 0.352424
747.000000 0.335090
748.000000 0.318319
749.000000 0.302103
750.000000 0.286453
751.000000 0.271375
752.000000 0.256764
753.000000 0.242667
754.000000 0.229104
755.000000 0.216074
756.000000 0.203614
757.000000 0.191743
758.000000 0.180413
759.000000 0.169503
760.000000 0.158992
761.000000 0.149029
762.000000 0.139622
763.000000 0.130700
764.000000 0.122223
765.000000 0.114160
766.000000 0.106538
767.000000 0.099366
768.000000 0.092639
769.000000 0.086316
770.000000 0.080408
771.000000 0.074885
772.000000 0.069694
773.000000 0.064871
774.000000 0.060335
775.000000 0.056082
776.000000 0.051894
777.000000 0.047933
778.000000 0.044478
779.000000 0.041314
780.000000 0.038434
781.000000 0.035793
782.000000 0.033322
783.000000 0.031078
784.000000 0.029018
785.000000 0.027113
786.000000 0.025338
787.000000 0.023662
788.000000 0.022123
789.000000 0.020758
790.000000 0.019528
791.000000 0.018408
792.000000 0.017408
793.000000 0.016485
794.000000 0.015623
795.000000 0.014849
796.000000 0.014152
797.000000 0.013471
798.000000 0.012849
799.000000 0.012339
800.000000 0.011884
801.000000 0.011468
802.000000 0.011098
803.000000 0.010755
804.000000 0.010417
805.000000 0.010051
806.000000 0.009754
807.000000 0.009541
808.000000 0.009361
809.000000 0.009175
810.000000 0.008962
811.000000 0.008795
812.000000 0.008656
813.000000 0.008513
814.000000 0.008428
815.000000 0.008386
816.000000 0.008297
817.000000 0.008158
818.000000 0.008018
819.000000 0.007885
820.000000 0.007721
821.000000 0.007567
822.000000 0.007454
823.000000 0.007334
824.000000 0.007181
825.000000 0.007035
826.000000 0.006947
827.000000 0.006860
828.000000 0.006750
829.000000 0.006633
830.000000 0.006560
831.000000 0.006583
832.000000 0.006553
833.000000 0.006345
834.000000 0.006104
835.000000 0.005938
836.000000 0.005780
837.000000 0.005631
838.000000 0.005529
839.000000 0.005431
840.000000 0.005338
841.000000 0.005220
842.000000 0.005092
843.000000 0.004958
844.000000 0.004818
845.000000 0.004706
846.000000 0.004634
847.000000 0.004639
848.000000 0.004608
849.000000 0.004465
850.000000 0.004275
851.000000 0.004099
852.000000 0.003949
853.000000 0.003823
854.000000 0.003713
855.000000 0.003614
856.000000 0.003539
857.000000 0.003477
858.000000 0.003394
859.000000 0.003317
860.000000 0.003253
861.000000 0.003191
862.000000 0.003126
863.000000 0.003064
864.000000 0.003014
865.000000 0.002981
866.000000 0.002914
867.000000 0.002834
868.000000 0.002795
869.000000 0.002755
870.000000 0.002722
871.000000 0.002675
872.000000 0.002577
873.000000 0.002482
874.000000 0.002413
875.000000 0.002356
876.000000 0.002329
877.000000 0.002303
878.000000 0.002279
879.000000 0.002264
880.000000 0.002212
881.000000 0.002157
882.000000 0.002107
883.000000 0.002077
884.000000 0.002078
885.000000 0.002031
886.000000 0.002013
887.000000 0.002045
888.000000 0.002035
889.000000 0.001940
890.000000 0.001880
891.000000 0.001907
892.000000 0.001918
893.000000 0.001923
894.000000 0.001925
895.000000 0.001898
896.000000 0.001848
897.000000 0.001813
898.000000 0.001787
899.000000 0.001796
900.000000 0.001834
