315.000000 0.157124
316.000000 0.158886
317.000000 0.160356
318.000000 0.162440
319.000000 0.164844
320.000000 0.166418
321.000000 0.167399
322.000000 0.168589
323.000000 0.170009
324.000000 0.171597
325.000000 0.174020
326.000000 0.176289
327.000000 0.177857
328.000000 0.179425
329.000000 0.181008
330.000000 0.182514
331.000000 0.184322
332.000000 0.186677
333.000000 0.189302
334.000000 0.191379
335.000000 0.192881
336.000000 0.194741
337.000000 0.196898
338.000000 0.198813
339.000000 0.200860
340.000000 0.202806
341.000000 0.204442
342.000000 0.206410
343.000000 0.208505
344.000000 0.210587
345.000000 0.212243
346.000000 0.213736
347.000000 0.215339
348.000000 0.216552
349.000000 0.217402
350.000000 0.218101
351.000000 0.218572
352.000000 0.218895
353.000000 0.219093
354.000000 0.219260
355.000000 0.219467
356.000000 0.219098
357.000000 0.218542
358.000000 0.218311
359.000000 0.217986
360.000000 0.217276
361.000000 0.216559
362.000000 0.216033
363.000000 0.215227
364.000000 0.214272
365.000000 0.213500
366.000000 0.212701
367.000000 0.211662
368.000000 0.210495
369.000000 0.209557
370.000000 0.208785
371.000000 0.207828
372.000000 0.206365
373.000000 0.204733
374.000000 0.203058
375.000000 0.201813
376.000000 0.200815
377.000000 0.198940
378.000000 0.196520
379.000000 0.194536
380.000000 0.193200
381.000000 0.191802
382.000000 0.190496
383.000000 0.189493
384.000000 0.188679
385.000000 0.187872
386.000000 0.186754
387.000000 0.185849
388.000000 0.185607
389.000000 0.185314
390.000000 0.184925
391.000000 0.184928
392.000000 0.185050
393.000000 0.185252
394.000000 0.185510
395.000000 0.186067
396.000000 0.186742
397.000000 0.187465
398.000000 0.188607
399.000000 0.189673
400.000000 0.190598
401.000000 0.191629
402.000000 0.192803
403.000000 0.194086
404.000000 0.195447
405.000000 0.196940
406.000000 0.198305
407.000000 0.199501
408.000000 0.200816
409.000000 0.202123
410.000000 0.203085
411.000000 0.204017
412.000000 0.205067
413.000000 0.206090
414.000000 0.207032
415.000000 0.207758
416.000000 0.208910
417.000000 0.210378
418.000000 0.211457
419.000000 0.212344
420.000000 0.213212
421.000000 0.214223
422.000000 0.215492
423.000000 0.217095
424.000000 0.218756
425.000000 0.220387
426.000000 0.222344
427.000000 0.224478
428.000000 0.226376
429.000000 0.228074
430.000000 0.229637
431.000000 0.230917
432.000000 0.231930
433.000000 0.232640
434.000000 0.233036
435.000000 0.232981
436.000000 0.232473
437.000000 0.231525
438.000000 0.230212
439.000000 0.228572
440.000000 0.226499
441.000000 0.224134
442.000000 0.221639
443.000000 0.218810
444.000000 0.215692
445.000000 0.212393
446.000000 0.208660
447.000000 0.204784
448.000000 0.200820
449.000000 0.196620
450.000000 0.192304
451.000000 0.187752
452.000000 0.183060
453.000000 0.178513
454.000000 0.173930
455.000000 0.169376
456.000000 0.164799
457.000000 0.160111
458.000000 0.155551
459.000000 0.150946
460.000000 0.146458
461.000000 0.142214
462.000000 0.137893
463.000000 0.133578
464.000000 0.129305
465.000000 0.125161
466.000000 0.121428
467.000000 0.117716
468.000000 0.113963
469.000000 0.110309
470.000000 0.106726
471.000000 0.103407
472.000000 0.100143
473.000000 0.096960
474.000000 0.093930
475.000000 0.090990
476.000000 0.088296
477.000000 0.085653
478.000000 0.083071
479.000000 0.080681
480.000000 0.078501
481.000000 0.076415
482.000000 0.074387
483.000000 0.072498
484.000000 0.070665
485.000000 0.068929
486.000000 0.067353
487.000000 0.065900
488.000000 0.064544
489.000000 0.062819
490.000000 0.061186
491.000000 0.060031
492.000000 0.058965
493.000000 0.058100
494.000000 0.057714
495.000000 0.057190
496.000000 0.056399
497.000000 0.056016
498.000000 0.055497
499.000000 0.054882
500.000000 0.054863
501.000000 0.055112
502.000000 0.054960
503.000000 0.054761
504.000000 0.054896
505.000000 0.055256
506.000000 0.055595
507.000000 0.055883
508.000000 0.056384
509.000000 0.056741
510.000000 0.057248
511.000000 0.058279
512.000000 0.059190
513.000000 0.060031
514.000000 0.060830
515.000000 0.061591
516.000000 0.062382
517.000000 0.063008
518.000000 0.063689
519.000000 0.064430
520.000000 0.065195
521.000000 0.065739
522.000000 0.066153
523.000000 0.066519
524.000000 0.066980
525.000000 0.067545
526.000000 0.067924
527.000000 0.068562
528.000000 0.068992
529.000000 0.069108
530.000000 0.069242
531.000000 0.069230
532.000000 0.069638
533.000000 0.070076
534.000000 0.069912
535.000000 0.069808
536.000000 0.070379
537.000000 0.071321
538.000000 0.072125
539.000000 0.072704
540.000000 0.073428
541.000000 0.074676
542.000000 0.076117
543.000000 0.077626
544.000000 0.079271
545.000000 0.081229
546.000000 0.083521
547.000000 0.086040
548.000000 0.088577
549.000000 0.091086
550.000000 0.093601
551.000000 0.096086
552.000000 0.098592
553.000000 0.101012
554.000000 0.103532
555.000000 0.106012
556.000000 0.108121
557.000000 0.109925
558.000000 0.111504
559.000000 0.112838
560.000000 0.113937
561.000000 0.114697
562.000000 0.115076
563.000000 0.114977
564.000000 0.114401
565.000000 0.113595
566.000000 0.112481
567.000000 0.111069
568.000000 0.109476
569.000000 0.107516
570.000000 0.105395
571.000000 0.103160
572.000000 0.100824
573.000000 0.098438
574.000000 0.096055
575.000000 0.093968
576.000000 0.092055
577.000000 0.090250
578.000000 0.088639
579.000000 0.087270
580.000000 0.086060
581.000000 0.084947
582.000000 0.084137
583.000000 0.083571
584.000000 0.083065
585.000000 0.082725
586.000000 0.082705
587.000000 0.082869
588.000000 0.083190
589.000000 0.083590
590.000000 0.084110
591.000000 0.084880
592.000000 0.085856
593.000000 0.086946
594.000000 0.088057
595.000000 0.089258
596.000000 0.090514
597.000000 0.091830
598.000000 0.093255
599.000000 0.094736
600.000000 0.096289
601.000000 0.097875
602.000000 0.099446
603.000000 0.101042
604.000000 0.102689
605.000000 0.104305
606.000000 0.105959
607.000000 0.107836
608.000000 0.109819
609.000000 0.111848
610.000000 0.113965
611.000000 0.116125
612.000000 0.118474
613.000000 0.120953
614.000000 0.123533
615.000000 0.126431
616.000000 0.129397
617.000000 0.132451
618.000000 0.135845
619.000000 0.139372
620.000000 0.143084
621.000000 0.147175
622.000000 0.151410
623.000000 0.155794
624.000000 0.160619
625.000000 0.165630
626.000000 0.170900
627.000000 0.176667
628.000000 0.182448
629.000000 0.188402
630.000000 0.194893
631.000000 0.201732
632.000000 0.208579
633.000000 0.215609
634.000000 0.223140
635.000000 0.230631
636.000000 0.238165
637.000000 0.246054
638.000000 0.253821
639.000000 0.261559
640.000000 0.269537
641.000000 0.277606
642.000000 0.285314
643.000000 0.292816
644.000000 0.300580
645.000000 0.307952
646.000000 0.314935
647.000000 0.321972
648.000000 0.328924
649.000000 0.335363
650.000000 0.341431
651.000000 0.347402
652.000000 0.353099
653.000000 0.358371
654.000000 0.363323
655.000000 0.368141
656.000000 0.372668
657.000000 0.376764
658.000000 0.380594
659.000000 0.384413
660.000000 0.388131
661.000000 0.391616
662.000000 0.394985
663.000000 0.398502
664.000000 0.402165
665.000000 0.405755
666.000000 0.409384
667.000000 0.413317
668.000000 0.417575
669.000000 0.421945
670.000000 0.426616
671.000000 0.431936
672.000000 0.437819
673.000000 0.444279
674.000000 0.450936
675.000000 0.458107
676.000000 0.466351
677.000000 0.475463
678.000000 0.485392
679.000000 0.495657
680.000000 0.506584
681.000000 0.518725
682.000000 0.531933
683.000000 0.546192
684.000000 0.560866
685.000000 0.576269
686.000000 0.593140
687.000000 0.611092
688.000000 0.629853
689.000000 0.649308
690.000000 0.668624
691.000000 0.688269
692.000000 0.709187
693.000000 0.730815
694.000000 0.752844
695.000000 0.775135
696.000000 0.796593
697.000000 0.817559
698.000000 0.839145
699.000000 0.860679
700.000000 0.881731
701.000000 0.901997
702.000000 0.920639
703.000000 0.938033
704.000000 0.954919
705.000000 0.970603
706.000000 0.984753
707.000000 0.997198
708.000000 1.007877
709.000000 1.016614
710.000000 1.023157
711.000000 1.027645
712.000000 1.030113
713.000000 1.030401
714.000000 1.028558
715.000000 1.024619
716.000000 1.018550
717.000000 1.010373
718.000000 1.000152
719.000000 0.988691
720.000000 0.975723
721.000000 0.960603
722.000000 0.943820
723.000000 0.925568
724.000000 0.906072
725.000000 0.885704
726.000000 0.864586
727.000000 0.842605
728.000000 0.819729
729.000000 0.796139
730.000000 0.772066
731.000000 0.749145
732.000000 0.726453
733.000000 0.702570
734.000000 0.678228
735.000000 0.653707
736.000000 0.629251
737.000000 0.604964
738.000000 0.580905
739.000000 0.557133
740.000000 0.533725
741.000000 0.510677
742.000000 0.488178
743.000000 0.466334
744.000000 0.445059
745.000000 0.424170
746.000000 0.403756
747.000000 0.383920
748.000000 0.364706
749.000000 0.346073
750.000000 0.328075
751.000000 0.310702
752.000000 0.293929
753.000000 0.277740
754.000000 0.262145
755.000000 0.247194
756.000000 0.232906
757.000000 0.219290
758.000000 0.206289
759.000000 0.193780
760.000000 0.181750
761.000000 0.170304
762.000000 0.159518
763.000000 0.149283
764.000000 0.139509
765.000000 0.130160
766.000000 0.121246
767.000000 0.112885
768.000000 0.105072
769.000000 0.097810
770.000000 0.091036
771.000000 0.084637
772.000000 0.078609
773.000000 0.073025
774.000000 0.067810
775.000000 0.062878
776.000000 0.057979
777.000000 0.053413
778.000000 0.049402
779.000000 0.045645
780.000000 0.042215
781.000000 0.039084
782.000000 0.036222
783.000000 0.033593
784.000000 0.031131
785.000000 0.028908
786.000000 0.026895
787.000000 0.025004
788.000000 0.023197
789.000000 0.021515
790.000000 0.020049
791.000000 0.018757
792.000000 0.017560
793.000000 0.016445
794.000000 0.015469
795.000000 0.014609
796.000000 0.013724
797.000000 0.012826
798.000000 0.012040
799.000000 0.011326
800.000000 0.010647
801.000000 0.010063
802.000000 0.009581
803.000000 0.009127
804.000000 0.008703
805.000000 0.008318
806.000000 0.007982
807.000000 0.007712
808.000000 0.007480
809.000000 0.007272
810.000000 0.007071
811.000000 0.006902
812.000000 0.006688
813.000000 0.006462
814.000000 0.006312
815.000000 0.006201
816.000000 0.006082
817.000000 0.005965
818.000000 0.005833
819.000000 0.005700
820.000000 0.005575
821.000000 0.005440
822.000000 0.005343
823.000000 0.005238
824.000000 0.005107
825.000000 0.004958
826.000000 0.004840
827.000000 0.004770
828.000000 0.004685
829.000000 0.004608
830.000000 0.004492
831.000000 0.004349
832.000000 0.004257
833.000000 0.004144
834.000000 0.004014
835.000000 0.003927
836.000000 0.003859
837.000000 0.003810
838.000000 0.003747
839.000000 0.003680
840.000000 0.003646
841.000000 0.003604
842.000000 0.003546
843.000000 0.003433
844.000000 0.003313
845.000000 0.003233
846.000000 0.003150
847.000000 0.003062
848.000000 0.002995
849.000000 0.002963
850.000000 0.002909
851.000000 0.002823
852.000000 0.002734
853.000000 0.002661
854.000000 0.002604
855.000000 0.002545
856.000000 0.002480
857.000000 0.002426
858.000000 0.002409
859.000000 0.002401
860.000000 0.002365
861.000000 0.002314
862.000000 0.002293
863.000000 0.002257
864.000000 0.002200
865.000000 0.002170
866.000000 0.002167
867.000000 0.002160
868.000000 0.002124
869.000000 0.002115
870.000000 0.002116
871.000000 0.002061
872.000000 0.001950
873.000000 0.001849
874.000000 0.001786
875.000000 0.001722
876.000000 0.001702
877.000000 0.001730
878.000000 0.001736
879.000000 0.001717
880.000000 0.001662
881.000000 0.001602
882.000000 0.001570
883.000000 0.001573
884.000000 0.001592
885.000000 0.001579
886.000000 0.001588
887.000000 0.001605
888.000000 0.001585
889.000000 0.001563
890.000000 0.001533
891.000000 0.001532
892.000000 0.001543
893.000000 0.001532
894.000000 0.001526
895.000000 0.001498
896.000000 0.001467
897.000000 0.001473
898.000000 0.001481
899.000000 0.001481
900.000000 0.001490
