315.000000 0.093399
316.000000 0.096257
317.000000 0.098677
318.000000 0.100563
319.000000 0.102054
320.000000 0.103933
321.000000 0.105651
322.000000 0.107390
323.000000 0.109136
324.000000 0.110820
325.000000 0.113176
326.000000 0.115638
327.000000 0.117759
328.000000 0.119422
329.000000 0.120759
330.000000 0.122861
331.000000 0.125150
332.000000 0.127224
333.000000 0.129313
334.000000 0.131607
335.000000 0.134118
336.000000 0.136516
337.000000 0.138675
338.000000 0.140871
339.000000 0.143808
340.000000 0.146907
341.000000 0.149816
342.000000 0.152867
343.000000 0.155950
344.000000 0.158881
345.000000 0.161510
346.000000 0.163934
347.000000 0.166167
348.000000 0.168549
349.000000 0.170929
350.000000 0.172840
351.000000 0.174392
352.000000 0.175809
353.000000 0.176818
354.000000 0.177511
355.000000 0.178317
356.000000 0.178754
357.000000 0.178840
358.000000 0.178857
359.000000 0.178633
360.000000 0.178190
361.000000 0.177456
362.000000 0.176546
363.000000 0.175714
364.000000 0.174799
365.000000 0.173850
366.000000 0.173343
367.000000 0.173124
368.000000 0.172924
369.000000 0.172977
370.000000 0.173815
371.000000 0.174581
372.000000 0.175045
373.000000 0.175980
374.000000 0.177280
375.000000 0.178503
376.000000 0.179041
377.000000 0.180020
378.000000 0.181368
379.000000 0.182485
380.000000 0.183788
381.000000 0.185358
382.000000 0.186625
383.000000 0.187028
384.000000 0.187522
385.000000 0.188347
386.000000 0.189071
387.000000 0.189831
388.000000 0.190955
389.000000 0.192430
390.000000 0.193894
391.000000 0.195280
392.000000 0.196648
393.000000 0.198251
394.000000 0.199986
395.000000 0.201768
396.000000 0.203491
397.000000 0.204938
398.000000 0.206110
399.000000 0.206665
400.000000 0.206492
401.000000 0.205507
402.000000 0.203806
403.000000 0.201434
404.000000 0.198382
405.000000 0.194615
406.000000 0.190473
407.000000 0.186488
408.000000 0.182267
409.000000 0.177837
410.000000 0.173719
411.000000 0.169714
412.000000 0.165675
413.000000 0.161935
414.000000 0.158576
415.000000 0.155514
416.000000 0.152502
417.000000 0.149652
418.000000 0.147089
419.000000 0.144609
420.000000 0.142037
421.000000 0.139638
422.000000 0.137443
423.000000 0.135136
424.000000 0.132928
425.000000 0.130954
426.000000 0.128997
427.000000 0.126970
428.000000 0.125103
429.000000 0.123294
430.000000 0.121486
431.000000 0.119833
432.000000 0.118277
433.000000 0.116866
434.000000 0.115585
435.000000 0.114451
436.000000 0.113535
437.000000 0.112899
438.000000 0.112615
439.000000 0.112516
440.000000 0.112591
441.000000 0.112832
442.000000 0.113138
443.000000 0.113453
444.000000 0.113840
445.000000 0.114253
446.000000 0.114652
447.000000 0.115110
448.000000 0.115490
449.000000 0.115667
450.000000 0.115700
451.000000 0.115643
452.000000 0.115475
453.000000 0.115244
454.000000 0.114991
455.000000 0.114866
456.000000 0.114881
457.000000 0.114999
458.000000 0.115340
459.000000 0.116064
460.000000 0.117180
461.000000 0.118678
462.000000 0.120814
463.000000 0.123636
464.000000 0.127242
465.000000 0.131501
466.000000 0.136146
467.000000 0.141663
468.000000 0.147898
469.000000 0.154638
470.000000 0.161794
471.000000 0.168936
472.000000 0.176315
473.000000 0.183531
474.000000 0.190368
475.000000 0.196725
476.000000 0.202172
477.000000 0.206758
478.000000 0.210254
479.000000 0.212651
480.000000 0.214010
481.000000 0.214289
482.000000 0.213636
483.000000 0.212234
484.000000 0.210082
485.000000 0.207336
486.000000 0.204021
487.000000 0.200342
488.000000 0.196519
489.000000 0.194446
490.000000 0.193195
491.000000 0.190282
492.000000 0.187160
493.000000 0.184203
494.000000 0.181571
495.000000 0.177931
496.000000 0.172977
497.000000 0.169062
498.000000 0.166572
499.000000 0.165223
500.000000 0.164486
501.000000 0.164289
502.000000 0.164792
503.000000 0.165790
504.000000 0.167167
505.000000 0.168802
506.000000 0.170965
507.000000 0.173744
508.000000 0.189827
509.000000 0.117529
510.000000 0.018560
511.000000 -0.014277
512.000000 -0.024793
513.000000 -0.026004
514.000000 -0.027545
515.000000 -0.031349
516.000000 -0.032605
517.000000 -0.033102
518.000000 -0.033259
519.000000 -0.033324
520.000000 -0.033314
521.000000 -0.033241
522.000000 -0.033160
523.000000 -0.033110
524.000000 -0.033145
525.000000 -0.032903
526.000000 -0.032614
527.000000 -0.032401
528.000000 -0.032317
529.000000 -0.032328
530.000000 -0.032341
531.000000 -0.032355
532.000000 -0.032379
533.000000 -0.032379
534.000000 -0.032216
535.000000 -0.032169
536.000000 -0.032326
537.000000 -0.032487
538.000000 -0.032414
539.000000 -0.032369
540.000000 -0.032356
541.000000 -0.032132
542.000000 -0.032108
543.000000 -0.031907
544.000000 -0.031730
545.000000 -0.031785
546.000000 -0.031848
547.000000 -0.032009
548.000000 -0.032070
549.000000 -0.032120
550.000000 -0.032131
551.000000 -0.032267
552.000000 -0.032320
553.000000 -0.032156
554.000000 -0.032159
555.000000 -0.032342
556.000000 -0.032449
557.000000 -0.032535
558.000000 -0.032590
559.000000 -0.032549
560.000000 -0.032663
561.000000 -0.032767
562.000000 -0.032691
563.000000 -0.032714
564.000000 -0.032694
565.000000 -0.032676
566.000000 -0.032721
567.000000 -0.032706
568.000000 -0.032707
569.000000 -0.032770
570.000000 -0.032713
571.000000 -0.032559
572.000000 -0.032580
573.000000 -0.032627
574.000000 -0.032672
575.000000 -0.032648
576.000000 -0.032512
577.000000 -0.032463
578.000000 -0.032291
579.000000 -0.032215
580.000000 -0.032409
581.000000 -0.032386
582.000000 -0.032165
583.000000 -0.032084
584.000000 -0.032184
585.000000 -0.032243
586.000000 -0.032159
587.000000 -0.032114
588.000000 -0.032103
589.000000 -0.032007
590.000000 -0.032035
591.000000 -0.032017
592.000000 -0.031839
593.000000 -0.031772
594.000000 -0.030608
595.000000 -0.029477
596.000000 -0.030748
597.000000 -0.032781
598.000000 -0.034396
599.000000 -0.034517
600.000000 -0.031747
601.000000 -0.028529
602.000000 -0.026664
603.000000 -0.024836
604.000000 -0.023129
605.000000 -0.022412
606.000000 -0.022804
607.000000 -0.023144
608.000000 0.003467
609.000000 0.130051
610.000000 0.280077
611.000000 0.310970
612.000000 0.319198
613.000000 0.318861
614.000000 0.315113
615.000000 0.308984
616.000000 0.301504
617.000000 0.293030
618.000000 0.282537
619.000000 0.271109
620.000000 0.260038
621.000000 0.248708
622.000000 0.237450
623.000000 0.226146
624.000000 0.214474
625.000000 0.203076
626.000000 0.191914
627.000000 0.180595
628.000000 0.169900
629.000000 0.159701
630.000000 0.149513
631.000000 0.139787
632.000000 0.131048
633.000000 0.122933
634.000000 0.115083
635.000000 0.107957
636.000000 0.101402
637.000000 0.095270
638.000000 0.089898
639.000000 0.085075
640.000000 0.080634
641.000000 0.076637
642.000000 0.073176
643.000000 0.070114
644.000000 0.067204
645.000000 0.064670
646.000000 0.062443
647.000000 0.060315
648.000000 0.058336
649.000000 0.056662
650.000000 0.055161
651.000000 0.053718
652.000000 0.052384
653.000000 0.051168
654.000000 0.049977
655.000000 0.048732
656.000000 0.047559
657.000000 0.046479
658.000000 0.045379
659.000000 0.044260
660.000000 0.043229
661.000000 0.042314
662.000000 0.041453
663.000000 0.040514
664.000000 0.039542
665.000000 0.038711
666.000000 0.037978
667.000000 0.037185
668.000000 0.036408
669.000000 0.035781
670.000000 0.035224
671.000000 0.034664
672.000000 0.034113
673.000000 0.033593
674.000000 0.033199
675.000000 0.032912
676.000000 0.032662
677.000000 0.032479
678.000000 0.032330
679.000000 0.032167
680.000000 0.032076
681.000000 0.032111
682.000000 0.032171
683.000000 0.032317
684.000000 0.032535
685.000000 0.032756
686.000000 0.033040
687.000000 0.033370
688.000000 0.033772
689.000000 0.034229
690.000000 0.034659
691.000000 0.035085
692.000000 0.035555
693.000000 0.036065
694.000000 0.036614
695.000000 0.037229
696.000000 0.037833
697.000000 0.038415
698.000000 0.039066
699.000000 0.039764
700.000000 0.040468
701.000000 0.041176
702.000000 0.041865
703.000000 0.042501
704.000000 0.043146
705.000000 0.043799
706.000000 0.044423
707.000000 0.045054
708.000000 0.045729
709.000000 0.046420
710.000000 0.047022
711.000000 0.047560
712.000000 0.048110
713.000000 0.048675
714.000000 0.049190
715.000000 0.049670
716.000000 0.050144
717.000000 0.050556
718.000000 0.050916
719.000000 0.051238
720.000000 0.051550
721.000000 0.051831
722.000000 0.052097
723.000000 0.052368
724.000000 0.052575
725.000000 0.052751
726.000000 0.052922
727.000000 0.053139
728.000000 0.053406
729.000000 0.053643
730.000000 0.053855
731.000000 0.054059
732.000000 0.054249
733.000000 0.054487
734.000000 0.054786
735.000000 0.055110
736.000000 0.055463
737.000000 0.055850
738.000000 0.056253
739.000000 0.056672
740.000000 0.057135
741.000000 0.057703
742.000000 0.058377
743.000000 0.059094
744.000000 0.059902
745.000000 0.060746
746.000000 0.061568
747.000000 0.062474
748.000000 0.063478
749.000000 0.064579
750.000000 0.065831
751.000000 0.067145
752.000000 0.068451
753.000000 0.069775
754.000000 0.071134
755.000000 0.072565
756.000000 0.074127
757.000000 0.075770
758.000000 0.077393
759.000000 0.079142
760.000000 0.081017
761.000000 0.082984
762.000000 0.084982
763.000000 0.086960
764.000000 0.089063
765.000000 0.091250
766.000000 0.093476
767.000000 0.095741
768.000000 0.098000
769.000000 0.100298
770.000000 0.102622
771.000000 0.104959
772.000000 0.107307
773.000000 0.109622
774.000000 0.111933
775.000000 0.114211
776.000000 0.116555
777.000000 0.118903
778.000000 0.120987
779.000000 0.122842
780.000000 0.124546
781.000000 0.126088
782.000000 0.127414
783.000000 0.128493
784.000000 0.129341
785.000000 0.129874
786.000000 0.130100
787.000000 0.130084
788.000000 0.129714
789.000000 0.128965
790.000000 0.127942
791.000000 0.126553
792.000000 0.124823
793.000000 0.122790
794.000000 0.120434
795.000000 0.117842
796.000000 0.114989
797.000000 0.111732
798.000000 0.108176
799.000000 0.104522
800.000000 0.100747
801.000000 0.096764
802.000000 0.092690
803.000000 0.088610
804.000000 0.084263
805.000000 0.079848
806.000000 0.075662
807.000000 0.071567
808.000000 0.067507
809.000000 0.063514
810.000000 0.059458
811.000000 0.055476
812.000000 0.051764
813.000000 0.048260
814.000000 0.044953
815.000000 0.041835
816.000000 0.038777
817.000000 0.035840
818.000000 0.033183
819.000000 0.030717
820.000000 0.028366
821.000000 0.026136
822.000000 0.024120
823.000000 0.022302
824.000000 0.020629
825.000000 0.019032
826.000000 0.017554
827.000000 0.016295
828.000000 0.015169
829.000000 0.014084
830.000000 0.013075
831.000000 0.012216
832.000000 0.011444
833.000000 0.010710
834.000000 0.010018
835.000000 0.009398
836.000000 0.008816
837.000000 0.008283
838.000000 0.007835
839.000000 0.007465
840.000000 0.007106
841.000000 0.006719
842.000000 0.006391
843.000000 0.006120
844.000000 0.005862
845.000000 0.005641
846.000000 0.005444
847.000000 0.005268
848.000000 0.005137
849.000000 0.004992
850.000000 0.004842
851.000000 0.004720
852.000000 0.004596
853.000000 0.004462
854.000000 0.004337
855.000000 0.004234
856.000000 0.004149
857.000000 0.004062
858.000000 0.003952
859.000000 0.003871
860.000000 0.003818
861.000000 0.003748
862.000000 0.003665
863.000000 0.003637
864.000000 0.003640
865.000000 0.003598
866.000000 0.003581
867.000000 0.003575
868.000000 0.003537
869.000000 0.003504
870.000000 0.003491
871.000000 0.003478
872.000000 0.003473
873.000000 0.003499
874.000000 0.003506
875.000000 0.003496
876.000000 0.003488
877.000000 0.003514
878.000000 0.003536
879.000000 0.003536
880.000000 0.003551
881.000000 0.003553
882.000000 0.003547
883.000000 0.003558
884.000000 0.003573
885.000000 0.003581
886.000000 0.003634
887.000000 0.003673
888.000000 0.003679
889.000000 0.003719
890.000000 0.003783
891.000000 0.003830
892.000000 0.003859
893.000000 0.003878
894.000000 0.003886
895.000000 0.003893
896.000000 0.003899
897.000000 0.003920
898.000000 0.003987
899.000000 0.004050
900.000000 0.004068
