315.000000 0.090363
316.000000 0.093587
317.000000 0.095495
318.000000 0.096563
319.000000 0.097955
320.000000 0.099343
321.000000 0.100972
322.000000 0.102978
323.000000 0.104992
324.000000 0.107003
325.000000 0.109318
326.000000 0.111616
327.000000 0.113440
328.000000 0.114879
329.000000 0.116274
330.000000 0.117674
331.000000 0.119145
332.000000 0.121032
333.000000 0.123006
334.000000 0.125195
335.000000 0.127302
336.000000 0.129420
337.000000 0.131873
338.000000 0.134264
339.000000 0.136789
340.000000 0.139557
341.000000 0.142087
342.000000 0.144829
343.000000 0.147963
344.000000 0.150788
345.000000 0.153385
346.000000 0.155736
347.000000 0.157660
348.000000 0.159825
349.000000 0.162106
350.000000 0.163870
351.000000 0.165259
352.000000 0.166619
353.000000 0.167935
354.000000 0.168712
355.000000 0.169320
356.000000 0.169871
357.000000 0.170144
358.000000 0.170188
359.000000 0.169781
360.000000 0.169195
361.000000 0.168718
362.000000 0.167835
363.000000 0.166773
364.000000 0.166003
365.000000 0.165356
366.000000 0.165038
367.000000 0.164876
368.000000 0.164740
369.000000 0.164737
370.000000 0.165252
371.000000 0.165720
372.000000 0.165596
373.000000 0.166132
374.000000 0.167687
375.000000 0.169163
376.000000 0.170157
377.000000 0.171426
378.000000 0.172660
379.000000 0.173697
380.000000 0.175226
381.000000 0.177035
382.000000 0.178767
383.000000 0.179787
384.000000 0.180402
385.000000 0.181306
386.000000 0.182070
387.000000 0.182688
388.000000 0.183765
389.000000 0.185195
390.000000 0.186714
391.000000 0.188367
392.000000 0.190074
393.000000 0.191812
394.000000 0.193246
395.000000 0.194841
396.000000 0.196726
397.000000 0.198332
398.000000 0.199501
399.000000 0.200014
400.000000 0.199803
401.000000 0.198794
402.000000 0.197103
403.000000 0.194927
404.000000 0.192264
405.000000 0.188697
406.000000 0.184752
407.000000 0.180963
408.000000 0.176949
409.000000 0.173025
410.000000 0.169282
411.000000 0.165277
412.000000 0.161406
413.000000 0.157882
414.000000 0.154627
415.000000 0.151750
416.000000 0.149005
417.000000 0.146455
418.000000 0.144027
419.000000 0.141716
420.000000 0.139485
421.000000 0.137368
422.000000 0.135352
423.000000 0.133122
424.000000 0.130899
425.000000 0.128985
426.000000 0.127236
427.000000 0.125476
428.000000 0.123780
429.000000 0.122029
430.000000 0.120341
431.000000 0.118893
432.000000 0.117480
433.000000 0.116084
434.000000 0.114833
435.000000 0.113882
436.000000 0.113252
437.000000 0.112833
438.000000 0.112678
439.000000 0.112703
440.000000 0.112897
441.000000 0.113218
442.000000 0.113601
443.000000 0.114066
444.000000 0.114622
445.000000 0.115200
446.000000 0.115741
447.000000 0.116266
448.000000 0.116707
449.000000 0.116950
450.000000 0.116996
451.000000 0.116979
452.000000 0.116878
453.000000 0.116726
454.000000 0.116556
455.000000 0.116418
456.000000 0.116407
457.000000 0.116518
458.000000 0.116826
459.000000 0.117517
460.000000 0.118623
461.000000 0.120133
462.000000 0.122222
463.000000 0.125028
464.000000 0.128658
465.000000 0.132957
466.000000 0.137656
467.000000 0.143183
468.000000 0.149424
469.000000 0.156221
470.000000 0.163459
471.000000 0.170638
472.000000 0.178113
473.000000 0.185523
474.000000 0.192564
475.000000 0.199180
476.000000 0.204799
477.000000 0.209465
478.000000 0.213062
479.000000 0.215560
480.000000 0.217068
481.000000 0.217481
482.000000 0.216923
483.000000 0.215586
484.000000 0.213440
485.000000 0.210632
486.000000 0.207275
487.000000 0.203567
488.000000 0.199668
489.000000 0.195630
490.000000 0.191606
491.000000 0.187933
492.000000 0.184399
493.000000 0.180717
494.000000 0.177526
495.000000 0.174525
496.000000 0.171616
497.000000 0.169050
498.000000 0.166915
499.000000 0.165512
500.000000 0.164663
501.000000 0.164197
502.000000 0.164527
503.000000 0.165280
504.000000 0.166096
505.000000 0.167495
506.000000 0.169738
507.000000 0.172691
508.000000 0.175909
509.000000 0.179677
510.000000 0.184127
511.000000 0.189466
512.000000 0.195297
513.000000 0.201104
514.000000 0.207208
515.000000 0.213629
516.000000 0.220020
517.000000 0.226388
518.000000 0.233204
519.000000 0.240220
520.000000 0.247003
521.000000 0.253658
522.000000 0.260021
523.000000 0.265844
524.000000 0.270950
525.000000 0.275504
526.000000 0.279599
527.000000 0.283118
528.000000 0.286213
529.000000 0.288776
530.000000 0.290768
531.000000 0.292183
532.000000 0.293060
533.000000 0.293618
534.000000 0.294206
535.000000 0.294650
536.000000 0.294756
537.000000 0.295040
538.000000 0.295798
539.000000 0.296778
540.000000 0.298091
541.000000 0.299998
542.000000 0.302332
543.000000 0.305510
544.000000 0.309686
545.000000 0.314687
546.000000 0.320277
547.000000 0.326957
548.000000 0.334700
549.000000 0.342964
550.000000 0.352043
551.000000 0.362097
552.000000 0.373222
553.000000 0.385354
554.000000 0.398024
555.000000 0.411034
556.000000 0.424336
557.000000 0.437981
558.000000 0.452791
559.000000 0.467571
560.000000 0.482056
561.000000 0.496202
562.000000 0.509577
563.000000 0.522063
564.000000 0.533474
565.000000 0.543259
566.000000 0.551225
567.000000 0.557513
568.000000 0.561560
569.000000 0.563297
570.000000 0.562781
571.000000 0.559882
572.000000 0.554803
573.000000 0.547566
574.000000 0.537855
575.000000 0.527081
576.000000 0.515298
577.000000 0.502586
578.000000 0.489386
579.000000 0.475594
580.000000 0.461611
581.000000 0.447630
582.000000 0.434569
583.000000 0.422273
584.000000 0.410756
585.000000 0.400213
586.000000 0.390393
587.000000 0.381786
588.000000 0.374193
589.000000 0.367632
590.000000 0.362098
591.000000 0.357212
592.000000 0.353257
593.000000 0.349892
594.000000 0.347072
595.000000 0.344920
596.000000 0.343261
597.000000 0.342037
598.000000 0.341152
599.000000 0.340539
600.000000 0.340117
601.000000 0.339946
602.000000 0.339954
603.000000 0.339954
604.000000 0.339925
605.000000 0.339787
606.000000 0.339405
607.000000 0.338646
608.000000 0.337390
609.000000 0.335626
610.000000 0.333179
611.000000 0.330102
612.000000 0.326199
613.000000 0.321551
614.000000 0.316062
615.000000 0.309339
616.000000 0.302020
617.000000 0.293984
618.000000 0.284755
619.000000 0.275137
620.000000 0.265019
621.000000 0.254011
622.000000 0.242870
623.000000 0.231623
624.000000 0.220008
625.000000 0.208635
626.000000 0.197473
627.000000 0.186158
628.000000 0.175459
629.000000 0.165253
630.000000 0.155131
631.000000 0.145477
632.000000 0.136754
633.000000 0.128653
634.000000 0.120828
635.000000 0.113769
636.000000 0.107329
637.000000 0.101293
638.000000 0.095971
639.000000 0.091232
640.000000 0.086867
641.000000 0.082931
642.000000 0.079554
643.000000 0.076541
644.000000 0.073698
645.000000 0.071248
646.000000 0.069126
647.000000 0.067137
648.000000 0.065290
649.000000 0.063663
650.000000 0.062179
651.000000 0.060822
652.000000 0.059559
653.000000 0.058440
654.000000 0.057390
655.000000 0.056306
656.000000 0.055325
657.000000 0.054410
658.000000 0.053452
659.000000 0.052501
660.000000 0.051610
661.000000 0.050826
662.000000 0.050116
663.000000 0.049355
664.000000 0.048544
665.000000 0.047817
666.000000 0.047231
667.000000 0.046617
668.000000 0.046023
669.000000 0.045547
670.000000 0.045139
671.000000 0.044799
672.000000 0.044489
673.000000 0.044167
674.000000 0.043938
675.000000 0.043824
676.000000 0.043811
677.000000 0.043913
678.000000 0.044003
679.000000 0.044054
680.000000 0.044177
681.000000 0.044414
682.000000 0.044756
683.000000 0.045180
684.000000 0.045625
685.000000 0.046121
686.000000 0.046714
687.000000 0.047364
688.000000 0.048081
689.000000 0.048826
690.000000 0.049576
691.000000 0.050381
692.000000 0.051209
693.000000 0.052062
694.000000 0.052946
695.000000 0.053870
696.000000 0.054815
697.000000 0.055748
698.000000 0.056744
699.000000 0.057790
700.000000 0.058825
701.000000 0.059898
702.000000 0.060958
703.000000 0.061976
704.000000 0.063015
705.000000 0.064044
706.000000 0.065062
707.000000 0.066016
708.000000 0.066947
709.000000 0.067898
710.000000 0.068759
711.000000 0.069578
712.000000 0.070420
713.000000 0.071265
714.000000 0.072043
715.000000 0.072745
716.000000 0.073404
717.000000 0.073998
718.000000 0.074568
719.000000 0.075116
720.000000 0.075595
721.000000 0.075980
722.000000 0.076356
723.000000 0.076780
724.000000 0.077156
725.000000 0.077484
726.000000 0.077803
727.000000 0.078109
728.000000 0.078416
729.000000 0.078752
730.000000 0.079094
731.000000 0.079391
732.000000 0.079716
733.000000 0.080119
734.000000 0.080568
735.000000 0.081066
736.000000 0.081584
737.000000 0.082146
738.000000 0.082775
739.000000 0.083465
740.000000 0.084220
741.000000 0.085074
742.000000 0.086052
743.000000 0.087119
744.000000 0.088302
745.000000 0.089637
746.000000 0.091015
747.000000 0.092404
748.000000 0.093884
749.000000 0.095485
750.000000 0.097250
751.000000 0.099114
752.000000 0.101086
753.000000 0.103175
754.000000 0.105302
755.000000 0.107511
756.000000 0.109886
757.000000 0.112373
758.000000 0.114920
759.000000 0.117586
760.000000 0.120337
761.000000 0.123224
762.000000 0.126220
763.000000 0.129251
764.000000 0.132413
765.000000 0.135669
766.000000 0.138970
767.000000 0.142325
768.000000 0.145724
769.000000 0.149236
770.000000 0.152807
771.000000 0.156335
772.000000 0.159829
773.000000 0.163272
774.000000 0.166683
775.000000 0.170014
776.000000 0.173508
777.000000 0.177042
778.000000 0.180163
779.000000 0.182982
780.000000 0.185551
781.000000 0.187792
782.000000 0.189740
783.000000 0.191424
784.000000 0.192746
785.000000 0.193573
786.000000 0.193972
787.000000 0.193966
788.000000 0.193357
789.000000 0.192209
790.000000 0.190612
791.000000 0.188512
792.000000 0.185952
793.000000 0.182916
794.000000 0.179383
795.000000 0.175393
796.000000 0.170999
797.000000 0.166036
798.000000 0.160673
799.000000 0.155173
800.000000 0.149478
801.000000 0.143511
802.000000 0.137357
803.000000 0.131154
804.000000 0.124641
805.000000 0.118042
806.000000 0.111735
807.000000 0.105559
808.000000 0.099445
809.000000 0.093409
810.000000 0.087272
811.000000 0.081243
812.000000 0.075627
813.000000 0.070330
814.000000 0.065275
815.000000 0.060532
816.000000 0.055957
817.000000 0.051562
818.000000 0.047562
819.000000 0.043904
820.000000 0.040455
821.000000 0.037149
822.000000 0.034133
823.000000 0.031394
824.000000 0.028853
825.000000 0.026489
826.000000 0.024345
827.000000 0.022482
828.000000 0.020791
829.000000 0.019222
830.000000 0.017745
831.000000 0.016389
832.000000 0.015221
833.000000 0.014169
834.000000 0.013164
835.000000 0.012248
836.000000 0.011445
837.000000 0.010661
838.000000 0.009932
839.000000 0.009328
840.000000 0.008784
841.000000 0.008274
842.000000 0.007780
843.000000 0.007326
844.000000 0.006953
845.000000 0.006649
846.000000 0.006389
847.000000 0.006172
848.000000 0.005962
849.000000 0.005728
850.000000 0.005528
851.000000 0.005322
852.000000 0.005085
853.000000 0.004902
854.000000 0.004741
855.000000 0.004599
856.000000 0.004508
857.000000 0.004397
858.000000 0.004274
859.000000 0.004195
860.000000 0.004137
861.000000 0.004050
862.000000 0.003967
863.000000 0.003941
864.000000 0.003908
865.000000 0.003851
866.000000 0.003815
867.000000 0.003767
868.000000 0.003726
869.000000 0.003709
870.000000 0.003677
871.000000 0.003663
872.000000 0.003648
873.000000 0.003612
874.000000 0.003585
875.000000 0.003572
876.000000 0.003564
877.000000 0.003557
878.000000 0.003557
879.000000 0.003570
880.000000 0.003596
881.000000 0.003619
882.000000 0.003622
883.000000 0.003637
884.000000 0.003660
885.000000 0.003650
886.000000 0.003670
887.000000 0.003716
888.000000 0.003727
889.000000 0.003740
890.000000 0.003751
891.000000 0.003766
892.000000 0.003790
893.000000 0.003805
894.000000 0.003825
895.000000 0.003848
896.000000 0.003873
897.000000 0.003905
898.000000 0.003961
899.000000 0.004025
900.000000 0.004066
