315.000000 0.091442
316.000000 0.093667
317.000000 0.095323
318.000000 0.096887
319.000000 0.098602
320.000000 0.099695
321.000000 0.101097
322.000000 0.102885
323.000000 0.104557
324.000000 0.106504
325.000000 0.108143
326.000000 0.109436
327.000000 0.111190
328.000000 0.112918
329.000000 0.114067
330.000000 0.115549
331.000000 0.117583
332.000000 0.119380
333.000000 0.120862
334.000000 0.122902
335.000000 0.125185
336.000000 0.127396
337.000000 0.129542
338.000000 0.131589
339.000000 0.134204
340.000000 0.137076
341.000000 0.139905
342.000000 0.143015
343.000000 0.146193
344.000000 0.149124
345.000000 0.151823
346.000000 0.154362
347.000000 0.156561
348.000000 0.158824
349.000000 0.160964
350.000000 0.162669
351.000000 0.164223
352.000000 0.165666
353.000000 0.166947
354.000000 0.167697
355.000000 0.168417
356.000000 0.168919
357.000000 0.168945
358.000000 0.168758
359.000000 0.168256
360.000000 0.167610
361.000000 0.166926
362.000000 0.166261
363.000000 0.165635
364.000000 0.165006
365.000000 0.164463
366.000000 0.163996
367.000000 0.163583
368.000000 0.163277
369.000000 0.163198
370.000000 0.163916
371.000000 0.164615
372.000000 0.164531
373.000000 0.165020
374.000000 0.166315
375.000000 0.167629
376.000000 0.168793
377.000000 0.170270
378.000000 0.171731
379.000000 0.172975
380.000000 0.174203
381.000000 0.175564
382.000000 0.177078
383.000000 0.178006
384.000000 0.178901
385.000000 0.179970
386.000000 0.180976
387.000000 0.182088
388.000000 0.183283
389.000000 0.184678
390.000000 0.186191
391.000000 0.187567
392.000000 0.188926
393.000000 0.190521
394.000000 0.192147
395.000000 0.193970
396.000000 0.195766
397.000000 0.197155
398.000000 0.198362
399.000000 0.199018
400.000000 0.198830
401.000000 0.197862
402.000000 0.196291
403.000000 0.194316
404.000000 0.191743
405.000000 0.188269
406.000000 0.184320
407.000000 0.180539
408.000000 0.176579
409.000000 0.172471
410.000000 0.168843
411.000000 0.165255
412.000000 0.161570
413.000000 0.158102
414.000000 0.154844
415.000000 0.151972
416.000000 0.149262
417.000000 0.146603
418.000000 0.143971
419.000000 0.141590
420.000000 0.139385
421.000000 0.137221
422.000000 0.135149
423.000000 0.132995
424.000000 0.130928
425.000000 0.129136
426.000000 0.127336
427.000000 0.125405
428.000000 0.123701
429.000000 0.122021
430.000000 0.120345
431.000000 0.118871
432.000000 0.117493
433.000000 0.116184
434.000000 0.115036
435.000000 0.114061
436.000000 0.113323
437.000000 0.112908
438.000000 0.112774
439.000000 0.112787
440.000000 0.112973
441.000000 0.113388
442.000000 0.113891
443.000000 0.114374
444.000000 0.114916
445.000000 0.115470
446.000000 0.115960
447.000000 0.116462
448.000000 0.116900
449.000000 0.117153
450.000000 0.117191
451.000000 0.117189
452.000000 0.117149
453.000000 0.117014
454.000000 0.116787
455.000000 0.116505
456.000000 0.116326
457.000000 0.116378
458.000000 0.116735
459.000000 0.117485
460.000000 0.118629
461.000000 0.120166
462.000000 0.122297
463.000000 0.125047
464.000000 0.128600
465.000000 0.132919
466.000000 0.137561
467.000000 0.142941
468.000000 0.149142
469.000000 0.155981
470.000000 0.163228
471.000000 0.170389
472.000000 0.177833
473.000000 0.185205
474.000000 0.192210
475.000000 0.198760
476.000000 0.204308
477.000000 0.208942
478.000000 0.212583
479.000000 0.215092
480.000000 0.216522
481.000000 0.216900
482.000000 0.216356
483.000000 0.215041
484.000000 0.212909
485.000000 0.210112
486.000000 0.206751
487.000000 0.203096
488.000000 0.199286
489.000000 0.195321
490.000000 0.191450
491.000000 0.187646
492.000000 0.183991
493.000000 0.180499
494.000000 0.177430
495.000000 0.174339
496.000000 0.170907
497.000000 0.168309
498.000000 0.166657
499.000000 0.165436
500.000000 0.164506
501.000000 0.163738
502.000000 0.163721
503.000000 0.164387
504.000000 0.165318
505.000000 0.166804
506.000000 0.169031
507.000000 0.172055
508.000000 0.175568
509.000000 0.179410
510.000000 0.183744
511.000000 0.188975
512.000000 0.194696
513.000000 0.200436
514.000000 0.206502
515.000000 0.212982
516.000000 0.219452
517.000000 0.226038
518.000000 0.232778
519.000000 0.239509
520.000000 0.246230
521.000000 0.252648
522.000000 0.258728
523.000000 0.264329
524.000000 0.269435
525.000000 0.274060
526.000000 0.278300
527.000000 0.282026
528.000000 0.285175
529.000000 0.287670
530.000000 0.289628
531.000000 0.291080
532.000000 0.292146
533.000000 0.292949
534.000000 0.293373
535.000000 0.293447
536.000000 0.293269
537.000000 0.293400
538.000000 0.294166
539.000000 0.295141
540.000000 0.296444
541.000000 0.298447
542.000000 0.300824
543.000000 0.304002
544.000000 0.308223
545.000000 0.313216
546.000000 0.318984
547.000000 0.325888
548.000000 0.333572
549.000000 0.341791
550.000000 0.350982
551.000000 0.361191
552.000000 0.372377
553.000000 0.384430
554.000000 0.397007
555.000000 0.410092
556.000000 0.423317
557.000000 0.436830
558.000000 0.451673
559.000000 0.466328
560.000000 0.480567
561.000000 0.494561
562.000000 0.507970
563.000000 0.520432
564.000000 0.531669
565.000000 0.541335
566.000000 0.549128
567.000000 0.555259
568.000000 0.559264
569.000000 0.561001
570.000000 0.560460
571.000000 0.557505
572.000000 0.552332
573.000000 0.545058
574.000000 0.535661
575.000000 0.525276
576.000000 0.513661
577.000000 0.501046
578.000000 0.488109
579.000000 0.474457
580.000000 0.460387
581.000000 0.446379
582.000000 0.433350
583.000000 0.421097
584.000000 0.409663
585.000000 0.399244
586.000000 0.389459
587.000000 0.380775
588.000000 0.373177
589.000000 0.366660
590.000000 0.361051
591.000000 0.356181
592.000000 0.352198
593.000000 0.348818
594.000000 0.346162
595.000000 0.344191
596.000000 0.342558
597.000000 0.341283
598.000000 0.340381
599.000000 0.339769
600.000000 0.339396
601.000000 0.339191
602.000000 0.339128
603.000000 0.339111
604.000000 0.339087
605.000000 0.338917
606.000000 0.338523
607.000000 0.337868
608.000000 0.336746
609.000000 0.335089
610.000000 0.332724
611.000000 0.329624
612.000000 0.325684
613.000000 0.321016
614.000000 0.315530
615.000000 0.308843
616.000000 0.301561
617.000000 0.293590
618.000000 0.284403
619.000000 0.274832
620.000000 0.264762
621.000000 0.253788
622.000000 0.242764
623.000000 0.231628
624.000000 0.220095
625.000000 0.208860
626.000000 0.197773
627.000000 0.186466
628.000000 0.175791
629.000000 0.165638
630.000000 0.155556
631.000000 0.145926
632.000000 0.137227
633.000000 0.129230
634.000000 0.121470
635.000000 0.114407
636.000000 0.108004
637.000000 0.102014
638.000000 0.096764
639.000000 0.092060
640.000000 0.087693
641.000000 0.083740
642.000000 0.080337
643.000000 0.077331
644.000000 0.074532
645.000000 0.072131
646.000000 0.070051
647.000000 0.068106
648.000000 0.066274
649.000000 0.064681
650.000000 0.063264
651.000000 0.061948
652.000000 0.060726
653.000000 0.059645
654.000000 0.058620
655.000000 0.057510
656.000000 0.056478
657.000000 0.055554
658.000000 0.054654
659.000000 0.053750
660.000000 0.052862
661.000000 0.052078
662.000000 0.051394
663.000000 0.050685
664.000000 0.049943
665.000000 0.049307
666.000000 0.048767
667.000000 0.048175
668.000000 0.047601
669.000000 0.047181
670.000000 0.046832
671.000000 0.046508
672.000000 0.046240
673.000000 0.045997
674.000000 0.045827
675.000000 0.045763
676.000000 0.045740
677.000000 0.045822
678.000000 0.045997
679.000000 0.046150
680.000000 0.046334
681.000000 0.046593
682.000000 0.046951
683.000000 0.047436
684.000000 0.047960
685.000000 0.048481
686.000000 0.049093
687.000000 0.049799
688.000000 0.050568
689.000000 0.051399
690.000000 0.052217
691.000000 0.053032
692.000000 0.053894
693.000000 0.054849
694.000000 0.055826
695.000000 0.056839
696.000000 0.057887
697.000000 0.058896
698.000000 0.059984
699.000000 0.061134
700.000000 0.062242
701.000000 0.063353
702.000000 0.064421
703.000000 0.065479
704.000000 0.066585
705.000000 0.067683
706.000000 0.068759
707.000000 0.069791
708.000000 0.070814
709.000000 0.071818
710.000000 0.072750
711.000000 0.073622
712.000000 0.074467
713.000000 0.075363
714.000000 0.076249
715.000000 0.077025
716.000000 0.077757
717.000000 0.078411
718.000000 0.078995
719.000000 0.079539
720.000000 0.080043
721.000000 0.080475
722.000000 0.080860
723.000000 0.081282
724.000000 0.081678
725.000000 0.082006
726.000000 0.082311
727.000000 0.082631
728.000000 0.082957
729.000000 0.083298
730.000000 0.083634
731.000000 0.083938
732.000000 0.084284
733.000000 0.084711
734.000000 0.085197
735.000000 0.085733
736.000000 0.086259
737.000000 0.086827
738.000000 0.087494
739.000000 0.088226
740.000000 0.089052
741.000000 0.089973
742.000000 0.091004
743.000000 0.092161
744.000000 0.093454
745.000000 0.094818
746.000000 0.096230
747.000000 0.097780
748.000000 0.099401
749.000000 0.101115
750.000000 0.102981
751.000000 0.104934
752.000000 0.107004
753.000000 0.109170
754.000000 0.111409
755.000000 0.113762
756.000000 0.116287
757.000000 0.118976
758.000000 0.121713
759.000000 0.124487
760.000000 0.127411
761.000000 0.130510
762.000000 0.133668
763.000000 0.136899
764.000000 0.140219
765.000000 0.143655
766.000000 0.147210
767.000000 0.150800
768.000000 0.154413
769.000000 0.158089
770.000000 0.161812
771.000000 0.165543
772.000000 0.169280
773.000000 0.172973
774.000000 0.176650
775.000000 0.180270
776.000000 0.184016
777.000000 0.187743
778.000000 0.191035
779.000000 0.194019
780.000000 0.196760
781.000000 0.199183
782.000000 0.201288
783.000000 0.203046
784.000000 0.204390
785.000000 0.205253
786.000000 0.205631
787.000000 0.205596
788.000000 0.205030
789.000000 0.203829
790.000000 0.202104
791.000000 0.199906
792.000000 0.197238
793.000000 0.194035
794.000000 0.190264
795.000000 0.185986
796.000000 0.181301
797.000000 0.176069
798.000000 0.170385
799.000000 0.164518
800.000000 0.158453
801.000000 0.152170
802.000000 0.145694
803.000000 0.139121
804.000000 0.132235
805.000000 0.125218
806.000000 0.118499
807.000000 0.111926
808.000000 0.105332
809.000000 0.098831
810.000000 0.092312
811.000000 0.085902
812.000000 0.079940
813.000000 0.074354
814.000000 0.069056
815.000000 0.064034
816.000000 0.059114
817.000000 0.054358
818.000000 0.050076
819.000000 0.046202
820.000000 0.042569
821.000000 0.039107
822.000000 0.035886
823.000000 0.032968
824.000000 0.030316
825.000000 0.027816
826.000000 0.025538
827.000000 0.023531
828.000000 0.021700
829.000000 0.020012
830.000000 0.018404
831.000000 0.016975
832.000000 0.015734
833.000000 0.014605
834.000000 0.013570
835.000000 0.012633
836.000000 0.011770
837.000000 0.010932
838.000000 0.010199
839.000000 0.009613
840.000000 0.009078
841.000000 0.008523
842.000000 0.007986
843.000000 0.007542
844.000000 0.007160
845.000000 0.006794
846.000000 0.006481
847.000000 0.006257
848.000000 0.006054
849.000000 0.005805
850.000000 0.005573
851.000000 0.005391
852.000000 0.005166
853.000000 0.004953
854.000000 0.004800
855.000000 0.004665
856.000000 0.004563
857.000000 0.004427
858.000000 0.004269
859.000000 0.004168
860.000000 0.004098
861.000000 0.004009
862.000000 0.003908
863.000000 0.003834
864.000000 0.003778
865.000000 0.003739
866.000000 0.003713
867.000000 0.003659
868.000000 0.003619
869.000000 0.003620
870.000000 0.003592
871.000000 0.003553
872.000000 0.003531
873.000000 0.003533
874.000000 0.003529
875.000000 0.003504
876.000000 0.003469
877.000000 0.003471
878.000000 0.003521
879.000000 0.003551
880.000000 0.003575
881.000000 0.003586
882.000000 0.003564
883.000000 0.003565
884.000000 0.003566
885.000000 0.003527
886.000000 0.003537
887.000000 0.003601
888.000000 0.003627
889.000000 0.003644
890.000000 0.003659
891.000000 0.003672
892.000000 0.003717
893.000000 0.003752
894.000000 0.003774
895.000000 0.003807
896.000000 0.003836
897.000000 0.003853
898.000000 0.003880
899.000000 0.003922
900.000000 0.003950
