315.000000 0.089785
316.000000 0.093482
317.000000 0.095357
318.000000 0.096532
319.000000 0.097907
320.000000 0.099760
321.000000 0.101462
322.000000 0.103203
323.000000 0.104923
324.000000 0.106688
325.000000 0.107929
326.000000 0.109189
327.000000 0.111148
328.000000 0.112904
329.000000 0.114518
330.000000 0.116520
331.000000 0.118457
332.000000 0.120140
333.000000 0.121815
334.000000 0.123903
335.000000 0.125923
336.000000 0.127736
337.000000 0.129863
338.000000 0.131996
339.000000 0.134440
340.000000 0.137348
341.000000 0.139988
342.000000 0.142735
343.000000 0.145909
344.000000 0.148719
345.000000 0.151189
346.000000 0.153540
347.000000 0.155564
348.000000 0.157649
349.000000 0.159781
350.000000 0.161579
351.000000 0.163026
352.000000 0.164307
353.000000 0.165548
354.000000 0.166383
355.000000 0.166976
356.000000 0.167473
357.000000 0.167736
358.000000 0.167746
359.000000 0.167446
360.000000 0.166998
361.000000 0.166423
362.000000 0.165648
363.000000 0.164835
364.000000 0.164136
365.000000 0.163558
366.000000 0.163147
367.000000 0.162880
368.000000 0.162869
369.000000 0.163026
370.000000 0.163814
371.000000 0.164487
372.000000 0.164563
373.000000 0.165089
374.000000 0.166095
375.000000 0.167250
376.000000 0.168142
377.000000 0.169334
378.000000 0.170934
379.000000 0.172418
380.000000 0.173816
381.000000 0.174861
382.000000 0.175841
383.000000 0.176739
384.000000 0.177782
385.000000 0.178979
386.000000 0.179717
387.000000 0.180540
388.000000 0.181847
389.000000 0.183427
390.000000 0.185040
391.000000 0.186438
392.000000 0.187885
393.000000 0.189631
394.000000 0.191346
395.000000 0.193173
396.000000 0.194936
397.000000 0.196315
398.000000 0.197522
399.000000 0.198226
400.000000 0.198134
401.000000 0.197267
402.000000 0.195774
403.000000 0.193721
404.000000 0.191137
405.000000 0.187828
406.000000 0.184019
407.000000 0.180286
408.000000 0.176329
409.000000 0.172303
410.000000 0.168628
411.000000 0.165035
412.000000 0.161317
413.000000 0.157890
414.000000 0.154790
415.000000 0.151978
416.000000 0.149134
417.000000 0.146435
418.000000 0.144123
419.000000 0.141877
420.000000 0.139699
421.000000 0.137753
422.000000 0.135869
423.000000 0.133681
424.000000 0.131604
425.000000 0.129881
426.000000 0.128160
427.000000 0.126373
428.000000 0.124668
429.000000 0.122883
430.000000 0.121190
431.000000 0.119761
432.000000 0.118351
433.000000 0.117107
434.000000 0.115988
435.000000 0.114922
436.000000 0.114151
437.000000 0.113687
438.000000 0.113486
439.000000 0.113428
440.000000 0.113611
441.000000 0.114032
442.000000 0.114508
443.000000 0.114946
444.000000 0.115418
445.000000 0.115931
446.000000 0.116435
447.000000 0.116886
448.000000 0.117244
449.000000 0.117488
450.000000 0.117561
451.000000 0.117527
452.000000 0.117390
453.000000 0.117259
454.000000 0.117098
455.000000 0.116857
456.000000 0.116724
457.000000 0.116739
458.000000 0.117008
459.000000 0.117668
460.000000 0.118689
461.000000 0.120111
462.000000 0.122170
463.000000 0.124925
464.000000 0.128443
465.000000 0.132714
466.000000 0.137339
467.000000 0.142720
468.000000 0.148892
469.000000 0.155646
470.000000 0.162805
471.000000 0.169887
472.000000 0.177295
473.000000 0.184625
474.000000 0.191537
475.000000 0.197962
476.000000 0.203451
477.000000 0.208018
478.000000 0.211580
479.000000 0.214072
480.000000 0.215515
481.000000 0.215960
482.000000 0.215438
483.000000 0.214090
484.000000 0.211968
485.000000 0.209269
486.000000 0.206039
487.000000 0.202426
488.000000 0.198611
489.000000 0.194894
490.000000 0.191071
491.000000 0.187223
492.000000 0.183753
493.000000 0.180149
494.000000 0.176746
495.000000 0.173480
496.000000 0.170572
497.000000 0.168359
498.000000 0.166470
499.000000 0.164946
500.000000 0.164276
501.000000 0.164123
502.000000 0.164126
503.000000 0.164465
504.000000 0.165266
505.000000 0.166800
506.000000 0.168961
507.000000 0.171877
508.000000 0.175186
509.000000 0.178924
510.000000 0.183393
511.000000 0.188709
512.000000 0.194299
513.000000 0.199964
514.000000 0.205993
515.000000 0.212154
516.000000 0.218461
517.000000 0.225032
518.000000 0.231885
519.000000 0.238622
520.000000 0.245104
521.000000 0.251326
522.000000 0.257389
523.000000 0.263256
524.000000 0.268450
525.000000 0.273054
526.000000 0.277221
527.000000 0.280767
528.000000 0.283694
529.000000 0.286078
530.000000 0.288179
531.000000 0.289631
532.000000 0.290609
533.000000 0.291323
534.000000 0.291663
535.000000 0.291955
536.000000 0.292143
537.000000 0.292380
538.000000 0.293137
539.000000 0.294159
540.000000 0.295315
541.000000 0.297060
542.000000 0.299106
543.000000 0.302190
544.000000 0.306645
545.000000 0.311748
546.000000 0.317412
547.000000 0.324199
548.000000 0.331808
549.000000 0.339972
550.000000 0.349097
551.000000 0.359050
552.000000 0.369938
553.000000 0.381831
554.000000 0.394305
555.000000 0.407260
556.000000 0.420541
557.000000 0.434112
558.000000 0.448836
559.000000 0.463567
560.000000 0.477837
561.000000 0.491810
562.000000 0.505212
563.000000 0.517607
564.000000 0.528811
565.000000 0.538430
566.000000 0.546386
567.000000 0.552730
568.000000 0.556708
569.000000 0.558380
570.000000 0.557770
571.000000 0.554703
572.000000 0.549472
573.000000 0.542073
574.000000 0.532628
575.000000 0.522283
576.000000 0.510819
577.000000 0.498494
578.000000 0.485600
579.000000 0.471886
580.000000 0.457919
581.000000 0.444091
582.000000 0.431194
583.000000 0.419020
584.000000 0.407659
585.000000 0.397261
586.000000 0.387551
587.000000 0.379076
588.000000 0.371583
589.000000 0.364997
590.000000 0.359293
591.000000 0.354380
592.000000 0.350537
593.000000 0.347297
594.000000 0.344583
595.000000 0.342464
596.000000 0.340781
597.000000 0.339642
598.000000 0.338913
599.000000 0.338406
600.000000 0.338078
601.000000 0.337904
602.000000 0.337938
603.000000 0.337954
604.000000 0.337828
605.000000 0.337601
606.000000 0.337192
607.000000 0.336509
608.000000 0.335393
609.000000 0.333743
610.000000 0.331387
611.000000 0.328331
612.000000 0.324503
613.000000 0.319984
614.000000 0.314534
615.000000 0.307864
616.000000 0.300659
617.000000 0.292728
618.000000 0.283600
619.000000 0.274065
620.000000 0.264039
621.000000 0.253178
622.000000 0.242193
623.000000 0.231108
624.000000 0.219691
625.000000 0.208593
626.000000 0.197659
627.000000 0.186467
628.000000 0.175902
629.000000 0.165857
630.000000 0.155886
631.000000 0.146372
632.000000 0.137750
633.000000 0.129743
634.000000 0.122015
635.000000 0.115058
636.000000 0.108738
637.000000 0.102840
638.000000 0.097659
639.000000 0.093015
640.000000 0.088769
641.000000 0.084954
642.000000 0.081617
643.000000 0.078688
644.000000 0.075975
645.000000 0.073638
646.000000 0.071603
647.000000 0.069657
648.000000 0.067853
649.000000 0.066303
650.000000 0.064943
651.000000 0.063725
652.000000 0.062583
653.000000 0.061501
654.000000 0.060466
655.000000 0.059437
656.000000 0.058456
657.000000 0.057578
658.000000 0.056707
659.000000 0.055738
660.000000 0.054882
661.000000 0.054225
662.000000 0.053590
663.000000 0.052921
664.000000 0.052267
665.000000 0.051678
666.000000 0.051161
667.000000 0.050633
668.000000 0.050152
669.000000 0.049810
670.000000 0.049508
671.000000 0.049201
672.000000 0.048957
673.000000 0.048767
674.000000 0.048673
675.000000 0.048665
676.000000 0.048719
677.000000 0.048869
678.000000 0.049055
679.000000 0.049216
680.000000 0.049475
681.000000 0.049875
682.000000 0.050332
683.000000 0.050870
684.000000 0.051443
685.000000 0.052052
686.000000 0.052785
687.000000 0.053601
688.000000 0.054464
689.000000 0.055369
690.000000 0.056281
691.000000 0.057212
692.000000 0.058179
693.000000 0.059188
694.000000 0.060230
695.000000 0.061310
696.000000 0.062404
697.000000 0.063515
698.000000 0.064741
699.000000 0.066007
700.000000 0.067214
701.000000 0.068431
702.000000 0.069594
703.000000 0.070727
704.000000 0.071919
705.000000 0.073111
706.000000 0.074253
707.000000 0.075379
708.000000 0.076510
709.000000 0.077586
710.000000 0.078600
711.000000 0.079567
712.000000 0.080499
713.000000 0.081436
714.000000 0.082372
715.000000 0.083202
716.000000 0.083943
717.000000 0.084649
718.000000 0.085290
719.000000 0.085902
720.000000 0.086495
721.000000 0.086987
722.000000 0.087412
723.000000 0.087862
724.000000 0.088299
725.000000 0.088658
726.000000 0.088966
727.000000 0.089289
728.000000 0.089655
729.000000 0.090036
730.000000 0.090433
731.000000 0.090781
732.000000 0.091154
733.000000 0.091637
734.000000 0.092137
735.000000 0.092692
736.000000 0.093315
737.000000 0.093974
738.000000 0.094681
739.000000 0.095491
740.000000 0.096256
741.000000 0.097192
742.000000 0.098435
743.000000 0.099709
744.000000 0.101110
745.000000 0.102629
746.000000 0.104168
747.000000 0.105793
748.000000 0.107561
749.000000 0.109430
750.000000 0.111473
751.000000 0.113686
752.000000 0.116013
753.000000 0.118421
754.000000 0.120863
755.000000 0.123411
756.000000 0.126149
757.000000 0.129028
758.000000 0.131909
759.000000 0.134890
760.000000 0.138050
761.000000 0.141400
762.000000 0.144858
763.000000 0.148394
764.000000 0.152049
765.000000 0.155774
766.000000 0.159602
767.000000 0.163524
768.000000 0.167478
769.000000 0.171485
770.000000 0.175545
771.000000 0.179627
772.000000 0.183680
773.000000 0.187626
774.000000 0.191532
775.000000 0.195433
776.000000 0.199530
777.000000 0.203590
778.000000 0.207202
779.000000 0.210432
780.000000 0.213341
781.000000 0.215962
782.000000 0.218268
783.000000 0.220237
784.000000 0.221760
785.000000 0.222773
786.000000 0.223252
787.000000 0.223225
788.000000 0.222609
789.000000 0.221359
790.000000 0.219556
791.000000 0.217176
792.000000 0.214248
793.000000 0.210763
794.000000 0.206724
795.000000 0.202181
796.000000 0.197129
797.000000 0.191394
798.000000 0.185193
799.000000 0.178757
800.000000 0.172062
801.000000 0.165172
802.000000 0.158109
803.000000 0.150963
804.000000 0.143442
805.000000 0.135768
806.000000 0.128419
807.000000 0.121251
808.000000 0.114164
809.000000 0.107193
810.000000 0.100124
811.000000 0.093160
812.000000 0.086654
813.000000 0.080563
814.000000 0.074850
815.000000 0.069381
816.000000 0.063983
817.000000 0.058856
818.000000 0.054222
819.000000 0.049946
820.000000 0.045967
821.000000 0.042167
822.000000 0.038627
823.000000 0.035456
824.000000 0.032610
825.000000 0.029924
826.000000 0.027430
827.000000 0.025229
828.000000 0.023204
829.000000 0.021339
830.000000 0.019593
831.000000 0.018056
832.000000 0.016735
833.000000 0.015515
834.000000 0.014377
835.000000 0.013330
836.000000 0.012431
837.000000 0.011592
838.000000 0.010804
839.000000 0.010145
840.000000 0.009557
841.000000 0.008964
842.000000 0.008411
843.000000 0.007940
844.000000 0.007521
845.000000 0.007149
846.000000 0.006803
847.000000 0.006522
848.000000 0.006271
849.000000 0.005996
850.000000 0.005767
851.000000 0.005549
852.000000 0.005308
853.000000 0.005096
854.000000 0.004916
855.000000 0.004763
856.000000 0.004640
857.000000 0.004555
858.000000 0.004471
859.000000 0.004373
860.000000 0.004285
861.000000 0.004163
862.000000 0.004034
863.000000 0.003992
864.000000 0.003972
865.000000 0.003909
866.000000 0.003840
867.000000 0.003755
868.000000 0.003695
869.000000 0.003684
870.000000 0.003667
871.000000 0.003643
872.000000 0.003626
873.000000 0.003615
874.000000 0.003597
875.000000 0.003574
876.000000 0.003543
877.000000 0.003551
878.000000 0.003585
879.000000 0.003607
880.000000 0.003640
881.000000 0.003660
882.000000 0.003635
883.000000 0.003615
884.000000 0.003615
885.000000 0.003604
886.000000 0.003634
887.000000 0.003676
888.000000 0.003661
889.000000 0.003651
890.000000 0.003685
891.000000 0.003720
892.000000 0.003750
893.000000 0.003758
894.000000 0.003776
895.000000 0.003811
896.000000 0.003841
897.000000 0.003875
898.000000 0.003929
899.000000 0.003977
900.000000 0.003997
