315.000000 0.090691
316.000000 0.093450
317.000000 0.095257
318.000000 0.097198
319.000000 0.098980
320.000000 0.099853
321.000000 0.100965
322.000000 0.102577
323.000000 0.103998
324.000000 0.105371
325.000000 0.106942
326.000000 0.108640
327.000000 0.110021
328.000000 0.111461
329.000000 0.113138
330.000000 0.114798
331.000000 0.116516
332.000000 0.118177
333.000000 0.119883
334.000000 0.122016
335.000000 0.124246
336.000000 0.126315
337.000000 0.128323
338.000000 0.130433
339.000000 0.132964
340.000000 0.135891
341.000000 0.138831
342.000000 0.141503
343.000000 0.144221
344.000000 0.146730
345.000000 0.148988
346.000000 0.151384
347.000000 0.153637
348.000000 0.155966
349.000000 0.158143
350.000000 0.159825
351.000000 0.161402
352.000000 0.162962
353.000000 0.164273
354.000000 0.165103
355.000000 0.165918
356.000000 0.166545
357.000000 0.166702
358.000000 0.166682
359.000000 0.166387
360.000000 0.165998
361.000000 0.165351
362.000000 0.164601
363.000000 0.163959
364.000000 0.163304
365.000000 0.162710
366.000000 0.162258
367.000000 0.162034
368.000000 0.161893
369.000000 0.161912
370.000000 0.162511
371.000000 0.162847
372.000000 0.162700
373.000000 0.163266
374.000000 0.164643
375.000000 0.166036
376.000000 0.166922
377.000000 0.167796
378.000000 0.169070
379.000000 0.170750
380.000000 0.172398
381.000000 0.174003
382.000000 0.175674
383.000000 0.176910
384.000000 0.178165
385.000000 0.179348
386.000000 0.180051
387.000000 0.180863
388.000000 0.182152
389.000000 0.183737
390.000000 0.185358
391.000000 0.186856
392.000000 0.188457
393.000000 0.190046
394.000000 0.191396
395.000000 0.192999
396.000000 0.194706
397.000000 0.196162
398.000000 0.197430
399.000000 0.198212
400.000000 0.198107
401.000000 0.197136
402.000000 0.195698
403.000000 0.193831
404.000000 0.191290
405.000000 0.187960
406.000000 0.184231
407.000000 0.180463
408.000000 0.176484
409.000000 0.172507
410.000000 0.168878
411.000000 0.165155
412.000000 0.161377
413.000000 0.157854
414.000000 0.154622
415.000000 0.151993
416.000000 0.149493
417.000000 0.147009
418.000000 0.144669
419.000000 0.142454
420.000000 0.140212
421.000000 0.138179
422.000000 0.136365
423.000000 0.134320
424.000000 0.132303
425.000000 0.130467
426.000000 0.128656
427.000000 0.126739
428.000000 0.124958
429.000000 0.123314
430.000000 0.121790
431.000000 0.120388
432.000000 0.118905
433.000000 0.117576
434.000000 0.116405
435.000000 0.115451
436.000000 0.114742
437.000000 0.114182
438.000000 0.113911
439.000000 0.113808
440.000000 0.113915
441.000000 0.114243
442.000000 0.114735
443.000000 0.115246
444.000000 0.115753
445.000000 0.116273
446.000000 0.116734
447.000000 0.117175
448.000000 0.117519
449.000000 0.117699
450.000000 0.117663
451.000000 0.117538
452.000000 0.117444
453.000000 0.117313
454.000000 0.117090
455.000000 0.116864
456.000000 0.116742
457.000000 0.116727
458.000000 0.116917
459.000000 0.117479
460.000000 0.118425
461.000000 0.119814
462.000000 0.121863
463.000000 0.124562
464.000000 0.128059
465.000000 0.132248
466.000000 0.136776
467.000000 0.142082
468.000000 0.148160
469.000000 0.154862
470.000000 0.162021
471.000000 0.169083
472.000000 0.176411
473.000000 0.183664
474.000000 0.190468
475.000000 0.196825
476.000000 0.202296
477.000000 0.206935
478.000000 0.210564
479.000000 0.213056
480.000000 0.214475
481.000000 0.214797
482.000000 0.214221
483.000000 0.212872
484.000000 0.210733
485.000000 0.207990
486.000000 0.204731
487.000000 0.201166
488.000000 0.197437
489.000000 0.193715
490.000000 0.189872
491.000000 0.186112
492.000000 0.182482
493.000000 0.178719
494.000000 0.175522
495.000000 0.172429
496.000000 0.169447
497.000000 0.167218
498.000000 0.165266
499.000000 0.163888
500.000000 0.163243
501.000000 0.162811
502.000000 0.162699
503.000000 0.162880
504.000000 0.163572
505.000000 0.165144
506.000000 0.167508
507.000000 0.170641
508.000000 0.174106
509.000000 0.177867
510.000000 0.182243
511.000000 0.187412
512.000000 0.192952
513.000000 0.198513
514.000000 0.204369
515.000000 0.210679
516.000000 0.217180
517.000000 0.223795
518.000000 0.230521
519.000000 0.237247
520.000000 0.243977
521.000000 0.250318
522.000000 0.256428
523.000000 0.262307
524.000000 0.267389
525.000000 0.272034
526.000000 0.276346
527.000000 0.279670
528.000000 0.282277
529.000000 0.284603
530.000000 0.286615
531.000000 0.288137
532.000000 0.289150
533.000000 0.289711
534.000000 0.290106
535.000000 0.290349
536.000000 0.290482
537.000000 0.290803
538.000000 0.291575
539.000000 0.292505
540.000000 0.293447
541.000000 0.295085
542.000000 0.297314
543.000000 0.300525
544.000000 0.304710
545.000000 0.309828
546.000000 0.315698
547.000000 0.322314
548.000000 0.329717
549.000000 0.337774
550.000000 0.346840
551.000000 0.356708
552.000000 0.367489
553.000000 0.379198
554.000000 0.391492
555.000000 0.404494
556.000000 0.417873
557.000000 0.431419
558.000000 0.445987
559.000000 0.460444
560.000000 0.474557
561.000000 0.488311
562.000000 0.501533
563.000000 0.513819
564.000000 0.524896
565.000000 0.534567
566.000000 0.542442
567.000000 0.548590
568.000000 0.552565
569.000000 0.554328
570.000000 0.553847
571.000000 0.550979
572.000000 0.546015
573.000000 0.538944
574.000000 0.529618
575.000000 0.519173
576.000000 0.507566
577.000000 0.495014
578.000000 0.482052
579.000000 0.468488
580.000000 0.454706
581.000000 0.441000
582.000000 0.428202
583.000000 0.416123
584.000000 0.404880
585.000000 0.394710
586.000000 0.385139
587.000000 0.376736
588.000000 0.369424
589.000000 0.363018
590.000000 0.357362
591.000000 0.352468
592.000000 0.348581
593.000000 0.345229
594.000000 0.342407
595.000000 0.340276
596.000000 0.338670
597.000000 0.337472
598.000000 0.336604
599.000000 0.336059
600.000000 0.335778
601.000000 0.335639
602.000000 0.335689
603.000000 0.335790
604.000000 0.335773
605.000000 0.335660
606.000000 0.335299
607.000000 0.334560
608.000000 0.333472
609.000000 0.331905
610.000000 0.329653
611.000000 0.326728
612.000000 0.322937
613.000000 0.318390
614.000000 0.313022
615.000000 0.306500
616.000000 0.299439
617.000000 0.291658
618.000000 0.282557
619.000000 0.273015
620.000000 0.263065
621.000000 0.252316
622.000000 0.241476
623.000000 0.230545
624.000000 0.219237
625.000000 0.208118
626.000000 0.197194
627.000000 0.186202
628.000000 0.175844
629.000000 0.165919
630.000000 0.156016
631.000000 0.146536
632.000000 0.137971
633.000000 0.130101
634.000000 0.122516
635.000000 0.115705
636.000000 0.109527
637.000000 0.103665
638.000000 0.098522
639.000000 0.093950
640.000000 0.089724
641.000000 0.085932
642.000000 0.082663
643.000000 0.079796
644.000000 0.077124
645.000000 0.074807
646.000000 0.072787
647.000000 0.070858
648.000000 0.069085
649.000000 0.067614
650.000000 0.066311
651.000000 0.065082
652.000000 0.063972
653.000000 0.063030
654.000000 0.062079
655.000000 0.061072
656.000000 0.060179
657.000000 0.059363
658.000000 0.058570
659.000000 0.057770
660.000000 0.056975
661.000000 0.056269
662.000000 0.055654
663.000000 0.054995
664.000000 0.054356
665.000000 0.053811
666.000000 0.053332
667.000000 0.052837
668.000000 0.052384
669.000000 0.052054
670.000000 0.051812
671.000000 0.051620
672.000000 0.051434
673.000000 0.051315
674.000000 0.051332
675.000000 0.051430
676.000000 0.051555
677.000000 0.051762
678.000000 0.052022
679.000000 0.052233
680.000000 0.052478
681.000000 0.052892
682.000000 0.053435
683.000000 0.054069
684.000000 0.054756
685.000000 0.055502
686.000000 0.056326
687.000000 0.057222
688.000000 0.058187
689.000000 0.059167
690.000000 0.060107
691.000000 0.061119
692.000000 0.062217
693.000000 0.063342
694.000000 0.064506
695.000000 0.065711
696.000000 0.066886
697.000000 0.068021
698.000000 0.069265
699.000000 0.070565
700.000000 0.071864
701.000000 0.073195
702.000000 0.074595
703.000000 0.075877
704.000000 0.077052
705.000000 0.078297
706.000000 0.079568
707.000000 0.080817
708.000000 0.082028
709.000000 0.083227
710.000000 0.084340
711.000000 0.085364
712.000000 0.086368
713.000000 0.087373
714.000000 0.088334
715.000000 0.089226
716.000000 0.090101
717.000000 0.090895
718.000000 0.091580
719.000000 0.092221
720.000000 0.092832
721.000000 0.093368
722.000000 0.093855
723.000000 0.094339
724.000000 0.094758
725.000000 0.095149
726.000000 0.095508
727.000000 0.095855
728.000000 0.096233
729.000000 0.096601
730.000000 0.096965
731.000000 0.097324
732.000000 0.097724
733.000000 0.098218
734.000000 0.098773
735.000000 0.099383
736.000000 0.100052
737.000000 0.100809
738.000000 0.101644
739.000000 0.102505
740.000000 0.103454
741.000000 0.104528
742.000000 0.105704
743.000000 0.107000
744.000000 0.108470
745.000000 0.110069
746.000000 0.111726
747.000000 0.113492
748.000000 0.115402
749.000000 0.117431
750.000000 0.119594
751.000000 0.121883
752.000000 0.124313
753.000000 0.126898
754.000000 0.129526
755.000000 0.132271
756.000000 0.135188
757.000000 0.138236
758.000000 0.141408
759.000000 0.144688
760.000000 0.148114
761.000000 0.151727
762.000000 0.155411
763.000000 0.159122
764.000000 0.162994
765.000000 0.166996
766.000000 0.171125
767.000000 0.175352
768.000000 0.179618
769.000000 0.183971
770.000000 0.188351
771.000000 0.192729
772.000000 0.197086
773.000000 0.201359
774.000000 0.205625
775.000000 0.209858
776.000000 0.214275
777.000000 0.218685
778.000000 0.222569
779.000000 0.226061
780.000000 0.229276
781.000000 0.232144
782.000000 0.234632
783.000000 0.236714
784.000000 0.238318
785.000000 0.239362
786.000000 0.239860
787.000000 0.239837
788.000000 0.239142
789.000000 0.237758
790.000000 0.235785
791.000000 0.233217
792.000000 0.230080
793.000000 0.226349
794.000000 0.221992
795.000000 0.217065
796.000000 0.211606
797.000000 0.205419
798.000000 0.198743
799.000000 0.191891
800.000000 0.184747
801.000000 0.177371
802.000000 0.169781
803.000000 0.162046
804.000000 0.153938
805.000000 0.145674
806.000000 0.137759
807.000000 0.130044
808.000000 0.122436
809.000000 0.114938
810.000000 0.107326
811.000000 0.099813
812.000000 0.092789
813.000000 0.086208
814.000000 0.080043
815.000000 0.074201
816.000000 0.068467
817.000000 0.062974
818.000000 0.057950
819.000000 0.053348
820.000000 0.049054
821.000000 0.044969
822.000000 0.041190
823.000000 0.037789
824.000000 0.034731
825.000000 0.031848
826.000000 0.029187
827.000000 0.026827
828.000000 0.024674
829.000000 0.022702
830.000000 0.020832
831.000000 0.019166
832.000000 0.017710
833.000000 0.016375
834.000000 0.015152
835.000000 0.014061
836.000000 0.013078
837.000000 0.012143
838.000000 0.011291
839.000000 0.010576
840.000000 0.009981
841.000000 0.009406
842.000000 0.008845
843.000000 0.008340
844.000000 0.007874
845.000000 0.007459
846.000000 0.007106
847.000000 0.006793
848.000000 0.006496
849.000000 0.006208
850.000000 0.005960
851.000000 0.005711
852.000000 0.005466
853.000000 0.005269
854.000000 0.005074
855.000000 0.004901
856.000000 0.004764
857.000000 0.004632
858.000000 0.004506
859.000000 0.004413
860.000000 0.004335
861.000000 0.004222
862.000000 0.004092
863.000000 0.004018
864.000000 0.003964
865.000000 0.003899
866.000000 0.003845
867.000000 0.003791
868.000000 0.003770
869.000000 0.003766
870.000000 0.003724
871.000000 0.003698
872.000000 0.003699
873.000000 0.003705
874.000000 0.003712
875.000000 0.003696
876.000000 0.003682
877.000000 0.003695
878.000000 0.003663
879.000000 0.003609
880.000000 0.003626
881.000000 0.003657
882.000000 0.003649
883.000000 0.003654
884.000000 0.003654
885.000000 0.003620
886.000000 0.003641
887.000000 0.003701
888.000000 0.003730
889.000000 0.003753
890.000000 0.003792
891.000000 0.003813
892.000000 0.003807
893.000000 0.003805
894.000000 0.003816
895.000000 0.003843
896.000000 0.003895
897.000000 0.003972
898.000000 0.004038
899.000000 0.004068
900.000000 0.004085
