315.000000 0.091846
316.000000 0.094506
317.000000 0.096453
318.000000 0.098096
319.000000 0.099775
320.000000 0.101081
321.000000 0.102939
322.000000 0.104950
323.000000 0.106070
324.000000 0.107591
325.000000 0.109662
326.000000 0.111492
327.000000 0.113114
328.000000 0.114867
329.000000 0.116962
330.000000 0.119294
331.000000 0.121401
332.000000 0.123150
333.000000 0.124854
334.000000 0.127194
335.000000 0.129211
336.000000 0.130807
337.000000 0.133108
338.000000 0.135521
339.000000 0.137673
340.000000 0.140561
341.000000 0.143919
342.000000 0.147145
343.000000 0.150232
344.000000 0.153199
345.000000 0.156058
346.000000 0.158414
347.000000 0.160514
348.000000 0.162804
349.000000 0.165161
350.000000 0.167107
351.000000 0.168364
352.000000 0.169461
353.000000 0.170642
354.000000 0.171397
355.000000 0.172037
356.000000 0.172451
357.000000 0.172536
358.000000 0.172491
359.000000 0.172073
360.000000 0.171492
361.000000 0.170826
362.000000 0.170035
363.000000 0.169231
364.000000 0.168363
365.000000 0.167653
366.000000 0.167267
367.000000 0.166974
368.000000 0.166724
369.000000 0.166689
370.000000 0.167819
371.000000 0.168932
372.000000 0.169049
373.000000 0.169492
374.000000 0.170579
375.000000 0.171802
376.000000 0.172828
377.000000 0.174035
378.000000 0.175231
379.000000 0.176389
380.000000 0.177611
381.000000 0.178948
382.000000 0.180281
383.000000 0.181186
384.000000 0.182312
385.000000 0.183273
386.000000 0.183922
387.000000 0.184692
388.000000 0.185617
389.000000 0.186908
390.000000 0.188438
391.000000 0.190033
392.000000 0.191474
393.000000 0.192960
394.000000 0.194471
395.000000 0.196096
396.000000 0.197897
397.000000 0.199421
398.000000 0.200560
399.000000 0.201211
400.000000 0.201027
401.000000 0.200095
402.000000 0.198590
403.000000 0.196531
404.000000 0.193794
405.000000 0.190123
406.000000 0.186129
407.000000 0.182367
408.000000 0.178334
409.000000 0.174175
410.000000 0.170456
411.000000 0.166632
412.000000 0.162680
413.000000 0.159099
414.000000 0.155742
415.000000 0.152667
416.000000 0.149620
417.000000 0.146805
418.000000 0.144278
419.000000 0.141886
420.000000 0.139621
421.000000 0.137472
422.000000 0.135412
423.000000 0.133090
424.000000 0.130942
425.000000 0.129189
426.000000 0.127369
427.000000 0.125504
428.000000 0.123755
429.000000 0.121986
430.000000 0.120210
431.000000 0.118631
432.000000 0.117260
433.000000 0.115988
434.000000 0.114905
435.000000 0.113961
436.000000 0.113162
437.000000 0.112667
438.000000 0.112518
439.000000 0.112533
440.000000 0.112604
441.000000 0.112810
442.000000 0.113176
443.000000 0.113651
444.000000 0.114215
445.000000 0.114806
446.000000 0.115379
447.000000 0.115922
448.000000 0.116311
449.000000 0.116537
450.000000 0.116628
451.000000 0.116632
452.000000 0.116552
453.000000 0.116404
454.000000 0.116228
455.000000 0.116092
456.000000 0.116050
457.000000 0.116111
458.000000 0.116401
459.000000 0.117150
460.000000 0.118281
461.000000 0.119813
462.000000 0.121995
463.000000 0.124863
464.000000 0.128539
465.000000 0.132871
466.000000 0.137495
467.000000 0.142984
468.000000 0.149334
469.000000 0.156273
470.000000 0.163584
471.000000 0.170765
472.000000 0.178240
473.000000 0.185568
474.000000 0.192494
475.000000 0.199009
476.000000 0.204639
477.000000 0.209358
478.000000 0.212990
479.000000 0.215484
480.000000 0.216884
481.000000 0.217238
482.000000 0.216688
483.000000 0.215358
484.000000 0.213184
485.000000 0.210365
486.000000 0.207038
487.000000 0.203397
488.000000 0.199574
489.000000 0.195800
490.000000 0.192072
491.000000 0.188299
492.000000 0.184748
493.000000 0.181316
494.000000 0.178302
495.000000 0.175369
496.000000 0.172406
497.000000 0.169910
498.000000 0.167882
499.000000 0.166316
500.000000 0.165255
501.000000 0.164590
502.000000 0.164508
503.000000 0.164930
504.000000 0.165853
505.000000 0.167664
506.000000 0.170079
507.000000 0.173049
508.000000 0.176399
509.000000 0.180324
510.000000 0.184946
511.000000 0.190186
512.000000 0.195836
513.000000 0.201617
514.000000 0.207785
515.000000 0.214211
516.000000 0.220696
517.000000 0.227278
518.000000 0.234016
519.000000 0.240905
520.000000 0.248039
521.000000 0.254931
522.000000 0.261009
523.000000 0.266517
524.000000 0.271600
525.000000 0.276200
526.000000 0.280312
527.000000 0.283791
528.000000 0.286840
529.000000 0.289542
530.000000 0.291821
531.000000 0.293305
532.000000 0.294001
533.000000 0.294323
534.000000 0.294622
535.000000 0.294968
536.000000 0.295022
537.000000 0.295116
538.000000 0.295748
539.000000 0.296691
540.000000 0.297831
541.000000 0.299630
542.000000 0.301837
543.000000 0.305002
544.000000 0.309467
545.000000 0.314910
546.000000 0.321050
547.000000 0.327923
548.000000 0.335477
549.000000 0.343739
550.000000 0.353074
551.000000 0.363153
552.000000 0.374124
553.000000 0.386184
554.000000 0.398715
555.000000 0.411770
556.000000 0.425193
557.000000 0.438958
558.000000 0.453841
559.000000 0.468575
560.000000 0.482980
561.000000 0.497107
562.000000 0.510659
563.000000 0.523157
564.000000 0.534338
565.000000 0.544056
566.000000 0.551940
567.000000 0.558078
568.000000 0.562060
569.000000 0.563840
570.000000 0.563432
571.000000 0.560430
572.000000 0.555103
573.000000 0.547746
574.000000 0.538127
575.000000 0.527548
576.000000 0.515891
577.000000 0.503103
578.000000 0.489899
579.000000 0.476164
580.000000 0.462161
581.000000 0.448072
582.000000 0.434855
583.000000 0.422554
584.000000 0.411097
585.000000 0.400683
586.000000 0.390974
587.000000 0.382304
588.000000 0.374644
589.000000 0.367991
590.000000 0.362257
591.000000 0.357257
592.000000 0.353219
593.000000 0.349881
594.000000 0.347199
595.000000 0.345056
596.000000 0.343259
597.000000 0.341903
598.000000 0.340953
599.000000 0.340291
600.000000 0.339906
601.000000 0.339768
602.000000 0.339731
603.000000 0.339700
604.000000 0.339602
605.000000 0.339433
606.000000 0.339097
607.000000 0.338362
608.000000 0.337189
609.000000 0.335496
610.000000 0.333065
611.000000 0.329977
612.000000 0.326081
613.000000 0.321360
614.000000 0.315752
615.000000 0.308979
616.000000 0.301594
617.000000 0.293477
618.000000 0.284140
619.000000 0.274452
620.000000 0.264251
621.000000 0.253146
622.000000 0.241978
623.000000 0.230732
624.000000 0.219092
625.000000 0.207686
626.000000 0.196500
627.000000 0.185115
628.000000 0.174322
629.000000 0.164025
630.000000 0.153841
631.000000 0.144150
632.000000 0.135332
633.000000 0.127149
634.000000 0.119223
635.000000 0.112116
636.000000 0.105660
637.000000 0.099506
638.000000 0.094125
639.000000 0.089326
640.000000 0.084902
641.000000 0.080917
642.000000 0.077483
643.000000 0.074463
644.000000 0.071592
645.000000 0.069088
646.000000 0.066924
647.000000 0.064875
648.000000 0.062905
649.000000 0.061198
650.000000 0.059662
651.000000 0.058247
652.000000 0.056987
653.000000 0.055816
654.000000 0.054658
655.000000 0.053482
656.000000 0.052413
657.000000 0.051430
658.000000 0.050445
659.000000 0.049460
660.000000 0.048525
661.000000 0.047668
662.000000 0.046838
663.000000 0.045991
664.000000 0.045159
665.000000 0.044429
666.000000 0.043771
667.000000 0.043105
668.000000 0.042515
669.000000 0.042024
670.000000 0.041567
671.000000 0.041113
672.000000 0.040678
673.000000 0.040300
674.000000 0.040048
675.000000 0.039876
676.000000 0.039742
677.000000 0.039653
678.000000 0.039611
679.000000 0.039620
680.000000 0.039677
681.000000 0.039816
682.000000 0.040041
683.000000 0.040359
684.000000 0.040719
685.000000 0.041106
686.000000 0.041562
687.000000 0.042086
688.000000 0.042669
689.000000 0.043289
690.000000 0.043919
691.000000 0.044587
692.000000 0.045275
693.000000 0.045992
694.000000 0.046740
695.000000 0.047528
696.000000 0.048362
697.000000 0.049177
698.000000 0.050049
699.000000 0.050989
700.000000 0.051919
701.000000 0.052845
702.000000 0.053727
703.000000 0.054603
704.000000 0.055541
705.000000 0.056456
706.000000 0.057313
707.000000 0.058144
708.000000 0.058968
709.000000 0.059773
710.000000 0.060517
711.000000 0.061235
712.000000 0.061985
713.000000 0.062769
714.000000 0.063480
715.000000 0.064095
716.000000 0.064658
717.000000 0.065158
718.000000 0.065650
719.000000 0.066097
720.000000 0.066488
721.000000 0.066841
722.000000 0.067164
723.000000 0.067505
724.000000 0.067825
725.000000 0.068089
726.000000 0.068337
727.000000 0.068612
728.000000 0.068903
729.000000 0.069194
730.000000 0.069477
731.000000 0.069751
732.000000 0.070027
733.000000 0.070365
734.000000 0.070780
735.000000 0.071171
736.000000 0.071587
737.000000 0.072101
738.000000 0.072644
739.000000 0.073231
740.000000 0.073892
741.000000 0.074613
742.000000 0.075429
743.000000 0.076348
744.000000 0.077369
745.000000 0.078502
746.000000 0.079679
747.000000 0.080923
748.000000 0.082282
749.000000 0.083708
750.000000 0.085270
751.000000 0.086933
752.000000 0.088639
753.000000 0.090453
754.000000 0.092325
755.000000 0.094235
756.000000 0.096246
757.000000 0.098408
758.000000 0.100661
759.000000 0.102940
760.000000 0.105333
761.000000 0.107895
762.000000 0.110545
763.000000 0.113215
764.000000 0.115940
765.000000 0.118790
766.000000 0.121715
767.000000 0.124665
768.000000 0.127635
769.000000 0.130650
770.000000 0.133706
771.000000 0.136775
772.000000 0.139829
773.000000 0.142833
774.000000 0.145854
775.000000 0.148863
776.000000 0.151934
777.000000 0.154992
778.000000 0.157709
779.000000 0.160084
780.000000 0.162251
781.000000 0.164189
782.000000 0.165875
783.000000 0.167329
784.000000 0.168493
785.000000 0.169222
786.000000 0.169455
787.000000 0.169338
788.000000 0.168858
789.000000 0.167918
790.000000 0.166566
791.000000 0.164817
792.000000 0.162625
793.000000 0.159943
794.000000 0.156816
795.000000 0.153330
796.000000 0.149466
797.000000 0.145106
798.000000 0.140452
799.000000 0.135648
800.000000 0.130675
801.000000 0.125530
802.000000 0.120192
803.000000 0.114794
804.000000 0.109139
805.000000 0.103366
806.000000 0.097801
807.000000 0.092383
808.000000 0.087084
809.000000 0.081894
810.000000 0.076612
811.000000 0.071394
812.000000 0.066521
813.000000 0.061909
814.000000 0.057557
815.000000 0.053447
816.000000 0.049402
817.000000 0.045535
818.000000 0.042055
819.000000 0.038871
820.000000 0.035860
821.000000 0.032968
822.000000 0.030299
823.000000 0.027917
824.000000 0.025744
825.000000 0.023699
826.000000 0.021835
827.000000 0.020194
828.000000 0.018698
829.000000 0.017329
830.000000 0.016045
831.000000 0.014869
832.000000 0.013832
833.000000 0.012880
834.000000 0.011988
835.000000 0.011202
836.000000 0.010495
837.000000 0.009814
838.000000 0.009191
839.000000 0.008661
840.000000 0.008193
841.000000 0.007751
842.000000 0.007345
843.000000 0.006964
844.000000 0.006622
845.000000 0.006308
846.000000 0.006010
847.000000 0.005787
848.000000 0.005608
849.000000 0.005398
850.000000 0.005239
851.000000 0.005085
852.000000 0.004910
853.000000 0.004759
854.000000 0.004585
855.000000 0.004456
856.000000 0.004379
857.000000 0.004282
858.000000 0.004185
859.000000 0.004145
860.000000 0.004101
861.000000 0.004021
862.000000 0.003924
863.000000 0.003867
864.000000 0.003851
865.000000 0.003822
866.000000 0.003796
867.000000 0.003751
868.000000 0.003715
869.000000 0.003691
870.000000 0.003655
871.000000 0.003649
872.000000 0.003656
873.000000 0.003660
874.000000 0.003653
875.000000 0.003645
876.000000 0.003619
877.000000 0.003609
878.000000 0.003622
879.000000 0.003636
880.000000 0.003661
881.000000 0.003663
882.000000 0.003653
883.000000 0.003670
884.000000 0.003698
885.000000 0.003703
886.000000 0.003732
887.000000 0.003772
888.000000 0.003787
889.000000 0.003811
890.000000 0.003847
891.000000 0.003860
892.000000 0.003849
893.000000 0.003859
894.000000 0.003898
895.000000 0.003919
896.000000 0.003947
897.000000 0.003991
898.000000 0.004032
899.000000 0.004083
900.000000 0.004126
