315.000000 0.091331
316.000000 0.093454
317.000000 0.095129
318.000000 0.096910
319.000000 0.098795
320.000000 0.100570
321.000000 0.102086
322.000000 0.103406
323.000000 0.104940
324.000000 0.106299
325.000000 0.107772
326.000000 0.109846
327.000000 0.111758
328.000000 0.113141
329.000000 0.114712
330.000000 0.116997
331.000000 0.119444
332.000000 0.121355
333.000000 0.122865
334.000000 0.124650
335.000000 0.126619
336.000000 0.128847
337.000000 0.131494
338.000000 0.134168
339.000000 0.136908
340.000000 0.139696
341.000000 0.142500
342.000000 0.145391
343.000000 0.148192
344.000000 0.150909
345.000000 0.153609
346.000000 0.156158
347.000000 0.158322
348.000000 0.160683
349.000000 0.163008
350.000000 0.164735
351.000000 0.166230
352.000000 0.167585
353.000000 0.168752
354.000000 0.169525
355.000000 0.170053
356.000000 0.170480
357.000000 0.170765
358.000000 0.170652
359.000000 0.170065
360.000000 0.169542
361.000000 0.168980
362.000000 0.168228
363.000000 0.167325
364.000000 0.166500
365.000000 0.165948
366.000000 0.165475
367.000000 0.165099
368.000000 0.165033
369.000000 0.165189
370.000000 0.165741
371.000000 0.166163
372.000000 0.166268
373.000000 0.167070
374.000000 0.168258
375.000000 0.169591
376.000000 0.170479
377.000000 0.171215
378.000000 0.172557
379.000000 0.173780
380.000000 0.175006
381.000000 0.176383
382.000000 0.177663
383.000000 0.178631
384.000000 0.179617
385.000000 0.180794
386.000000 0.181745
387.000000 0.182582
388.000000 0.183897
389.000000 0.185383
390.000000 0.186809
391.000000 0.188263
392.000000 0.189579
393.000000 0.191220
394.000000 0.192879
395.000000 0.194565
396.000000 0.196434
397.000000 0.198019
398.000000 0.199227
399.000000 0.199963
400.000000 0.199900
401.000000 0.198891
402.000000 0.197235
403.000000 0.195098
404.000000 0.192418
405.000000 0.188879
406.000000 0.184928
407.000000 0.181109
408.000000 0.177041
409.000000 0.172879
410.000000 0.169007
411.000000 0.165124
412.000000 0.161244
413.000000 0.157618
414.000000 0.154244
415.000000 0.151321
416.000000 0.148660
417.000000 0.145953
418.000000 0.143360
419.000000 0.141195
420.000000 0.139046
421.000000 0.136876
422.000000 0.134804
423.000000 0.132633
424.000000 0.130619
425.000000 0.128730
426.000000 0.126843
427.000000 0.125043
428.000000 0.123360
429.000000 0.121638
430.000000 0.120025
431.000000 0.118605
432.000000 0.117196
433.000000 0.115902
434.000000 0.114752
435.000000 0.113719
436.000000 0.112944
437.000000 0.112472
438.000000 0.112248
439.000000 0.112187
440.000000 0.112313
441.000000 0.112622
442.000000 0.113058
443.000000 0.113516
444.000000 0.114066
445.000000 0.114666
446.000000 0.115284
447.000000 0.115859
448.000000 0.116280
449.000000 0.116581
450.000000 0.116654
451.000000 0.116617
452.000000 0.116542
453.000000 0.116373
454.000000 0.116149
455.000000 0.115976
456.000000 0.115916
457.000000 0.115966
458.000000 0.116264
459.000000 0.117005
460.000000 0.118166
461.000000 0.119721
462.000000 0.121889
463.000000 0.124721
464.000000 0.128363
465.000000 0.132723
466.000000 0.137419
467.000000 0.142914
468.000000 0.149253
469.000000 0.156212
470.000000 0.163535
471.000000 0.170736
472.000000 0.178260
473.000000 0.185727
474.000000 0.192756
475.000000 0.199260
476.000000 0.204788
477.000000 0.209415
478.000000 0.213019
479.000000 0.215541
480.000000 0.217026
481.000000 0.217430
482.000000 0.216832
483.000000 0.215447
484.000000 0.213292
485.000000 0.210505
486.000000 0.207179
487.000000 0.203512
488.000000 0.199643
489.000000 0.195475
490.000000 0.191487
491.000000 0.187717
492.000000 0.184333
493.000000 0.180866
494.000000 0.177345
495.000000 0.174093
496.000000 0.170959
497.000000 0.168429
498.000000 0.166523
499.000000 0.165238
500.000000 0.164431
501.000000 0.164037
502.000000 0.164387
503.000000 0.164900
504.000000 0.165541
505.000000 0.167183
506.000000 0.169533
507.000000 0.172484
508.000000 0.175978
509.000000 0.179975
510.000000 0.184470
511.000000 0.189723
512.000000 0.195540
513.000000 0.201346
514.000000 0.207496
515.000000 0.213965
516.000000 0.220299
517.000000 0.226864
518.000000 0.233675
519.000000 0.240536
520.000000 0.247427
521.000000 0.253837
522.000000 0.259760
523.000000 0.265397
524.000000 0.270614
525.000000 0.275373
526.000000 0.279819
527.000000 0.283530
528.000000 0.286355
529.000000 0.288550
530.000000 0.290460
531.000000 0.292031
532.000000 0.293030
533.000000 0.293576
534.000000 0.293977
535.000000 0.294427
536.000000 0.294795
537.000000 0.295148
538.000000 0.295747
539.000000 0.296492
540.000000 0.297386
541.000000 0.298878
542.000000 0.300863
543.000000 0.303921
544.000000 0.308087
545.000000 0.313166
546.000000 0.319037
547.000000 0.325905
548.000000 0.333688
549.000000 0.342178
550.000000 0.351651
551.000000 0.361865
552.000000 0.372961
553.000000 0.384941
554.000000 0.397613
555.000000 0.410868
556.000000 0.424325
557.000000 0.438106
558.000000 0.453091
559.000000 0.467996
560.000000 0.482455
561.000000 0.496532
562.000000 0.509935
563.000000 0.522343
564.000000 0.533631
565.000000 0.543428
566.000000 0.551499
567.000000 0.557814
568.000000 0.561735
569.000000 0.563353
570.000000 0.562804
571.000000 0.559909
572.000000 0.554718
573.000000 0.547357
574.000000 0.537747
575.000000 0.527105
576.000000 0.515462
577.000000 0.502764
578.000000 0.489458
579.000000 0.475661
580.000000 0.461617
581.000000 0.447579
582.000000 0.434519
583.000000 0.422156
584.000000 0.410602
585.000000 0.400172
586.000000 0.390478
587.000000 0.381919
588.000000 0.374358
589.000000 0.367794
590.000000 0.362139
591.000000 0.357145
592.000000 0.353153
593.000000 0.349828
594.000000 0.347180
595.000000 0.345165
596.000000 0.343450
597.000000 0.342170
598.000000 0.341277
599.000000 0.340637
600.000000 0.340256
601.000000 0.340145
602.000000 0.340115
603.000000 0.340102
604.000000 0.340075
605.000000 0.339899
606.000000 0.339469
607.000000 0.338655
608.000000 0.337434
609.000000 0.335667
610.000000 0.333193
611.000000 0.330104
612.000000 0.326280
613.000000 0.321687
614.000000 0.316108
615.000000 0.309333
616.000000 0.302038
617.000000 0.294020
618.000000 0.284736
619.000000 0.275047
620.000000 0.264837
621.000000 0.253765
622.000000 0.242622
623.000000 0.231340
624.000000 0.219697
625.000000 0.208305
626.000000 0.197086
627.000000 0.185722
628.000000 0.174952
629.000000 0.164665
630.000000 0.154523
631.000000 0.144860
632.000000 0.136084
633.000000 0.127941
634.000000 0.120030
635.000000 0.112887
636.000000 0.106394
637.000000 0.100300
638.000000 0.094976
639.000000 0.090239
640.000000 0.085849
641.000000 0.081869
642.000000 0.078435
643.000000 0.075395
644.000000 0.072540
645.000000 0.070105
646.000000 0.067975
647.000000 0.065920
648.000000 0.064029
649.000000 0.062403
650.000000 0.060926
651.000000 0.059519
652.000000 0.058219
653.000000 0.057106
654.000000 0.056053
655.000000 0.054965
656.000000 0.053941
657.000000 0.052964
658.000000 0.051988
659.000000 0.051001
660.000000 0.050060
661.000000 0.049224
662.000000 0.048487
663.000000 0.047693
664.000000 0.046851
665.000000 0.046169
666.000000 0.045573
667.000000 0.044935
668.000000 0.044330
669.000000 0.043826
670.000000 0.043374
671.000000 0.042937
672.000000 0.042542
673.000000 0.042195
674.000000 0.041965
675.000000 0.041826
676.000000 0.041755
677.000000 0.041760
678.000000 0.041761
679.000000 0.041746
680.000000 0.041843
681.000000 0.042120
682.000000 0.042427
683.000000 0.042772
684.000000 0.043189
685.000000 0.043640
686.000000 0.044173
687.000000 0.044786
688.000000 0.045424
689.000000 0.046047
690.000000 0.046681
691.000000 0.047397
692.000000 0.048177
693.000000 0.048976
694.000000 0.049798
695.000000 0.050671
696.000000 0.051575
697.000000 0.052446
698.000000 0.053399
699.000000 0.054417
700.000000 0.055405
701.000000 0.056401
702.000000 0.057388
703.000000 0.058357
704.000000 0.059312
705.000000 0.060260
706.000000 0.061191
707.000000 0.062090
708.000000 0.062981
709.000000 0.063841
710.000000 0.064660
711.000000 0.065467
712.000000 0.066253
713.000000 0.067042
714.000000 0.067785
715.000000 0.068460
716.000000 0.069127
717.000000 0.069719
718.000000 0.070240
719.000000 0.070734
720.000000 0.071167
721.000000 0.071524
722.000000 0.071874
723.000000 0.072286
724.000000 0.072635
725.000000 0.072906
726.000000 0.073163
727.000000 0.073425
728.000000 0.073709
729.000000 0.073992
730.000000 0.074282
731.000000 0.074578
732.000000 0.074894
733.000000 0.075304
734.000000 0.075755
735.000000 0.076205
736.000000 0.076678
737.000000 0.077191
738.000000 0.077764
739.000000 0.078414
740.000000 0.079145
741.000000 0.079887
742.000000 0.080722
743.000000 0.081767
744.000000 0.082927
745.000000 0.084150
746.000000 0.085400
747.000000 0.086693
748.000000 0.088094
749.000000 0.089570
750.000000 0.091201
751.000000 0.093001
752.000000 0.094889
753.000000 0.096858
754.000000 0.098866
755.000000 0.100908
756.000000 0.103126
757.000000 0.105514
758.000000 0.107882
759.000000 0.110279
760.000000 0.112829
761.000000 0.115617
762.000000 0.118481
763.000000 0.121344
764.000000 0.124305
765.000000 0.127310
766.000000 0.130399
767.000000 0.133573
768.000000 0.136782
769.000000 0.140041
770.000000 0.143356
771.000000 0.146640
772.000000 0.149921
773.000000 0.153196
774.000000 0.156425
775.000000 0.159606
776.000000 0.162908
777.000000 0.166207
778.000000 0.169111
779.000000 0.171708
780.000000 0.174071
781.000000 0.176163
782.000000 0.178004
783.000000 0.179571
784.000000 0.180764
785.000000 0.181521
786.000000 0.181885
787.000000 0.181860
788.000000 0.181301
789.000000 0.180218
790.000000 0.178737
791.000000 0.176792
792.000000 0.174413
793.000000 0.171589
794.000000 0.168310
795.000000 0.164611
796.000000 0.160485
797.000000 0.155825
798.000000 0.150802
799.000000 0.145680
800.000000 0.140349
801.000000 0.134759
802.000000 0.128968
803.000000 0.123127
804.000000 0.117039
805.000000 0.110824
806.000000 0.104892
807.000000 0.099141
808.000000 0.093413
809.000000 0.087726
810.000000 0.081963
811.000000 0.076325
812.000000 0.071103
813.000000 0.066162
814.000000 0.061480
815.000000 0.057016
816.000000 0.052647
817.000000 0.048521
818.000000 0.044792
819.000000 0.041361
820.000000 0.038115
821.000000 0.035026
822.000000 0.032162
823.000000 0.029553
824.000000 0.027228
825.000000 0.025059
826.000000 0.023006
827.000000 0.021153
828.000000 0.019511
829.000000 0.018037
830.000000 0.016679
831.000000 0.015452
832.000000 0.014352
833.000000 0.013349
834.000000 0.012451
835.000000 0.011662
836.000000 0.010897
837.000000 0.010142
838.000000 0.009302
839.000000 0.008692
840.000000 0.008371
841.000000 0.007942
842.000000 0.007506
843.000000 0.007105
844.000000 0.006738
845.000000 0.006446
846.000000 0.006169
847.000000 0.005910
848.000000 0.005698
849.000000 0.005504
850.000000 0.005322
851.000000 0.005121
852.000000 0.004904
853.000000 0.004728
854.000000 0.004577
855.000000 0.004458
856.000000 0.004367
857.000000 0.004244
858.000000 0.004134
859.000000 0.004068
860.000000 0.003999
861.000000 0.003921
862.000000 0.003833
863.000000 0.003781
864.000000 0.003744
865.000000 0.003696
866.000000 0.003660
867.000000 0.003605
868.000000 0.003591
869.000000 0.003607
870.000000 0.003582
871.000000 0.003546
872.000000 0.003514
873.000000 0.003518
874.000000 0.003518
875.000000 0.003503
876.000000 0.003505
877.000000 0.003530
878.000000 0.003551
879.000000 0.003545
880.000000 0.003550
881.000000 0.003556
882.000000 0.003563
883.000000 0.003590
884.000000 0.003598
885.000000 0.003579
886.000000 0.003602
887.000000 0.003665
888.000000 0.003702
889.000000 0.003724
890.000000 0.003758
891.000000 0.003811
892.000000 0.003851
893.000000 0.003844
894.000000 0.003853
895.000000 0.003883
896.000000 0.003925
897.000000 0.003982
898.000000 0.004056
899.000000 0.004128
900.000000 0.004158
