315.000000 0.074198
316.000000 0.072448
317.000000 0.070037
318.000000 0.068504
319.000000 0.067863
320.000000 0.066967
321.000000 0.065776
322.000000 0.064856
323.000000 0.064552
324.000000 0.064161
325.000000 0.063751
326.000000 0.063611
327.000000 0.063599
328.000000 0.063939
329.000000 0.064250
330.000000 0.064807
331.000000 0.065733
332.000000 0.066288
333.000000 0.066369
334.000000 0.066529
335.000000 0.067069
336.000000 0.067393
337.000000 0.067420
338.000000 0.067678
339.000000 0.068066
340.000000 0.069020
341.000000 0.070025
342.000000 0.071020
343.000000 0.072298
344.000000 0.073818
345.000000 0.075531
346.000000 0.077078
347.000000 0.078581
348.000000 0.079994
349.000000 0.081116
350.000000 0.081893
351.000000 0.082844
352.000000 0.083910
353.000000 0.084555
354.000000 0.084892
355.000000 0.085220
356.000000 0.085596
357.000000 0.086067
358.000000 0.086635
359.000000 0.087257
360.000000 0.088013
361.000000 0.088873
362.000000 0.090002
363.000000 0.091022
364.000000 0.091805
365.000000 0.092691
366.000000 0.093263
367.000000 0.093178
368.000000 0.092606
369.000000 0.091803
370.000000 0.090728
371.000000 0.088826
372.000000 0.086606
373.000000 0.084436
374.000000 0.082044
375.000000 0.080277
376.000000 0.078898
377.000000 0.077067
378.000000 0.075492
379.000000 0.074403
380.000000 0.073712
381.000000 0.073568
382.000000 0.073513
383.000000 0.073079
384.000000 0.072729
385.000000 0.072994
386.000000 0.073410
387.000000 0.073645
388.000000 0.073669
389.000000 0.073802
390.000000 0.074007
391.000000 0.074308
392.000000 0.074705
393.000000 0.074892
394.000000 0.075135
395.000000 0.075446
396.000000 0.075557
397.000000 0.075701
398.000000 0.075995
399.000000 0.076202
400.000000 0.076507
401.000000 0.076987
402.000000 0.077243
403.000000 0.077190
404.000000 0.077189
405.000000 0.077425
406.000000 0.077563
407.000000 0.077452
408.000000 0.077139
409.000000 0.076885
410.000000 0.076932
411.000000 0.077079
412.000000 0.077163
413.000000 0.077186
414.000000 0.077197
415.000000 0.077082
416.000000 0.077025
417.000000 0.077169
418.000000 0.077430
419.000000 0.077672
420.000000 0.077836
421.000000 0.077982
422.000000 0.077897
423.000000 0.077572
424.000000 0.077146
425.000000 0.076503
426.000000 0.075517
427.000000 0.074380
428.000000 0.073199
429.000000 0.071600
430.000000 0.069657
431.000000 0.067647
432.000000 0.065485
433.000000 0.063159
434.000000 0.060816
435.000000 0.058472
436.000000 0.056052
437.000000 0.053571
438.000000 0.051143
439.000000 0.048894
440.000000 0.046687
441.000000 0.044615
442.000000 0.042676
443.000000 0.040869
444.000000 0.039271
445.000000 0.037821
446.000000 0.036418
447.000000 0.035124
448.000000 0.033961
449.000000 0.032889
450.000000 0.031947
451.000000 0.031049
452.000000 0.030166
453.000000 0.029475
454.000000 0.028953
455.000000 0.028407
456.000000 0.027774
457.000000 0.027199
458.000000 0.026806
459.000000 0.026425
460.000000 0.026023
461.000000 0.025640
462.000000 0.025244
463.000000 0.024803
464.000000 0.024376
465.000000 0.023995
466.000000 0.023618
467.000000 0.023267
468.000000 0.022985
469.000000 0.022670
470.000000 0.022237
471.000000 0.021789
472.000000 0.021369
473.000000 0.021028
474.000000 0.020713
475.000000 0.020391
476.000000 0.020136
477.000000 0.019888
478.000000 0.019556
479.000000 0.019208
480.000000 0.018906
481.000000 0.018661
482.000000 0.018459
483.000000 0.018345
484.000000 0.018267
485.000000 0.018166
486.000000 0.018093
487.000000 0.017975
488.000000 0.017825
489.000000 0.018002
490.000000 0.018040
491.000000 0.017727
492.000000 0.017798
493.000000 0.018045
494.000000 0.018222
495.000000 0.018427
496.000000 0.018537
497.000000 0.018587
498.000000 0.018709
499.000000 0.018898
500.000000 0.019156
501.000000 0.019464
502.000000 0.019538
503.000000 0.019683
504.000000 0.019929
505.000000 0.020059
506.000000 0.020240
507.000000 0.020423
508.000000 0.020658
509.000000 0.020859
510.000000 0.021094
511.000000 0.021384
512.000000 0.021447
513.000000 0.021625
514.000000 0.021634
515.000000 0.021395
516.000000 0.021606
517.000000 0.022057
518.000000 0.022598
519.000000 0.023110
520.000000 0.023556
521.000000 0.024010
522.000000 0.024434
523.000000 0.024744
524.000000 0.025261
525.000000 0.025937
526.000000 0.026390
527.000000 0.026764
528.000000 0.027278
529.000000 0.027832
530.000000 0.028559
531.000000 0.029270
532.000000 0.029532
533.000000 0.029971
534.000000 0.030752
535.000000 0.031393
536.000000 0.032417
537.000000 0.033635
538.000000 0.034473
539.000000 0.035180
540.000000 0.035817
541.000000 0.036666
542.000000 0.037473
543.000000 0.038049
544.000000 0.039086
545.000000 0.040623
546.000000 0.041891
547.000000 0.042843
548.000000 0.043874
549.000000 0.044949
550.000000 0.045782
551.000000 0.046492
552.000000 0.047327
553.000000 0.048385
554.000000 0.049562
555.000000 0.050808
556.000000 0.052011
557.000000 0.053086
558.000000 0.054392
559.000000 0.055652
560.000000 0.056678
561.000000 0.057783
562.000000 0.059126
563.000000 0.060447
564.000000 0.061671
565.000000 0.062997
566.000000 0.064347
567.000000 0.065767
568.000000 0.067333
569.000000 0.069088
570.000000 0.070943
571.000000 0.072849
572.000000 0.074700
573.000000 0.076525
574.000000 0.078583
575.000000 0.080566
576.000000 0.082561
577.000000 0.084727
578.000000 0.087008
579.000000 0.089442
580.000000 0.091987
581.000000 0.094662
582.000000 0.097168
583.000000 0.099730
584.000000 0.102378
585.000000 0.105057
586.000000 0.107928
587.000000 0.110839
588.000000 0.113813
589.000000 0.116788
590.000000 0.119879
591.000000 0.123138
592.000000 0.126370
593.000000 0.129669
594.000000 0.132832
595.000000 0.135928
596.000000 0.139239
597.000000 0.142628
598.000000 0.146272
599.000000 0.150008
600.000000 0.153585
601.000000 0.157208
602.000000 0.160858
603.000000 0.164565
604.000000 0.168475
605.000000 0.172331
606.000000 0.176210
607.000000 0.180352
608.000000 0.184448
609.000000 0.188533
610.000000 0.192845
611.000000 0.197048
612.000000 0.201341
613.000000 0.205785
614.000000 0.210290
615.000000 0.215089
616.000000 0.219760
617.000000 0.224453
618.000000 0.229480
619.000000 0.234439
620.000000 0.239420
621.000000 0.244788
622.000000 0.250206
623.000000 0.255572
624.000000 0.261233
625.000000 0.266968
626.000000 0.272818
627.000000 0.279041
628.000000 0.285165
629.000000 0.291272
630.000000 0.297760
631.000000 0.304486
632.000000 0.311131
633.000000 0.317845
634.000000 0.324989
635.000000 0.332197
636.000000 0.339516
637.000000 0.347227
638.000000 0.354868
639.000000 0.362489
640.000000 0.370490
641.000000 0.378733
642.000000 0.386625
643.000000 0.394433
644.000000 0.402801
645.000000 0.411020
646.000000 0.419265
647.000000 0.427977
648.000000 0.436865
649.000000 0.445685
650.000000 0.454609
651.000000 0.463953
652.000000 0.473580
653.000000 0.483089
654.000000 0.492705
655.000000 0.502884
656.000000 0.513353
657.000000 0.523603
658.000000 0.533987
659.000000 0.545040
660.000000 0.556459
661.000000 0.567696
662.000000 0.578912
663.000000 0.590764
664.000000 0.603151
665.000000 0.615283
666.000000 0.627190
667.000000 0.639459
668.000000 0.651845
669.000000 0.663699
670.000000 0.675219
671.000000 0.687036
672.000000 0.698851
673.000000 0.710549
674.000000 0.721414
675.000000 0.731805
676.000000 0.742438
677.000000 0.752869
678.000000 0.762906
679.000000 0.772139
680.000000 0.780860
681.000000 0.789525
682.000000 0.797859
683.000000 0.805780
684.000000 0.813078
685.000000 0.819944
686.000000 0.826746
687.000000 0.833287
688.000000 0.839551
689.000000 0.845649
690.000000 0.851449
691.000000 0.857124
692.000000 0.862933
693.000000 0.868853
694.000000 0.875046
695.000000 0.881606
696.000000 0.888230
697.000000 0.895225
698.000000 0.903044
699.000000 0.911660
700.000000 0.921139
701.000000 0.931527
702.000000 0.942498
703.000000 0.954287
704.000000 0.967546
705.000000 0.982191
706.000000 0.998137
707.000000 1.015625
708.000000 1.034756
709.000000 1.055221
710.000000 1.076340
711.000000 1.098723
712.000000 1.123371
713.000000 1.149861
714.000000 1.177934
715.000000 1.207584
716.000000 1.238807
717.000000 1.271527
718.000000 1.305780
719.000000 1.340058
720.000000 1.374820
721.000000 1.411678
722.000000 1.449936
723.000000 1.489101
724.000000 1.528783
725.000000 1.568587
726.000000 1.607866
727.000000 1.647487
728.000000 1.687964
729.000000 1.728737
730.000000 1.769119
731.000000 1.806187
732.000000 1.840555
733.000000 1.875032
734.000000 1.909123
735.000000 1.941944
736.000000 1.973529
737.000000 2.003575
738.000000 2.031058
739.000000 2.055658
740.000000 2.077999
741.000000 2.097762
742.000000 2.114166
743.000000 2.128211
744.000000 2.138590
745.000000 2.145658
746.000000 2.149990
747.000000 2.150508
748.000000 2.147685
749.000000 2.141938
750.000000 2.131854
751.000000 2.118235
752.000000 2.101440
753.000000 2.080553
754.000000 2.055939
755.000000 2.027254
756.000000 1.994851
757.000000 1.959224
758.000000 1.920543
759.000000 1.878319
760.000000 1.832556
761.000000 1.783821
762.000000 1.732854
763.000000 1.680083
764.000000 1.624937
765.000000 1.567291
766.000000 1.508277
767.000000 1.448940
768.000000 1.389733
769.000000 1.330454
770.000000 1.271335
771.000000 1.212955
772.000000 1.155391
773.000000 1.098815
774.000000 1.043166
775.000000 0.988319
776.000000 0.931189
777.000000 0.874999
778.000000 0.823687
779.000000 0.775393
780.000000 0.729240
781.000000 0.685174
782.000000 0.643389
783.000000 0.603643
784.000000 0.565650
785.000000 0.529519
786.000000 0.495271
787.000000 0.462942
788.000000 0.431485
789.000000 0.401824
790.000000 0.374968
791.000000 0.349921
792.000000 0.326528
793.000000 0.304630
794.000000 0.284206
795.000000 0.265177
796.000000 0.247346
797.000000 0.230197
798.000000 0.214087
799.000000 0.199422
800.000000 0.185866
801.000000 0.173375
802.000000 0.161667
803.000000 0.150692
804.000000 0.140127
805.000000 0.130126
806.000000 0.121118
807.000000 0.112819
808.000000 0.105131
809.000000 0.097912
810.000000 0.090860
811.000000 0.084247
812.000000 0.078351
813.000000 0.072918
814.000000 0.067883
815.000000 0.063225
816.000000 0.058762
817.000000 0.054571
818.000000 0.050817
819.000000 0.047380
820.000000 0.044162
821.000000 0.041147
822.000000 0.038383
823.000000 0.035934
824.000000 0.033678
825.000000 0.031542
826.000000 0.029549
827.000000 0.027715
828.000000 0.026061
829.000000 0.024544
830.000000 0.023096
831.000000 0.021762
832.000000 0.020555
833.000000 0.019432
834.000000 0.018356
835.000000 0.017392
836.000000 0.016581
837.000000 0.015799
838.000000 0.015049
839.000000 0.014369
840.000000 0.013745
841.000000 0.013171
842.000000 0.012627
843.000000 0.012164
844.000000 0.011762
845.000000 0.011326
846.000000 0.010881
847.000000 0.010494
848.000000 0.010137
849.000000 0.009812
850.000000 0.009544
851.000000 0.009272
852.000000 0.008953
853.000000 0.008637
854.000000 0.008375
855.000000 0.008097
856.000000 0.007841
857.000000 0.007620
858.000000 0.007375
859.000000 0.007168
860.000000 0.006982
861.000000 0.006790
862.000000 0.006547
863.000000 0.006275
864.000000 0.006044
865.000000 0.005877
866.000000 0.005659
867.000000 0.005418
868.000000 0.005238
869.000000 0.005015
870.000000 0.004778
871.000000 0.004597
872.000000 0.004461
873.000000 0.004318
874.000000 0.004144
875.000000 0.003959
876.000000 0.003781
877.000000 0.003612
878.000000 0.003474
879.000000 0.003327
880.000000 0.003155
881.000000 0.003008
882.000000 0.002847
883.000000 0.002699
884.000000 0.002605
885.000000 0.002526
886.000000 0.002410
887.000000 0.002281
888.000000 0.002191
889.000000 0.002092
890.000000 0.001993
891.000000 0.001880
892.000000 0.001755
893.000000 0.001672
894.000000 0.001600
895.000000 0.001541
896.000000 0.001494
897.000000 0.001415
898.000000 0.001343
899.000000 0.001253
900.000000 0.001140
901.000000 0.001099
902.000000 0.001055
903.000000 0.000992
904.000000 0.000941
905.000000 0.000882
906.000000 0.000823
907.000000 0.000759
908.000000 0.000705
909.000000 0.000651
910.000000 0.000593
911.000000 0.000534
912.000000 0.000447
913.000000 0.000341
914.000000 0.000267
915.000000 0.000219
916.000000 0.000174
917.000000 0.000147
918.000000 0.000126
919.000000 0.000103
920.000000 0.000087
921.000000 0.000058
922.000000 0.000040
923.000000 0.000025
924.000000 -0.000009
925.000000 -0.000052
926.000000 -0.000086
927.000000 -0.000095
928.000000 -0.000107
929.000000 -0.000116
930.000000 -0.000138
931.000000 -0.000154
932.000000 -0.000166
933.000000 -0.000186
934.000000 -0.000175
935.000000 -0.000159
936.000000 -0.000134
937.000000 -0.000134
938.000000 -0.000151
939.000000 -0.000159
940.000000 -0.000177
941.000000 -0.000170
942.000000 -0.000148
943.000000 -0.000117
944.000000 -0.000106
945.000000 -0.000128
946.000000 -0.000147
947.000000 -0.000164
948.000000 -0.000194
949.000000 -0.000240
950.000000 -0.000265
951.000000 -0.000263
952.000000 -0.000265
953.000000 -0.000292
954.000000 -0.000304
955.000000 -0.000284
956.000000 -0.000294
957.000000 -0.000323
958.000000 -0.000349
959.000000 -0.000389
960.000000 -0.000445
961.000000 -0.000490
962.000000 -0.000502
963.000000 -0.000481
964.000000 -0.000492
965.000000 -0.000528
966.000000 -0.000560
967.000000 -0.000603
968.000000 -0.000614
969.000000 -0.000596
970.000000 -0.000610
971.000000 -0.000631
972.000000 -0.000728
973.000000 -0.000789
974.000000 -0.000723
975.000000 -0.000694
976.000000 -0.000674
977.000000 -0.000658
978.000000 -0.000670
979.000000 -0.000695
980.000000 -0.000773
981.000000 -0.000837
982.000000 -0.000833
983.000000 -0.000861
984.000000 -0.000895
985.000000 -0.000878
986.000000 -0.000873
987.000000 -0.000898
988.000000 -0.000891
989.000000 -0.000881
990.000000 -0.000893
991.000000 -0.000893
992.000000 -0.000886
993.000000 -0.000894
994.000000 -0.000911
995.000000 -0.000917
