315.000000 0.072617
316.000000 0.071067
317.000000 0.069651
318.000000 0.068270
319.000000 0.066957
320.000000 0.065750
321.000000 0.064709
322.000000 0.063946
323.000000 0.063410
324.000000 0.062903
325.000000 0.062582
326.000000 0.062830
327.000000 0.062730
328.000000 0.062755
329.000000 0.063584
330.000000 0.063998
331.000000 0.064171
332.000000 0.064624
333.000000 0.064912
334.000000 0.065349
335.000000 0.065971
336.000000 0.066427
337.000000 0.066847
338.000000 0.067370
339.000000 0.067830
340.000000 0.068442
341.000000 0.069406
342.000000 0.070554
343.000000 0.071549
344.000000 0.072630
345.000000 0.074183
346.000000 0.075635
347.000000 0.076856
348.000000 0.078377
349.000000 0.079699
350.000000 0.080696
351.000000 0.081717
352.000000 0.082584
353.000000 0.083239
354.000000 0.083697
355.000000 0.084107
356.000000 0.084615
357.000000 0.085151
358.000000 0.085742
359.000000 0.086421
360.000000 0.087209
361.000000 0.088150
362.000000 0.089258
363.000000 0.090398
364.000000 0.091397
365.000000 0.092396
366.000000 0.093175
367.000000 0.093320
368.000000 0.092957
369.000000 0.092153
370.000000 0.091001
371.000000 0.089421
372.000000 0.087203
373.000000 0.084751
374.000000 0.082834
375.000000 0.081400
376.000000 0.079968
377.000000 0.078528
378.000000 0.077500
379.000000 0.076405
380.000000 0.075855
381.000000 0.076256
382.000000 0.076747
383.000000 0.077132
384.000000 0.077363
385.000000 0.077981
386.000000 0.078557
387.000000 0.078709
388.000000 0.078670
389.000000 0.078759
390.000000 0.079189
391.000000 0.079507
392.000000 0.079440
393.000000 0.079222
394.000000 0.079092
395.000000 0.078880
396.000000 0.078728
397.000000 0.078858
398.000000 0.079140
399.000000 0.079242
400.000000 0.079192
401.000000 0.079283
402.000000 0.079511
403.000000 0.079652
404.000000 0.079481
405.000000 0.079433
406.000000 0.079439
407.000000 0.079262
408.000000 0.079018
409.000000 0.078794
410.000000 0.078855
411.000000 0.079039
412.000000 0.079056
413.000000 0.078868
414.000000 0.078799
415.000000 0.078863
416.000000 0.078918
417.000000 0.079064
418.000000 0.079153
419.000000 0.079178
420.000000 0.079120
421.000000 0.078994
422.000000 0.078918
423.000000 0.078743
424.000000 0.078273
425.000000 0.077587
426.000000 0.076640
427.000000 0.075411
428.000000 0.074118
429.000000 0.072617
430.000000 0.070877
431.000000 0.069033
432.000000 0.066945
433.000000 0.064607
434.000000 0.062275
435.000000 0.059852
436.000000 0.057386
437.000000 0.054944
438.000000 0.052485
439.000000 0.050194
440.000000 0.047995
441.000000 0.045921
442.000000 0.044029
443.000000 0.042219
444.000000 0.040486
445.000000 0.038930
446.000000 0.037523
447.000000 0.036304
448.000000 0.035185
449.000000 0.034088
450.000000 0.033076
451.000000 0.032154
452.000000 0.031231
453.000000 0.030457
454.000000 0.029929
455.000000 0.029401
456.000000 0.028786
457.000000 0.028250
458.000000 0.027822
459.000000 0.027417
460.000000 0.027064
461.000000 0.026734
462.000000 0.026359
463.000000 0.025940
464.000000 0.025546
465.000000 0.025148
466.000000 0.024768
467.000000 0.024358
468.000000 0.023953
469.000000 0.023557
470.000000 0.023139
471.000000 0.022788
472.000000 0.022415
473.000000 0.022020
474.000000 0.021663
475.000000 0.021311
476.000000 0.020972
477.000000 0.020654
478.000000 0.020354
479.000000 0.020062
480.000000 0.019768
481.000000 0.019509
482.000000 0.019276
483.000000 0.019118
484.000000 0.019006
485.000000 0.018923
486.000000 0.018911
487.000000 0.018846
488.000000 0.018726
489.000000 0.018623
490.000000 0.018323
491.000000 0.018208
492.000000 0.018336
493.000000 0.018458
494.000000 0.018771
495.000000 0.018829
496.000000 0.018694
497.000000 0.018878
498.000000 0.019453
499.000000 0.019901
500.000000 0.019895
501.000000 0.019887
502.000000 0.019861
503.000000 0.019930
504.000000 0.020223
505.000000 0.020666
506.000000 0.020909
507.000000 0.020872
508.000000 0.020920
509.000000 0.021128
510.000000 0.021408
511.000000 0.021685
512.000000 0.021792
513.000000 0.021964
514.000000 0.022188
515.000000 0.022242
516.000000 0.022360
517.000000 0.022569
518.000000 0.023158
519.000000 0.023745
520.000000 0.024120
521.000000 0.024778
522.000000 0.025395
523.000000 0.025724
524.000000 0.026178
525.000000 0.026661
526.000000 0.026838
527.000000 0.027071
528.000000 0.027754
529.000000 0.028567
530.000000 0.029315
531.000000 0.029869
532.000000 0.030098
533.000000 0.030522
534.000000 0.031287
535.000000 0.031935
536.000000 0.032789
537.000000 0.033899
538.000000 0.034700
539.000000 0.035433
540.000000 0.036473
541.000000 0.037599
542.000000 0.038516
543.000000 0.039333
544.000000 0.040284
545.000000 0.041653
546.000000 0.043026
547.000000 0.043948
548.000000 0.044855
549.000000 0.045866
550.000000 0.046762
551.000000 0.047549
552.000000 0.048365
553.000000 0.049353
554.000000 0.050600
555.000000 0.051817
556.000000 0.052843
557.000000 0.053852
558.000000 0.055088
559.000000 0.056317
560.000000 0.057399
561.000000 0.058551
562.000000 0.059894
563.000000 0.061164
564.000000 0.062451
565.000000 0.063857
566.000000 0.065278
567.000000 0.066814
568.000000 0.068279
569.000000 0.069959
570.000000 0.071881
571.000000 0.073858
572.000000 0.075701
573.000000 0.077395
574.000000 0.079452
575.000000 0.081545
576.000000 0.083580
577.000000 0.085853
578.000000 0.088179
579.000000 0.090516
580.000000 0.093009
581.000000 0.095784
582.000000 0.098477
583.000000 0.101087
584.000000 0.103664
585.000000 0.106238
586.000000 0.109013
587.000000 0.112034
588.000000 0.115157
589.000000 0.118176
590.000000 0.121257
591.000000 0.124566
592.000000 0.127896
593.000000 0.131198
594.000000 0.134304
595.000000 0.137460
596.000000 0.140970
597.000000 0.144378
598.000000 0.147968
599.000000 0.151777
600.000000 0.155368
601.000000 0.158996
602.000000 0.162710
603.000000 0.166416
604.000000 0.170391
605.000000 0.174328
606.000000 0.178223
607.000000 0.182420
608.000000 0.186569
609.000000 0.190748
610.000000 0.195169
611.000000 0.199479
612.000000 0.203860
613.000000 0.208392
614.000000 0.213030
615.000000 0.217977
616.000000 0.222723
617.000000 0.227422
618.000000 0.232495
619.000000 0.237530
620.000000 0.242595
621.000000 0.248021
622.000000 0.253475
623.000000 0.258944
624.000000 0.264741
625.000000 0.270539
626.000000 0.276428
627.000000 0.282676
628.000000 0.288811
629.000000 0.294984
630.000000 0.301593
631.000000 0.308497
632.000000 0.315352
633.000000 0.322325
634.000000 0.329743
635.000000 0.337119
636.000000 0.344578
637.000000 0.352463
638.000000 0.360238
639.000000 0.368013
640.000000 0.376157
641.000000 0.384562
642.000000 0.392682
643.000000 0.400723
644.000000 0.409352
645.000000 0.417888
646.000000 0.426449
647.000000 0.435465
648.000000 0.444700
649.000000 0.453858
650.000000 0.463058
651.000000 0.472668
652.000000 0.482611
653.000000 0.492451
654.000000 0.502424
655.000000 0.512920
656.000000 0.523753
657.000000 0.534374
658.000000 0.545087
659.000000 0.556436
660.000000 0.568069
661.000000 0.579556
662.000000 0.591056
663.000000 0.603274
664.000000 0.615914
665.000000 0.628149
666.000000 0.640200
667.000000 0.652623
668.000000 0.665129
669.000000 0.677112
670.000000 0.688806
671.000000 0.700772
672.000000 0.712652
673.000000 0.724316
674.000000 0.735145
675.000000 0.745540
676.000000 0.756181
677.000000 0.766555
678.000000 0.776460
679.000000 0.785595
680.000000 0.794207
681.000000 0.802663
682.000000 0.810819
683.000000 0.818589
684.000000 0.825680
685.000000 0.832294
686.000000 0.838834
687.000000 0.845198
688.000000 0.851272
689.000000 0.857078
690.000000 0.862514
691.000000 0.867854
692.000000 0.873440
693.000000 0.879285
694.000000 0.885452
695.000000 0.891964
696.000000 0.898561
697.000000 0.905558
698.000000 0.913420
699.000000 0.922089
700.000000 0.931663
701.000000 0.942213
702.000000 0.953362
703.000000 0.965404
704.000000 0.978996
705.000000 0.994026
706.000000 1.010366
707.000000 1.028126
708.000000 1.047475
709.000000 1.068296
710.000000 1.089700
711.000000 1.112261
712.000000 1.137132
713.000000 1.163676
714.000000 1.191629
715.000000 1.220976
716.000000 1.251748
717.000000 1.283987
718.000000 1.317583
719.000000 1.350895
720.000000 1.384440
721.000000 1.419912
722.000000 1.456555
723.000000 1.493674
724.000000 1.530987
725.000000 1.568335
726.000000 1.605504
727.000000 1.642534
728.000000 1.679500
729.000000 1.716284
730.000000 1.752418
731.000000 1.786158
732.000000 1.818116
733.000000 1.850413
734.000000 1.882061
735.000000 1.912471
736.000000 1.941223
737.000000 1.967948
738.000000 1.992593
739.000000 2.015122
740.000000 2.035335
741.000000 2.053131
742.000000 2.067853
743.000000 2.079719
744.000000 2.088687
745.000000 2.094916
746.000000 2.097374
747.000000 2.095958
748.000000 2.092296
749.000000 2.085016
750.000000 2.074055
751.000000 2.060347
752.000000 2.042900
753.000000 2.021376
754.000000 1.995773
755.000000 1.966069
756.000000 1.933560
757.000000 1.898461
758.000000 1.860742
759.000000 1.819381
760.000000 1.774095
761.000000 1.725904
762.000000 1.675911
763.000000 1.624032
764.000000 1.569991
765.000000 1.514074
766.000000 1.456637
767.000000 1.398740
768.000000 1.341090
769.000000 1.283386
770.000000 1.225774
771.000000 1.168851
772.000000 1.112629
773.000000 1.057481
774.000000 1.003335
775.000000 0.950076
776.000000 0.894567
777.000000 0.839909
778.000000 0.789978
779.000000 0.743078
780.000000 0.698417
781.000000 0.655815
782.000000 0.615444
783.000000 0.576960
784.000000 0.540209
785.000000 0.505314
786.000000 0.472234
787.000000 0.441067
788.000000 0.410822
789.000000 0.382180
790.000000 0.356295
791.000000 0.332341
792.000000 0.309967
793.000000 0.289077
794.000000 0.269611
795.000000 0.251454
796.000000 0.234441
797.000000 0.218035
798.000000 0.202570
799.000000 0.188579
800.000000 0.175698
801.000000 0.163813
802.000000 0.152741
803.000000 0.142339
804.000000 0.132343
805.000000 0.122912
806.000000 0.114429
807.000000 0.106667
808.000000 0.099427
809.000000 0.092618
810.000000 0.086006
811.000000 0.079799
812.000000 0.074238
813.000000 0.069101
814.000000 0.064374
815.000000 0.060047
816.000000 0.055872
817.000000 0.051874
818.000000 0.048270
819.000000 0.045012
820.000000 0.042031
821.000000 0.039212
822.000000 0.036574
823.000000 0.034251
824.000000 0.032148
825.000000 0.030125
826.000000 0.028214
827.000000 0.026499
828.000000 0.024950
829.000000 0.023488
830.000000 0.022080
831.000000 0.020778
832.000000 0.019629
833.000000 0.018557
834.000000 0.017461
835.000000 0.016456
836.000000 0.015623
837.000000 0.014877
838.000000 0.014138
839.000000 0.013452
840.000000 0.012887
841.000000 0.012354
842.000000 0.011818
843.000000 0.011310
844.000000 0.010839
845.000000 0.010362
846.000000 0.009918
847.000000 0.009579
848.000000 0.009224
849.000000 0.008911
850.000000 0.008698
851.000000 0.008379
852.000000 0.007956
853.000000 0.007620
854.000000 0.007352
855.000000 0.007062
856.000000 0.006823
857.000000 0.006603
858.000000 0.006320
859.000000 0.006048
860.000000 0.005826
861.000000 0.005630
862.000000 0.005406
863.000000 0.005161
864.000000 0.004969
865.000000 0.004838
866.000000 0.004675
867.000000 0.004495
868.000000 0.004326
869.000000 0.004143
870.000000 0.003997
871.000000 0.004065
872.000000 0.004274
873.000000 0.004173
874.000000 0.003710
875.000000 0.003268
876.000000 0.003006
877.000000 0.002828
878.000000 0.002692
879.000000 0.002538
880.000000 0.002389
881.000000 0.002300
882.000000 0.002170
883.000000 0.002017
884.000000 0.001939
885.000000 0.001913
886.000000 0.001875
887.000000 0.001785
888.000000 0.001690
889.000000 0.001568
890.000000 0.001450
891.000000 0.001353
892.000000 0.001234
893.000000 0.001139
894.000000 0.001053
895.000000 0.000972
896.000000 0.000916
897.000000 0.000883
898.000000 0.000831
899.000000 0.000711
900.000000 0.000615
901.000000 0.000559
902.000000 0.000505
903.000000 0.000479
904.000000 0.000460
905.000000 0.000441
906.000000 0.000387
907.000000 0.000317
908.000000 0.000291
909.000000 0.000262
910.000000 0.000211
911.000000 0.000140
912.000000 0.000042
913.000000 -0.000021
914.000000 -0.000069
915.000000 -0.000137
916.000000 -0.000178
917.000000 -0.000158
918.000000 -0.000149
919.000000 -0.000178
920.000000 -0.000193
921.000000 -0.000198
922.000000 -0.000191
923.000000 -0.000217
924.000000 -0.000258
925.000000 -0.000312
926.000000 -0.000361
927.000000 -0.000368
928.000000 -0.000388
929.000000 -0.000400
930.000000 -0.000408
931.000000 -0.000421
932.000000 -0.000440
933.000000 -0.000474
934.000000 -0.000465
935.000000 -0.000438
936.000000 -0.000429
937.000000 -0.000445
938.000000 -0.000453
939.000000 -0.000432
940.000000 -0.000419
941.000000 -0.000414
942.000000 -0.000412
943.000000 -0.000494
944.000000 -0.000514
945.000000 -0.000454
946.000000 -0.000453
947.000000 -0.000455
948.000000 -0.000480
949.000000 -0.000532
950.000000 -0.000557
951.000000 -0.000542
952.000000 -0.000533
953.000000 -0.000566
954.000000 -0.000592
955.000000 -0.000574
956.000000 -0.000572
957.000000 -0.000610
958.000000 -0.000625
959.000000 -0.000624
960.000000 -0.000677
961.000000 -0.000739
962.000000 -0.000756
963.000000 -0.000725
964.000000 -0.000721
965.000000 -0.000754
966.000000 -0.000794
967.000000 -0.000818
968.000000 -0.000832
969.000000 -0.000862
970.000000 -0.000887
971.000000 -0.000920
972.000000 -0.001047
973.000000 -0.001122
974.000000 -0.001045
975.000000 -0.000992
976.000000 -0.000976
977.000000 -0.000960
978.000000 -0.000928
979.000000 -0.000938
980.000000 -0.000964
981.000000 -0.000907
982.000000 -0.000840
983.000000 -0.000893
984.000000 -0.001016
985.000000 -0.001131
986.000000 -0.001186
987.000000 -0.001196
988.000000 -0.001202
989.000000 -0.001202
990.000000 -0.001198
991.000000 -0.001187
992.000000 -0.001185
993.000000 -0.001199
994.000000 -0.001216
995.000000 -0.001218
