315.000000 0.082142
316.000000 0.078986
317.000000 0.076910
318.000000 0.076546
319.000000 0.076047
320.000000 0.075271
321.000000 0.074522
322.000000 0.074228
323.000000 0.074258
324.000000 0.073920
325.000000 0.073773
326.000000 0.073752
327.000000 0.073433
328.000000 0.072845
329.000000 0.072495
330.000000 0.072805
331.000000 0.073613
332.000000 0.074229
333.000000 0.074128
334.000000 0.074147
335.000000 0.074360
336.000000 0.074551
337.000000 0.074796
338.000000 0.075111
339.000000 0.075451
340.000000 0.076102
341.000000 0.076688
342.000000 0.077031
343.000000 0.077413
344.000000 0.078055
345.000000 0.079055
346.000000 0.080098
347.000000 0.081084
348.000000 0.082013
349.000000 0.082703
350.000000 0.083399
351.000000 0.084471
352.000000 0.085394
353.000000 0.085996
354.000000 0.086523
355.000000 0.087126
356.000000 0.087667
357.000000 0.088305
358.000000 0.089173
359.000000 0.090114
360.000000 0.091301
361.000000 0.092703
362.000000 0.094217
363.000000 0.095701
364.000000 0.097166
365.000000 0.098656
366.000000 0.100078
367.000000 0.101398
368.000000 0.102565
369.000000 0.103559
370.000000 0.104224
371.000000 0.104356
372.000000 0.104355
373.000000 0.104872
374.000000 0.106037
375.000000 0.107191
376.000000 0.107766
377.000000 0.108313
378.000000 0.109865
379.000000 0.112077
380.000000 0.114389
381.000000 0.117163
382.000000 0.120097
383.000000 0.122440
384.000000 0.124219
385.000000 0.126126
386.000000 0.127944
387.000000 0.129420
388.000000 0.130402
389.000000 0.130629
390.000000 0.130719
391.000000 0.130616
392.000000 0.129915
393.000000 0.129078
394.000000 0.128366
395.000000 0.127355
396.000000 0.126145
397.000000 0.125068
398.000000 0.124312
399.000000 0.123858
400.000000 0.123506
401.000000 0.123187
402.000000 0.122924
403.000000 0.122680
404.000000 0.122490
405.000000 0.122544
406.000000 0.122793
407.000000 0.122956
408.000000 0.122890
409.000000 0.122863
410.000000 0.123146
411.000000 0.123526
412.000000 0.123680
413.000000 0.123734
414.000000 0.123901
415.000000 0.124055
416.000000 0.124197
417.000000 0.124471
418.000000 0.124794
419.000000 0.125082
420.000000 0.125112
421.000000 0.125041
422.000000 0.125108
423.000000 0.125207
424.000000 0.125042
425.000000 0.124562
426.000000 0.123947
427.000000 0.123252
428.000000 0.122492
429.000000 0.121541
430.000000 0.120358
431.000000 0.118957
432.000000 0.117298
433.000000 0.115452
434.000000 0.113561
435.000000 0.111639
436.000000 0.109647
437.000000 0.107514
438.000000 0.105418
439.000000 0.103451
440.000000 0.101347
441.000000 0.099410
442.000000 0.097742
443.000000 0.096073
444.000000 0.094422
445.000000 0.092856
446.000000 0.091384
447.000000 0.089963
448.000000 0.088544
449.000000 0.087134
450.000000 0.085855
451.000000 0.084635
452.000000 0.083379
453.000000 0.082288
454.000000 0.081307
455.000000 0.080256
456.000000 0.079088
457.000000 0.077965
458.000000 0.076988
459.000000 0.075939
460.000000 0.074850
461.000000 0.073756
462.000000 0.072559
463.000000 0.071251
464.000000 0.069974
465.000000 0.068795
466.000000 0.067662
467.000000 0.066516
468.000000 0.065381
469.000000 0.064162
470.000000 0.062904
471.000000 0.061804
472.000000 0.060734
473.000000 0.059706
474.000000 0.058672
475.000000 0.057646
476.000000 0.056778
477.000000 0.055923
478.000000 0.055096
479.000000 0.054393
480.000000 0.053775
481.000000 0.053218
482.000000 0.052678
483.000000 0.052245
484.000000 0.051895
485.000000 0.051578
486.000000 0.051310
487.000000 0.051013
488.000000 0.050764
489.000000 0.051041
490.000000 0.051190
491.000000 0.051215
492.000000 0.051320
493.000000 0.051336
494.000000 0.051636
495.000000 0.051720
496.000000 0.051868
497.000000 0.052319
498.000000 0.052832
499.000000 0.053231
500.000000 0.053386
501.000000 0.053504
502.000000 0.053421
503.000000 0.053365
504.000000 0.053677
505.000000 0.054340
506.000000 0.055115
507.000000 0.055693
508.000000 0.056104
509.000000 0.056471
510.000000 0.057012
511.000000 0.057645
512.000000 0.057729
513.000000 0.057821
514.000000 0.058184
515.000000 0.058385
516.000000 0.058656
517.000000 0.059097
518.000000 0.059774
519.000000 0.060400
520.000000 0.061131
521.000000 0.062009
522.000000 0.062679
523.000000 0.063360
524.000000 0.064192
525.000000 0.064709
526.000000 0.065023
527.000000 0.065520
528.000000 0.066115
529.000000 0.066801
530.000000 0.067771
531.000000 0.068849
532.000000 0.069676
533.000000 0.070398
534.000000 0.071113
535.000000 0.071735
536.000000 0.072682
537.000000 0.074064
538.000000 0.075114
539.000000 0.075776
540.000000 0.076443
541.000000 0.077205
542.000000 0.078026
543.000000 0.078965
544.000000 0.080177
545.000000 0.081690
546.000000 0.082979
547.000000 0.083580
548.000000 0.084180
549.000000 0.085108
550.000000 0.086060
551.000000 0.086927
552.000000 0.087582
553.000000 0.088289
554.000000 0.089250
555.000000 0.090192
556.000000 0.091006
557.000000 0.091798
558.000000 0.092785
559.000000 0.093762
560.000000 0.094606
561.000000 0.095492
562.000000 0.096520
563.000000 0.097373
564.000000 0.098272
565.000000 0.099341
566.000000 0.100297
567.000000 0.101414
568.000000 0.102626
569.000000 0.103789
570.000000 0.105093
571.000000 0.106583
572.000000 0.107998
573.000000 0.109228
574.000000 0.110636
575.000000 0.112109
576.000000 0.113579
577.000000 0.115282
578.000000 0.117166
579.000000 0.119079
580.000000 0.120946
581.000000 0.122863
582.000000 0.124778
583.000000 0.126747
584.000000 0.128639
585.000000 0.130609
586.000000 0.132754
587.000000 0.135018
588.000000 0.137349
589.000000 0.139480
590.000000 0.141648
591.000000 0.144087
592.000000 0.146532
593.000000 0.149006
594.000000 0.151352
595.000000 0.153672
596.000000 0.156257
597.000000 0.158786
598.000000 0.161378
599.000000 0.164108
600.000000 0.166770
601.000000 0.169461
602.000000 0.172291
603.000000 0.175073
604.000000 0.177984
605.000000 0.180939
606.000000 0.183874
607.000000 0.187111
608.000000 0.190321
609.000000 0.193463
610.000000 0.196836
611.000000 0.200191
612.000000 0.203596
613.000000 0.207149
614.000000 0.210797
615.000000 0.214696
616.000000 0.218470
617.000000 0.222283
618.000000 0.226486
619.000000 0.230704
620.000000 0.234962
621.000000 0.239489
622.000000 0.244052
623.000000 0.248644
624.000000 0.253563
625.000000 0.258553
626.000000 0.263643
627.000000 0.269045
628.000000 0.274380
629.000000 0.279832
630.000000 0.285705
631.000000 0.291847
632.000000 0.297923
633.000000 0.304066
634.000000 0.310671
635.000000 0.317313
636.000000 0.324092
637.000000 0.331337
638.000000 0.338366
639.000000 0.345345
640.000000 0.352763
641.000000 0.360424
642.000000 0.367903
643.000000 0.375402
644.000000 0.383375
645.000000 0.391203
646.000000 0.398936
647.000000 0.406983
648.000000 0.415276
649.000000 0.423491
650.000000 0.431729
651.000000 0.440344
652.000000 0.449225
653.000000 0.458028
654.000000 0.466929
655.000000 0.476214
656.000000 0.485674
657.000000 0.494971
658.000000 0.504335
659.000000 0.514200
660.000000 0.524358
661.000000 0.534313
662.000000 0.544155
663.000000 0.554538
664.000000 0.565329
665.000000 0.575769
666.000000 0.585961
667.000000 0.596422
668.000000 0.606961
669.000000 0.617006
670.000000 0.626695
671.000000 0.636608
672.000000 0.646496
673.000000 0.656127
674.000000 0.664985
675.000000 0.673423
676.000000 0.681979
677.000000 0.690320
678.000000 0.698273
679.000000 0.705535
680.000000 0.712351
681.000000 0.719026
682.000000 0.725320
683.000000 0.731169
684.000000 0.736463
685.000000 0.741380
686.000000 0.746186
687.000000 0.750781
688.000000 0.755208
689.000000 0.759482
690.000000 0.763447
691.000000 0.767293
692.000000 0.771409
693.000000 0.775833
694.000000 0.780537
695.000000 0.785617
696.000000 0.790907
697.000000 0.796633
698.000000 0.803213
699.000000 0.810665
700.000000 0.818992
701.000000 0.828148
702.000000 0.837872
703.000000 0.848487
704.000000 0.860467
705.000000 0.873661
706.000000 0.887912
707.000000 0.903373
708.000000 0.920143
709.000000 0.938130
710.000000 0.956630
711.000000 0.975841
712.000000 0.996611
713.000000 1.018494
714.000000 1.041188
715.000000 1.064592
716.000000 1.088791
717.000000 1.113788
718.000000 1.139214
719.000000 1.163706
720.000000 1.187880
721.000000 1.212896
722.000000 1.238115
723.000000 1.263161
724.000000 1.287584
725.000000 1.311548
726.000000 1.334846
727.000000 1.357353
728.000000 1.379514
729.000000 1.401053
730.000000 1.421559
731.000000 1.440180
732.000000 1.457501
733.000000 1.474686
734.000000 1.491119
735.000000 1.506397
736.000000 1.520403
737.000000 1.533355
738.000000 1.545233
739.000000 1.555893
740.000000 1.565197
741.000000 1.572864
742.000000 1.578987
743.000000 1.583382
744.000000 1.585803
745.000000 1.586655
746.000000 1.585362
747.000000 1.581783
748.000000 1.576233
749.000000 1.568414
750.000000 1.558696
751.000000 1.546442
752.000000 1.531250
753.000000 1.513934
754.000000 1.494415
755.000000 1.472207
756.000000 1.447504
757.000000 1.420465
758.000000 1.391266
759.000000 1.359989
760.000000 1.326591
761.000000 1.291128
762.000000 1.254124
763.000000 1.215741
764.000000 1.175819
765.000000 1.134297
766.000000 1.091740
767.000000 1.048920
768.000000 1.006073
769.000000 0.962995
770.000000 0.919955
771.000000 0.877424
772.000000 0.835465
773.000000 0.794310
774.000000 0.753811
775.000000 0.713858
776.000000 0.672244
777.000000 0.631212
778.000000 0.593668
779.000000 0.558381
780.000000 0.524809
781.000000 0.492816
782.000000 0.462415
783.000000 0.433439
784.000000 0.405864
785.000000 0.379751
786.000000 0.355053
787.000000 0.331781
788.000000 0.309259
789.000000 0.288060
790.000000 0.269007
791.000000 0.251307
792.000000 0.234608
793.000000 0.218949
794.000000 0.204412
795.000000 0.190885
796.000000 0.178261
797.000000 0.166191
798.000000 0.154845
799.000000 0.144529
800.000000 0.135037
801.000000 0.126342
802.000000 0.118227
803.000000 0.110586
804.000000 0.103280
805.000000 0.096378
806.000000 0.090081
807.000000 0.084309
808.000000 0.078970
809.000000 0.073987
810.000000 0.069125
811.000000 0.064531
812.000000 0.060439
813.000000 0.056646
814.000000 0.053124
815.000000 0.049855
816.000000 0.046756
817.000000 0.043815
818.000000 0.041086
819.000000 0.038545
820.000000 0.036190
821.000000 0.034023
822.000000 0.031998
823.000000 0.030159
824.000000 0.028460
825.000000 0.026863
826.000000 0.025384
827.000000 0.023988
828.000000 0.022704
829.000000 0.021512
830.000000 0.020329
831.000000 0.019233
832.000000 0.018256
833.000000 0.017342
834.000000 0.016458
835.000000 0.015644
836.000000 0.014925
837.000000 0.014215
838.000000 0.013561
839.000000 0.012969
840.000000 0.012438
841.000000 0.011910
842.000000 0.011346
843.000000 0.010865
844.000000 0.010450
845.000000 0.010022
846.000000 0.009582
847.000000 0.009215
848.000000 0.008878
849.000000 0.008557
850.000000 0.008301
851.000000 0.008022
852.000000 0.007711
853.000000 0.007417
854.000000 0.007132
855.000000 0.006833
856.000000 0.006573
857.000000 0.006307
858.000000 0.006050
859.000000 0.005842
860.000000 0.005598
861.000000 0.005390
862.000000 0.005171
863.000000 0.004900
864.000000 0.004652
865.000000 0.004497
866.000000 0.004337
867.000000 0.004129
868.000000 0.003960
869.000000 0.003772
870.000000 0.003573
871.000000 0.003424
872.000000 0.003329
873.000000 0.003232
874.000000 0.003099
875.000000 0.002966
876.000000 0.002812
877.000000 0.002609
878.000000 0.002481
879.000000 0.002391
880.000000 0.002235
881.000000 0.002095
882.000000 0.001946
883.000000 0.001805
884.000000 0.001720
885.000000 0.001645
886.000000 0.001562
887.000000 0.001471
888.000000 0.001348
889.000000 0.001253
890.000000 0.001200
891.000000 0.001114
892.000000 0.001010
893.000000 0.000972
894.000000 0.000942
895.000000 0.000897
896.000000 0.000881
897.000000 0.000834
898.000000 0.000662
899.000000 0.000544
900.000000 0.000551
901.000000 0.000518
902.000000 0.000501
903.000000 0.000485
904.000000 0.000441
905.000000 0.000393
906.000000 0.000294
907.000000 0.000187
908.000000 0.000137
909.000000 0.000104
910.000000 0.000060
911.000000 0.000000
912.000000 -0.000057
913.000000 -0.000075
914.000000 -0.000096
915.000000 -0.000138
916.000000 -0.000190
917.000000 -0.000231
918.000000 -0.000237
919.000000 -0.000247
920.000000 -0.000256
921.000000 -0.000282
922.000000 -0.000302
923.000000 -0.000327
924.000000 -0.000372
925.000000 -0.000408
926.000000 -0.000442
927.000000 -0.000460
928.000000 -0.000490
929.000000 -0.000538
930.000000 -0.000552
931.000000 -0.000540
932.000000 -0.000548
933.000000 -0.000573
934.000000 -0.000591
935.000000 -0.000589
936.000000 -0.000514
937.000000 -0.000443
938.000000 -0.000474
939.000000 -0.000543
940.000000 -0.000589
941.000000 -0.000580
942.000000 -0.000547
943.000000 -0.000509
944.000000 -0.000486
945.000000 -0.000500
946.000000 -0.000520
947.000000 -0.000529
948.000000 -0.000564
949.000000 -0.000597
950.000000 -0.000595
951.000000 -0.000577
952.000000 -0.000585
953.000000 -0.000628
954.000000 -0.000663
955.000000 -0.000677
956.000000 -0.000693
957.000000 -0.000728
958.000000 -0.000748
959.000000 -0.000769
960.000000 -0.000840
961.000000 -0.000904
962.000000 -0.000929
963.000000 -0.000934
964.000000 -0.000925
965.000000 -0.000923
966.000000 -0.000942
967.000000 -0.000968
968.000000 -0.000980
969.000000 -0.000970
970.000000 -0.000967
971.000000 -0.000999
972.000000 -0.001124
973.000000 -0.001196
974.000000 -0.001115
975.000000 -0.001071
976.000000 -0.001081
977.000000 -0.001082
978.000000 -0.001083
979.000000 -0.001105
980.000000 -0.001141
981.000000 -0.001176
982.000000 -0.001197
983.000000 -0.001229
984.000000 -0.001260
985.000000 -0.001271
986.000000 -0.001275
987.000000 -0.001280
988.000000 -0.001292
989.000000 -0.001282
990.000000 -0.001238
991.000000 -0.001211
992.000000 -0.001213
993.000000 -0.001225
994.000000 -0.001262
995.000000 -0.001295
