315.000000 0.088505
316.000000 0.087298
317.000000 0.085818
318.000000 0.084913
319.000000 0.084508
320.000000 0.084020
321.000000 0.083523
322.000000 0.082921
323.000000 0.082631
324.000000 0.082959
325.000000 0.083249
326.000000 0.083423
327.000000 0.083555
328.000000 0.083947
329.000000 0.084360
330.000000 0.084421
331.000000 0.084519
332.000000 0.084587
333.000000 0.084828
334.000000 0.085368
335.000000 0.085758
336.000000 0.085567
337.000000 0.085149
338.000000 0.085242
339.000000 0.085583
340.000000 0.085971
341.000000 0.086435
342.000000 0.086909
343.000000 0.087511
344.000000 0.088137
345.000000 0.088736
346.000000 0.089289
347.000000 0.089878
348.000000 0.090689
349.000000 0.091386
350.000000 0.091872
351.000000 0.092711
352.000000 0.093675
353.000000 0.094421
354.000000 0.094999
355.000000 0.095382
356.000000 0.095920
357.000000 0.096711
358.000000 0.097489
359.000000 0.098377
360.000000 0.099468
361.000000 0.100656
362.000000 0.102007
363.000000 0.103550
364.000000 0.105179
365.000000 0.106946
366.000000 0.108639
367.000000 0.110075
368.000000 0.111319
369.000000 0.112411
370.000000 0.113307
371.000000 0.114009
372.000000 0.114935
373.000000 0.115804
374.000000 0.117167
375.000000 0.118837
376.000000 0.120560
377.000000 0.122485
378.000000 0.124425
379.000000 0.126733
380.000000 0.129113
381.000000 0.131888
382.000000 0.134843
383.000000 0.137314
384.000000 0.139629
385.000000 0.142204
386.000000 0.144580
387.000000 0.146579
388.000000 0.148084
389.000000 0.148956
390.000000 0.149512
391.000000 0.149923
392.000000 0.149764
393.000000 0.149044
394.000000 0.148472
395.000000 0.147951
396.000000 0.147496
397.000000 0.147242
398.000000 0.147203
399.000000 0.147155
400.000000 0.147178
401.000000 0.147492
402.000000 0.147953
403.000000 0.148356
404.000000 0.148787
405.000000 0.149548
406.000000 0.150320
407.000000 0.150905
408.000000 0.151485
409.000000 0.152093
410.000000 0.153095
411.000000 0.154327
412.000000 0.155112
413.000000 0.155604
414.000000 0.156173
415.000000 0.156879
416.000000 0.157648
417.000000 0.158511
418.000000 0.159283
419.000000 0.159906
420.000000 0.160465
421.000000 0.160879
422.000000 0.161221
423.000000 0.161603
424.000000 0.161952
425.000000 0.162052
426.000000 0.161920
427.000000 0.161776
428.000000 0.161459
429.000000 0.160858
430.000000 0.160069
431.000000 0.159097
432.000000 0.157903
433.000000 0.156591
434.000000 0.155191
435.000000 0.153581
436.000000 0.151887
437.000000 0.150106
438.000000 0.148272
439.000000 0.146479
440.000000 0.144704
441.000000 0.143054
442.000000 0.141458
443.000000 0.139824
444.000000 0.138260
445.000000 0.136801
446.000000 0.135357
447.000000 0.133937
448.000000 0.132467
449.000000 0.130987
450.000000 0.129646
451.000000 0.128281
452.000000 0.126756
453.000000 0.125361
454.000000 0.124107
455.000000 0.122678
456.000000 0.121036
457.000000 0.119417
458.000000 0.117940
459.000000 0.116388
460.000000 0.114763
461.000000 0.113122
462.000000 0.111294
463.000000 0.109350
464.000000 0.107408
465.000000 0.105517
466.000000 0.103708
467.000000 0.101832
468.000000 0.099952
469.000000 0.098067
470.000000 0.096231
471.000000 0.094562
472.000000 0.092842
473.000000 0.091149
474.000000 0.089546
475.000000 0.088061
476.000000 0.086704
477.000000 0.085332
478.000000 0.084077
479.000000 0.082923
480.000000 0.081857
481.000000 0.080969
482.000000 0.080154
483.000000 0.079446
484.000000 0.078885
485.000000 0.078414
486.000000 0.078051
487.000000 0.077705
488.000000 0.077422
489.000000 0.077526
490.000000 0.077281
491.000000 0.076952
492.000000 0.077109
493.000000 0.077265
494.000000 0.077520
495.000000 0.077808
496.000000 0.078276
497.000000 0.078834
498.000000 0.079326
499.000000 0.079642
500.000000 0.079918
501.000000 0.080309
502.000000 0.080548
503.000000 0.080968
504.000000 0.081638
505.000000 0.082274
506.000000 0.083043
507.000000 0.083793
508.000000 0.084328
509.000000 0.084874
510.000000 0.085490
511.000000 0.086092
512.000000 0.086606
513.000000 0.087229
514.000000 0.087659
515.000000 0.087861
516.000000 0.088332
517.000000 0.089133
518.000000 0.090169
519.000000 0.090900
520.000000 0.091477
521.000000 0.092326
522.000000 0.093159
523.000000 0.093864
524.000000 0.094656
525.000000 0.095254
526.000000 0.095809
527.000000 0.096640
528.000000 0.097449
529.000000 0.098205
530.000000 0.099173
531.000000 0.100103
532.000000 0.100732
533.000000 0.101485
534.000000 0.102385
535.000000 0.103090
536.000000 0.103985
537.000000 0.105115
538.000000 0.106000
539.000000 0.106834
540.000000 0.107836
541.000000 0.109016
542.000000 0.109971
543.000000 0.110591
544.000000 0.111351
545.000000 0.112454
546.000000 0.113516
547.000000 0.114308
548.000000 0.115018
549.000000 0.116024
550.000000 0.117020
551.000000 0.117711
552.000000 0.118319
553.000000 0.118902
554.000000 0.119578
555.000000 0.120191
556.000000 0.120772
557.000000 0.121367
558.000000 0.122043
559.000000 0.122720
560.000000 0.123166
561.000000 0.123636
562.000000 0.124358
563.000000 0.124889
564.000000 0.125283
565.000000 0.125851
566.000000 0.126598
567.000000 0.127453
568.000000 0.128194
569.000000 0.128959
570.000000 0.129949
571.000000 0.131007
572.000000 0.131904
573.000000 0.132631
574.000000 0.133547
575.000000 0.134516
576.000000 0.135411
577.000000 0.136508
578.000000 0.137797
579.000000 0.139152
580.000000 0.140433
581.000000 0.141734
582.000000 0.142982
583.000000 0.144290
584.000000 0.145610
585.000000 0.146912
586.000000 0.148253
587.000000 0.149629
588.000000 0.151159
589.000000 0.152635
590.000000 0.154116
591.000000 0.155795
592.000000 0.157517
593.000000 0.159165
594.000000 0.160652
595.000000 0.162150
596.000000 0.163905
597.000000 0.165665
598.000000 0.167443
599.000000 0.169255
600.000000 0.170953
601.000000 0.172714
602.000000 0.174514
603.000000 0.176333
604.000000 0.178400
605.000000 0.180503
606.000000 0.182605
607.000000 0.184846
608.000000 0.187038
609.000000 0.189224
610.000000 0.191504
611.000000 0.193790
612.000000 0.196218
613.000000 0.198819
614.000000 0.201546
615.000000 0.204431
616.000000 0.207215
617.000000 0.210066
618.000000 0.213198
619.000000 0.216375
620.000000 0.219676
621.000000 0.223233
622.000000 0.226812
623.000000 0.230457
624.000000 0.234409
625.000000 0.238480
626.000000 0.242670
627.000000 0.247124
628.000000 0.251531
629.000000 0.255998
630.000000 0.260839
631.000000 0.265961
632.000000 0.271073
633.000000 0.276246
634.000000 0.281793
635.000000 0.287406
636.000000 0.293127
637.000000 0.299213
638.000000 0.305175
639.000000 0.311093
640.000000 0.317372
641.000000 0.323822
642.000000 0.330021
643.000000 0.336178
644.000000 0.342649
645.000000 0.349028
646.000000 0.355441
647.000000 0.362090
648.000000 0.368894
649.000000 0.375650
650.000000 0.382389
651.000000 0.389363
652.000000 0.396495
653.000000 0.403540
654.000000 0.410659
655.000000 0.418112
656.000000 0.425761
657.000000 0.433243
658.000000 0.440757
659.000000 0.448667
660.000000 0.456812
661.000000 0.464770
662.000000 0.472654
663.000000 0.481048
664.000000 0.489786
665.000000 0.498247
666.000000 0.506560
667.000000 0.515101
668.000000 0.523670
669.000000 0.531854
670.000000 0.539791
671.000000 0.547846
672.000000 0.555813
673.000000 0.563657
674.000000 0.570920
675.000000 0.577837
676.000000 0.584837
677.000000 0.591659
678.000000 0.598166
679.000000 0.604097
680.000000 0.609623
681.000000 0.614982
682.000000 0.620040
683.000000 0.624755
684.000000 0.629068
685.000000 0.633144
686.000000 0.637026
687.000000 0.640650
688.000000 0.644138
689.000000 0.647529
690.000000 0.650728
691.000000 0.653904
692.000000 0.657306
693.000000 0.660837
694.000000 0.664632
695.000000 0.668807
696.000000 0.673143
697.000000 0.677880
698.000000 0.683458
699.000000 0.689773
700.000000 0.696748
701.000000 0.704477
702.000000 0.712676
703.000000 0.721651
704.000000 0.731833
705.000000 0.743035
706.000000 0.755175
707.000000 0.768257
708.000000 0.782311
709.000000 0.797407
710.000000 0.812893
711.000000 0.828909
712.000000 0.846263
713.000000 0.864577
714.000000 0.883515
715.000000 0.902924
716.000000 0.922858
717.000000 0.943306
718.000000 0.964004
719.000000 0.983909
720.000000 1.003408
721.000000 1.023465
722.000000 1.043547
723.000000 1.063323
724.000000 1.082649
725.000000 1.101311
726.000000 1.119102
727.000000 1.136311
728.000000 1.153078
729.000000 1.169269
730.000000 1.184550
731.000000 1.198098
732.000000 1.210634
733.000000 1.222904
734.000000 1.234499
735.000000 1.245272
736.000000 1.255164
737.000000 1.264182
738.000000 1.272168
739.000000 1.279210
740.000000 1.285222
741.000000 1.290039
742.000000 1.293553
743.000000 1.295802
744.000000 1.296834
745.000000 1.296555
746.000000 1.294683
747.000000 1.291269
748.000000 1.286405
749.000000 1.279847
750.000000 1.271349
751.000000 1.260934
752.000000 1.248709
753.000000 1.234664
754.000000 1.218770
755.000000 1.201011
756.000000 1.181398
757.000000 1.159849
758.000000 1.136503
759.000000 1.111394
760.000000 1.084389
761.000000 1.055786
762.000000 1.026145
763.000000 0.995336
764.000000 0.963111
765.000000 0.929504
766.000000 0.894965
767.000000 0.860165
768.000000 0.825460
769.000000 0.790660
770.000000 0.755794
771.000000 0.721266
772.000000 0.687139
773.000000 0.653616
774.000000 0.620653
775.000000 0.588126
776.000000 0.554271
777.000000 0.520825
778.000000 0.490191
779.000000 0.461350
780.000000 0.433848
781.000000 0.407609
782.000000 0.382740
783.000000 0.359098
784.000000 0.336515
785.000000 0.315126
786.000000 0.294899
787.000000 0.275899
788.000000 0.257524
789.000000 0.240075
790.000000 0.224291
791.000000 0.209709
792.000000 0.196061
793.000000 0.183293
794.000000 0.171450
795.000000 0.160376
796.000000 0.150058
797.000000 0.140194
798.000000 0.130864
799.000000 0.122380
800.000000 0.114562
801.000000 0.107416
802.000000 0.100730
803.000000 0.094408
804.000000 0.088383
805.000000 0.082688
806.000000 0.077524
807.000000 0.072789
808.000000 0.068422
809.000000 0.064298
810.000000 0.060208
811.000000 0.056341
812.000000 0.052852
813.000000 0.049612
814.000000 0.046640
815.000000 0.043886
816.000000 0.041220
817.000000 0.038694
818.000000 0.036372
819.000000 0.034225
820.000000 0.032263
821.000000 0.030395
822.000000 0.028643
823.000000 0.027110
824.000000 0.025662
825.000000 0.024241
826.000000 0.022892
827.000000 0.021675
828.000000 0.020607
829.000000 0.019555
830.000000 0.018499
831.000000 0.017555
832.000000 0.016744
833.000000 0.015982
834.000000 0.015218
835.000000 0.014528
836.000000 0.013900
837.000000 0.013249
838.000000 0.012623
839.000000 0.012075
840.000000 0.011619
841.000000 0.011155
842.000000 0.010661
843.000000 0.010232
844.000000 0.009861
845.000000 0.009474
846.000000 0.009058
847.000000 0.008705
848.000000 0.008359
849.000000 0.008024
850.000000 0.007770
851.000000 0.007507
852.000000 0.007191
853.000000 0.006884
854.000000 0.006632
855.000000 0.006385
856.000000 0.006178
857.000000 0.005971
858.000000 0.005706
859.000000 0.005479
860.000000 0.005259
861.000000 0.005053
862.000000 0.004865
863.000000 0.004640
864.000000 0.004390
865.000000 0.004218
866.000000 0.004059
867.000000 0.003891
868.000000 0.003762
869.000000 0.003592
870.000000 0.003402
871.000000 0.003202
872.000000 0.003041
873.000000 0.002906
874.000000 0.002729
875.000000 0.002594
876.000000 0.002479
877.000000 0.002348
878.000000 0.002265
879.000000 0.002151
880.000000 0.002000
881.000000 0.001902
882.000000 0.001814
883.000000 0.001701
884.000000 0.001605
885.000000 0.001546
886.000000 0.001470
887.000000 0.001363
888.000000 0.001261
889.000000 0.001175
890.000000 0.001122
891.000000 0.001044
892.000000 0.000965
893.000000 0.000931
894.000000 0.000855
895.000000 0.000777
896.000000 0.000749
897.000000 0.000712
898.000000 0.000671
899.000000 0.000608
900.000000 0.000533
901.000000 0.000479
902.000000 0.000450
903.000000 0.000425
904.000000 0.000374
905.000000 0.000306
906.000000 0.000238
907.000000 0.000196
908.000000 0.000159
909.000000 0.000115
910.000000 0.000072
911.000000 0.000021
912.000000 -0.000055
913.000000 -0.000120
914.000000 -0.000132
915.000000 -0.000154
916.000000 -0.000208
917.000000 -0.000209
918.000000 -0.000194
919.000000 -0.000198
920.000000 -0.000189
921.000000 -0.000210
922.000000 -0.000252
923.000000 -0.000273
924.000000 -0.000288
925.000000 -0.000336
926.000000 -0.000413
927.000000 -0.000430
928.000000 -0.000425
929.000000 -0.000452
930.000000 -0.000489
931.000000 -0.000530
932.000000 -0.000562
933.000000 -0.000565
934.000000 -0.000538
935.000000 -0.000543
936.000000 -0.000570
937.000000 -0.000592
938.000000 -0.000584
939.000000 -0.000550
940.000000 -0.000561
941.000000 -0.000552
942.000000 -0.000516
943.000000 -0.000467
944.000000 -0.000413
945.000000 -0.000438
946.000000 -0.000481
947.000000 -0.000484
948.000000 -0.000502
949.000000 -0.000539
950.000000 -0.000563
951.000000 -0.000570
952.000000 -0.000575
953.000000 -0.000593
954.000000 -0.000601
955.000000 -0.000586
956.000000 -0.000610
957.000000 -0.000684
958.000000 -0.000739
959.000000 -0.000753
960.000000 -0.000792
961.000000 -0.000833
962.000000 -0.000827
963.000000 -0.000808
964.000000 -0.000834
965.000000 -0.000880
966.000000 -0.000899
967.000000 -0.000914
968.000000 -0.000936
969.000000 -0.000951
970.000000 -0.000973
971.000000 -0.000989
972.000000 -0.001090
973.000000 -0.001158
974.000000 -0.001079
975.000000 -0.001039
976.000000 -0.001019
977.000000 -0.001023
978.000000 -0.001039
979.000000 -0.001041
980.000000 -0.001087
981.000000 -0.001147
982.000000 -0.001190
983.000000 -0.001237
984.000000 -0.001246
985.000000 -0.001224
986.000000 -0.001211
987.000000 -0.001237
988.000000 -0.001256
989.000000 -0.001250
990.000000 -0.001266
991.000000 -0.001289
992.000000 -0.001286
993.000000 -0.001281
994.000000 -0.001310
995.000000 -0.001335
