315.000000 0.093126
316.000000 0.094207
317.000000 0.094363
318.000000 0.094091
319.000000 0.093555
320.000000 0.092879
321.000000 0.092472
322.000000 0.092504
323.000000 0.092765
324.000000 0.092351
325.000000 0.092221
326.000000 0.092446
327.000000 0.092694
328.000000 0.093395
329.000000 0.094179
330.000000 0.094523
331.000000 0.094603
332.000000 0.095183
333.000000 0.095358
334.000000 0.095224
335.000000 0.095357
336.000000 0.095625
337.000000 0.095814
338.000000 0.096049
339.000000 0.096553
340.000000 0.096977
341.000000 0.097435
342.000000 0.097764
343.000000 0.097987
344.000000 0.098585
345.000000 0.099216
346.000000 0.099523
347.000000 0.100091
348.000000 0.100977
349.000000 0.101718
350.000000 0.102432
351.000000 0.102989
352.000000 0.103392
353.000000 0.103867
354.000000 0.104348
355.000000 0.104850
356.000000 0.105457
357.000000 0.105993
358.000000 0.106485
359.000000 0.107300
360.000000 0.108347
361.000000 0.109404
362.000000 0.110618
363.000000 0.111983
364.000000 0.113398
365.000000 0.114915
366.000000 0.116521
367.000000 0.118028
368.000000 0.119427
369.000000 0.120812
370.000000 0.121832
371.000000 0.122683
372.000000 0.124008
373.000000 0.125589
374.000000 0.127071
375.000000 0.129074
376.000000 0.131306
377.000000 0.133346
378.000000 0.135887
379.000000 0.138455
380.000000 0.141038
381.000000 0.143994
382.000000 0.147051
383.000000 0.149794
384.000000 0.152249
385.000000 0.154766
386.000000 0.157184
387.000000 0.159381
388.000000 0.161114
389.000000 0.162509
390.000000 0.163666
391.000000 0.164419
392.000000 0.164766
393.000000 0.164800
394.000000 0.164905
395.000000 0.165048
396.000000 0.165261
397.000000 0.165633
398.000000 0.166228
399.000000 0.166956
400.000000 0.167770
401.000000 0.168945
402.000000 0.170289
403.000000 0.171441
404.000000 0.172590
405.000000 0.173994
406.000000 0.175432
407.000000 0.176781
408.000000 0.178025
409.000000 0.179366
410.000000 0.180943
411.000000 0.182502
412.000000 0.183940
413.000000 0.185317
414.000000 0.186746
415.000000 0.188106
416.000000 0.189193
417.000000 0.190333
418.000000 0.191758
419.000000 0.193018
420.000000 0.194069
421.000000 0.195282
422.000000 0.196451
423.000000 0.197367
424.000000 0.198031
425.000000 0.198580
426.000000 0.198999
427.000000 0.199235
428.000000 0.199414
429.000000 0.199419
430.000000 0.199172
431.000000 0.198665
432.000000 0.197837
433.000000 0.196855
434.000000 0.195798
435.000000 0.194547
436.000000 0.193240
437.000000 0.191826
438.000000 0.190241
439.000000 0.188734
440.000000 0.187219
441.000000 0.185768
442.000000 0.184368
443.000000 0.182839
444.000000 0.181312
445.000000 0.179886
446.000000 0.178450
447.000000 0.177059
448.000000 0.175653
449.000000 0.174102
450.000000 0.172576
451.000000 0.171054
452.000000 0.169431
453.000000 0.167819
454.000000 0.166223
455.000000 0.164514
456.000000 0.162569
457.000000 0.160548
458.000000 0.158527
459.000000 0.156343
460.000000 0.154094
461.000000 0.151802
462.000000 0.149433
463.000000 0.146989
464.000000 0.144405
465.000000 0.141779
466.000000 0.139331
467.000000 0.136859
468.000000 0.134337
469.000000 0.131768
470.000000 0.129187
471.000000 0.126853
472.000000 0.124519
473.000000 0.122210
474.000000 0.120048
475.000000 0.118046
476.000000 0.116201
477.000000 0.114356
478.000000 0.112649
479.000000 0.111121
480.000000 0.109729
481.000000 0.108519
482.000000 0.107418
483.000000 0.106518
484.000000 0.105774
485.000000 0.105066
486.000000 0.104497
487.000000 0.104009
488.000000 0.103600
489.000000 0.103514
490.000000 0.103449
491.000000 0.103308
492.000000 0.103108
493.000000 0.103177
494.000000 0.103455
495.000000 0.103625
496.000000 0.104101
497.000000 0.104532
498.000000 0.104993
499.000000 0.105414
500.000000 0.105887
501.000000 0.106482
502.000000 0.106863
503.000000 0.107477
504.000000 0.108275
505.000000 0.109265
506.000000 0.110234
507.000000 0.110787
508.000000 0.111372
509.000000 0.112179
510.000000 0.112889
511.000000 0.113568
512.000000 0.114157
513.000000 0.114793
514.000000 0.115525
515.000000 0.116156
516.000000 0.116760
517.000000 0.117508
518.000000 0.118535
519.000000 0.119457
520.000000 0.120291
521.000000 0.121203
522.000000 0.122115
523.000000 0.122929
524.000000 0.123728
525.000000 0.124511
526.000000 0.125251
527.000000 0.126081
528.000000 0.126986
529.000000 0.127945
530.000000 0.129007
531.000000 0.129987
532.000000 0.130699
533.000000 0.131430
534.000000 0.132225
535.000000 0.133053
536.000000 0.134200
537.000000 0.135583
538.000000 0.136693
539.000000 0.137375
540.000000 0.138083
541.000000 0.139041
542.000000 0.140073
543.000000 0.141067
544.000000 0.141939
545.000000 0.142934
546.000000 0.143824
547.000000 0.144252
548.000000 0.144581
549.000000 0.145151
550.000000 0.145822
551.000000 0.146297
552.000000 0.146754
553.000000 0.147222
554.000000 0.147591
555.000000 0.148007
556.000000 0.148462
557.000000 0.148954
558.000000 0.149499
559.000000 0.149740
560.000000 0.149777
561.000000 0.149953
562.000000 0.150316
563.000000 0.150621
564.000000 0.150849
565.000000 0.151116
566.000000 0.151415
567.000000 0.151685
568.000000 0.151996
569.000000 0.152411
570.000000 0.152866
571.000000 0.153390
572.000000 0.153831
573.000000 0.154252
574.000000 0.154811
575.000000 0.155328
576.000000 0.155783
577.000000 0.156421
578.000000 0.157092
579.000000 0.157687
580.000000 0.158349
581.000000 0.159071
582.000000 0.159707
583.000000 0.160377
584.000000 0.161097
585.000000 0.161744
586.000000 0.162405
587.000000 0.163187
588.000000 0.164065
589.000000 0.164835
590.000000 0.165596
591.000000 0.166448
592.000000 0.167246
593.000000 0.168100
594.000000 0.168846
595.000000 0.169470
596.000000 0.170228
597.000000 0.171063
598.000000 0.172024
599.000000 0.172981
600.000000 0.173775
601.000000 0.174654
602.000000 0.175630
603.000000 0.176546
604.000000 0.177557
605.000000 0.178596
606.000000 0.179652
607.000000 0.180898
608.000000 0.182187
609.000000 0.183471
610.000000 0.184841
611.000000 0.186178
612.000000 0.187577
613.000000 0.189160
614.000000 0.190854
615.000000 0.192689
616.000000 0.194519
617.000000 0.196440
618.000000 0.198559
619.000000 0.200745
620.000000 0.203126
621.000000 0.205724
622.000000 0.208317
623.000000 0.211020
624.000000 0.214039
625.000000 0.217187
626.000000 0.220436
627.000000 0.223927
628.000000 0.227408
629.000000 0.230960
630.000000 0.234835
631.000000 0.238907
632.000000 0.242985
633.000000 0.247161
634.000000 0.251633
635.000000 0.256146
636.000000 0.260745
637.000000 0.265632
638.000000 0.270421
639.000000 0.275194
640.000000 0.280222
641.000000 0.285361
642.000000 0.290265
643.000000 0.295021
644.000000 0.300068
645.000000 0.305040
646.000000 0.309984
647.000000 0.315146
648.000000 0.320351
649.000000 0.325443
650.000000 0.330549
651.000000 0.335854
652.000000 0.341207
653.000000 0.346455
654.000000 0.351756
655.000000 0.357385
656.000000 0.363202
657.000000 0.368795
658.000000 0.374368
659.000000 0.380302
660.000000 0.386515
661.000000 0.392638
662.000000 0.398704
663.000000 0.405152
664.000000 0.411856
665.000000 0.418358
666.000000 0.424724
667.000000 0.431252
668.000000 0.437882
669.000000 0.444206
670.000000 0.450322
671.000000 0.456607
672.000000 0.462881
673.000000 0.469023
674.000000 0.474686
675.000000 0.480139
676.000000 0.485685
677.000000 0.491078
678.000000 0.496243
679.000000 0.500922
680.000000 0.505206
681.000000 0.509386
682.000000 0.513369
683.000000 0.517097
684.000000 0.520512
685.000000 0.523687
686.000000 0.526707
687.000000 0.529583
688.000000 0.532362
689.000000 0.535019
690.000000 0.537491
691.000000 0.539953
692.000000 0.542647
693.000000 0.545499
694.000000 0.548559
695.000000 0.551871
696.000000 0.555327
697.000000 0.559130
698.000000 0.563585
699.000000 0.568646
700.000000 0.574296
701.000000 0.580606
702.000000 0.587328
703.000000 0.594698
704.000000 0.603089
705.000000 0.612283
706.000000 0.622164
707.000000 0.632874
708.000000 0.644415
709.000000 0.656704
710.000000 0.669281
711.000000 0.682317
712.000000 0.696382
713.000000 0.711231
714.000000 0.726551
715.000000 0.742209
716.000000 0.758308
717.000000 0.774644
718.000000 0.791133
719.000000 0.807025
720.000000 0.822553
721.000000 0.838450
722.000000 0.854252
723.000000 0.869747
724.000000 0.884725
725.000000 0.899152
726.000000 0.912943
727.000000 0.926213
728.000000 0.939045
729.000000 0.951265
730.000000 0.962797
731.000000 0.973019
732.000000 0.982261
733.000000 0.991271
734.000000 0.999837
735.000000 1.007840
736.000000 1.015080
737.000000 1.021497
738.000000 1.027076
739.000000 1.031870
740.000000 1.035806
741.000000 1.038866
742.000000 1.041090
743.000000 1.042381
744.000000 1.042782
745.000000 1.042194
746.000000 1.040417
747.000000 1.037359
748.000000 1.033054
749.000000 1.027572
750.000000 1.020898
751.000000 1.012754
752.000000 1.003090
753.000000 0.992003
754.000000 0.979348
755.000000 0.965205
756.000000 0.949596
757.000000 0.932467
758.000000 0.914004
759.000000 0.894127
760.000000 0.872854
761.000000 0.850334
762.000000 0.826842
763.000000 0.802424
764.000000 0.776985
765.000000 0.750420
766.000000 0.722929
767.000000 0.695196
768.000000 0.667536
769.000000 0.639790
770.000000 0.611954
771.000000 0.584335
772.000000 0.557048
773.000000 0.530202
774.000000 0.503768
775.000000 0.477745
776.000000 0.450667
777.000000 0.423817
778.000000 0.399232
779.000000 0.376114
780.000000 0.354153
781.000000 0.333106
782.000000 0.313053
783.000000 0.294081
784.000000 0.275980
785.000000 0.258790
786.000000 0.242483
787.000000 0.227128
788.000000 0.212298
789.000000 0.198275
790.000000 0.185592
791.000000 0.173839
792.000000 0.162844
793.000000 0.152558
794.000000 0.142963
795.000000 0.134050
796.000000 0.125742
797.000000 0.117792
798.000000 0.110346
799.000000 0.103534
800.000000 0.097152
801.000000 0.091206
802.000000 0.085645
803.000000 0.080413
804.000000 0.075390
805.000000 0.070644
806.000000 0.066383
807.000000 0.062486
808.000000 0.058900
809.000000 0.055489
810.000000 0.052070
811.000000 0.048844
812.000000 0.045930
813.000000 0.043233
814.000000 0.040715
815.000000 0.038357
816.000000 0.036084
817.000000 0.033917
818.000000 0.031933
819.000000 0.030090
820.000000 0.028381
821.000000 0.026772
822.000000 0.025295
823.000000 0.023975
824.000000 0.022745
825.000000 0.021557
826.000000 0.020408
827.000000 0.019376
828.000000 0.018444
829.000000 0.017515
830.000000 0.016646
831.000000 0.015870
832.000000 0.015144
833.000000 0.014423
834.000000 0.013700
835.000000 0.013037
836.000000 0.012468
837.000000 0.011946
838.000000 0.011438
839.000000 0.010991
840.000000 0.010589
841.000000 0.010185
842.000000 0.009781
843.000000 0.009373
844.000000 0.009000
845.000000 0.008655
846.000000 0.008305
847.000000 0.008012
848.000000 0.007704
849.000000 0.007412
850.000000 0.007208
851.000000 0.006973
852.000000 0.006686
853.000000 0.006449
854.000000 0.006246
855.000000 0.005992
856.000000 0.005752
857.000000 0.005507
858.000000 0.005282
859.000000 0.005097
860.000000 0.004874
861.000000 0.004678
862.000000 0.004474
863.000000 0.004238
864.000000 0.004041
865.000000 0.003917
866.000000 0.003761
867.000000 0.003584
868.000000 0.003444
869.000000 0.003260
870.000000 0.003067
871.000000 0.002890
872.000000 0.002746
873.000000 0.002639
874.000000 0.002501
875.000000 0.002346
876.000000 0.002213
877.000000 0.002094
878.000000 0.001985
879.000000 0.001857
880.000000 0.001718
881.000000 0.001617
882.000000 0.001525
883.000000 0.001419
884.000000 0.001348
885.000000 0.001307
886.000000 0.001241
887.000000 0.001152
888.000000 0.001067
889.000000 0.001004
890.000000 0.000980
891.000000 0.000915
892.000000 0.000799
893.000000 0.000731
894.000000 0.000706
895.000000 0.000755
896.000000 0.000769
897.000000 0.000671
898.000000 0.000574
899.000000 0.000483
900.000000 0.000400
901.000000 0.000353
902.000000 0.000342
903.000000 0.000324
904.000000 0.000263
905.000000 0.000182
906.000000 0.000116
907.000000 0.000061
908.000000 0.000020
909.000000 -0.000008
910.000000 -0.000048
911.000000 -0.000103
912.000000 -0.000173
913.000000 -0.000237
914.000000 -0.000266
915.000000 -0.000307
916.000000 -0.000358
917.000000 -0.000372
918.000000 -0.000374
919.000000 -0.000372
920.000000 -0.000380
921.000000 -0.000404
922.000000 -0.000417
923.000000 -0.000430
924.000000 -0.000446
925.000000 -0.000482
926.000000 -0.000536
927.000000 -0.000554
928.000000 -0.000539
929.000000 -0.000541
930.000000 -0.000566
931.000000 -0.000603
932.000000 -0.000630
933.000000 -0.000636
934.000000 -0.000620
935.000000 -0.000614
936.000000 -0.000615
937.000000 -0.000620
938.000000 -0.000626
939.000000 -0.000620
940.000000 -0.000632
941.000000 -0.000613
942.000000 -0.000593
943.000000 -0.000582
944.000000 -0.000567
945.000000 -0.000582
946.000000 -0.000599
947.000000 -0.000608
948.000000 -0.000641
949.000000 -0.000687
950.000000 -0.000702
951.000000 -0.000673
952.000000 -0.000644
953.000000 -0.000666
954.000000 -0.000704
955.000000 -0.000741
956.000000 -0.000796
957.000000 -0.000850
958.000000 -0.000862
959.000000 -0.000854
960.000000 -0.000903
961.000000 -0.000966
962.000000 -0.000989
963.000000 -0.000975
964.000000 -0.000954
965.000000 -0.000953
966.000000 -0.000957
967.000000 -0.000976
968.000000 -0.001020
969.000000 -0.001037
970.000000 -0.001031
971.000000 -0.001037
972.000000 -0.001143
973.000000 -0.001213
974.000000 -0.001134
975.000000 -0.001088
976.000000 -0.001098
977.000000 -0.001110
978.000000 -0.001123
979.000000 -0.001143
980.000000 -0.001173
981.000000 -0.001204
982.000000 -0.001236
983.000000 -0.001292
984.000000 -0.001334
985.000000 -0.001369
986.000000 -0.001398
987.000000 -0.001434
988.000000 -0.001432
989.000000 -0.001379
990.000000 -0.001367
991.000000 -0.001370
992.000000 -0.001375
993.000000 -0.001395
994.000000 -0.001423
995.000000 -0.001442
