315.000000 0.103208
316.000000 0.102191
317.000000 0.101915
318.000000 0.101806
319.000000 0.101549
320.000000 0.101301
321.000000 0.101388
322.000000 0.101572
323.000000 0.102182
324.000000 0.102596
325.000000 0.102839
326.000000 0.103367
327.000000 0.103428
328.000000 0.103728
329.000000 0.104400
330.000000 0.104808
331.000000 0.104935
332.000000 0.105199
333.000000 0.105723
334.000000 0.106059
335.000000 0.105943
336.000000 0.105807
337.000000 0.105897
338.000000 0.105995
339.000000 0.106062
340.000000 0.106425
341.000000 0.106792
342.000000 0.107048
343.000000 0.107489
344.000000 0.107958
345.000000 0.108352
346.000000 0.108768
347.000000 0.109222
348.000000 0.109661
349.000000 0.110158
350.000000 0.110699
351.000000 0.111344
352.000000 0.111990
353.000000 0.112570
354.000000 0.113156
355.000000 0.113662
356.000000 0.114176
357.000000 0.114706
358.000000 0.115317
359.000000 0.116055
360.000000 0.116976
361.000000 0.117970
362.000000 0.119166
363.000000 0.120555
364.000000 0.121963
365.000000 0.123466
366.000000 0.124938
367.000000 0.126374
368.000000 0.127760
369.000000 0.129205
370.000000 0.130605
371.000000 0.131882
372.000000 0.133095
373.000000 0.134085
374.000000 0.135451
375.000000 0.137546
376.000000 0.140129
377.000000 0.142832
378.000000 0.145778
379.000000 0.148477
380.000000 0.150950
381.000000 0.154126
382.000000 0.157580
383.000000 0.160416
384.000000 0.162988
385.000000 0.165935
386.000000 0.168842
387.000000 0.171379
388.000000 0.173532
389.000000 0.175452
390.000000 0.176937
391.000000 0.178102
392.000000 0.179101
393.000000 0.179879
394.000000 0.180646
395.000000 0.181467
396.000000 0.182526
397.000000 0.183669
398.000000 0.185005
399.000000 0.186502
400.000000 0.187957
401.000000 0.189737
402.000000 0.191662
403.000000 0.193615
404.000000 0.195599
405.000000 0.197583
406.000000 0.199577
407.000000 0.201378
408.000000 0.203167
409.000000 0.205099
410.000000 0.207297
411.000000 0.209628
412.000000 0.211489
413.000000 0.213129
414.000000 0.215084
415.000000 0.217163
416.000000 0.219020
417.000000 0.220747
418.000000 0.222627
419.000000 0.224498
420.000000 0.226060
421.000000 0.227516
422.000000 0.228964
423.000000 0.230452
424.000000 0.231765
425.000000 0.232688
426.000000 0.233474
427.000000 0.234198
428.000000 0.234777
429.000000 0.235052
430.000000 0.235028
431.000000 0.234848
432.000000 0.234518
433.000000 0.233986
434.000000 0.233242
435.000000 0.232260
436.000000 0.231054
437.000000 0.229728
438.000000 0.228474
439.000000 0.227320
440.000000 0.226079
441.000000 0.224785
442.000000 0.223521
443.000000 0.222216
444.000000 0.220811
445.000000 0.219462
446.000000 0.218099
447.000000 0.216644
448.000000 0.215125
449.000000 0.213523
450.000000 0.211947
451.000000 0.210233
452.000000 0.208276
453.000000 0.206404
454.000000 0.204544
455.000000 0.202490
456.000000 0.200125
457.000000 0.197621
458.000000 0.195223
459.000000 0.192644
460.000000 0.189901
461.000000 0.187124
462.000000 0.184187
463.000000 0.181139
464.000000 0.178028
465.000000 0.174839
466.000000 0.171743
467.000000 0.168561
468.000000 0.165358
469.000000 0.162175
470.000000 0.159001
471.000000 0.156081
472.000000 0.153224
473.000000 0.150478
474.000000 0.147852
475.000000 0.145279
476.000000 0.142914
477.000000 0.140674
478.000000 0.138618
479.000000 0.136769
480.000000 0.135075
481.000000 0.133596
482.000000 0.132195
483.000000 0.130988
484.000000 0.129998
485.000000 0.129125
486.000000 0.128411
487.000000 0.127763
488.000000 0.127303
489.000000 0.127226
490.000000 0.126948
491.000000 0.126470
492.000000 0.126461
493.000000 0.126871
494.000000 0.127069
495.000000 0.127047
496.000000 0.127405
497.000000 0.128008
498.000000 0.128589
499.000000 0.129071
500.000000 0.129802
501.000000 0.130685
502.000000 0.131143
503.000000 0.131647
504.000000 0.132418
505.000000 0.133203
506.000000 0.133963
507.000000 0.134564
508.000000 0.135152
509.000000 0.135895
510.000000 0.136777
511.000000 0.137561
512.000000 0.138184
513.000000 0.139088
514.000000 0.139931
515.000000 0.140587
516.000000 0.141304
517.000000 0.142243
518.000000 0.143424
519.000000 0.144475
520.000000 0.145432
521.000000 0.146468
522.000000 0.147530
523.000000 0.148686
524.000000 0.149827
525.000000 0.150703
526.000000 0.151453
527.000000 0.152285
528.000000 0.153357
529.000000 0.154411
530.000000 0.155617
531.000000 0.156927
532.000000 0.157871
533.000000 0.158562
534.000000 0.159438
535.000000 0.160403
536.000000 0.161560
537.000000 0.162767
538.000000 0.163564
539.000000 0.164229
540.000000 0.165160
541.000000 0.166156
542.000000 0.166991
543.000000 0.167708
544.000000 0.168447
545.000000 0.169354
546.000000 0.170128
547.000000 0.170584
548.000000 0.170977
549.000000 0.171353
550.000000 0.171698
551.000000 0.172080
552.000000 0.172165
553.000000 0.172320
554.000000 0.172716
555.000000 0.172936
556.000000 0.172957
557.000000 0.173004
558.000000 0.173285
559.000000 0.173448
560.000000 0.173373
561.000000 0.173290
562.000000 0.173429
563.000000 0.173428
564.000000 0.173252
565.000000 0.173231
566.000000 0.173235
567.000000 0.173208
568.000000 0.173120
569.000000 0.173120
570.000000 0.173316
571.000000 0.173458
572.000000 0.173298
573.000000 0.173127
574.000000 0.173179
575.000000 0.173286
576.000000 0.173431
577.000000 0.173710
578.000000 0.173911
579.000000 0.174010
580.000000 0.174136
581.000000 0.174248
582.000000 0.174361
583.000000 0.174541
584.000000 0.174625
585.000000 0.174646
586.000000 0.174742
587.000000 0.174943
588.000000 0.175168
589.000000 0.175273
590.000000 0.175370
591.000000 0.175475
592.000000 0.175462
593.000000 0.175433
594.000000 0.175403
595.000000 0.175441
596.000000 0.175536
597.000000 0.175579
598.000000 0.175711
599.000000 0.175774
600.000000 0.175746
601.000000 0.175761
602.000000 0.175810
603.000000 0.175875
604.000000 0.176022
605.000000 0.176243
606.000000 0.176546
607.000000 0.176932
608.000000 0.177278
609.000000 0.177635
610.000000 0.178092
611.000000 0.178518
612.000000 0.179077
613.000000 0.179838
614.000000 0.180664
615.000000 0.181631
616.000000 0.182589
617.000000 0.183643
618.000000 0.184872
619.000000 0.186202
620.000000 0.187715
621.000000 0.189433
622.000000 0.191290
623.000000 0.193169
624.000000 0.195171
625.000000 0.197363
626.000000 0.199730
627.000000 0.202308
628.000000 0.204944
629.000000 0.207645
630.000000 0.210578
631.000000 0.213746
632.000000 0.217052
633.000000 0.220513
634.000000 0.224001
635.000000 0.227333
636.000000 0.230770
637.000000 0.234499
638.000000 0.238267
639.000000 0.242011
640.000000 0.245834
641.000000 0.249681
642.000000 0.253368
643.000000 0.257005
644.000000 0.260790
645.000000 0.264408
646.000000 0.267947
647.000000 0.271647
648.000000 0.275381
649.000000 0.279014
650.000000 0.282612
651.000000 0.286287
652.000000 0.289978
653.000000 0.293604
654.000000 0.297306
655.000000 0.301174
656.000000 0.305109
657.000000 0.308944
658.000000 0.312812
659.000000 0.316960
660.000000 0.321299
661.000000 0.325572
662.000000 0.329851
663.000000 0.334415
664.000000 0.339161
665.000000 0.343772
666.000000 0.348330
667.000000 0.353100
668.000000 0.357994
669.000000 0.362669
670.000000 0.367208
671.000000 0.371867
672.000000 0.376497
673.000000 0.381087
674.000000 0.385333
675.000000 0.389382
676.000000 0.393540
677.000000 0.397615
678.000000 0.401524
679.000000 0.405101
680.000000 0.408413
681.000000 0.411678
682.000000 0.414807
683.000000 0.417633
684.000000 0.420127
685.000000 0.422467
686.000000 0.424719
687.000000 0.426873
688.000000 0.428990
689.000000 0.431055
690.000000 0.433003
691.000000 0.434932
692.000000 0.436977
693.000000 0.439177
694.000000 0.441557
695.000000 0.444146
696.000000 0.446923
697.000000 0.449972
698.000000 0.453484
699.000000 0.457483
700.000000 0.461978
701.000000 0.466996
702.000000 0.472316
703.000000 0.478095
704.000000 0.484655
705.000000 0.491912
706.000000 0.499768
707.000000 0.508322
708.000000 0.517594
709.000000 0.527430
710.000000 0.537479
711.000000 0.548010
712.000000 0.559406
713.000000 0.571257
714.000000 0.583371
715.000000 0.595619
716.000000 0.608062
717.000000 0.620787
718.000000 0.633675
719.000000 0.646041
720.000000 0.658147
721.000000 0.670547
722.000000 0.682903
723.000000 0.694988
724.000000 0.706678
725.000000 0.717926
726.000000 0.728636
727.000000 0.738859
728.000000 0.748616
729.000000 0.757939
730.000000 0.766686
731.000000 0.774380
732.000000 0.781265
733.000000 0.787856
734.000000 0.794053
735.000000 0.799819
736.000000 0.805054
737.000000 0.809685
738.000000 0.813706
739.000000 0.817147
740.000000 0.819963
741.000000 0.822102
742.000000 0.823590
743.000000 0.824373
744.000000 0.824411
745.000000 0.823669
746.000000 0.822045
747.000000 0.819471
748.000000 0.816037
749.000000 0.811696
750.000000 0.806237
751.000000 0.799683
752.000000 0.792112
753.000000 0.783371
754.000000 0.773428
755.000000 0.762402
756.000000 0.750303
757.000000 0.737044
758.000000 0.722660
759.000000 0.707206
760.000000 0.690691
761.000000 0.673117
762.000000 0.654708
763.000000 0.635625
764.000000 0.615838
765.000000 0.595205
766.000000 0.573836
767.000000 0.552239
768.000000 0.530772
769.000000 0.509099
770.000000 0.487234
771.000000 0.465621
772.000000 0.444296
773.000000 0.423307
774.000000 0.402654
775.000000 0.382333
776.000000 0.361190
777.000000 0.340145
778.000000 0.320683
779.000000 0.302405
780.000000 0.285074
781.000000 0.268531
782.000000 0.252797
783.000000 0.237800
784.000000 0.223517
785.000000 0.209978
786.000000 0.197174
787.000000 0.185070
788.000000 0.173347
789.000000 0.162257
790.000000 0.152192
791.000000 0.142872
792.000000 0.134154
793.000000 0.125986
794.000000 0.118374
795.000000 0.111225
796.000000 0.104540
797.000000 0.098158
798.000000 0.092101
799.000000 0.086551
800.000000 0.081434
801.000000 0.076759
802.000000 0.072361
803.000000 0.068133
804.000000 0.064039
805.000000 0.060183
806.000000 0.056692
807.000000 0.053486
808.000000 0.050494
809.000000 0.047645
810.000000 0.044834
811.000000 0.042163
812.000000 0.039709
813.000000 0.037405
814.000000 0.035283
815.000000 0.033301
816.000000 0.031399
817.000000 0.029628
818.000000 0.028038
819.000000 0.026553
820.000000 0.025152
821.000000 0.023803
822.000000 0.022506
823.000000 0.021342
824.000000 0.020273
825.000000 0.019240
826.000000 0.018270
827.000000 0.017371
828.000000 0.016558
829.000000 0.015770
830.000000 0.014926
831.000000 0.014137
832.000000 0.013478
833.000000 0.012880
834.000000 0.012284
835.000000 0.011726
836.000000 0.011225
837.000000 0.010743
838.000000 0.010277
839.000000 0.009864
840.000000 0.009524
841.000000 0.009159
842.000000 0.008766
843.000000 0.008439
844.000000 0.008176
845.000000 0.007888
846.000000 0.007561
847.000000 0.007287
848.000000 0.007040
849.000000 0.006791
850.000000 0.006555
851.000000 0.006305
852.000000 0.006041
853.000000 0.005797
854.000000 0.005607
855.000000 0.005395
856.000000 0.005200
857.000000 0.005038
858.000000 0.004855
859.000000 0.004672
860.000000 0.004479
861.000000 0.004328
862.000000 0.004156
863.000000 0.003936
864.000000 0.003720
865.000000 0.003593
866.000000 0.003495
867.000000 0.003349
868.000000 0.003194
869.000000 0.003048
870.000000 0.002881
871.000000 0.002693
872.000000 0.002559
873.000000 0.002458
874.000000 0.002330
875.000000 0.002169
876.000000 0.002045
877.000000 0.001933
878.000000 0.001830
879.000000 0.001731
880.000000 0.001612
881.000000 0.001546
882.000000 0.001472
883.000000 0.001372
884.000000 0.001299
885.000000 0.001243
886.000000 0.001168
887.000000 0.001093
888.000000 0.001020
889.000000 0.000932
890.000000 0.000904
891.000000 0.000847
892.000000 0.000751
893.000000 0.000727
894.000000 0.000736
895.000000 0.000705
896.000000 0.000632
897.000000 0.000546
898.000000 0.000476
899.000000 0.000393
900.000000 0.000312
901.000000 0.000280
902.000000 0.000253
903.000000 0.000243
904.000000 0.000227
905.000000 0.000175
906.000000 0.000096
907.000000 0.000040
908.000000 0.000021
909.000000 -0.000004
910.000000 -0.000023
911.000000 -0.000047
912.000000 -0.000123
913.000000 -0.000232
914.000000 -0.000309
915.000000 -0.000356
916.000000 -0.000413
917.000000 -0.000442
918.000000 -0.000449
919.000000 -0.000447
920.000000 -0.000420
921.000000 -0.000417
922.000000 -0.000422
923.000000 -0.000434
924.000000 -0.000459
925.000000 -0.000464
926.000000 -0.000477
927.000000 -0.000494
928.000000 -0.000523
929.000000 -0.000564
930.000000 -0.000602
931.000000 -0.000635
932.000000 -0.000652
933.000000 -0.000674
934.000000 -0.000681
935.000000 -0.000693
936.000000 -0.000699
937.000000 -0.000672
938.000000 -0.000645
939.000000 -0.000631
940.000000 -0.000640
941.000000 -0.000651
942.000000 -0.000621
943.000000 -0.000567
944.000000 -0.000550
945.000000 -0.000557
946.000000 -0.000567
947.000000 -0.000577
948.000000 -0.000624
949.000000 -0.000666
950.000000 -0.000688
951.000000 -0.000700
952.000000 -0.000701
953.000000 -0.000737
954.000000 -0.000772
955.000000 -0.000766
956.000000 -0.000786
957.000000 -0.000851
958.000000 -0.000886
959.000000 -0.000885
960.000000 -0.000927
961.000000 -0.000969
962.000000 -0.000974
963.000000 -0.000982
964.000000 -0.001006
965.000000 -0.001040
966.000000 -0.001080
967.000000 -0.001090
968.000000 -0.001082
969.000000 -0.001096
970.000000 -0.001139
971.000000 -0.001186
972.000000 -0.001281
973.000000 -0.001316
974.000000 -0.001233
975.000000 -0.001188
976.000000 -0.001179
977.000000 -0.001178
978.000000 -0.001178
979.000000 -0.001188
980.000000 -0.001234
981.000000 -0.001276
982.000000 -0.001296
983.000000 -0.001338
984.000000 -0.001382
985.000000 -0.001412
986.000000 -0.001439
987.000000 -0.001458
988.000000 -0.001452
989.000000 -0.001461
990.000000 -0.001465
991.000000 -0.001442
992.000000 -0.001432
993.000000 -0.001432
994.000000 -0.001466
995.000000 -0.001502
