315.000000 0.105855
316.000000 0.106181
317.000000 0.105648
318.000000 0.105886
319.000000 0.106444
320.000000 0.106587
321.000000 0.107081
322.000000 0.108002
323.000000 0.108974
324.000000 0.109373
325.000000 0.109685
326.000000 0.110288
327.000000 0.110717
328.000000 0.110992
329.000000 0.111474
330.000000 0.111921
331.000000 0.112286
332.000000 0.112814
333.000000 0.113270
334.000000 0.113621
335.000000 0.113906
336.000000 0.114049
337.000000 0.114419
338.000000 0.114644
339.000000 0.114587
340.000000 0.114708
341.000000 0.114918
342.000000 0.115110
343.000000 0.115476
344.000000 0.116177
345.000000 0.116900
346.000000 0.117324
347.000000 0.117544
348.000000 0.117840
349.000000 0.118136
350.000000 0.118435
351.000000 0.118927
352.000000 0.119674
353.000000 0.120297
354.000000 0.120765
355.000000 0.121267
356.000000 0.121730
357.000000 0.122397
358.000000 0.123130
359.000000 0.123754
360.000000 0.124580
361.000000 0.125575
362.000000 0.126700
363.000000 0.127944
364.000000 0.129212
365.000000 0.130594
366.000000 0.131985
367.000000 0.133383
368.000000 0.134823
369.000000 0.136222
370.000000 0.137188
371.000000 0.137902
372.000000 0.139335
373.000000 0.141849
374.000000 0.144426
375.000000 0.146313
376.000000 0.147818
377.000000 0.149259
378.000000 0.151725
379.000000 0.154587
380.000000 0.157257
381.000000 0.160459
382.000000 0.163805
383.000000 0.166753
384.000000 0.169464
385.000000 0.172502
386.000000 0.175708
387.000000 0.178776
388.000000 0.181463
389.000000 0.183679
390.000000 0.185638
391.000000 0.187521
392.000000 0.189326
393.000000 0.190981
394.000000 0.192580
395.000000 0.194084
396.000000 0.195684
397.000000 0.197466
398.000000 0.199481
399.000000 0.201541
400.000000 0.203555
401.000000 0.205960
402.000000 0.208498
403.000000 0.210767
404.000000 0.212975
405.000000 0.215515
406.000000 0.218170
407.000000 0.220559
408.000000 0.222857
409.000000 0.225244
410.000000 0.227773
411.000000 0.230396
412.000000 0.232834
413.000000 0.235175
414.000000 0.237680
415.000000 0.240076
416.000000 0.242297
417.000000 0.244621
418.000000 0.247041
419.000000 0.249268
420.000000 0.251360
421.000000 0.253528
422.000000 0.255566
423.000000 0.257285
424.000000 0.258882
425.000000 0.260246
426.000000 0.261406
427.000000 0.262449
428.000000 0.263253
429.000000 0.263942
430.000000 0.264571
431.000000 0.264806
432.000000 0.264629
433.000000 0.264335
434.000000 0.263885
435.000000 0.263208
436.000000 0.262359
437.000000 0.261386
438.000000 0.260320
439.000000 0.259264
440.000000 0.258100
441.000000 0.256859
442.000000 0.255569
443.000000 0.254261
444.000000 0.252994
445.000000 0.251701
446.000000 0.250349
447.000000 0.248926
448.000000 0.247400
449.000000 0.245800
450.000000 0.244150
451.000000 0.242310
452.000000 0.240291
453.000000 0.238285
454.000000 0.236233
455.000000 0.233961
456.000000 0.231311
457.000000 0.228519
458.000000 0.225753
459.000000 0.222760
460.000000 0.219688
461.000000 0.216526
462.000000 0.213090
463.000000 0.209552
464.000000 0.205917
465.000000 0.202190
466.000000 0.198612
467.000000 0.194998
468.000000 0.191376
469.000000 0.187708
470.000000 0.184034
471.000000 0.180637
472.000000 0.177240
473.000000 0.173944
474.000000 0.170829
475.000000 0.167847
476.000000 0.165131
477.000000 0.162572
478.000000 0.160180
479.000000 0.157946
480.000000 0.155973
481.000000 0.154277
482.000000 0.152657
483.000000 0.151267
484.000000 0.150081
485.000000 0.149004
486.000000 0.148067
487.000000 0.147232
488.000000 0.146565
489.000000 0.146362
490.000000 0.146131
491.000000 0.145937
492.000000 0.145896
493.000000 0.145934
494.000000 0.146232
495.000000 0.146399
496.000000 0.146689
497.000000 0.147174
498.000000 0.147683
499.000000 0.148127
500.000000 0.148641
501.000000 0.149090
502.000000 0.149360
503.000000 0.149969
504.000000 0.150870
505.000000 0.151855
506.000000 0.152850
507.000000 0.153756
508.000000 0.154659
509.000000 0.155588
510.000000 0.156646
511.000000 0.157652
512.000000 0.158387
513.000000 0.159222
514.000000 0.160022
515.000000 0.160727
516.000000 0.161495
517.000000 0.162443
518.000000 0.163587
519.000000 0.164561
520.000000 0.165616
521.000000 0.166882
522.000000 0.167910
523.000000 0.168828
524.000000 0.170060
525.000000 0.171190
526.000000 0.172028
527.000000 0.172956
528.000000 0.174037
529.000000 0.175147
530.000000 0.176391
531.000000 0.177368
532.000000 0.177971
533.000000 0.178674
534.000000 0.179489
535.000000 0.180509
536.000000 0.181902
537.000000 0.183297
538.000000 0.184215
539.000000 0.185097
540.000000 0.185974
541.000000 0.186550
542.000000 0.186971
543.000000 0.187665
544.000000 0.188538
545.000000 0.189335
546.000000 0.190203
547.000000 0.190719
548.000000 0.191033
549.000000 0.191435
550.000000 0.191801
551.000000 0.192052
552.000000 0.192176
553.000000 0.192225
554.000000 0.192436
555.000000 0.192652
556.000000 0.192669
557.000000 0.192739
558.000000 0.192720
559.000000 0.192506
560.000000 0.192262
561.000000 0.192069
562.000000 0.191971
563.000000 0.191647
564.000000 0.191268
565.000000 0.191014
566.000000 0.190573
567.000000 0.190083
568.000000 0.189810
569.000000 0.189657
570.000000 0.189495
571.000000 0.189381
572.000000 0.189087
573.000000 0.188669
574.000000 0.188337
575.000000 0.187890
576.000000 0.187495
577.000000 0.187405
578.000000 0.187258
579.000000 0.186962
580.000000 0.186717
581.000000 0.186467
582.000000 0.186060
583.000000 0.185635
584.000000 0.185181
585.000000 0.184619
586.000000 0.184105
587.000000 0.183740
588.000000 0.183362
589.000000 0.182843
590.000000 0.182338
591.000000 0.181864
592.000000 0.181362
593.000000 0.180840
594.000000 0.180170
595.000000 0.179434
596.000000 0.178797
597.000000 0.178174
598.000000 0.177605
599.000000 0.177024
600.000000 0.176390
601.000000 0.175798
602.000000 0.175212
603.000000 0.174545
604.000000 0.173921
605.000000 0.173406
606.000000 0.172890
607.000000 0.172429
608.000000 0.172021
609.000000 0.171603
610.000000 0.171254
611.000000 0.170979
612.000000 0.170859
613.000000 0.170886
614.000000 0.170997
615.000000 0.171173
616.000000 0.171409
617.000000 0.171753
618.000000 0.172217
619.000000 0.172843
620.000000 0.173670
621.000000 0.174651
622.000000 0.175685
623.000000 0.176840
624.000000 0.178212
625.000000 0.179669
626.000000 0.181267
627.000000 0.183112
628.000000 0.184984
629.000000 0.186882
630.000000 0.188990
631.000000 0.191327
632.000000 0.193727
633.000000 0.196173
634.000000 0.198840
635.000000 0.201573
636.000000 0.204315
637.000000 0.207162
638.000000 0.209937
639.000000 0.212660
640.000000 0.215477
641.000000 0.218311
642.000000 0.220979
643.000000 0.223597
644.000000 0.226260
645.000000 0.228757
646.000000 0.231199
647.000000 0.233671
648.000000 0.236075
649.000000 0.238384
650.000000 0.240680
651.000000 0.243001
652.000000 0.245302
653.000000 0.247546
654.000000 0.249803
655.000000 0.252179
656.000000 0.254637
657.000000 0.257010
658.000000 0.259431
659.000000 0.262080
660.000000 0.264855
661.000000 0.267617
662.000000 0.270406
663.000000 0.273434
664.000000 0.276656
665.000000 0.279826
666.000000 0.282993
667.000000 0.286321
668.000000 0.289720
669.000000 0.292985
670.000000 0.296169
671.000000 0.299449
672.000000 0.302718
673.000000 0.305964
674.000000 0.309036
675.000000 0.311999
676.000000 0.315018
677.000000 0.318011
678.000000 0.320894
679.000000 0.323484
680.000000 0.325889
681.000000 0.328224
682.000000 0.330447
683.000000 0.332617
684.000000 0.334627
685.000000 0.336458
686.000000 0.338191
687.000000 0.339788
688.000000 0.341322
689.000000 0.342832
690.000000 0.344270
691.000000 0.345706
692.000000 0.347240
693.000000 0.348905
694.000000 0.350753
695.000000 0.352786
696.000000 0.354922
697.000000 0.357271
698.000000 0.359983
699.000000 0.363105
700.000000 0.366649
701.000000 0.370589
702.000000 0.374755
703.000000 0.379298
704.000000 0.384459
705.000000 0.390136
706.000000 0.396280
707.000000 0.402958
708.000000 0.410145
709.000000 0.417814
710.000000 0.425680
711.000000 0.433803
712.000000 0.442500
713.000000 0.451630
714.000000 0.461079
715.000000 0.470773
716.000000 0.480630
717.000000 0.490616
718.000000 0.500770
719.000000 0.510477
720.000000 0.519869
721.000000 0.529471
722.000000 0.539025
723.000000 0.548329
724.000000 0.557306
725.000000 0.565945
726.000000 0.574214
727.000000 0.582153
728.000000 0.589724
729.000000 0.596893
730.000000 0.603574
731.000000 0.609409
732.000000 0.614653
733.000000 0.619749
734.000000 0.624564
735.000000 0.629004
736.000000 0.632974
737.000000 0.636487
738.000000 0.639478
739.000000 0.641912
740.000000 0.643922
741.000000 0.645517
742.000000 0.646593
743.000000 0.647132
744.000000 0.647128
745.000000 0.646462
746.000000 0.645036
747.000000 0.642877
748.000000 0.640088
749.000000 0.636642
750.000000 0.632398
751.000000 0.627255
752.000000 0.621274
753.000000 0.614465
754.000000 0.606708
755.000000 0.598051
756.000000 0.588603
757.000000 0.578301
758.000000 0.567157
759.000000 0.555204
760.000000 0.542457
761.000000 0.528876
762.000000 0.514600
763.000000 0.499753
764.000000 0.484309
765.000000 0.468276
766.000000 0.451800
767.000000 0.435208
768.000000 0.418562
769.000000 0.401771
770.000000 0.384905
771.000000 0.368125
772.000000 0.351609
773.000000 0.335355
774.000000 0.319313
775.000000 0.303483
776.000000 0.287009
777.000000 0.270629
778.000000 0.255577
779.000000 0.241461
780.000000 0.227993
781.000000 0.215165
782.000000 0.202974
783.000000 0.191336
784.000000 0.180249
785.000000 0.169741
786.000000 0.159774
787.000000 0.150367
788.000000 0.141234
789.000000 0.132572
790.000000 0.124681
791.000000 0.117335
792.000000 0.110478
793.000000 0.104025
794.000000 0.098017
795.000000 0.092404
796.000000 0.087105
797.000000 0.082019
798.000000 0.077236
799.000000 0.072807
800.000000 0.068703
801.000000 0.064978
802.000000 0.061416
803.000000 0.058017
804.000000 0.054733
805.000000 0.051547
806.000000 0.048655
807.000000 0.045990
808.000000 0.043501
809.000000 0.041128
810.000000 0.038773
811.000000 0.036535
812.000000 0.034480
813.000000 0.032572
814.000000 0.030778
815.000000 0.029071
816.000000 0.027435
817.000000 0.025865
818.000000 0.024452
819.000000 0.023186
820.000000 0.022020
821.000000 0.020899
822.000000 0.019822
823.000000 0.018839
824.000000 0.017890
825.000000 0.017003
826.000000 0.016160
827.000000 0.015358
828.000000 0.014670
829.000000 0.014023
830.000000 0.013351
831.000000 0.012699
832.000000 0.012122
833.000000 0.011604
834.000000 0.011078
835.000000 0.010575
836.000000 0.010120
837.000000 0.009683
838.000000 0.009281
839.000000 0.008937
840.000000 0.008661
841.000000 0.008324
842.000000 0.007911
843.000000 0.007563
844.000000 0.007312
845.000000 0.007064
846.000000 0.006797
847.000000 0.006572
848.000000 0.006353
849.000000 0.006139
850.000000 0.005956
851.000000 0.005747
852.000000 0.005498
853.000000 0.005274
854.000000 0.005089
855.000000 0.004877
856.000000 0.004688
857.000000 0.004510
858.000000 0.004324
859.000000 0.004170
860.000000 0.003990
861.000000 0.003834
862.000000 0.003681
863.000000 0.003498
864.000000 0.003325
865.000000 0.003221
866.000000 0.003090
867.000000 0.002906
868.000000 0.002774
869.000000 0.002628
870.000000 0.002439
871.000000 0.002259
872.000000 0.002170
873.000000 0.002100
874.000000 0.001971
875.000000 0.001842
876.000000 0.001732
877.000000 0.001609
878.000000 0.001530
879.000000 0.001441
880.000000 0.001324
881.000000 0.001263
882.000000 0.001164
883.000000 0.001071
884.000000 0.001064
885.000000 0.001057
886.000000 0.000992
887.000000 0.000898
888.000000 0.000823
889.000000 0.000783
890.000000 0.000762
891.000000 0.000671
892.000000 0.000551
893.000000 0.000487
894.000000 0.000430
895.000000 0.000401
896.000000 0.000400
897.000000 0.000377
898.000000 0.000356
899.000000 0.000308
900.000000 0.000238
901.000000 0.000190
902.000000 0.000142
903.000000 0.000092
904.000000 0.000052
905.000000 0.000019
906.000000 -0.000030
907.000000 -0.000076
908.000000 -0.000090
909.000000 -0.000116
910.000000 -0.000138
911.000000 -0.000169
912.000000 -0.000251
913.000000 -0.000326
914.000000 -0.000341
915.000000 -0.000326
916.000000 -0.000301
917.000000 -0.000292
918.000000 -0.000345
919.000000 -0.000410
920.000000 -0.000442
921.000000 -0.000477
922.000000 -0.000520
923.000000 -0.000558
924.000000 -0.000574
925.000000 -0.000596
926.000000 -0.000628
927.000000 -0.000618
928.000000 -0.000631
929.000000 -0.000672
930.000000 -0.000664
931.000000 -0.000658
932.000000 -0.000704
933.000000 -0.000730
934.000000 -0.000704
935.000000 -0.000698
936.000000 -0.000707
937.000000 -0.000714
938.000000 -0.000710
939.000000 -0.000690
940.000000 -0.000685
941.000000 -0.000664
942.000000 -0.000656
943.000000 -0.000651
944.000000 -0.000644
945.000000 -0.000661
946.000000 -0.000658
947.000000 -0.000652
948.000000 -0.000678
949.000000 -0.000709
950.000000 -0.000728
951.000000 -0.000749
952.000000 -0.000783
953.000000 -0.000808
954.000000 -0.000836
955.000000 -0.000857
956.000000 -0.000873
957.000000 -0.000913
958.000000 -0.000937
959.000000 -0.000949
960.000000 -0.000998
961.000000 -0.001045
962.000000 -0.001066
963.000000 -0.001077
964.000000 -0.001092
965.000000 -0.001109
966.000000 -0.001137
967.000000 -0.001157
968.000000 -0.001156
969.000000 -0.001160
970.000000 -0.001182
971.000000 -0.001220
972.000000 -0.001332
973.000000 -0.001392
974.000000 -0.001310
975.000000 -0.001263
976.000000 -0.001258
977.000000 -0.001245
978.000000 -0.001250
979.000000 -0.001282
980.000000 -0.001350
981.000000 -0.001412
982.000000 -0.001437
983.000000 -0.001506
984.000000 -0.001551
985.000000 -0.001542
986.000000 -0.001543
987.000000 -0.001561
988.000000 -0.001552
989.000000 -0.001531
990.000000 -0.001531
991.000000 -0.001524
992.000000 -0.001526
993.000000 -0.001560
994.000000 -0.001588
995.000000 -0.001588
