315.000000 0.112132
316.000000 0.113165
317.000000 0.113561
318.000000 0.114533
319.000000 0.115255
320.000000 0.115316
321.000000 0.115281
322.000000 0.115420
323.000000 0.115762
324.000000 0.116413
325.000000 0.117221
326.000000 0.117886
327.000000 0.118354
328.000000 0.118920
329.000000 0.119592
330.000000 0.120153
331.000000 0.120710
332.000000 0.121506
333.000000 0.122049
334.000000 0.122338
335.000000 0.122347
336.000000 0.122251
337.000000 0.122613
338.000000 0.122904
339.000000 0.122840
340.000000 0.123019
341.000000 0.123247
342.000000 0.123469
343.000000 0.123999
344.000000 0.124524
345.000000 0.124971
346.000000 0.125298
347.000000 0.125490
348.000000 0.125714
349.000000 0.125877
350.000000 0.126141
351.000000 0.126695
352.000000 0.127507
353.000000 0.128192
354.000000 0.128642
355.000000 0.128744
356.000000 0.128862
357.000000 0.129425
358.000000 0.130004
359.000000 0.130593
360.000000 0.131424
361.000000 0.132298
362.000000 0.133156
363.000000 0.134268
364.000000 0.135621
365.000000 0.137006
366.000000 0.138332
367.000000 0.139674
368.000000 0.141038
369.000000 0.142449
370.000000 0.143884
371.000000 0.145130
372.000000 0.146465
373.000000 0.148311
374.000000 0.150613
375.000000 0.152799
376.000000 0.154832
377.000000 0.156904
378.000000 0.159308
379.000000 0.161810
380.000000 0.164304
381.000000 0.167603
382.000000 0.171103
383.000000 0.173936
384.000000 0.176656
385.000000 0.179567
386.000000 0.182522
387.000000 0.185602
388.000000 0.188533
389.000000 0.191183
390.000000 0.193668
391.000000 0.196108
392.000000 0.198204
393.000000 0.200126
394.000000 0.202400
395.000000 0.204828
396.000000 0.207167
397.000000 0.209490
398.000000 0.212100
399.000000 0.214767
400.000000 0.217460
401.000000 0.220561
402.000000 0.223671
403.000000 0.226512
404.000000 0.229211
405.000000 0.232139
406.000000 0.235106
407.000000 0.237902
408.000000 0.240809
409.000000 0.243708
410.000000 0.246478
411.000000 0.249499
412.000000 0.252388
413.000000 0.255073
414.000000 0.258114
415.000000 0.261042
416.000000 0.263667
417.000000 0.266291
418.000000 0.269053
419.000000 0.271842
420.000000 0.274404
421.000000 0.276855
422.000000 0.279055
423.000000 0.281201
424.000000 0.283302
425.000000 0.284988
426.000000 0.286434
427.000000 0.287679
428.000000 0.288722
429.000000 0.289521
430.000000 0.290113
431.000000 0.290426
432.000000 0.290587
433.000000 0.290593
434.000000 0.290287
435.000000 0.289745
436.000000 0.289078
437.000000 0.288265
438.000000 0.287336
439.000000 0.286417
440.000000 0.285451
441.000000 0.284400
442.000000 0.283293
443.000000 0.282127
444.000000 0.280862
445.000000 0.279628
446.000000 0.278274
447.000000 0.276839
448.000000 0.275309
449.000000 0.273604
450.000000 0.271869
451.000000 0.269921
452.000000 0.267690
453.000000 0.265519
454.000000 0.263355
455.000000 0.260887
456.000000 0.257987
457.000000 0.254895
458.000000 0.251902
459.000000 0.248578
460.000000 0.245068
461.000000 0.241622
462.000000 0.237910
463.000000 0.233984
464.000000 0.229840
465.000000 0.225548
466.000000 0.221550
467.000000 0.217545
468.000000 0.213435
469.000000 0.209325
470.000000 0.205262
471.000000 0.201501
472.000000 0.197730
473.000000 0.194062
474.000000 0.190569
475.000000 0.187274
476.000000 0.184280
477.000000 0.181348
478.000000 0.178632
479.000000 0.176199
480.000000 0.174013
481.000000 0.172004
482.000000 0.170095
483.000000 0.168491
484.000000 0.167148
485.000000 0.165940
486.000000 0.164901
487.000000 0.163986
488.000000 0.163230
489.000000 0.163019
490.000000 0.162829
491.000000 0.162365
492.000000 0.162199
493.000000 0.162409
494.000000 0.162666
495.000000 0.162909
496.000000 0.163329
497.000000 0.163738
498.000000 0.164249
499.000000 0.164706
500.000000 0.165248
501.000000 0.165913
502.000000 0.166195
503.000000 0.166471
504.000000 0.167264
505.000000 0.168460
506.000000 0.169551
507.000000 0.170516
508.000000 0.171321
509.000000 0.172018
510.000000 0.172979
511.000000 0.174294
512.000000 0.175411
513.000000 0.176289
514.000000 0.177166
515.000000 0.177924
516.000000 0.178658
517.000000 0.179505
518.000000 0.180673
519.000000 0.181882
520.000000 0.183103
521.000000 0.184285
522.000000 0.185248
523.000000 0.186337
524.000000 0.187551
525.000000 0.188755
526.000000 0.189861
527.000000 0.190937
528.000000 0.192179
529.000000 0.193345
530.000000 0.194502
531.000000 0.195564
532.000000 0.196272
533.000000 0.197030
534.000000 0.197873
535.000000 0.198314
536.000000 0.199343
537.000000 0.201003
538.000000 0.202139
539.000000 0.202904
540.000000 0.203903
541.000000 0.204898
542.000000 0.205676
543.000000 0.206345
544.000000 0.206853
545.000000 0.207685
546.000000 0.208183
547.000000 0.208155
548.000000 0.208471
549.000000 0.208926
550.000000 0.209119
551.000000 0.209065
552.000000 0.208987
553.000000 0.208952
554.000000 0.208978
555.000000 0.208899
556.000000 0.208586
557.000000 0.208282
558.000000 0.208094
559.000000 0.207823
560.000000 0.207364
561.000000 0.206883
562.000000 0.206622
563.000000 0.206112
564.000000 0.205367
565.000000 0.204800
566.000000 0.204292
567.000000 0.203841
568.000000 0.203419
569.000000 0.202944
570.000000 0.202439
571.000000 0.201919
572.000000 0.201198
573.000000 0.200378
574.000000 0.199683
575.000000 0.199074
576.000000 0.198605
577.000000 0.198256
578.000000 0.197735
579.000000 0.197044
580.000000 0.196301
581.000000 0.195518
582.000000 0.194655
583.000000 0.193777
584.000000 0.192942
585.000000 0.192111
586.000000 0.191237
587.000000 0.190419
588.000000 0.189509
589.000000 0.188530
590.000000 0.187566
591.000000 0.186551
592.000000 0.185502
593.000000 0.184487
594.000000 0.183490
595.000000 0.182318
596.000000 0.181055
597.000000 0.179868
598.000000 0.178747
599.000000 0.177537
600.000000 0.176291
601.000000 0.175019
602.000000 0.173804
603.000000 0.172644
604.000000 0.171419
605.000000 0.170303
606.000000 0.169286
607.000000 0.168187
608.000000 0.167100
609.000000 0.166161
610.000000 0.165258
611.000000 0.164313
612.000000 0.163457
613.000000 0.162778
614.000000 0.162232
615.000000 0.161771
616.000000 0.161385
617.000000 0.161120
618.000000 0.160988
619.000000 0.160984
620.000000 0.161091
621.000000 0.161390
622.000000 0.161851
623.000000 0.162392
624.000000 0.163111
625.000000 0.163960
626.000000 0.164965
627.000000 0.166170
628.000000 0.167409
629.000000 0.168694
630.000000 0.170187
631.000000 0.171856
632.000000 0.173573
633.000000 0.175372
634.000000 0.177318
635.000000 0.179269
636.000000 0.181249
637.000000 0.183364
638.000000 0.185413
639.000000 0.187373
640.000000 0.189373
641.000000 0.191322
642.000000 0.193123
643.000000 0.194865
644.000000 0.196566
645.000000 0.198139
646.000000 0.199637
647.000000 0.201086
648.000000 0.202479
649.000000 0.203755
650.000000 0.204966
651.000000 0.206163
652.000000 0.207296
653.000000 0.208363
654.000000 0.209476
655.000000 0.210637
656.000000 0.211812
657.000000 0.212996
658.000000 0.214212
659.000000 0.215554
660.000000 0.217003
661.000000 0.218496
662.000000 0.220038
663.000000 0.221733
664.000000 0.223625
665.000000 0.225539
666.000000 0.227482
667.000000 0.229545
668.000000 0.231670
669.000000 0.233774
670.000000 0.235905
671.000000 0.238138
672.000000 0.240397
673.000000 0.242640
674.000000 0.244762
675.000000 0.246847
676.000000 0.248926
677.000000 0.250963
678.000000 0.252998
679.000000 0.254858
680.000000 0.256538
681.000000 0.258183
682.000000 0.259777
683.000000 0.261279
684.000000 0.262669
685.000000 0.263982
686.000000 0.265249
687.000000 0.266472
688.000000 0.267652
689.000000 0.268818
690.000000 0.269907
691.000000 0.270956
692.000000 0.272126
693.000000 0.273418
694.000000 0.274825
695.000000 0.276346
696.000000 0.277953
697.000000 0.279769
698.000000 0.281909
699.000000 0.284317
700.000000 0.286961
701.000000 0.289950
702.000000 0.293207
703.000000 0.296742
704.000000 0.300737
705.000000 0.305172
706.000000 0.309943
707.000000 0.315014
708.000000 0.320512
709.000000 0.326419
710.000000 0.332418
711.000000 0.338640
712.000000 0.345349
713.000000 0.352392
714.000000 0.359668
715.000000 0.367088
716.000000 0.374702
717.000000 0.382528
718.000000 0.390433
719.000000 0.398002
720.000000 0.405372
721.000000 0.412879
722.000000 0.420366
723.000000 0.427639
724.000000 0.434706
725.000000 0.441579
726.000000 0.448134
727.000000 0.454449
728.000000 0.460534
729.000000 0.466297
730.000000 0.471683
731.000000 0.476489
732.000000 0.480891
733.000000 0.485156
734.000000 0.489162
735.000000 0.492853
736.000000 0.496135
737.000000 0.499068
738.000000 0.501650
739.000000 0.503837
740.000000 0.505706
741.000000 0.507191
742.000000 0.508169
743.000000 0.508668
744.000000 0.508722
745.000000 0.508328
746.000000 0.507383
747.000000 0.505827
748.000000 0.503729
749.000000 0.501066
750.000000 0.497785
751.000000 0.493780
752.000000 0.489069
753.000000 0.483704
754.000000 0.477651
755.000000 0.470952
756.000000 0.463626
757.000000 0.455616
758.000000 0.446955
759.000000 0.437667
760.000000 0.427736
761.000000 0.417147
762.000000 0.406024
763.000000 0.394502
764.000000 0.382521
765.000000 0.370054
766.000000 0.357260
767.000000 0.344340
768.000000 0.331416
769.000000 0.318421
770.000000 0.305356
771.000000 0.292372
772.000000 0.279575
773.000000 0.266969
774.000000 0.254531
775.000000 0.242300
776.000000 0.229532
777.000000 0.216836
778.000000 0.205215
779.000000 0.194295
780.000000 0.183910
781.000000 0.173964
782.000000 0.164483
783.000000 0.155475
784.000000 0.146878
785.000000 0.138779
786.000000 0.131060
787.000000 0.123637
788.000000 0.116429
789.000000 0.109608
790.000000 0.103394
791.000000 0.097612
792.000000 0.092195
793.000000 0.087091
794.000000 0.082335
795.000000 0.077922
796.000000 0.073849
797.000000 0.070044
798.000000 0.066349
799.000000 0.062623
800.000000 0.059038
801.000000 0.055835
802.000000 0.052895
803.000000 0.050119
804.000000 0.047402
805.000000 0.044817
806.000000 0.042456
807.000000 0.040205
808.000000 0.038064
809.000000 0.036044
810.000000 0.034045
811.000000 0.032171
812.000000 0.030504
813.000000 0.028899
814.000000 0.027358
815.000000 0.025889
816.000000 0.024492
817.000000 0.023189
818.000000 0.021971
819.000000 0.020820
820.000000 0.019723
821.000000 0.018678
822.000000 0.017712
823.000000 0.016831
824.000000 0.015994
825.000000 0.015214
826.000000 0.014510
827.000000 0.013876
828.000000 0.013305
829.000000 0.012694
830.000000 0.012030
831.000000 0.011423
832.000000 0.010935
833.000000 0.010490
834.000000 0.010005
835.000000 0.009560
836.000000 0.009197
837.000000 0.008866
838.000000 0.008523
839.000000 0.008194
840.000000 0.007910
841.000000 0.007593
842.000000 0.007251
843.000000 0.006972
844.000000 0.006743
845.000000 0.006499
846.000000 0.006256
847.000000 0.006033
848.000000 0.005793
849.000000 0.005615
850.000000 0.005456
851.000000 0.005265
852.000000 0.005065
853.000000 0.004872
854.000000 0.004709
855.000000 0.004533
856.000000 0.004378
857.000000 0.004217
858.000000 0.004015
859.000000 0.003833
860.000000 0.003674
861.000000 0.003526
862.000000 0.003366
863.000000 0.003190
864.000000 0.003032
865.000000 0.002937
866.000000 0.002808
867.000000 0.002659
868.000000 0.002557
869.000000 0.002430
870.000000 0.002308
871.000000 0.002182
872.000000 0.002045
873.000000 0.001937
874.000000 0.001821
875.000000 0.001703
876.000000 0.001627
877.000000 0.001535
878.000000 0.001438
879.000000 0.001347
880.000000 0.001226
881.000000 0.001138
882.000000 0.001049
883.000000 0.000960
884.000000 0.000920
885.000000 0.000896
886.000000 0.000844
887.000000 0.000764
888.000000 0.000700
889.000000 0.000663
890.000000 0.000633
891.000000 0.000572
892.000000 0.000488
893.000000 0.000418
894.000000 0.000379
895.000000 0.000390
896.000000 0.000405
897.000000 0.000369
898.000000 0.000320
899.000000 0.000252
900.000000 0.000174
901.000000 0.000150
902.000000 0.000136
903.000000 0.000113
904.000000 0.000080
905.000000 0.000023
906.000000 -0.000033
907.000000 -0.000062
908.000000 -0.000080
909.000000 -0.000118
910.000000 -0.000166
911.000000 -0.000224
912.000000 -0.000308
913.000000 -0.000382
914.000000 -0.000394
915.000000 -0.000421
916.000000 -0.000465
917.000000 -0.000480
918.000000 -0.000492
919.000000 -0.000500
920.000000 -0.000504
921.000000 -0.000518
922.000000 -0.000522
923.000000 -0.000529
924.000000 -0.000539
925.000000 -0.000541
926.000000 -0.000558
927.000000 -0.000570
928.000000 -0.000604
929.000000 -0.000646
930.000000 -0.000662
931.000000 -0.000663
932.000000 -0.000690
933.000000 -0.000735
934.000000 -0.000739
935.000000 -0.000715
936.000000 -0.000701
937.000000 -0.000694
938.000000 -0.000685
939.000000 -0.000691
940.000000 -0.000698
941.000000 -0.000675
942.000000 -0.000665
943.000000 -0.000649
944.000000 -0.000626
945.000000 -0.000631
946.000000 -0.000636
947.000000 -0.000644
948.000000 -0.000703
949.000000 -0.000776
950.000000 -0.000804
951.000000 -0.000788
952.000000 -0.000757
953.000000 -0.000783
954.000000 -0.000826
955.000000 -0.000845
956.000000 -0.000878
957.000000 -0.000926
958.000000 -0.000945
959.000000 -0.000946
960.000000 -0.000977
961.000000 -0.001010
962.000000 -0.001026
963.000000 -0.001026
964.000000 -0.001037
965.000000 -0.001077
966.000000 -0.001124
967.000000 -0.001167
968.000000 -0.001194
969.000000 -0.001197
970.000000 -0.001199
971.000000 -0.001228
972.000000 -0.001338
973.000000 -0.001392
974.000000 -0.001315
975.000000 -0.001285
976.000000 -0.001288
977.000000 -0.001247
978.000000 -0.001233
979.000000 -0.001286
980.000000 -0.001351
981.000000 -0.001391
982.000000 -0.001425
983.000000 -0.001461
984.000000 -0.001488
985.000000 -0.001519
986.000000 -0.001517
987.000000 -0.001517
988.000000 -0.001518
989.000000 -0.001522
990.000000 -0.001541
991.000000 -0.001559
992.000000 -0.001556
993.000000 -0.001558
994.000000 -0.001615
995.000000 -0.001670
