315.000000 0.116123
316.000000 0.115903
317.000000 0.115740
318.000000 0.116264
319.000000 0.117290
320.000000 0.117562
321.000000 0.117670
322.000000 0.118253
323.000000 0.119204
324.000000 0.119975
325.000000 0.120898
326.000000 0.121608
327.000000 0.121809
328.000000 0.122076
329.000000 0.122512
330.000000 0.123428
331.000000 0.124578
332.000000 0.125296
333.000000 0.125393
334.000000 0.125793
335.000000 0.126635
336.000000 0.127192
337.000000 0.127470
338.000000 0.127538
339.000000 0.127359
340.000000 0.127563
341.000000 0.127916
342.000000 0.128038
343.000000 0.128348
344.000000 0.128982
345.000000 0.129357
346.000000 0.129569
347.000000 0.129957
348.000000 0.130321
349.000000 0.130638
350.000000 0.130994
351.000000 0.131540
352.000000 0.132179
353.000000 0.132629
354.000000 0.132946
355.000000 0.133397
356.000000 0.133975
357.000000 0.134572
358.000000 0.135157
359.000000 0.135966
360.000000 0.136855
361.000000 0.137665
362.000000 0.138471
363.000000 0.139525
364.000000 0.140830
365.000000 0.142147
366.000000 0.143511
367.000000 0.144855
368.000000 0.146266
369.000000 0.147688
370.000000 0.148902
371.000000 0.150127
372.000000 0.151664
373.000000 0.153412
374.000000 0.155377
375.000000 0.157468
376.000000 0.159564
377.000000 0.161642
378.000000 0.163864
379.000000 0.166346
380.000000 0.169050
381.000000 0.172140
382.000000 0.175476
383.000000 0.178544
384.000000 0.181270
385.000000 0.184136
386.000000 0.187288
387.000000 0.190410
388.000000 0.193277
389.000000 0.196134
390.000000 0.199182
391.000000 0.202169
392.000000 0.204943
393.000000 0.207640
394.000000 0.210205
395.000000 0.212831
396.000000 0.215657
397.000000 0.218401
398.000000 0.221383
399.000000 0.224564
400.000000 0.227699
401.000000 0.231057
402.000000 0.234413
403.000000 0.237412
404.000000 0.240385
405.000000 0.243801
406.000000 0.247332
407.000000 0.250569
408.000000 0.253726
409.000000 0.256926
410.000000 0.260066
411.000000 0.263294
412.000000 0.266453
413.000000 0.269522
414.000000 0.272776
415.000000 0.275944
416.000000 0.278972
417.000000 0.281995
418.000000 0.284942
419.000000 0.287807
420.000000 0.290649
421.000000 0.293210
422.000000 0.295591
423.000000 0.298117
424.000000 0.300442
425.000000 0.302298
426.000000 0.303982
427.000000 0.305575
428.000000 0.306880
429.000000 0.307920
430.000000 0.308729
431.000000 0.309330
432.000000 0.309702
433.000000 0.309697
434.000000 0.309445
435.000000 0.309025
436.000000 0.308532
437.000000 0.307953
438.000000 0.307215
439.000000 0.306344
440.000000 0.305358
441.000000 0.304382
442.000000 0.303347
443.000000 0.302216
444.000000 0.300989
445.000000 0.299711
446.000000 0.298292
447.000000 0.296779
448.000000 0.295201
449.000000 0.293495
450.000000 0.291739
451.000000 0.289748
452.000000 0.287444
453.000000 0.285137
454.000000 0.282742
455.000000 0.280097
456.000000 0.277090
457.000000 0.273850
458.000000 0.270616
459.000000 0.267066
460.000000 0.263294
461.000000 0.259502
462.000000 0.255463
463.000000 0.251263
464.000000 0.246902
465.000000 0.242381
466.000000 0.238049
467.000000 0.233661
468.000000 0.229273
469.000000 0.224896
470.000000 0.220516
471.000000 0.216466
472.000000 0.212411
473.000000 0.208480
474.000000 0.204776
475.000000 0.201215
476.000000 0.197974
477.000000 0.194852
478.000000 0.191903
479.000000 0.189249
480.000000 0.186850
481.000000 0.184646
482.000000 0.182622
483.000000 0.180924
484.000000 0.179432
485.000000 0.178084
486.000000 0.176951
487.000000 0.175961
488.000000 0.175084
489.000000 0.174488
490.000000 0.173820
491.000000 0.173314
492.000000 0.173189
493.000000 0.173158
494.000000 0.173264
495.000000 0.173376
496.000000 0.173638
497.000000 0.174070
498.000000 0.174743
499.000000 0.175403
500.000000 0.176155
501.000000 0.177029
502.000000 0.177491
503.000000 0.178109
504.000000 0.179014
505.000000 0.179983
506.000000 0.180981
507.000000 0.181814
508.000000 0.182621
509.000000 0.183592
510.000000 0.184541
511.000000 0.185270
512.000000 0.185826
513.000000 0.186703
514.000000 0.187746
515.000000 0.188746
516.000000 0.189739
517.000000 0.190592
518.000000 0.191678
519.000000 0.192849
520.000000 0.193971
521.000000 0.195157
522.000000 0.196342
523.000000 0.197452
524.000000 0.198603
525.000000 0.199515
526.000000 0.200293
527.000000 0.201245
528.000000 0.202296
529.000000 0.203651
530.000000 0.205166
531.000000 0.206348
532.000000 0.207097
533.000000 0.208044
534.000000 0.209159
535.000000 0.210044
536.000000 0.211110
537.000000 0.212329
538.000000 0.213316
539.000000 0.213943
540.000000 0.214669
541.000000 0.215678
542.000000 0.216211
543.000000 0.216395
544.000000 0.216970
545.000000 0.217800
546.000000 0.218376
547.000000 0.218494
548.000000 0.218564
549.000000 0.218810
550.000000 0.219022
551.000000 0.218998
552.000000 0.218770
553.000000 0.218626
554.000000 0.218656
555.000000 0.218662
556.000000 0.218533
557.000000 0.218342
558.000000 0.218078
559.000000 0.217666
560.000000 0.216994
561.000000 0.216395
562.000000 0.216000
563.000000 0.215288
564.000000 0.214414
565.000000 0.213620
566.000000 0.212824
567.000000 0.212036
568.000000 0.211379
569.000000 0.210763
570.000000 0.210097
571.000000 0.209305
572.000000 0.208396
573.000000 0.207498
574.000000 0.206666
575.000000 0.205826
576.000000 0.204943
577.000000 0.204117
578.000000 0.203299
579.000000 0.202411
580.000000 0.201575
581.000000 0.200720
582.000000 0.199647
583.000000 0.198555
584.000000 0.197516
585.000000 0.196460
586.000000 0.195211
587.000000 0.194037
588.000000 0.192905
589.000000 0.191660
590.000000 0.190419
591.000000 0.189038
592.000000 0.187672
593.000000 0.186237
594.000000 0.184615
595.000000 0.183007
596.000000 0.181380
597.000000 0.179798
598.000000 0.178331
599.000000 0.176761
600.000000 0.175082
601.000000 0.173415
602.000000 0.171828
603.000000 0.170297
604.000000 0.168715
605.000000 0.167169
606.000000 0.165703
607.000000 0.164258
608.000000 0.162820
609.000000 0.161339
610.000000 0.159874
611.000000 0.158536
612.000000 0.157368
613.000000 0.156374
614.000000 0.155549
615.000000 0.154739
616.000000 0.153761
617.000000 0.152862
618.000000 0.152200
619.000000 0.151742
620.000000 0.151495
621.000000 0.151373
622.000000 0.151360
623.000000 0.151440
624.000000 0.151681
625.000000 0.152086
626.000000 0.152605
627.000000 0.153275
628.000000 0.154053
629.000000 0.154885
630.000000 0.155941
631.000000 0.157249
632.000000 0.158536
633.000000 0.159763
634.000000 0.161093
635.000000 0.162526
636.000000 0.163958
637.000000 0.165379
638.000000 0.166744
639.000000 0.168103
640.000000 0.169479
641.000000 0.170776
642.000000 0.171964
643.000000 0.172993
644.000000 0.173926
645.000000 0.174731
646.000000 0.175401
647.000000 0.175982
648.000000 0.176490
649.000000 0.176924
650.000000 0.177271
651.000000 0.177558
652.000000 0.177739
653.000000 0.177914
654.000000 0.178117
655.000000 0.178299
656.000000 0.178498
657.000000 0.178736
658.000000 0.179018
659.000000 0.179353
660.000000 0.179765
661.000000 0.180244
662.000000 0.180816
663.000000 0.181532
664.000000 0.182365
665.000000 0.183273
666.000000 0.184283
667.000000 0.185423
668.000000 0.186679
669.000000 0.187920
670.000000 0.189188
671.000000 0.190573
672.000000 0.191968
673.000000 0.193356
674.000000 0.194671
675.000000 0.195967
676.000000 0.197346
677.000000 0.198737
678.000000 0.200062
679.000000 0.201307
680.000000 0.202500
681.000000 0.203666
682.000000 0.204787
683.000000 0.205825
684.000000 0.206790
685.000000 0.207729
686.000000 0.208656
687.000000 0.209557
688.000000 0.210433
689.000000 0.211271
690.000000 0.212029
691.000000 0.212778
692.000000 0.213650
693.000000 0.214598
694.000000 0.215658
695.000000 0.216848
696.000000 0.218087
697.000000 0.219475
698.000000 0.221084
699.000000 0.222890
700.000000 0.224898
701.000000 0.227138
702.000000 0.229563
703.000000 0.232248
704.000000 0.235303
705.000000 0.238684
706.000000 0.242300
707.000000 0.246183
708.000000 0.250428
709.000000 0.254951
710.000000 0.259529
711.000000 0.264261
712.000000 0.269377
713.000000 0.274811
714.000000 0.280461
715.000000 0.286206
716.000000 0.292077
717.000000 0.298081
718.000000 0.304158
719.000000 0.310033
720.000000 0.315787
721.000000 0.321681
722.000000 0.327576
723.000000 0.333321
724.000000 0.338912
725.000000 0.344353
726.000000 0.349592
727.000000 0.354660
728.000000 0.359537
729.000000 0.364194
730.000000 0.368621
731.000000 0.372555
732.000000 0.376086
733.000000 0.379521
734.000000 0.382817
735.000000 0.385872
736.000000 0.388661
737.000000 0.391159
738.000000 0.393302
739.000000 0.395101
740.000000 0.396604
741.000000 0.397838
742.000000 0.398763
743.000000 0.399317
744.000000 0.399457
745.000000 0.399162
746.000000 0.398440
747.000000 0.397246
748.000000 0.395575
749.000000 0.393488
750.000000 0.390949
751.000000 0.387850
752.000000 0.384183
753.000000 0.380017
754.000000 0.375299
755.000000 0.370056
756.000000 0.364294
757.000000 0.358026
758.000000 0.351296
759.000000 0.344073
760.000000 0.336365
761.000000 0.328173
762.000000 0.319600
763.000000 0.310711
764.000000 0.301472
765.000000 0.291864
766.000000 0.281971
767.000000 0.271990
768.000000 0.262066
769.000000 0.252121
770.000000 0.242120
771.000000 0.232137
772.000000 0.222284
773.000000 0.212586
774.000000 0.203030
775.000000 0.193693
776.000000 0.183912
777.000000 0.174132
778.000000 0.165217
779.000000 0.156846
780.000000 0.148835
781.000000 0.141138
782.000000 0.133813
783.000000 0.126871
784.000000 0.120232
785.000000 0.113890
786.000000 0.107850
787.000000 0.102187
788.000000 0.096677
789.000000 0.091406
790.000000 0.086571
791.000000 0.082024
792.000000 0.077761
793.000000 0.073738
794.000000 0.070006
795.000000 0.066485
796.000000 0.063116
797.000000 0.059853
798.000000 0.056693
799.000000 0.053760
800.000000 0.051044
801.000000 0.048524
802.000000 0.046127
803.000000 0.043802
804.000000 0.041548
805.000000 0.039364
806.000000 0.037328
807.000000 0.035458
808.000000 0.033721
809.000000 0.032043
810.000000 0.030362
811.000000 0.028742
812.000000 0.027228
813.000000 0.025795
814.000000 0.024442
815.000000 0.023148
816.000000 0.021912
817.000000 0.020732
818.000000 0.019640
819.000000 0.018670
820.000000 0.017758
821.000000 0.016829
822.000000 0.015950
823.000000 0.015216
824.000000 0.014559
825.000000 0.013873
826.000000 0.013182
827.000000 0.012573
828.000000 0.012060
829.000000 0.011552
830.000000 0.011004
831.000000 0.010516
832.000000 0.010087
833.000000 0.009636
834.000000 0.009147
835.000000 0.008741
836.000000 0.008426
837.000000 0.008113
838.000000 0.007785
839.000000 0.007505
840.000000 0.007304
841.000000 0.007060
842.000000 0.006751
843.000000 0.006487
844.000000 0.006304
845.000000 0.006091
846.000000 0.005846
847.000000 0.005643
848.000000 0.005424
849.000000 0.005252
850.000000 0.005127
851.000000 0.004933
852.000000 0.004707
853.000000 0.004506
854.000000 0.004381
855.000000 0.004270
856.000000 0.004167
857.000000 0.004043
858.000000 0.003818
859.000000 0.003600
860.000000 0.003428
861.000000 0.003271
862.000000 0.003129
863.000000 0.002959
864.000000 0.002803
865.000000 0.002719
866.000000 0.002594
867.000000 0.002481
868.000000 0.002406
869.000000 0.002276
870.000000 0.002111
871.000000 0.001979
872.000000 0.001890
873.000000 0.001778
874.000000 0.001637
875.000000 0.001505
876.000000 0.001389
877.000000 0.001272
878.000000 0.001185
879.000000 0.001108
880.000000 0.001035
881.000000 0.000994
882.000000 0.000926
883.000000 0.000844
884.000000 0.000816
885.000000 0.000826
886.000000 0.000773
887.000000 0.000688
888.000000 0.000631
889.000000 0.000589
890.000000 0.000569
891.000000 0.000511
892.000000 0.000416
893.000000 0.000354
894.000000 0.000311
895.000000 0.000307
896.000000 0.000304
897.000000 0.000267
898.000000 0.000242
899.000000 0.000185
900.000000 0.000110
901.000000 0.000057
902.000000 0.000006
903.000000 -0.000029
904.000000 -0.000061
905.000000 -0.000096
906.000000 -0.000134
907.000000 -0.000164
908.000000 -0.000180
909.000000 -0.000211
910.000000 -0.000262
911.000000 -0.000321
912.000000 -0.000388
913.000000 -0.000465
914.000000 -0.000514
915.000000 -0.000548
916.000000 -0.000589
917.000000 -0.000592
918.000000 -0.000593
919.000000 -0.000598
920.000000 -0.000575
921.000000 -0.000562
922.000000 -0.000565
923.000000 -0.000577
924.000000 -0.000604
925.000000 -0.000646
926.000000 -0.000682
927.000000 -0.000682
928.000000 -0.000693
929.000000 -0.000729
930.000000 -0.000757
931.000000 -0.000777
932.000000 -0.000803
933.000000 -0.000841
934.000000 -0.000849
935.000000 -0.000829
936.000000 -0.000792
937.000000 -0.000778
938.000000 -0.000777
939.000000 -0.000778
940.000000 -0.000773
941.000000 -0.000726
942.000000 -0.000682
943.000000 -0.000658
944.000000 -0.000636
945.000000 -0.000653
946.000000 -0.000682
947.000000 -0.000692
948.000000 -0.000738
949.000000 -0.000812
950.000000 -0.000864
951.000000 -0.000882
952.000000 -0.000882
953.000000 -0.000881
954.000000 -0.000886
955.000000 -0.000884
956.000000 -0.000876
957.000000 -0.000898
958.000000 -0.000928
959.000000 -0.000959
960.000000 -0.001027
961.000000 -0.001101
962.000000 -0.001132
963.000000 -0.001114
964.000000 -0.001114
965.000000 -0.001135
966.000000 -0.001156
967.000000 -0.001194
968.000000 -0.001228
969.000000 -0.001229
970.000000 -0.001257
971.000000 -0.001318
972.000000 -0.001450
973.000000 -0.001500
974.000000 -0.001400
975.000000 -0.001369
976.000000 -0.001398
977.000000 -0.001424
978.000000 -0.001418
979.000000 -0.001408
980.000000 -0.001443
981.000000 -0.001467
982.000000 -0.001469
983.000000 -0.001517
984.000000 -0.001551
985.000000 -0.001560
986.000000 -0.001574
987.000000 -0.001576
988.000000 -0.001588
989.000000 -0.001584
990.000000 -0.001550
991.000000 -0.001534
992.000000 -0.001558
993.000000 -0.001610
994.000000 -0.001670
995.000000 -0.001705
