315.000000 0.119697
316.000000 0.120240
317.000000 0.120448
318.000000 0.121680
319.000000 0.123044
320.000000 0.123644
321.000000 0.123911
322.000000 0.124534
323.000000 0.125551
324.000000 0.126234
325.000000 0.126834
326.000000 0.127714
327.000000 0.129109
328.000000 0.130368
329.000000 0.130813
330.000000 0.131532
331.000000 0.132128
332.000000 0.132118
333.000000 0.132242
334.000000 0.132731
335.000000 0.133303
336.000000 0.133759
337.000000 0.134186
338.000000 0.134468
339.000000 0.134443
340.000000 0.134639
341.000000 0.135057
342.000000 0.135369
343.000000 0.135857
344.000000 0.136307
345.000000 0.136766
346.000000 0.137483
347.000000 0.137967
348.000000 0.138279
349.000000 0.138648
350.000000 0.139091
351.000000 0.139709
352.000000 0.140240
353.000000 0.140511
354.000000 0.140784
355.000000 0.141228
356.000000 0.141575
357.000000 0.141947
358.000000 0.142666
359.000000 0.143516
360.000000 0.144413
361.000000 0.145289
362.000000 0.146107
363.000000 0.147013
364.000000 0.148225
365.000000 0.149563
366.000000 0.150915
367.000000 0.152259
368.000000 0.153640
369.000000 0.155118
370.000000 0.156068
371.000000 0.156610
372.000000 0.157692
373.000000 0.159373
374.000000 0.161266
375.000000 0.163130
376.000000 0.165414
377.000000 0.168192
378.000000 0.171253
379.000000 0.174116
380.000000 0.176756
381.000000 0.179832
382.000000 0.182874
383.000000 0.185440
384.000000 0.188216
385.000000 0.191532
386.000000 0.194889
387.000000 0.198381
388.000000 0.201863
389.000000 0.205116
390.000000 0.208307
391.000000 0.211666
392.000000 0.214961
393.000000 0.218034
394.000000 0.221130
395.000000 0.224384
396.000000 0.227760
397.000000 0.231182
398.000000 0.234759
399.000000 0.238381
400.000000 0.242088
401.000000 0.246011
402.000000 0.249908
403.000000 0.253591
404.000000 0.257102
405.000000 0.260739
406.000000 0.264404
407.000000 0.267745
408.000000 0.271175
409.000000 0.274739
410.000000 0.278187
411.000000 0.281796
412.000000 0.285487
413.000000 0.289166
414.000000 0.292866
415.000000 0.296425
416.000000 0.299709
417.000000 0.302912
418.000000 0.306272
419.000000 0.309491
420.000000 0.312456
421.000000 0.315236
422.000000 0.317856
423.000000 0.320555
424.000000 0.323039
425.000000 0.325117
426.000000 0.327034
427.000000 0.328797
428.000000 0.330372
429.000000 0.331598
430.000000 0.332459
431.000000 0.333083
432.000000 0.333465
433.000000 0.333651
434.000000 0.333662
435.000000 0.333395
436.000000 0.332913
437.000000 0.332400
438.000000 0.331797
439.000000 0.331081
440.000000 0.330185
441.000000 0.329235
442.000000 0.328291
443.000000 0.327242
444.000000 0.326162
445.000000 0.325008
446.000000 0.323653
447.000000 0.322113
448.000000 0.320406
449.000000 0.318562
450.000000 0.316673
451.000000 0.314539
452.000000 0.312068
453.000000 0.309601
454.000000 0.307042
455.000000 0.304157
456.000000 0.300866
457.000000 0.297393
458.000000 0.293913
459.000000 0.290103
460.000000 0.286235
461.000000 0.282275
462.000000 0.277791
463.000000 0.273112
464.000000 0.268351
465.000000 0.263497
466.000000 0.258913
467.000000 0.254206
468.000000 0.249455
469.000000 0.244746
470.000000 0.240008
471.000000 0.235558
472.000000 0.231120
473.000000 0.226818
474.000000 0.222780
475.000000 0.218960
476.000000 0.215407
477.000000 0.211948
478.000000 0.208715
479.000000 0.205739
480.000000 0.203034
481.000000 0.200602
482.000000 0.198321
483.000000 0.196417
484.000000 0.194753
485.000000 0.193212
486.000000 0.191894
487.000000 0.190664
488.000000 0.189601
489.000000 0.188978
490.000000 0.188131
491.000000 0.187277
492.000000 0.186849
493.000000 0.186702
494.000000 0.186919
495.000000 0.187089
496.000000 0.187252
497.000000 0.187560
498.000000 0.188001
499.000000 0.188423
500.000000 0.189060
501.000000 0.189746
502.000000 0.190162
503.000000 0.190530
504.000000 0.191195
505.000000 0.191921
506.000000 0.192616
507.000000 0.193495
508.000000 0.194328
509.000000 0.195193
510.000000 0.196064
511.000000 0.197219
512.000000 0.198281
513.000000 0.199080
514.000000 0.199934
515.000000 0.200908
516.000000 0.201809
517.000000 0.202718
518.000000 0.203853
519.000000 0.204810
520.000000 0.205810
521.000000 0.206957
522.000000 0.207948
523.000000 0.208983
524.000000 0.210066
525.000000 0.210814
526.000000 0.211663
527.000000 0.212793
528.000000 0.214073
529.000000 0.215350
530.000000 0.216595
531.000000 0.217501
532.000000 0.218035
533.000000 0.218906
534.000000 0.219965
535.000000 0.220860
536.000000 0.221819
537.000000 0.222996
538.000000 0.223749
539.000000 0.224242
540.000000 0.225147
541.000000 0.225997
542.000000 0.226574
543.000000 0.227057
544.000000 0.227524
545.000000 0.228208
546.000000 0.228674
547.000000 0.228747
548.000000 0.228775
549.000000 0.228939
550.000000 0.229124
551.000000 0.229203
552.000000 0.229240
553.000000 0.229079
554.000000 0.228823
555.000000 0.228431
556.000000 0.227976
557.000000 0.227591
558.000000 0.227201
559.000000 0.226629
560.000000 0.225844
561.000000 0.225172
562.000000 0.224646
563.000000 0.223835
564.000000 0.222859
565.000000 0.222070
566.000000 0.221151
567.000000 0.220050
568.000000 0.219079
569.000000 0.218230
570.000000 0.217367
571.000000 0.216478
572.000000 0.215543
573.000000 0.214490
574.000000 0.213355
575.000000 0.212095
576.000000 0.210806
577.000000 0.209641
578.000000 0.208542
579.000000 0.207375
580.000000 0.206124
581.000000 0.204809
582.000000 0.203475
583.000000 0.202172
584.000000 0.200719
585.000000 0.199144
586.000000 0.197544
587.000000 0.196084
588.000000 0.194618
589.000000 0.192982
590.000000 0.191233
591.000000 0.189402
592.000000 0.187590
593.000000 0.185736
594.000000 0.183809
595.000000 0.181867
596.000000 0.179896
597.000000 0.177861
598.000000 0.175960
599.000000 0.174009
600.000000 0.171866
601.000000 0.169726
602.000000 0.167645
603.000000 0.165549
604.000000 0.163481
605.000000 0.161486
606.000000 0.159506
607.000000 0.157528
608.000000 0.155525
609.000000 0.153523
610.000000 0.151539
611.000000 0.149676
612.000000 0.148000
613.000000 0.146499
614.000000 0.145018
615.000000 0.143516
616.000000 0.142165
617.000000 0.140976
618.000000 0.139832
619.000000 0.138798
620.000000 0.137931
621.000000 0.137267
622.000000 0.136775
623.000000 0.136362
624.000000 0.136098
625.000000 0.135997
626.000000 0.136023
627.000000 0.136162
628.000000 0.136345
629.000000 0.136618
630.000000 0.137061
631.000000 0.137628
632.000000 0.138199
633.000000 0.138816
634.000000 0.139594
635.000000 0.140411
636.000000 0.141194
637.000000 0.141956
638.000000 0.142663
639.000000 0.143273
640.000000 0.143816
641.000000 0.144307
642.000000 0.144680
643.000000 0.144881
644.000000 0.144900
645.000000 0.144791
646.000000 0.144611
647.000000 0.144314
648.000000 0.143825
649.000000 0.143208
650.000000 0.142494
651.000000 0.141684
652.000000 0.140783
653.000000 0.139874
654.000000 0.138919
655.000000 0.137862
656.000000 0.136815
657.000000 0.135846
658.000000 0.134934
659.000000 0.134035
660.000000 0.133196
661.000000 0.132481
662.000000 0.131902
663.000000 0.131392
664.000000 0.130974
665.000000 0.130640
666.000000 0.130398
667.000000 0.130306
668.000000 0.130343
669.000000 0.130407
670.000000 0.130566
671.000000 0.130845
672.000000 0.131187
673.000000 0.131601
674.000000 0.132034
675.000000 0.132480
676.000000 0.132962
677.000000 0.133513
678.000000 0.134080
679.000000 0.134642
680.000000 0.135191
681.000000 0.135733
682.000000 0.136255
683.000000 0.136710
684.000000 0.137131
685.000000 0.137549
686.000000 0.137998
687.000000 0.138479
688.000000 0.138943
689.000000 0.139395
690.000000 0.139829
691.000000 0.140238
692.000000 0.140713
693.000000 0.141270
694.000000 0.141895
695.000000 0.142578
696.000000 0.143324
697.000000 0.144179
698.000000 0.145149
699.000000 0.146254
700.000000 0.147483
701.000000 0.148848
702.000000 0.150425
703.000000 0.152211
704.000000 0.154080
705.000000 0.156056
706.000000 0.158177
707.000000 0.160504
708.000000 0.163100
709.000000 0.165842
710.000000 0.168642
711.000000 0.171589
712.000000 0.174778
713.000000 0.178181
714.000000 0.181708
715.000000 0.185308
716.000000 0.188982
717.000000 0.192706
718.000000 0.196522
719.000000 0.200234
720.000000 0.203876
721.000000 0.207624
722.000000 0.211435
723.000000 0.215182
724.000000 0.218860
725.000000 0.222501
726.000000 0.225972
727.000000 0.229322
728.000000 0.232578
729.000000 0.235705
730.000000 0.238660
731.000000 0.241338
732.000000 0.243820
733.000000 0.246261
734.000000 0.248610
735.000000 0.250759
736.000000 0.252682
737.000000 0.254437
738.000000 0.256004
739.000000 0.257349
740.000000 0.258486
741.000000 0.259419
742.000000 0.260070
743.000000 0.260427
744.000000 0.260547
745.000000 0.260438
746.000000 0.260044
747.000000 0.259310
748.000000 0.258313
749.000000 0.257040
750.000000 0.255400
751.000000 0.253324
752.000000 0.250893
753.000000 0.248168
754.000000 0.245124
755.000000 0.241805
756.000000 0.238194
757.000000 0.234172
758.000000 0.229835
759.000000 0.225297
760.000000 0.220480
761.000000 0.215321
762.000000 0.209904
763.000000 0.204338
764.000000 0.198592
765.000000 0.192626
766.000000 0.186447
767.000000 0.180211
768.000000 0.174039
769.000000 0.167841
770.000000 0.161580
771.000000 0.155372
772.000000 0.149337
773.000000 0.143382
774.000000 0.137486
775.000000 0.131695
776.000000 0.125633
777.000000 0.119587
778.000000 0.114017
779.000000 0.108754
780.000000 0.103731
781.000000 0.098979
782.000000 0.094493
783.000000 0.090204
784.000000 0.086049
785.000000 0.082081
786.000000 0.078271
787.000000 0.074659
788.000000 0.071157
789.000000 0.067731
790.000000 0.064608
791.000000 0.061701
792.000000 0.058902
793.000000 0.056204
794.000000 0.053699
795.000000 0.051356
796.000000 0.049058
797.000000 0.046826
798.000000 0.044699
799.000000 0.042670
800.000000 0.040742
801.000000 0.038984
802.000000 0.037271
803.000000 0.035547
804.000000 0.033880
805.000000 0.032242
806.000000 0.030734
807.000000 0.029345
808.000000 0.027999
809.000000 0.026673
810.000000 0.025336
811.000000 0.024081
812.000000 0.022889
813.000000 0.021692
814.000000 0.020575
815.000000 0.019540
816.000000 0.018547
817.000000 0.017596
818.000000 0.016716
819.000000 0.015912
820.000000 0.015151
821.000000 0.014415
822.000000 0.013724
823.000000 0.013110
824.000000 0.012512
825.000000 0.011925
826.000000 0.011413
827.000000 0.010913
828.000000 0.010447
829.000000 0.010002
830.000000 0.009522
831.000000 0.009087
832.000000 0.008735
833.000000 0.008402
834.000000 0.008006
835.000000 0.007643
836.000000 0.007368
837.000000 0.007133
838.000000 0.006867
839.000000 0.006582
840.000000 0.006367
841.000000 0.006158
842.000000 0.005908
843.000000 0.005673
844.000000 0.005499
845.000000 0.005317
846.000000 0.005115
847.000000 0.004955
848.000000 0.004772
849.000000 0.004602
850.000000 0.004487
851.000000 0.004348
852.000000 0.004184
853.000000 0.004034
854.000000 0.003888
855.000000 0.003677
856.000000 0.003501
857.000000 0.003376
858.000000 0.003231
859.000000 0.003124
860.000000 0.002997
861.000000 0.002885
862.000000 0.002789
863.000000 0.002651
864.000000 0.002531
865.000000 0.002457
866.000000 0.002336
867.000000 0.002188
868.000000 0.002084
869.000000 0.001936
870.000000 0.001759
871.000000 0.001649
872.000000 0.001634
873.000000 0.001572
874.000000 0.001414
875.000000 0.001271
876.000000 0.001161
877.000000 0.001051
878.000000 0.000950
879.000000 0.000874
880.000000 0.000767
881.000000 0.000673
882.000000 0.000615
883.000000 0.000562
884.000000 0.000542
885.000000 0.000541
886.000000 0.000497
887.000000 0.000427
888.000000 0.000377
889.000000 0.000312
890.000000 0.000288
891.000000 0.000248
892.000000 0.000170
893.000000 0.000145
894.000000 0.000133
895.000000 0.000112
896.000000 0.000092
897.000000 0.000053
898.000000 0.000022
899.000000 -0.000023
900.000000 -0.000093
901.000000 -0.000128
902.000000 -0.000163
903.000000 -0.000225
904.000000 -0.000285
905.000000 -0.000327
906.000000 -0.000382
907.000000 -0.000421
908.000000 -0.000432
909.000000 -0.000424
910.000000 -0.000449
911.000000 -0.000498
912.000000 -0.000551
913.000000 -0.000602
914.000000 -0.000646
915.000000 -0.000682
916.000000 -0.000718
917.000000 -0.000720
918.000000 -0.000712
919.000000 -0.000747
920.000000 -0.000763
921.000000 -0.000764
922.000000 -0.000792
923.000000 -0.000824
924.000000 -0.000804
925.000000 -0.000799
926.000000 -0.000816
927.000000 -0.000824
928.000000 -0.000849
929.000000 -0.000887
930.000000 -0.000927
931.000000 -0.000947
932.000000 -0.000956
933.000000 -0.000972
934.000000 -0.000974
935.000000 -0.000964
936.000000 -0.000946
937.000000 -0.000942
938.000000 -0.000935
939.000000 -0.000918
940.000000 -0.000910
941.000000 -0.000867
942.000000 -0.000870
943.000000 -0.000897
944.000000 -0.000898
945.000000 -0.000921
946.000000 -0.000908
947.000000 -0.000890
948.000000 -0.000918
949.000000 -0.000953
950.000000 -0.000974
951.000000 -0.000976
952.000000 -0.000980
953.000000 -0.001018
954.000000 -0.001047
955.000000 -0.001035
956.000000 -0.001006
957.000000 -0.001027
958.000000 -0.001107
959.000000 -0.001193
960.000000 -0.001277
961.000000 -0.001323
962.000000 -0.001308
963.000000 -0.001277
964.000000 -0.001282
965.000000 -0.001309
966.000000 -0.001322
967.000000 -0.001323
968.000000 -0.001350
969.000000 -0.001367
970.000000 -0.001377
971.000000 -0.001406
972.000000 -0.001506
973.000000 -0.001538
974.000000 -0.001440
975.000000 -0.001414
976.000000 -0.001449
977.000000 -0.001455
978.000000 -0.001432
979.000000 -0.001451
980.000000 -0.001500
981.000000 -0.001537
982.000000 -0.001559
983.000000 -0.001626
984.000000 -0.001705
985.000000 -0.001731
986.000000 -0.001721
987.000000 -0.001743
988.000000 -0.001783
989.000000 -0.001779
990.000000 -0.001784
991.000000 -0.001801
992.000000 -0.001787
993.000000 -0.001784
994.000000 -0.001817
995.000000 -0.001842
