315.000000 0.125488
316.000000 0.125923
317.000000 0.125971
318.000000 0.126553
319.000000 0.127620
320.000000 0.128040
321.000000 0.128605
322.000000 0.129190
323.000000 0.129638
324.000000 0.130415
325.000000 0.131144
326.000000 0.131895
327.000000 0.132870
328.000000 0.133643
329.000000 0.134554
330.000000 0.135271
331.000000 0.135762
332.000000 0.136506
333.000000 0.136795
334.000000 0.137074
335.000000 0.137538
336.000000 0.137812
337.000000 0.138363
338.000000 0.138569
339.000000 0.138430
340.000000 0.138896
341.000000 0.139630
342.000000 0.140093
343.000000 0.140362
344.000000 0.140618
345.000000 0.140919
346.000000 0.141159
347.000000 0.141379
348.000000 0.141693
349.000000 0.141982
350.000000 0.142220
351.000000 0.142692
352.000000 0.143291
353.000000 0.143794
354.000000 0.144275
355.000000 0.144617
356.000000 0.144978
357.000000 0.145478
358.000000 0.146105
359.000000 0.146870
360.000000 0.147764
361.000000 0.148458
362.000000 0.149192
363.000000 0.150278
364.000000 0.151505
365.000000 0.152801
366.000000 0.154032
367.000000 0.155315
368.000000 0.156739
369.000000 0.158303
370.000000 0.159891
371.000000 0.161274
372.000000 0.163289
373.000000 0.165560
374.000000 0.167260
375.000000 0.169480
376.000000 0.172353
377.000000 0.174693
378.000000 0.177077
379.000000 0.179432
380.000000 0.181920
381.000000 0.185300
382.000000 0.188666
383.000000 0.191410
384.000000 0.193812
385.000000 0.196856
386.000000 0.200256
387.000000 0.203561
388.000000 0.206777
389.000000 0.210167
390.000000 0.213752
391.000000 0.217121
392.000000 0.220358
393.000000 0.223422
394.000000 0.226445
395.000000 0.229675
396.000000 0.233254
397.000000 0.237215
398.000000 0.241390
399.000000 0.245409
400.000000 0.248983
401.000000 0.252350
402.000000 0.255914
403.000000 0.259447
404.000000 0.262942
405.000000 0.266796
406.000000 0.270793
407.000000 0.274485
408.000000 0.278018
409.000000 0.281679
410.000000 0.285529
411.000000 0.289434
412.000000 0.293055
413.000000 0.296565
414.000000 0.300362
415.000000 0.303986
416.000000 0.307270
417.000000 0.310661
418.000000 0.314074
419.000000 0.317185
420.000000 0.320076
421.000000 0.322875
422.000000 0.325508
423.000000 0.328147
424.000000 0.330672
425.000000 0.332823
426.000000 0.334684
427.000000 0.336431
428.000000 0.337968
429.000000 0.339240
430.000000 0.340230
431.000000 0.340902
432.000000 0.341318
433.000000 0.341509
434.000000 0.341483
435.000000 0.341251
436.000000 0.340905
437.000000 0.340375
438.000000 0.339667
439.000000 0.338899
440.000000 0.337979
441.000000 0.337013
442.000000 0.336082
443.000000 0.335030
444.000000 0.333837
445.000000 0.332500
446.000000 0.330999
447.000000 0.329454
448.000000 0.327808
449.000000 0.326046
450.000000 0.324179
451.000000 0.322086
452.000000 0.319632
453.000000 0.317083
454.000000 0.314477
455.000000 0.311564
456.000000 0.308202
457.000000 0.304623
458.000000 0.301055
459.000000 0.297172
460.000000 0.293131
461.000000 0.289017
462.000000 0.284537
463.000000 0.279838
464.000000 0.274989
465.000000 0.270056
466.000000 0.265358
467.000000 0.260538
468.000000 0.255613
469.000000 0.250689
470.000000 0.245808
471.000000 0.241288
472.000000 0.236800
473.000000 0.232428
474.000000 0.228224
475.000000 0.224239
476.000000 0.220645
477.000000 0.217125
478.000000 0.213781
479.000000 0.210731
480.000000 0.207992
481.000000 0.205506
482.000000 0.203150
483.000000 0.201129
484.000000 0.199344
485.000000 0.197699
486.000000 0.196250
487.000000 0.194944
488.000000 0.193805
489.000000 0.193658
490.000000 0.193710
491.000000 0.193104
492.000000 0.192586
493.000000 0.192144
494.000000 0.191774
495.000000 0.191681
496.000000 0.192039
497.000000 0.192532
498.000000 0.193057
499.000000 0.193242
500.000000 0.193355
501.000000 0.193784
502.000000 0.193978
503.000000 0.194433
504.000000 0.195176
505.000000 0.195960
506.000000 0.196740
507.000000 0.197419
508.000000 0.198212
509.000000 0.198894
510.000000 0.199828
511.000000 0.200964
512.000000 0.201637
513.000000 0.202431
514.000000 0.203267
515.000000 0.203829
516.000000 0.204588
517.000000 0.205656
518.000000 0.206818
519.000000 0.207794
520.000000 0.208859
521.000000 0.209921
522.000000 0.210832
523.000000 0.211878
524.000000 0.213124
525.000000 0.214168
526.000000 0.215139
527.000000 0.216237
528.000000 0.217319
529.000000 0.218506
530.000000 0.219703
531.000000 0.220937
532.000000 0.221738
533.000000 0.222337
534.000000 0.223285
535.000000 0.224023
536.000000 0.224988
537.000000 0.226184
538.000000 0.226976
539.000000 0.227676
540.000000 0.228397
541.000000 0.229144
542.000000 0.229918
543.000000 0.230677
544.000000 0.231179
545.000000 0.231671
546.000000 0.232209
547.000000 0.232239
548.000000 0.232029
549.000000 0.231890
550.000000 0.231757
551.000000 0.231570
552.000000 0.231256
553.000000 0.230931
554.000000 0.230691
555.000000 0.230374
556.000000 0.229935
557.000000 0.229513
558.000000 0.229159
559.000000 0.228618
560.000000 0.227834
561.000000 0.226993
562.000000 0.226239
563.000000 0.225336
564.000000 0.224403
565.000000 0.223576
566.000000 0.222513
567.000000 0.221431
568.000000 0.220573
569.000000 0.219728
570.000000 0.218818
571.000000 0.217842
572.000000 0.216639
573.000000 0.215266
574.000000 0.214075
575.000000 0.212962
576.000000 0.211698
577.000000 0.210533
578.000000 0.209414
579.000000 0.208250
580.000000 0.207008
581.000000 0.205643
582.000000 0.204186
583.000000 0.202632
584.000000 0.201091
585.000000 0.199570
586.000000 0.197840
587.000000 0.196145
588.000000 0.194583
589.000000 0.192927
590.000000 0.191098
591.000000 0.189134
592.000000 0.187190
593.000000 0.185185
594.000000 0.183177
595.000000 0.181143
596.000000 0.178920
597.000000 0.176729
598.000000 0.174698
599.000000 0.172577
600.000000 0.170312
601.000000 0.168003
602.000000 0.165824
603.000000 0.163740
604.000000 0.161532
605.000000 0.159359
606.000000 0.157187
607.000000 0.155015
608.000000 0.152944
609.000000 0.150911
610.000000 0.148835
611.000000 0.146791
612.000000 0.144931
613.000000 0.143258
614.000000 0.141609
615.000000 0.139928
616.000000 0.138418
617.000000 0.137081
618.000000 0.135808
619.000000 0.134663
620.000000 0.133679
621.000000 0.132815
622.000000 0.132143
623.000000 0.131598
624.000000 0.131198
625.000000 0.131003
626.000000 0.130884
627.000000 0.130824
628.000000 0.130884
629.000000 0.131045
630.000000 0.131342
631.000000 0.131768
632.000000 0.132236
633.000000 0.132773
634.000000 0.133376
635.000000 0.133925
636.000000 0.134449
637.000000 0.134986
638.000000 0.135462
639.000000 0.135854
640.000000 0.136181
641.000000 0.136441
642.000000 0.136578
643.000000 0.136568
644.000000 0.136396
645.000000 0.136090
646.000000 0.135629
647.000000 0.134950
648.000000 0.134120
649.000000 0.133256
650.000000 0.132301
651.000000 0.131154
652.000000 0.129877
653.000000 0.128617
654.000000 0.127375
655.000000 0.126036
656.000000 0.124657
657.000000 0.123359
658.000000 0.122099
659.000000 0.120845
660.000000 0.119637
661.000000 0.118564
662.000000 0.117586
663.000000 0.116691
664.000000 0.115917
665.000000 0.115249
666.000000 0.114700
667.000000 0.114251
668.000000 0.113941
669.000000 0.113730
670.000000 0.113598
671.000000 0.113523
672.000000 0.113529
673.000000 0.113608
674.000000 0.113771
675.000000 0.113992
676.000000 0.114229
677.000000 0.114492
678.000000 0.114758
679.000000 0.115087
680.000000 0.115491
681.000000 0.115903
682.000000 0.116251
683.000000 0.116549
684.000000 0.116844
685.000000 0.117173
686.000000 0.117540
687.000000 0.117930
688.000000 0.118346
689.000000 0.118729
690.000000 0.119067
691.000000 0.119407
692.000000 0.119780
693.000000 0.120195
694.000000 0.120684
695.000000 0.121257
696.000000 0.121871
697.000000 0.122530
698.000000 0.123269
699.000000 0.124130
700.000000 0.125117
701.000000 0.126210
702.000000 0.127410
703.000000 0.128770
704.000000 0.130324
705.000000 0.132009
706.000000 0.133797
707.000000 0.135750
708.000000 0.137838
709.000000 0.140079
710.000000 0.142438
711.000000 0.144883
712.000000 0.147510
713.000000 0.150310
714.000000 0.153212
715.000000 0.156177
716.000000 0.159207
717.000000 0.162294
718.000000 0.165472
719.000000 0.168541
720.000000 0.171558
721.000000 0.174677
722.000000 0.177814
723.000000 0.180919
724.000000 0.183955
725.000000 0.186940
726.000000 0.189820
727.000000 0.192655
728.000000 0.195438
729.000000 0.198101
730.000000 0.200639
731.000000 0.202931
732.000000 0.205006
733.000000 0.207044
734.000000 0.209056
735.000000 0.210928
736.000000 0.212616
737.000000 0.214142
738.000000 0.215461
739.000000 0.216601
740.000000 0.217580
741.000000 0.218394
742.000000 0.219007
743.000000 0.219351
744.000000 0.219482
745.000000 0.219431
746.000000 0.219105
747.000000 0.218485
748.000000 0.217612
749.000000 0.216513
750.000000 0.215160
751.000000 0.213442
752.000000 0.211420
753.000000 0.209160
754.000000 0.206609
755.000000 0.203822
756.000000 0.200829
757.000000 0.197551
758.000000 0.193974
759.000000 0.190149
760.000000 0.186129
761.000000 0.181856
762.000000 0.177354
763.000000 0.172747
764.000000 0.168032
765.000000 0.163155
766.000000 0.158116
767.000000 0.153044
768.000000 0.147989
769.000000 0.142933
770.000000 0.137906
771.000000 0.132900
772.000000 0.127926
773.000000 0.123014
774.000000 0.118176
775.000000 0.113436
776.000000 0.108506
777.000000 0.103596
778.000000 0.099042
779.000000 0.094757
780.000000 0.090708
781.000000 0.086828
782.000000 0.083100
783.000000 0.079494
784.000000 0.076053
785.000000 0.072806
786.000000 0.069665
787.000000 0.066688
788.000000 0.063806
789.000000 0.061010
790.000000 0.058436
791.000000 0.055972
792.000000 0.053603
793.000000 0.051328
794.000000 0.049188
795.000000 0.047213
796.000000 0.045266
797.000000 0.043310
798.000000 0.041458
799.000000 0.039652
800.000000 0.037907
801.000000 0.036375
802.000000 0.034882
803.000000 0.033346
804.000000 0.031821
805.000000 0.030325
806.000000 0.028934
807.000000 0.027632
808.000000 0.026421
809.000000 0.025250
810.000000 0.024049
811.000000 0.022870
812.000000 0.021774
813.000000 0.020703
814.000000 0.019684
815.000000 0.018724
816.000000 0.017798
817.000000 0.016933
818.000000 0.016103
819.000000 0.015320
820.000000 0.014589
821.000000 0.013894
822.000000 0.013234
823.000000 0.012655
824.000000 0.012165
825.000000 0.011684
826.000000 0.011181
827.000000 0.010665
828.000000 0.010188
829.000000 0.009757
830.000000 0.009346
831.000000 0.008963
832.000000 0.008608
833.000000 0.008280
834.000000 0.007955
835.000000 0.007678
836.000000 0.007409
837.000000 0.007134
838.000000 0.006854
839.000000 0.006585
840.000000 0.006393
841.000000 0.006164
842.000000 0.005882
843.000000 0.005660
844.000000 0.005509
845.000000 0.005315
846.000000 0.005098
847.000000 0.004961
848.000000 0.004809
849.000000 0.004645
850.000000 0.004520
851.000000 0.004347
852.000000 0.004142
853.000000 0.003986
854.000000 0.003880
855.000000 0.003733
856.000000 0.003586
857.000000 0.003463
858.000000 0.003317
859.000000 0.003181
860.000000 0.003048
861.000000 0.002943
862.000000 0.002820
863.000000 0.002663
864.000000 0.002526
865.000000 0.002495
866.000000 0.002455
867.000000 0.002313
868.000000 0.002185
869.000000 0.002038
870.000000 0.001869
871.000000 0.001741
872.000000 0.001665
873.000000 0.001575
874.000000 0.001471
875.000000 0.001364
876.000000 0.001248
877.000000 0.001165
878.000000 0.001092
879.000000 0.000979
880.000000 0.000873
881.000000 0.000828
882.000000 0.000755
883.000000 0.000686
884.000000 0.000677
885.000000 0.000671
886.000000 0.000620
887.000000 0.000544
888.000000 0.000483
889.000000 0.000431
890.000000 0.000396
891.000000 0.000340
892.000000 0.000250
893.000000 0.000199
894.000000 0.000175
895.000000 0.000161
896.000000 0.000162
897.000000 0.000127
898.000000 0.000074
899.000000 -0.000011
900.000000 -0.000081
901.000000 -0.000092
902.000000 -0.000115
903.000000 -0.000120
904.000000 -0.000121
905.000000 -0.000136
906.000000 -0.000195
907.000000 -0.000236
908.000000 -0.000238
909.000000 -0.000260
910.000000 -0.000288
911.000000 -0.000297
912.000000 -0.000269
913.000000 -0.000283
914.000000 -0.000354
915.000000 -0.000456
916.000000 -0.000563
917.000000 -0.000597
918.000000 -0.000601
919.000000 -0.000612
920.000000 -0.000612
921.000000 -0.000626
922.000000 -0.000644
923.000000 -0.000636
924.000000 -0.000616
925.000000 -0.000646
926.000000 -0.000678
927.000000 -0.000675
928.000000 -0.000690
929.000000 -0.000723
930.000000 -0.000745
931.000000 -0.000758
932.000000 -0.000795
933.000000 -0.000837
934.000000 -0.000844
935.000000 -0.000850
936.000000 -0.000846
937.000000 -0.000827
938.000000 -0.000799
939.000000 -0.000777
940.000000 -0.000799
941.000000 -0.000789
942.000000 -0.000765
943.000000 -0.000745
944.000000 -0.000730
945.000000 -0.000752
946.000000 -0.000781
947.000000 -0.000807
948.000000 -0.000829
949.000000 -0.000863
950.000000 -0.000824
951.000000 -0.000699
952.000000 -0.000691
953.000000 -0.000797
954.000000 -0.000857
955.000000 -0.000868
956.000000 -0.000890
957.000000 -0.000927
958.000000 -0.000960
959.000000 -0.000989
960.000000 -0.001065
961.000000 -0.001133
962.000000 -0.001140
963.000000 -0.001146
964.000000 -0.001183
965.000000 -0.001219
966.000000 -0.001225
967.000000 -0.001211
968.000000 -0.001199
969.000000 -0.001224
970.000000 -0.001277
971.000000 -0.001332
972.000000 -0.001461
973.000000 -0.001535
974.000000 -0.001458
975.000000 -0.001398
976.000000 -0.001386
977.000000 -0.001389
978.000000 -0.001393
979.000000 -0.001404
980.000000 -0.001420
981.000000 -0.001438
982.000000 -0.001489
983.000000 -0.001553
984.000000 -0.001593
985.000000 -0.001617
986.000000 -0.001648
987.000000 -0.001686
988.000000 -0.001691
989.000000 -0.001675
990.000000 -0.001664
991.000000 -0.001667
992.000000 -0.001661
993.000000 -0.001672
994.000000 -0.001719
995.000000 -0.001745
