315.000000 0.073934
316.000000 0.072486
317.000000 0.071176
318.000000 0.069922
319.000000 0.068641
320.000000 0.067765
321.000000 0.066920
322.000000 0.066432
323.000000 0.066943
324.000000 0.067045
325.000000 0.066639
326.000000 0.066430
327.000000 0.066362
328.000000 0.066176
329.000000 0.065730
330.000000 0.065899
331.000000 0.066764
332.000000 0.067357
333.000000 0.067588
334.000000 0.067657
335.000000 0.067800
336.000000 0.067973
337.000000 0.068385
338.000000 0.068740
339.000000 0.068851
340.000000 0.069328
341.000000 0.069769
342.000000 0.070241
343.000000 0.071082
344.000000 0.072233
345.000000 0.073611
346.000000 0.074781
347.000000 0.075824
348.000000 0.077140
349.000000 0.078316
350.000000 0.079124
351.000000 0.079908
352.000000 0.080717
353.000000 0.081298
354.000000 0.081839
355.000000 0.082341
356.000000 0.082817
357.000000 0.083435
358.000000 0.084152
359.000000 0.085122
360.000000 0.086329
361.000000 0.087646
362.000000 0.089097
363.000000 0.090590
364.000000 0.092004
365.000000 0.093359
366.000000 0.094503
367.000000 0.095513
368.000000 0.096230
369.000000 0.096433
370.000000 0.096349
371.000000 0.095834
372.000000 0.095139
373.000000 0.094352
374.000000 0.093839
375.000000 0.093747
376.000000 0.094011
377.000000 0.094805
378.000000 0.095674
379.000000 0.096206
380.000000 0.096915
381.000000 0.098465
382.000000 0.100204
383.000000 0.101514
384.000000 0.102615
385.000000 0.103899
386.000000 0.105312
387.000000 0.106476
388.000000 0.107024
389.000000 0.107041
390.000000 0.106859
391.000000 0.106654
392.000000 0.105979
393.000000 0.104993
394.000000 0.104116
395.000000 0.103111
396.000000 0.102086
397.000000 0.101156
398.000000 0.100351
399.000000 0.099648
400.000000 0.099107
401.000000 0.098674
402.000000 0.098431
403.000000 0.098330
404.000000 0.098131
405.000000 0.097964
406.000000 0.097817
407.000000 0.097533
408.000000 0.097045
409.000000 0.096657
410.000000 0.096584
411.000000 0.096440
412.000000 0.096024
413.000000 0.095720
414.000000 0.095666
415.000000 0.095610
416.000000 0.095563
417.000000 0.095619
418.000000 0.095689
419.000000 0.095678
420.000000 0.095449
421.000000 0.095230
422.000000 0.095108
423.000000 0.094843
424.000000 0.094432
425.000000 0.093843
426.000000 0.092940
427.000000 0.091873
428.000000 0.090779
429.000000 0.089360
430.000000 0.087734
431.000000 0.086069
432.000000 0.084143
433.000000 0.082096
434.000000 0.079990
435.000000 0.077580
436.000000 0.075110
437.000000 0.072704
438.000000 0.070373
439.000000 0.068268
440.000000 0.066198
441.000000 0.064181
442.000000 0.062248
443.000000 0.060451
444.000000 0.058797
445.000000 0.057289
446.000000 0.055852
447.000000 0.054444
448.000000 0.053116
449.000000 0.051871
450.000000 0.050745
451.000000 0.049670
452.000000 0.048632
453.000000 0.047783
454.000000 0.047099
455.000000 0.046385
456.000000 0.045544
457.000000 0.044745
458.000000 0.044144
459.000000 0.043557
460.000000 0.042935
461.000000 0.042254
462.000000 0.041588
463.000000 0.040924
464.000000 0.040240
465.000000 0.039615
466.000000 0.038973
467.000000 0.038281
468.000000 0.037644
469.000000 0.036999
470.000000 0.036385
471.000000 0.035845
472.000000 0.035225
473.000000 0.034604
474.000000 0.034047
475.000000 0.033552
476.000000 0.033070
477.000000 0.032555
478.000000 0.032056
479.000000 0.031606
480.000000 0.031205
481.000000 0.030887
482.000000 0.030629
483.000000 0.030416
484.000000 0.030245
485.000000 0.030076
486.000000 0.029929
487.000000 0.029732
488.000000 0.029582
489.000000 0.029677
490.000000 0.029608
491.000000 0.029371
492.000000 0.029273
493.000000 0.029619
494.000000 0.030141
495.000000 0.030449
496.000000 0.030646
497.000000 0.030863
498.000000 0.031030
499.000000 0.030887
500.000000 0.030928
501.000000 0.030994
502.000000 0.030821
503.000000 0.031028
504.000000 0.031624
505.000000 0.032206
506.000000 0.032697
507.000000 0.032964
508.000000 0.033236
509.000000 0.033536
510.000000 0.033728
511.000000 0.034034
512.000000 0.034282
513.000000 0.034658
514.000000 0.035092
515.000000 0.035137
516.000000 0.035281
517.000000 0.035759
518.000000 0.036079
519.000000 0.036366
520.000000 0.036969
521.000000 0.037487
522.000000 0.037903
523.000000 0.038574
524.000000 0.039296
525.000000 0.039785
526.000000 0.040122
527.000000 0.040426
528.000000 0.040828
529.000000 0.041481
530.000000 0.042238
531.000000 0.042899
532.000000 0.043658
533.000000 0.044559
534.000000 0.045468
535.000000 0.046236
536.000000 0.047187
537.000000 0.048290
538.000000 0.048871
539.000000 0.049362
540.000000 0.050225
541.000000 0.051298
542.000000 0.052422
543.000000 0.053518
544.000000 0.054555
545.000000 0.055695
546.000000 0.056803
547.000000 0.057631
548.000000 0.058602
549.000000 0.059620
550.000000 0.060478
551.000000 0.061324
552.000000 0.062165
553.000000 0.063246
554.000000 0.064356
555.000000 0.065332
556.000000 0.066238
557.000000 0.067209
558.000000 0.068480
559.000000 0.069736
560.000000 0.070787
561.000000 0.071975
562.000000 0.073337
563.000000 0.074436
564.000000 0.075546
565.000000 0.076803
566.000000 0.078038
567.000000 0.079465
568.000000 0.080906
569.000000 0.082401
570.000000 0.084032
571.000000 0.085782
572.000000 0.087538
573.000000 0.089239
574.000000 0.091154
575.000000 0.093046
576.000000 0.094960
577.000000 0.096995
578.000000 0.099067
579.000000 0.101284
580.000000 0.103641
581.000000 0.106156
582.000000 0.108621
583.000000 0.111128
584.000000 0.113619
585.000000 0.116065
586.000000 0.118724
587.000000 0.121541
588.000000 0.124344
589.000000 0.127133
590.000000 0.130062
591.000000 0.133066
592.000000 0.136037
593.000000 0.139131
594.000000 0.142131
595.000000 0.145102
596.000000 0.148330
597.000000 0.151477
598.000000 0.154689
599.000000 0.158105
600.000000 0.161437
601.000000 0.164861
602.000000 0.168415
603.000000 0.171946
604.000000 0.175641
605.000000 0.179270
606.000000 0.182921
607.000000 0.186796
608.000000 0.190669
609.000000 0.194608
610.000000 0.198739
611.000000 0.202868
612.000000 0.207079
613.000000 0.211382
614.000000 0.215734
615.000000 0.220299
616.000000 0.224751
617.000000 0.229302
618.000000 0.234165
619.000000 0.238985
620.000000 0.243996
621.000000 0.249353
622.000000 0.254596
623.000000 0.259821
624.000000 0.265385
625.000000 0.271020
626.000000 0.276746
627.000000 0.282850
628.000000 0.288960
629.000000 0.295061
630.000000 0.301526
631.000000 0.308316
632.000000 0.315052
633.000000 0.321809
634.000000 0.329041
635.000000 0.336369
636.000000 0.343809
637.000000 0.351690
638.000000 0.359537
639.000000 0.367432
640.000000 0.375646
641.000000 0.384055
642.000000 0.392211
643.000000 0.400375
644.000000 0.409096
645.000000 0.417680
646.000000 0.426306
647.000000 0.435401
648.000000 0.444726
649.000000 0.453942
650.000000 0.463222
651.000000 0.473022
652.000000 0.483240
653.000000 0.493238
654.000000 0.503081
655.000000 0.513395
656.000000 0.524073
657.000000 0.534524
658.000000 0.545055
659.000000 0.556231
660.000000 0.567682
661.000000 0.578896
662.000000 0.590080
663.000000 0.601936
664.000000 0.614196
665.000000 0.626008
666.000000 0.637577
667.000000 0.649485
668.000000 0.661463
669.000000 0.672941
670.000000 0.684053
671.000000 0.695338
672.000000 0.706534
673.000000 0.717562
674.000000 0.727773
675.000000 0.737559
676.000000 0.747557
677.000000 0.757163
678.000000 0.766282
679.000000 0.774639
680.000000 0.782445
681.000000 0.790102
682.000000 0.797418
683.000000 0.804341
684.000000 0.810652
685.000000 0.816574
686.000000 0.822376
687.000000 0.827841
688.000000 0.833025
689.000000 0.838111
690.000000 0.842937
691.000000 0.847614
692.000000 0.852564
693.000000 0.857760
694.000000 0.863193
695.000000 0.869046
696.000000 0.875149
697.000000 0.881724
698.000000 0.889250
699.000000 0.897647
700.000000 0.906957
701.000000 0.917187
702.000000 0.927945
703.000000 0.939650
704.000000 0.952936
705.000000 0.967653
706.000000 0.983653
707.000000 1.001048
708.000000 1.019843
709.000000 1.039980
710.000000 1.060612
711.000000 1.082118
712.000000 1.105582
713.000000 1.130411
714.000000 1.156411
715.000000 1.183504
716.000000 1.211629
717.000000 1.240694
718.000000 1.270563
719.000000 1.299852
720.000000 1.328888
721.000000 1.359109
722.000000 1.389969
723.000000 1.420954
724.000000 1.451569
725.000000 1.481769
726.000000 1.511602
727.000000 1.541101
728.000000 1.570175
729.000000 1.598771
730.000000 1.626591
731.000000 1.652032
732.000000 1.676074
733.000000 1.700003
734.000000 1.723088
735.000000 1.745188
736.000000 1.765683
737.000000 1.784856
738.000000 1.802599
739.000000 1.818403
740.000000 1.831994
741.000000 1.843810
742.000000 1.853546
743.000000 1.861197
744.000000 1.866695
745.000000 1.869132
746.000000 1.869407
747.000000 1.867318
748.000000 1.862095
749.000000 1.854156
750.000000 1.843360
751.000000 1.829089
752.000000 1.811725
753.000000 1.791465
754.000000 1.768275
755.000000 1.741979
756.000000 1.712500
757.000000 1.680268
758.000000 1.645582
759.000000 1.608182
760.000000 1.568237
761.000000 1.525894
762.000000 1.481657
763.000000 1.435737
764.000000 1.388006
765.000000 1.338417
766.000000 1.287479
767.000000 1.236384
768.000000 1.185608
769.000000 1.134601
770.000000 1.083468
771.000000 1.032907
772.000000 0.983126
773.000000 0.934414
774.000000 0.886445
775.000000 0.839232
776.000000 0.790145
777.000000 0.741672
778.000000 0.697358
779.000000 0.655773
780.000000 0.616150
781.000000 0.578389
782.000000 0.542567
783.000000 0.508519
784.000000 0.476140
785.000000 0.445360
786.000000 0.416131
787.000000 0.388581
788.000000 0.361907
789.000000 0.336663
790.000000 0.313858
791.000000 0.292796
792.000000 0.273106
793.000000 0.254732
794.000000 0.237625
795.000000 0.221635
796.000000 0.206715
797.000000 0.192434
798.000000 0.178987
799.000000 0.166820
800.000000 0.155656
801.000000 0.145358
802.000000 0.135759
803.000000 0.126800
804.000000 0.118189
805.000000 0.110029
806.000000 0.102649
807.000000 0.095842
808.000000 0.089505
809.000000 0.083597
810.000000 0.077851
811.000000 0.072444
812.000000 0.067594
813.000000 0.063144
814.000000 0.059067
815.000000 0.055265
816.000000 0.051580
817.000000 0.048090
818.000000 0.044991
819.000000 0.042167
820.000000 0.039547
821.000000 0.037040
822.000000 0.034665
823.000000 0.032520
824.000000 0.030566
825.000000 0.028751
826.000000 0.027030
827.000000 0.025460
828.000000 0.024009
829.000000 0.022666
830.000000 0.021401
831.000000 0.020207
832.000000 0.019116
833.000000 0.018138
834.000000 0.017252
835.000000 0.016450
836.000000 0.015677
837.000000 0.014876
838.000000 0.014139
839.000000 0.013479
840.000000 0.012889
841.000000 0.012312
842.000000 0.011726
843.000000 0.011205
844.000000 0.010772
845.000000 0.010322
846.000000 0.009847
847.000000 0.009463
848.000000 0.009094
849.000000 0.008742
850.000000 0.008545
851.000000 0.008388
852.000000 0.008087
853.000000 0.007702
854.000000 0.007335
855.000000 0.006992
856.000000 0.006713
857.000000 0.006454
858.000000 0.006190
859.000000 0.005963
860.000000 0.005699
861.000000 0.005438
862.000000 0.005200
863.000000 0.004957
864.000000 0.004742
865.000000 0.004594
866.000000 0.004421
867.000000 0.004249
868.000000 0.004108
869.000000 0.003908
870.000000 0.003674
871.000000 0.003475
872.000000 0.003358
873.000000 0.003255
874.000000 0.003188
875.000000 0.003055
876.000000 0.002838
877.000000 0.002664
878.000000 0.002529
879.000000 0.002380
880.000000 0.002242
881.000000 0.002170
882.000000 0.002053
883.000000 0.001908
884.000000 0.001842
885.000000 0.001796
886.000000 0.001668
887.000000 0.001531
888.000000 0.001448
889.000000 0.001399
890.000000 0.001357
891.000000 0.001272
892.000000 0.001159
893.000000 0.001064
894.000000 0.000982
895.000000 0.000938
896.000000 0.000906
897.000000 0.000858
898.000000 0.000806
899.000000 0.000720
900.000000 0.000624
901.000000 0.000533
902.000000 0.000459
903.000000 0.000410
904.000000 0.000356
905.000000 0.000314
906.000000 0.000279
907.000000 0.000251
908.000000 0.000238
909.000000 0.000204
910.000000 0.000148
911.000000 0.000079
912.000000 -0.000003
913.000000 -0.000080
914.000000 -0.000129
915.000000 -0.000175
916.000000 -0.000223
917.000000 -0.000217
918.000000 -0.000237
919.000000 -0.000280
920.000000 -0.000279
921.000000 -0.000281
922.000000 -0.000282
923.000000 -0.000295
924.000000 -0.000310
925.000000 -0.000346
926.000000 -0.000404
927.000000 -0.000423
928.000000 -0.000428
929.000000 -0.000463
930.000000 -0.000503
931.000000 -0.000522
932.000000 -0.000544
933.000000 -0.000552
934.000000 -0.000535
935.000000 -0.000539
936.000000 -0.000542
937.000000 -0.000531
938.000000 -0.000523
939.000000 -0.000521
940.000000 -0.000526
941.000000 -0.000505
942.000000 -0.000485
943.000000 -0.000466
944.000000 -0.000448
945.000000 -0.000444
946.000000 -0.000455
947.000000 -0.000489
948.000000 -0.000525
949.000000 -0.000568
950.000000 -0.000583
951.000000 -0.000565
952.000000 -0.000578
953.000000 -0.000625
954.000000 -0.000644
955.000000 -0.000638
956.000000 -0.000661
957.000000 -0.000697
958.000000 -0.000717
959.000000 -0.000733
960.000000 -0.000782
961.000000 -0.000851
962.000000 -0.000877
963.000000 -0.000820
964.000000 -0.000800
965.000000 -0.000844
966.000000 -0.000857
967.000000 -0.000884
968.000000 -0.000935
969.000000 -0.000960
970.000000 -0.000976
971.000000 -0.001001
972.000000 -0.001097
973.000000 -0.001129
974.000000 -0.001014
975.000000 -0.000909
976.000000 -0.000838
977.000000 -0.000854
978.000000 -0.000930
979.000000 -0.000986
980.000000 -0.001044
981.000000 -0.001096
982.000000 -0.001103
983.000000 -0.001135
984.000000 -0.001185
985.000000 -0.001197
986.000000 -0.001217
987.000000 -0.001235
988.000000 -0.001233
989.000000 -0.001215
990.000000 -0.001199
991.000000 -0.001202
992.000000 -0.001219
993.000000 -0.001251
994.000000 -0.001316
995.000000 -0.001372
