315.000000 0.121330
316.000000 0.122808
317.000000 0.123700
318.000000 0.125137
319.000000 0.126435
320.000000 0.127264
321.000000 0.127881
322.000000 0.128448
323.000000 0.129567
324.000000 0.130739
325.000000 0.131541
326.000000 0.132752
327.000000 0.134290
328.000000 0.134761
329.000000 0.134919
330.000000 0.135793
331.000000 0.136599
332.000000 0.137057
333.000000 0.137350
334.000000 0.137716
335.000000 0.138250
336.000000 0.138659
337.000000 0.139137
338.000000 0.139439
339.000000 0.139335
340.000000 0.139815
341.000000 0.140536
342.000000 0.140988
343.000000 0.141553
344.000000 0.142189
345.000000 0.142506
346.000000 0.142594
347.000000 0.142941
348.000000 0.143445
349.000000 0.143779
350.000000 0.144079
351.000000 0.144520
352.000000 0.145137
353.000000 0.145699
354.000000 0.146099
355.000000 0.146500
356.000000 0.147111
357.000000 0.147671
358.000000 0.148247
359.000000 0.149095
360.000000 0.149952
361.000000 0.150819
362.000000 0.151696
363.000000 0.152660
364.000000 0.153825
365.000000 0.155143
366.000000 0.156559
367.000000 0.158004
368.000000 0.159441
369.000000 0.160880
370.000000 0.162053
371.000000 0.163015
372.000000 0.164511
373.000000 0.166425
374.000000 0.168583
375.000000 0.170970
376.000000 0.173413
377.000000 0.175802
378.000000 0.178500
379.000000 0.181257
380.000000 0.183941
381.000000 0.187162
382.000000 0.190587
383.000000 0.193539
384.000000 0.196196
385.000000 0.199322
386.000000 0.202606
387.000000 0.205998
388.000000 0.209505
389.000000 0.212888
390.000000 0.216354
391.000000 0.219965
392.000000 0.223480
393.000000 0.226644
394.000000 0.229944
395.000000 0.233550
396.000000 0.237109
397.000000 0.240618
398.000000 0.244430
399.000000 0.248357
400.000000 0.252174
401.000000 0.256303
402.000000 0.260464
403.000000 0.264300
404.000000 0.267946
405.000000 0.271875
406.000000 0.275984
407.000000 0.279762
408.000000 0.283443
409.000000 0.287118
410.000000 0.290709
411.000000 0.294436
412.000000 0.298028
413.000000 0.301492
414.000000 0.305146
415.000000 0.308702
416.000000 0.312119
417.000000 0.315508
418.000000 0.318827
419.000000 0.321991
420.000000 0.325105
421.000000 0.328184
422.000000 0.330919
423.000000 0.333512
424.000000 0.335913
425.000000 0.338030
426.000000 0.339970
427.000000 0.341637
428.000000 0.343157
429.000000 0.344470
430.000000 0.345458
431.000000 0.346176
432.000000 0.346741
433.000000 0.347111
434.000000 0.347195
435.000000 0.347010
436.000000 0.346672
437.000000 0.346197
438.000000 0.345574
439.000000 0.344866
440.000000 0.343992
441.000000 0.343012
442.000000 0.341971
443.000000 0.340879
444.000000 0.339697
445.000000 0.338414
446.000000 0.336972
447.000000 0.335420
448.000000 0.333783
449.000000 0.331988
450.000000 0.330082
451.000000 0.327888
452.000000 0.325330
453.000000 0.322755
454.000000 0.320095
455.000000 0.317120
456.000000 0.313727
457.000000 0.310151
458.000000 0.306633
459.000000 0.302659
460.000000 0.298416
461.000000 0.294197
462.000000 0.289653
463.000000 0.284847
464.000000 0.279890
465.000000 0.274928
466.000000 0.270239
467.000000 0.265402
468.000000 0.260478
469.000000 0.255551
470.000000 0.250618
471.000000 0.246025
472.000000 0.241412
473.000000 0.236934
474.000000 0.232683
475.000000 0.228611
476.000000 0.224933
477.000000 0.221352
478.000000 0.217973
479.000000 0.214863
480.000000 0.211974
481.000000 0.209354
482.000000 0.206915
483.000000 0.204811
484.000000 0.202906
485.000000 0.201150
486.000000 0.199648
487.000000 0.198245
488.000000 0.196997
489.000000 0.196135
490.000000 0.195076
491.000000 0.194189
492.000000 0.193971
493.000000 0.193970
494.000000 0.193815
495.000000 0.193663
496.000000 0.193982
497.000000 0.194343
498.000000 0.194680
499.000000 0.194864
500.000000 0.195059
501.000000 0.195414
502.000000 0.195537
503.000000 0.195881
504.000000 0.196517
505.000000 0.197394
506.000000 0.198387
507.000000 0.198950
508.000000 0.199414
509.000000 0.200253
510.000000 0.201109
511.000000 0.201949
512.000000 0.202701
513.000000 0.203311
514.000000 0.203981
515.000000 0.204626
516.000000 0.205321
517.000000 0.206213
518.000000 0.207164
519.000000 0.207969
520.000000 0.208882
521.000000 0.210058
522.000000 0.211046
523.000000 0.211818
524.000000 0.212734
525.000000 0.213552
526.000000 0.214273
527.000000 0.215134
528.000000 0.216264
529.000000 0.217304
530.000000 0.218363
531.000000 0.219531
532.000000 0.220291
533.000000 0.221111
534.000000 0.222126
535.000000 0.222882
536.000000 0.223926
537.000000 0.225124
538.000000 0.225899
539.000000 0.226595
540.000000 0.227323
541.000000 0.228068
542.000000 0.228609
543.000000 0.229013
544.000000 0.229674
545.000000 0.230393
546.000000 0.230725
547.000000 0.230707
548.000000 0.230698
549.000000 0.230607
550.000000 0.230513
551.000000 0.230407
552.000000 0.230166
553.000000 0.229971
554.000000 0.229823
555.000000 0.229497
556.000000 0.228901
557.000000 0.228382
558.000000 0.228007
559.000000 0.227408
560.000000 0.226624
561.000000 0.225995
562.000000 0.225320
563.000000 0.224201
564.000000 0.223018
565.000000 0.222138
566.000000 0.221206
567.000000 0.220060
568.000000 0.218949
569.000000 0.217892
570.000000 0.216860
571.000000 0.215852
572.000000 0.214756
573.000000 0.213499
574.000000 0.212215
575.000000 0.210977
576.000000 0.209754
577.000000 0.208576
578.000000 0.207312
579.000000 0.205939
580.000000 0.204604
581.000000 0.203304
582.000000 0.201893
583.000000 0.200401
584.000000 0.198802
585.000000 0.197165
586.000000 0.195542
587.000000 0.193958
588.000000 0.192323
589.000000 0.190481
590.000000 0.188544
591.000000 0.186616
592.000000 0.184662
593.000000 0.182632
594.000000 0.180562
595.000000 0.178414
596.000000 0.176151
597.000000 0.173926
598.000000 0.171815
599.000000 0.169663
600.000000 0.167437
601.000000 0.165126
602.000000 0.162833
603.000000 0.160546
604.000000 0.158235
605.000000 0.155999
606.000000 0.153770
607.000000 0.151510
608.000000 0.149310
609.000000 0.147174
610.000000 0.145034
611.000000 0.142929
612.000000 0.140960
613.000000 0.139182
614.000000 0.137466
615.000000 0.135710
616.000000 0.134113
617.000000 0.132727
618.000000 0.131375
619.000000 0.130174
620.000000 0.129141
621.000000 0.128175
622.000000 0.127379
623.000000 0.126738
624.000000 0.126196
625.000000 0.125817
626.000000 0.125610
627.000000 0.125507
628.000000 0.125449
629.000000 0.125431
630.000000 0.125565
631.000000 0.125886
632.000000 0.126284
633.000000 0.126710
634.000000 0.127138
635.000000 0.127526
636.000000 0.127938
637.000000 0.128377
638.000000 0.128738
639.000000 0.128974
640.000000 0.129115
641.000000 0.129173
642.000000 0.129106
643.000000 0.128843
644.000000 0.128366
645.000000 0.127778
646.000000 0.127060
647.000000 0.126151
648.000000 0.125096
649.000000 0.123976
650.000000 0.122717
651.000000 0.121273
652.000000 0.119708
653.000000 0.118183
654.000000 0.116687
655.000000 0.115082
656.000000 0.113410
657.000000 0.111813
658.000000 0.110273
659.000000 0.108710
660.000000 0.107207
661.000000 0.105826
662.000000 0.104542
663.000000 0.103288
664.000000 0.102151
665.000000 0.101204
666.000000 0.100400
667.000000 0.099666
668.000000 0.099054
669.000000 0.098544
670.000000 0.098116
671.000000 0.097783
672.000000 0.097537
673.000000 0.097375
674.000000 0.097285
675.000000 0.097225
676.000000 0.097177
677.000000 0.097198
678.000000 0.097267
679.000000 0.097417
680.000000 0.097606
681.000000 0.097761
682.000000 0.097919
683.000000 0.098086
684.000000 0.098228
685.000000 0.098358
686.000000 0.098529
687.000000 0.098722
688.000000 0.098919
689.000000 0.099161
690.000000 0.099396
691.000000 0.099601
692.000000 0.099832
693.000000 0.100156
694.000000 0.100582
695.000000 0.100990
696.000000 0.101394
697.000000 0.101877
698.000000 0.102468
699.000000 0.103181
700.000000 0.103986
701.000000 0.104863
702.000000 0.105820
703.000000 0.106913
704.000000 0.108137
705.000000 0.109478
706.000000 0.110945
707.000000 0.112494
708.000000 0.114118
709.000000 0.115892
710.000000 0.117739
711.000000 0.119616
712.000000 0.121647
713.000000 0.123873
714.000000 0.126213
715.000000 0.128571
716.000000 0.130974
717.000000 0.133450
718.000000 0.135976
719.000000 0.138420
720.000000 0.140844
721.000000 0.143352
722.000000 0.145909
723.000000 0.148429
724.000000 0.150895
725.000000 0.153321
726.000000 0.155688
727.000000 0.158014
728.000000 0.160247
729.000000 0.162419
730.000000 0.164490
731.000000 0.166319
732.000000 0.168009
733.000000 0.169724
734.000000 0.171392
735.000000 0.172927
736.000000 0.174308
737.000000 0.175541
738.000000 0.176643
739.000000 0.177540
740.000000 0.178265
741.000000 0.178869
742.000000 0.179347
743.000000 0.179665
744.000000 0.179776
745.000000 0.179696
746.000000 0.179410
747.000000 0.178914
748.000000 0.178195
749.000000 0.177261
750.000000 0.176153
751.000000 0.174784
752.000000 0.173153
753.000000 0.171299
754.000000 0.169211
755.000000 0.166954
756.000000 0.164472
757.000000 0.161786
758.000000 0.158965
759.000000 0.155983
760.000000 0.152822
761.000000 0.149434
762.000000 0.145891
763.000000 0.142254
764.000000 0.138511
765.000000 0.134643
766.000000 0.130665
767.000000 0.126665
768.000000 0.122690
769.000000 0.118705
770.000000 0.114658
771.000000 0.110710
772.000000 0.106870
773.000000 0.103039
774.000000 0.099258
775.000000 0.095490
776.000000 0.091559
777.000000 0.087682
778.000000 0.084107
779.000000 0.080728
780.000000 0.077544
781.000000 0.074498
782.000000 0.071574
783.000000 0.068718
784.000000 0.065947
785.000000 0.063346
786.000000 0.060865
787.000000 0.058519
788.000000 0.056181
789.000000 0.053886
790.000000 0.051769
791.000000 0.049593
792.000000 0.047621
793.000000 0.045917
794.000000 0.044239
795.000000 0.042600
796.000000 0.040978
797.000000 0.039360
798.000000 0.037751
799.000000 0.036228
800.000000 0.034793
801.000000 0.033469
802.000000 0.032124
803.000000 0.030761
804.000000 0.029432
805.000000 0.028110
806.000000 0.026887
807.000000 0.025709
808.000000 0.024599
809.000000 0.023526
810.000000 0.022405
811.000000 0.021335
812.000000 0.020326
813.000000 0.019314
814.000000 0.018352
815.000000 0.017498
816.000000 0.016701
817.000000 0.015884
818.000000 0.015116
819.000000 0.014434
820.000000 0.013767
821.000000 0.013094
822.000000 0.012466
823.000000 0.011931
824.000000 0.011441
825.000000 0.010968
826.000000 0.010497
827.000000 0.010048
828.000000 0.009644
829.000000 0.009238
830.000000 0.008825
831.000000 0.008471
832.000000 0.008159
833.000000 0.007820
834.000000 0.007457
835.000000 0.007128
836.000000 0.006835
837.000000 0.006583
838.000000 0.006359
839.000000 0.006174
840.000000 0.006017
841.000000 0.005823
842.000000 0.005595
843.000000 0.005395
844.000000 0.005249
845.000000 0.005079
846.000000 0.004876
847.000000 0.004697
848.000000 0.004515
849.000000 0.004378
850.000000 0.004279
851.000000 0.004150
852.000000 0.003983
853.000000 0.003816
854.000000 0.003695
855.000000 0.003554
856.000000 0.003424
857.000000 0.003284
858.000000 0.003122
859.000000 0.003003
860.000000 0.002881
861.000000 0.002780
862.000000 0.002652
863.000000 0.002494
864.000000 0.002374
865.000000 0.002304
866.000000 0.002186
867.000000 0.002018
868.000000 0.001911
869.000000 0.001788
870.000000 0.001630
871.000000 0.001499
872.000000 0.001416
873.000000 0.001356
874.000000 0.001275
875.000000 0.001182
876.000000 0.001093
877.000000 0.000996
878.000000 0.000914
879.000000 0.000823
880.000000 0.000741
881.000000 0.000708
882.000000 0.000660
883.000000 0.000617
884.000000 0.000615
885.000000 0.000622
886.000000 0.000567
887.000000 0.000431
888.000000 0.000321
889.000000 0.000276
890.000000 0.000258
891.000000 0.000190
892.000000 0.000090
893.000000 0.000063
894.000000 0.000059
895.000000 0.000047
896.000000 0.000037
897.000000 0.000010
898.000000 -0.000025
899.000000 -0.000095
900.000000 -0.000148
901.000000 -0.000161
902.000000 -0.000176
903.000000 -0.000199
904.000000 -0.000223
905.000000 -0.000246
906.000000 -0.000300
907.000000 -0.000360
908.000000 -0.000408
909.000000 -0.000452
910.000000 -0.000488
911.000000 -0.000546
912.000000 -0.000610
913.000000 -0.000655
914.000000 -0.000683
915.000000 -0.000729
916.000000 -0.000785
917.000000 -0.000768
918.000000 -0.000739
919.000000 -0.000736
920.000000 -0.000748
921.000000 -0.000777
922.000000 -0.000786
923.000000 -0.000791
924.000000 -0.000801
925.000000 -0.000833
926.000000 -0.000876
927.000000 -0.000887
928.000000 -0.000895
929.000000 -0.000910
930.000000 -0.000931
931.000000 -0.000952
932.000000 -0.000978
933.000000 -0.001005
934.000000 -0.000997
935.000000 -0.000963
936.000000 -0.000942
937.000000 -0.000934
938.000000 -0.000934
939.000000 -0.000941
940.000000 -0.000931
941.000000 -0.000908
942.000000 -0.000902
943.000000 -0.000901
944.000000 -0.000877
945.000000 -0.000879
946.000000 -0.000881
947.000000 -0.000875
948.000000 -0.000882
949.000000 -0.000905
950.000000 -0.000933
951.000000 -0.000948
952.000000 -0.000952
953.000000 -0.000973
954.000000 -0.000998
955.000000 -0.001002
956.000000 -0.001023
957.000000 -0.001055
958.000000 -0.001030
959.000000 -0.000940
960.000000 -0.000863
961.000000 -0.000846
962.000000 -0.000872
963.000000 -0.000930
964.000000 -0.001054
965.000000 -0.001193
966.000000 -0.001285
967.000000 -0.001345
968.000000 -0.001377
969.000000 -0.001361
970.000000 -0.001379
971.000000 -0.001447
972.000000 -0.001553
973.000000 -0.001601
974.000000 -0.001529
975.000000 -0.001474
976.000000 -0.001446
977.000000 -0.001454
978.000000 -0.001480
979.000000 -0.001487
980.000000 -0.001510
981.000000 -0.001541
982.000000 -0.001597
983.000000 -0.001691
984.000000 -0.001730
985.000000 -0.001737
986.000000 -0.001745
987.000000 -0.001763
988.000000 -0.001783
989.000000 -0.001783
990.000000 -0.001784
991.000000 -0.001781
992.000000 -0.001753
993.000000 -0.001743
994.000000 -0.001779
995.000000 -0.001795
