315.000000 0.098348
316.000000 0.098724
317.000000 0.099210
318.000000 0.100366
319.000000 0.102366
320.000000 0.104366
321.000000 0.106441
322.000000 0.109186
323.000000 0.111681
324.000000 0.113127
325.000000 0.114219
326.000000 0.116035
327.000000 0.118274
328.000000 0.120416
329.000000 0.122990
330.000000 0.125893
331.000000 0.129086
332.000000 0.132499
333.000000 0.135472
334.000000 0.138680
335.000000 0.142565
336.000000 0.146982
337.000000 0.151645
338.000000 0.155840
339.000000 0.159927
340.000000 0.164305
341.000000 0.168853
342.000000 0.173229
343.000000 0.177387
344.000000 0.182019
345.000000 0.186641
346.000000 0.190725
347.000000 0.194408
348.000000 0.197760
349.000000 0.201023
350.000000 0.203937
351.000000 0.206436
352.000000 0.208544
353.000000 0.209895
354.000000 0.210746
355.000000 0.211401
356.000000 0.211825
357.000000 0.211845
358.000000 0.211369
359.000000 0.210691
360.000000 0.209884
361.000000 0.208884
362.000000 0.207827
363.000000 0.206605
364.000000 0.205586
365.000000 0.204740
366.000000 0.203601
367.000000 0.201984
368.000000 0.199843
369.000000 0.197565
370.000000 0.195417
371.000000 0.193176
372.000000 0.190926
373.000000 0.188356
374.000000 0.185088
375.000000 0.181141
376.000000 0.177192
377.000000 0.173592
378.000000 0.169775
379.000000 0.165692
380.000000 0.161205
381.000000 0.157033
382.000000 0.153428
383.000000 0.149944
384.000000 0.146693
385.000000 0.143831
386.000000 0.140813
387.000000 0.137779
388.000000 0.134821
389.000000 0.132578
390.000000 0.131347
391.000000 0.130257
392.000000 0.129476
393.000000 0.128850
394.000000 0.128423
395.000000 0.128616
396.000000 0.128935
397.000000 0.128995
398.000000 0.129408
399.000000 0.129931
400.000000 0.130473
401.000000 0.131256
402.000000 0.132055
403.000000 0.132970
404.000000 0.133728
405.000000 0.134259
406.000000 0.134941
407.000000 0.135594
408.000000 0.136020
409.000000 0.136405
410.000000 0.136434
411.000000 0.136538
412.000000 0.137106
413.000000 0.137686
414.000000 0.138524
415.000000 0.139741
416.000000 0.141096
417.000000 0.142731
418.000000 0.144910
419.000000 0.148095
420.000000 0.152212
421.000000 0.156665
422.000000 0.161546
423.000000 0.167390
424.000000 0.174117
425.000000 0.181178
426.000000 0.188704
427.000000 0.196311
428.000000 0.203526
429.000000 0.210452
430.000000 0.216604
431.000000 0.221595
432.000000 0.225406
433.000000 0.227670
434.000000 0.228170
435.000000 0.226843
436.000000 0.223996
437.000000 0.219626
438.000000 0.213924
439.000000 0.207454
440.000000 0.199911
441.000000 0.191845
442.000000 0.183865
443.000000 0.175595
444.000000 0.167175
445.000000 0.159140
446.000000 0.151101
447.000000 0.143322
448.000000 0.136054
449.000000 0.129241
450.000000 0.123210
451.000000 0.117431
452.000000 0.111975
453.000000 0.107264
454.000000 0.102884
455.000000 0.098888
456.000000 0.095205
457.000000 0.091673
458.000000 0.088621
459.000000 0.085759
460.000000 0.083137
461.000000 0.080727
462.000000 0.078338
463.000000 0.076160
464.000000 0.074033
465.000000 0.071885
466.000000 0.069892
467.000000 0.067980
468.000000 0.066076
469.000000 0.064227
470.000000 0.062527
471.000000 0.060927
472.000000 0.059285
473.000000 0.057777
474.000000 0.056357
475.000000 0.054793
476.000000 0.053288
477.000000 0.051945
478.000000 0.050689
479.000000 0.049414
480.000000 0.048212
481.000000 0.047060
482.000000 0.045966
483.000000 0.045008
484.000000 0.044076
485.000000 0.043246
486.000000 0.042357
487.000000 0.041435
488.000000 0.040600
489.000000 0.039651
490.000000 0.039082
491.000000 0.038683
492.000000 0.037881
493.000000 0.036825
494.000000 0.035923
495.000000 0.035438
496.000000 0.035102
497.000000 0.035135
498.000000 0.035893
499.000000 0.035828
500.000000 0.034729
501.000000 0.034120
502.000000 0.033504
503.000000 0.032863
504.000000 0.032740
505.000000 0.032700
506.000000 0.032102
507.000000 0.031440
508.000000 0.031317
509.000000 0.031207
510.000000 0.030802
511.000000 0.030461
512.000000 0.030554
513.000000 0.030532
514.000000 0.030453
515.000000 0.030291
516.000000 0.030129
517.000000 0.030180
518.000000 0.030163
519.000000 0.030104
520.000000 0.029960
521.000000 0.030004
522.000000 0.029949
523.000000 0.029801
524.000000 0.030066
525.000000 0.030341
526.000000 0.030483
527.000000 0.030722
528.000000 0.030807
529.000000 0.030848
530.000000 0.030989
531.000000 0.031244
532.000000 0.031549
533.000000 0.031877
534.000000 0.032592
535.000000 0.033469
536.000000 0.034032
537.000000 0.034596
538.000000 0.035503
539.000000 0.036253
540.000000 0.036869
541.000000 0.037646
542.000000 0.038295
543.000000 0.039066
544.000000 0.040037
545.000000 0.041277
546.000000 0.042571
547.000000 0.043464
548.000000 0.044428
549.000000 0.045443
550.000000 0.046145
551.000000 0.046850
552.000000 0.047808
553.000000 0.048762
554.000000 0.049466
555.000000 0.050434
556.000000 0.051543
557.000000 0.052625
558.000000 0.053588
559.000000 0.054350
560.000000 0.055275
561.000000 0.056319
562.000000 0.057674
563.000000 0.059016
564.000000 0.060262
565.000000 0.061720
566.000000 0.063404
567.000000 0.065180
568.000000 0.066820
569.000000 0.068650
570.000000 0.070675
571.000000 0.072863
572.000000 0.075208
573.000000 0.077751
574.000000 0.080625
575.000000 0.083434
576.000000 0.086426
577.000000 0.089607
578.000000 0.092860
579.000000 0.096295
580.000000 0.100023
581.000000 0.104152
582.000000 0.108345
583.000000 0.112677
584.000000 0.117037
585.000000 0.121659
586.000000 0.126427
587.000000 0.131123
588.000000 0.136188
589.000000 0.141369
590.000000 0.146546
591.000000 0.152044
592.000000 0.157443
593.000000 0.162707
594.000000 0.167972
595.000000 0.173283
596.000000 0.178868
597.000000 0.184380
598.000000 0.189885
599.000000 0.195582
600.000000 0.201208
601.000000 0.206823
602.000000 0.212413
603.000000 0.217878
604.000000 0.223572
605.000000 0.229253
606.000000 0.234943
607.000000 0.240867
608.000000 0.246787
609.000000 0.252773
610.000000 0.259045
611.000000 0.265471
612.000000 0.272193
613.000000 0.279059
614.000000 0.286169
615.000000 0.293984
616.000000 0.301790
617.000000 0.309879
618.000000 0.318904
619.000000 0.328245
620.000000 0.338139
621.000000 0.348987
622.000000 0.360099
623.000000 0.371640
624.000000 0.384235
625.000000 0.397332
626.000000 0.411114
627.000000 0.426338
628.000000 0.441909
629.000000 0.458034
630.000000 0.475691
631.000000 0.494358
632.000000 0.513209
633.000000 0.532757
634.000000 0.553897
635.000000 0.575121
636.000000 0.596676
637.000000 0.619622
638.000000 0.642484
639.000000 0.665661
640.000000 0.689832
641.000000 0.714045
642.000000 0.737020
643.000000 0.759460
644.000000 0.782838
645.000000 0.805192
646.000000 0.826727
647.000000 0.848497
648.000000 0.869799
649.000000 0.889748
650.000000 0.908476
651.000000 0.926654
652.000000 0.944019
653.000000 0.959775
654.000000 0.974082
655.000000 0.987642
656.000000 1.000217
657.000000 1.011331
658.000000 1.021331
659.000000 1.030862
660.000000 1.039721
661.000000 1.047652
662.000000 1.055057
663.000000 1.062436
664.000000 1.069651
665.000000 1.076670
666.000000 1.083782
667.000000 1.091431
668.000000 1.099624
669.000000 1.108134
670.000000 1.117377
671.000000 1.128061
672.000000 1.140241
673.000000 1.153974
674.000000 1.168420
675.000000 1.184346
676.000000 1.203132
677.000000 1.224304
678.000000 1.247611
679.000000 1.272172
680.000000 1.298904
681.000000 1.329119
682.000000 1.362412
683.000000 1.398760
684.000000 1.436749
685.000000 1.477014
686.000000 1.521303
687.000000 1.568633
688.000000 1.618908
689.000000 1.672246
690.000000 1.725890
691.000000 1.780517
692.000000 1.839671
693.000000 1.902297
694.000000 1.966890
695.000000 2.032995
696.000000 2.098393
697.000000 2.163641
698.000000 2.230675
699.000000 2.297893
700.000000 2.366436
701.000000 2.434166
702.000000 2.495914
703.000000 2.552283
704.000000 2.606522
705.000000 2.655815
706.000000 2.703305
707.000000 2.748885
708.000000 2.791267
709.000000 2.826632
710.000000 2.852623
711.000000 2.872164
712.000000 2.881697
713.000000 2.891273
714.000000 2.898368
715.000000 2.899518
716.000000 2.893931
717.000000 2.876346
718.000000 2.853953
719.000000 2.827131
720.000000 2.791157
721.000000 2.748112
722.000000 2.702591
723.000000 2.653743
724.000000 2.599854
725.000000 2.539045
726.000000 2.476670
727.000000 2.410912
728.000000 2.339493
729.000000 2.267353
730.000000 2.194217
731.000000 2.124901
732.000000 2.056231
733.000000 1.983947
734.000000 1.911072
735.000000 1.838137
736.000000 1.766156
737.000000 1.696097
738.000000 1.627242
739.000000 1.559661
740.000000 1.493915
741.000000 1.430203
742.000000 1.368382
743.000000 1.308843
744.000000 1.251743
745.000000 1.196345
746.000000 1.142822
747.000000 1.091102
748.000000 1.041261
749.000000 0.993337
750.000000 0.947440
751.000000 0.903614
752.000000 0.861625
753.000000 0.821038
754.000000 0.781787
755.000000 0.743945
756.000000 0.707511
757.000000 0.672618
758.000000 0.639101
759.000000 0.606742
760.000000 0.575603
761.000000 0.545743
762.000000 0.517199
763.000000 0.490010
764.000000 0.463866
765.000000 0.438409
766.000000 0.413888
767.000000 0.390578
768.000000 0.368526
769.000000 0.347587
770.000000 0.327581
771.000000 0.308605
772.000000 0.290618
773.000000 0.273511
774.000000 0.257206
775.000000 0.241690
776.000000 0.226078
777.000000 0.210975
778.000000 0.197515
779.000000 0.185129
780.000000 0.173493
781.000000 0.162607
782.000000 0.152430
783.000000 0.142825
784.000000 0.133680
785.000000 0.125096
786.000000 0.117151
787.000000 0.109698
788.000000 0.102465
789.000000 0.095632
790.000000 0.089485
791.000000 0.083832
792.000000 0.078606
793.000000 0.073791
794.000000 0.069253
795.000000 0.064990
796.000000 0.061063
797.000000 0.057300
798.000000 0.053734
799.000000 0.050540
800.000000 0.047557
801.000000 0.044793
802.000000 0.042238
803.000000 0.039801
804.000000 0.037449
805.000000 0.035279
806.000000 0.033337
807.000000 0.031501
808.000000 0.029753
809.000000 0.028062
810.000000 0.026402
811.000000 0.024866
812.000000 0.023468
813.000000 0.022112
814.000000 0.020904
815.000000 0.019800
816.000000 0.018664
817.000000 0.017564
818.000000 0.016572
819.000000 0.015626
820.000000 0.014721
821.000000 0.013881
822.000000 0.013107
823.000000 0.012370
824.000000 0.011669
825.000000 0.011013
826.000000 0.010362
827.000000 0.009707
828.000000 0.009133
829.000000 0.008666
830.000000 0.008159
831.000000 0.007646
832.000000 0.007213
833.000000 0.006799
834.000000 0.006426
835.000000 0.006077
836.000000 0.005757
837.000000 0.005470
838.000000 0.005148
839.000000 0.004879
840.000000 0.004664
841.000000 0.004470
842.000000 0.004293
843.000000 0.004082
844.000000 0.003914
845.000000 0.003805
846.000000 0.003724
847.000000 0.003628
848.000000 0.003487
849.000000 0.003362
850.000000 0.003276
851.000000 0.003253
852.000000 0.003244
853.000000 0.003204
854.000000 0.003158
855.000000 0.003127
856.000000 0.003041
857.000000 0.002933
858.000000 0.002876
859.000000 0.002823
860.000000 0.002775
861.000000 0.002700
862.000000 0.002618
863.000000 0.002601
864.000000 0.002612
865.000000 0.002611
866.000000 0.002608
867.000000 0.002595
868.000000 0.002581
869.000000 0.002556
870.000000 0.002535
871.000000 0.002541
872.000000 0.002527
873.000000 0.002498
874.000000 0.002462
875.000000 0.002433
876.000000 0.002392
877.000000 0.002327
878.000000 0.002289
879.000000 0.002313
880.000000 0.002349
881.000000 0.002365
882.000000 0.002385
883.000000 0.002359
884.000000 0.002312
885.000000 0.002278
886.000000 0.002246
887.000000 0.002255
888.000000 0.002293
889.000000 0.002314
890.000000 0.002266
891.000000 0.002194
892.000000 0.002189
893.000000 0.002195
894.000000 0.002190
895.000000 0.002203
896.000000 0.002218
897.000000 0.002249
898.000000 0.002257
899.000000 0.002217
900.000000 0.002217
