315.000000 0.099588
316.000000 0.101427
317.000000 0.102942
318.000000 0.104325
319.000000 0.105738
320.000000 0.107390
321.000000 0.109474
322.000000 0.111504
323.000000 0.113775
324.000000 0.115806
325.000000 0.117199
326.000000 0.119198
327.000000 0.121684
328.000000 0.123775
329.000000 0.126185
330.000000 0.129039
331.000000 0.132255
332.000000 0.135679
333.000000 0.138959
334.000000 0.142480
335.000000 0.146434
336.000000 0.151025
337.000000 0.155550
338.000000 0.159642
339.000000 0.163821
340.000000 0.168170
341.000000 0.172719
342.000000 0.177302
343.000000 0.182019
344.000000 0.186910
345.000000 0.191411
346.000000 0.195412
347.000000 0.199255
348.000000 0.202671
349.000000 0.205507
350.000000 0.207937
351.000000 0.210141
352.000000 0.212214
353.000000 0.213783
354.000000 0.214660
355.000000 0.215120
356.000000 0.215391
357.000000 0.215171
358.000000 0.214444
359.000000 0.213617
360.000000 0.212751
361.000000 0.211667
362.000000 0.210483
363.000000 0.209227
364.000000 0.207847
365.000000 0.206613
366.000000 0.205208
367.000000 0.203412
368.000000 0.201399
369.000000 0.199235
370.000000 0.197204
371.000000 0.194775
372.000000 0.192107
373.000000 0.189174
374.000000 0.185502
375.000000 0.181662
376.000000 0.177795
377.000000 0.173978
378.000000 0.170033
379.000000 0.165548
380.000000 0.160537
381.000000 0.155876
382.000000 0.152207
383.000000 0.148892
384.000000 0.145426
385.000000 0.142323
386.000000 0.139606
387.000000 0.137058
388.000000 0.134551
389.000000 0.132342
390.000000 0.130466
391.000000 0.129186
392.000000 0.128470
393.000000 0.127873
394.000000 0.127652
395.000000 0.127887
396.000000 0.128200
397.000000 0.128377
398.000000 0.128748
399.000000 0.129194
400.000000 0.129751
401.000000 0.130549
402.000000 0.131271
403.000000 0.132163
404.000000 0.133139
405.000000 0.133824
406.000000 0.134529
407.000000 0.135057
408.000000 0.135335
409.000000 0.135694
410.000000 0.135943
411.000000 0.136286
412.000000 0.136893
413.000000 0.137269
414.000000 0.137698
415.000000 0.138590
416.000000 0.139747
417.000000 0.141381
418.000000 0.143655
419.000000 0.146662
420.000000 0.150614
421.000000 0.155120
422.000000 0.160033
423.000000 0.165867
424.000000 0.172534
425.000000 0.179480
426.000000 0.186945
427.000000 0.194632
428.000000 0.201889
429.000000 0.208824
430.000000 0.214949
431.000000 0.219828
432.000000 0.223548
433.000000 0.225638
434.000000 0.225949
435.000000 0.224480
436.000000 0.221402
437.000000 0.216818
438.000000 0.210913
439.000000 0.204259
440.000000 0.196688
441.000000 0.188680
442.000000 0.180686
443.000000 0.172252
444.000000 0.163747
445.000000 0.155740
446.000000 0.147769
447.000000 0.140072
448.000000 0.132895
449.000000 0.126135
450.000000 0.120024
451.000000 0.114179
452.000000 0.108659
453.000000 0.103919
454.000000 0.099587
455.000000 0.095634
456.000000 0.091979
457.000000 0.088411
458.000000 0.085214
459.000000 0.082190
460.000000 0.079480
461.000000 0.076973
462.000000 0.074463
463.000000 0.072112
464.000000 0.069853
465.000000 0.067655
466.000000 0.065567
467.000000 0.063515
468.000000 0.061455
469.000000 0.059429
470.000000 0.057507
471.000000 0.055712
472.000000 0.053923
473.000000 0.052190
474.000000 0.050530
475.000000 0.048921
476.000000 0.047422
477.000000 0.045980
478.000000 0.044622
479.000000 0.043265
480.000000 0.041938
481.000000 0.040615
482.000000 0.039355
483.000000 0.038284
484.000000 0.037214
485.000000 0.036103
486.000000 0.034950
487.000000 0.033900
488.000000 0.032964
489.000000 0.031960
490.000000 0.031140
491.000000 0.030345
492.000000 0.029525
493.000000 0.028481
494.000000 0.027510
495.000000 0.027005
496.000000 0.026601
497.000000 0.026461
498.000000 0.026140
499.000000 0.025260
500.000000 0.024504
501.000000 0.024172
502.000000 0.023856
503.000000 0.023643
504.000000 0.023717
505.000000 0.023533
506.000000 0.022756
507.000000 0.022022
508.000000 0.021780
509.000000 0.021901
510.000000 0.021688
511.000000 0.021090
512.000000 0.020842
513.000000 0.020574
514.000000 0.020482
515.000000 0.020553
516.000000 0.020584
517.000000 0.020699
518.000000 0.020834
519.000000 0.020943
520.000000 0.020864
521.000000 0.020930
522.000000 0.021262
523.000000 0.021488
524.000000 0.021443
525.000000 0.021575
526.000000 0.022024
527.000000 0.022454
528.000000 0.022633
529.000000 0.022676
530.000000 0.022566
531.000000 0.022876
532.000000 0.023577
533.000000 0.024335
534.000000 0.025181
535.000000 0.025790
536.000000 0.026009
537.000000 0.026129
538.000000 0.026776
539.000000 0.027533
540.000000 0.027988
541.000000 0.028692
542.000000 0.029735
543.000000 0.031064
544.000000 0.032345
545.000000 0.033554
546.000000 0.034970
547.000000 0.036332
548.000000 0.037617
549.000000 0.038711
550.000000 0.039644
551.000000 0.040744
552.000000 0.042114
553.000000 0.043481
554.000000 0.044621
555.000000 0.045890
556.000000 0.047344
557.000000 0.048897
558.000000 0.050320
559.000000 0.051510
560.000000 0.052812
561.000000 0.054212
562.000000 0.055768
563.000000 0.057348
564.000000 0.058946
565.000000 0.060654
566.000000 0.062612
567.000000 0.064708
568.000000 0.066593
569.000000 0.068475
570.000000 0.070525
571.000000 0.072735
572.000000 0.075181
573.000000 0.077802
574.000000 0.080676
575.000000 0.083580
576.000000 0.086549
577.000000 0.089757
578.000000 0.093092
579.000000 0.096556
580.000000 0.100319
581.000000 0.104462
582.000000 0.108544
583.000000 0.112718
584.000000 0.116995
585.000000 0.121581
586.000000 0.126500
587.000000 0.131376
588.000000 0.136443
589.000000 0.141508
590.000000 0.146556
591.000000 0.151968
592.000000 0.157298
593.000000 0.162503
594.000000 0.167681
595.000000 0.172965
596.000000 0.178572
597.000000 0.184064
598.000000 0.189461
599.000000 0.194979
600.000000 0.200511
601.000000 0.206084
602.000000 0.211654
603.000000 0.217146
604.000000 0.222848
605.000000 0.228417
606.000000 0.233959
607.000000 0.239737
608.000000 0.245496
609.000000 0.251400
610.000000 0.257632
611.000000 0.263910
612.000000 0.270449
613.000000 0.277249
614.000000 0.284378
615.000000 0.292136
616.000000 0.299866
617.000000 0.307933
618.000000 0.316836
619.000000 0.325984
620.000000 0.335684
621.000000 0.346395
622.000000 0.357459
623.000000 0.369033
624.000000 0.381635
625.000000 0.394657
626.000000 0.408506
627.000000 0.423818
628.000000 0.439363
629.000000 0.455441
630.000000 0.473023
631.000000 0.491644
632.000000 0.510475
633.000000 0.529996
634.000000 0.551020
635.000000 0.572113
636.000000 0.593643
637.000000 0.616625
638.000000 0.639506
639.000000 0.662305
640.000000 0.686049
641.000000 0.710173
642.000000 0.733052
643.000000 0.755472
644.000000 0.778976
645.000000 0.801449
646.000000 0.823040
647.000000 0.844826
648.000000 0.866026
649.000000 0.885774
650.000000 0.904419
651.000000 0.922625
652.000000 0.939794
653.000000 0.955236
654.000000 0.969233
655.000000 0.982486
656.000000 0.994769
657.000000 1.005637
658.000000 1.015576
659.000000 1.025017
660.000000 1.033678
661.000000 1.041449
662.000000 1.048630
663.000000 1.055756
664.000000 1.062813
665.000000 1.069600
666.000000 1.076345
667.000000 1.083574
668.000000 1.091437
669.000000 1.099665
670.000000 1.108691
671.000000 1.119181
672.000000 1.130968
673.000000 1.144304
674.000000 1.158396
675.000000 1.173996
676.000000 1.192478
677.000000 1.213463
678.000000 1.236828
679.000000 1.261352
680.000000 1.287781
681.000000 1.317496
682.000000 1.350181
683.000000 1.386137
684.000000 1.423984
685.000000 1.463956
686.000000 1.507924
687.000000 1.555068
688.000000 1.605085
689.000000 1.657949
690.000000 1.711632
691.000000 1.766933
692.000000 1.826054
693.000000 1.887971
694.000000 1.952061
695.000000 2.017382
696.000000 2.081335
697.000000 2.144990
698.000000 2.211514
699.000000 2.278405
700.000000 2.344456
701.000000 2.408259
702.000000 2.466376
703.000000 2.521235
704.000000 2.579959
705.000000 2.636320
706.000000 2.684325
707.000000 2.727130
708.000000 2.765473
709.000000 2.797742
710.000000 2.823534
711.000000 2.846875
712.000000 2.863935
713.000000 2.871802
714.000000 2.873299
715.000000 2.869496
716.000000 2.858986
717.000000 2.838143
718.000000 2.811584
719.000000 2.784983
720.000000 2.753784
721.000000 2.715201
722.000000 2.672047
723.000000 2.624893
724.000000 2.570104
725.000000 2.508481
726.000000 2.442121
727.000000 2.374463
728.000000 2.305279
729.000000 2.233867
730.000000 2.160616
731.000000 2.091013
732.000000 2.021492
733.000000 1.948878
734.000000 1.876161
735.000000 1.803309
736.000000 1.731239
737.000000 1.660213
738.000000 1.590407
739.000000 1.522381
740.000000 1.456390
741.000000 1.392616
742.000000 1.331369
743.000000 1.272147
744.000000 1.214952
745.000000 1.159502
746.000000 1.105765
747.000000 1.054084
748.000000 1.004469
749.000000 0.956747
750.000000 0.910922
751.000000 0.866810
752.000000 0.824553
753.000000 0.784065
754.000000 0.744985
755.000000 0.707310
756.000000 0.671195
757.000000 0.636635
758.000000 0.603479
759.000000 0.571487
760.000000 0.540618
761.000000 0.511119
762.000000 0.483016
763.000000 0.456112
764.000000 0.430244
765.000000 0.405133
766.000000 0.380890
767.000000 0.357983
768.000000 0.336515
769.000000 0.316214
770.000000 0.296736
771.000000 0.278110
772.000000 0.260410
773.000000 0.243617
774.000000 0.227664
775.000000 0.212526
776.000000 0.197339
777.000000 0.182683
778.000000 0.169574
779.000000 0.157447
780.000000 0.146082
781.000000 0.135517
782.000000 0.125675
783.000000 0.116404
784.000000 0.107610
785.000000 0.099325
786.000000 0.091667
787.000000 0.084568
788.000000 0.077737
789.000000 0.071306
790.000000 0.065499
791.000000 0.060153
792.000000 0.055275
793.000000 0.050818
794.000000 0.046664
795.000000 0.042839
796.000000 0.039377
797.000000 0.036089
798.000000 0.032978
799.000000 0.030254
800.000000 0.027829
801.000000 0.025611
802.000000 0.023576
803.000000 0.021685
804.000000 0.019943
805.000000 0.018390
806.000000 0.016980
807.000000 0.015722
808.000000 0.014598
809.000000 0.013548
810.000000 0.012565
811.000000 0.011666
812.000000 0.010860
813.000000 0.010113
814.000000 0.009474
815.000000 0.008946
816.000000 0.008432
817.000000 0.007910
818.000000 0.007484
819.000000 0.007090
820.000000 0.006711
821.000000 0.006397
822.000000 0.006139
823.000000 0.005924
824.000000 0.005683
825.000000 0.005395
826.000000 0.005132
827.000000 0.004917
828.000000 0.004729
829.000000 0.004627
830.000000 0.004470
831.000000 0.004260
832.000000 0.004114
833.000000 0.003978
834.000000 0.003856
835.000000 0.003745
836.000000 0.003649
837.000000 0.003606
838.000000 0.003532
839.000000 0.003447
840.000000 0.003394
841.000000 0.003333
842.000000 0.003243
843.000000 0.003113
844.000000 0.003022
845.000000 0.002968
846.000000 0.002910
847.000000 0.002857
848.000000 0.002816
849.000000 0.002750
850.000000 0.002713
851.000000 0.002738
852.000000 0.002763
853.000000 0.002792
854.000000 0.002851
855.000000 0.002940
856.000000 0.002922
857.000000 0.002842
858.000000 0.002813
859.000000 0.002764
860.000000 0.002717
861.000000 0.002669
862.000000 0.002607
863.000000 0.002585
864.000000 0.002577
865.000000 0.002540
866.000000 0.002524
867.000000 0.002546
868.000000 0.002596
869.000000 0.002608
870.000000 0.002567
871.000000 0.002519
872.000000 0.002451
873.000000 0.002407
874.000000 0.002390
875.000000 0.002389
876.000000 0.002408
877.000000 0.002436
878.000000 0.002446
879.000000 0.002421
880.000000 0.002389
881.000000 0.002347
882.000000 0.002314
883.000000 0.002290
884.000000 0.002247
885.000000 0.002220
886.000000 0.002218
887.000000 0.002233
888.000000 0.002262
889.000000 0.002265
890.000000 0.002215
891.000000 0.002165
892.000000 0.002186
893.000000 0.002209
894.000000 0.002204
895.000000 0.002186
896.000000 0.002157
897.000000 0.002156
898.000000 0.002178
899.000000 0.002186
900.000000 0.002207
