315.000000 0.246121
316.000000 0.248080
317.000000 0.250583
318.000000 0.252900
319.000000 0.254845
320.000000 0.256999
321.000000 0.259726
322.000000 0.262903
323.000000 0.265988
324.000000 0.268816
325.000000 0.270341
326.000000 0.271822
327.000000 0.273756
328.000000 0.275892
329.000000 0.278233
330.000000 0.280382
331.000000 0.283014
332.000000 0.285542
333.000000 0.287571
334.000000 0.289458
335.000000 0.291768
336.000000 0.293947
337.000000 0.295662
338.000000 0.297319
339.000000 0.299055
340.000000 0.300547
341.000000 0.301916
342.000000 0.302927
343.000000 0.303901
344.000000 0.305107
345.000000 0.306154
346.000000 0.307039
347.000000 0.307406
348.000000 0.307445
349.000000 0.307456
350.000000 0.307286
351.000000 0.306667
352.000000 0.305743
353.000000 0.304656
354.000000 0.303516
355.000000 0.302326
356.000000 0.300928
357.000000 0.299460
358.000000 0.297995
359.000000 0.296468
360.000000 0.294825
361.000000 0.293106
362.000000 0.291535
363.000000 0.289999
364.000000 0.288362
365.000000 0.286913
366.000000 0.285536
367.000000 0.284038
368.000000 0.282585
369.000000 0.280954
370.000000 0.279079
371.000000 0.277287
372.000000 0.275874
373.000000 0.274447
374.000000 0.272843
375.000000 0.271358
376.000000 0.270024
377.000000 0.268974
378.000000 0.267874
379.000000 0.266371
380.000000 0.264431
381.000000 0.262791
382.000000 0.262048
383.000000 0.261765
384.000000 0.261639
385.000000 0.261417
386.000000 0.261019
387.000000 0.260884
388.000000 0.261070
389.000000 0.261299
390.000000 0.261578
391.000000 0.262043
392.000000 0.262753
393.000000 0.263669
394.000000 0.264660
395.000000 0.265851
396.000000 0.266907
397.000000 0.267838
398.000000 0.269214
399.000000 0.270578
400.000000 0.271996
401.000000 0.273849
402.000000 0.275549
403.000000 0.277006
404.000000 0.278184
405.000000 0.279351
406.000000 0.280737
407.000000 0.282007
408.000000 0.283366
409.000000 0.284718
410.000000 0.285831
411.000000 0.286871
412.000000 0.287765
413.000000 0.288357
414.000000 0.289163
415.000000 0.290251
416.000000 0.291120
417.000000 0.291718
418.000000 0.292414
419.000000 0.293392
420.000000 0.294394
421.000000 0.295194
422.000000 0.295761
423.000000 0.296256
424.000000 0.296743
425.000000 0.297118
426.000000 0.297390
427.000000 0.297689
428.000000 0.298011
429.000000 0.297952
430.000000 0.297604
431.000000 0.297089
432.000000 0.296166
433.000000 0.294930
434.000000 0.293480
435.000000 0.291616
436.000000 0.289486
437.000000 0.287126
438.000000 0.284481
439.000000 0.281765
440.000000 0.278715
441.000000 0.275449
442.000000 0.272165
443.000000 0.268563
444.000000 0.264660
445.000000 0.260709
446.000000 0.256356
447.000000 0.251726
448.000000 0.246980
449.000000 0.242106
450.000000 0.237365
451.000000 0.232386
452.000000 0.227142
453.000000 0.222098
454.000000 0.216965
455.000000 0.211816
456.000000 0.206596
457.000000 0.201212
458.000000 0.196131
459.000000 0.191019
460.000000 0.186071
461.000000 0.181517
462.000000 0.177002
463.000000 0.172413
464.000000 0.167756
465.000000 0.163178
466.000000 0.158989
467.000000 0.155052
468.000000 0.151151
469.000000 0.147323
470.000000 0.143722
471.000000 0.140362
472.000000 0.137069
473.000000 0.134024
474.000000 0.131083
475.000000 0.128174
476.000000 0.125634
477.000000 0.123301
478.000000 0.121052
479.000000 0.118959
480.000000 0.117075
481.000000 0.115347
482.000000 0.113788
483.000000 0.112509
484.000000 0.111324
485.000000 0.110265
486.000000 0.109347
487.000000 0.108593
488.000000 0.108059
489.000000 0.107529
490.000000 0.107407
491.000000 0.107473
492.000000 0.107330
493.000000 0.107143
494.000000 0.107178
495.000000 0.107647
496.000000 0.108245
497.000000 0.109221
498.000000 0.110380
499.000000 0.111274
500.000000 0.112132
501.000000 0.113388
502.000000 0.114643
503.000000 0.115723
504.000000 0.117219
505.000000 0.118866
506.000000 0.120243
507.000000 0.121894
508.000000 0.123890
509.000000 0.125959
510.000000 0.127954
511.000000 0.130080
512.000000 0.132587
513.000000 0.135072
514.000000 0.137681
515.000000 0.140293
516.000000 0.142710
517.000000 0.144971
518.000000 0.147144
519.000000 0.149511
520.000000 0.151888
521.000000 0.154272
522.000000 0.156615
523.000000 0.158428
524.000000 0.159613
525.000000 0.160807
526.000000 0.162429
527.000000 0.163736
528.000000 0.164486
529.000000 0.165146
530.000000 0.165806
531.000000 0.166452
532.000000 0.167161
533.000000 0.167744
534.000000 0.168396
535.000000 0.169249
536.000000 0.170014
537.000000 0.170907
538.000000 0.172454
539.000000 0.174146
540.000000 0.176049
541.000000 0.178487
542.000000 0.181026
543.000000 0.184213
544.000000 0.188063
545.000000 0.192385
546.000000 0.197152
547.000000 0.202373
548.000000 0.207857
549.000000 0.213334
550.000000 0.218805
551.000000 0.224178
552.000000 0.229811
553.000000 0.235402
554.000000 0.240506
555.000000 0.245424
556.000000 0.249915
557.000000 0.253804
558.000000 0.257088
559.000000 0.259532
560.000000 0.261252
561.000000 0.262071
562.000000 0.261963
563.000000 0.260858
564.000000 0.258851
565.000000 0.256286
566.000000 0.252943
567.000000 0.248405
568.000000 0.242886
569.000000 0.236701
570.000000 0.230041
571.000000 0.222514
572.000000 0.214724
573.000000 0.207086
574.000000 0.198960
575.000000 0.190963
576.000000 0.183029
577.000000 0.175256
578.000000 0.167720
579.000000 0.160308
580.000000 0.153293
581.000000 0.146377
582.000000 0.139667
583.000000 0.133385
584.000000 0.127649
585.000000 0.122314
586.000000 0.117036
587.000000 0.112231
588.000000 0.108006
589.000000 0.104115
590.000000 0.100520
591.000000 0.097089
592.000000 0.093969
593.000000 0.091137
594.000000 0.088543
595.000000 0.086184
596.000000 0.083940
597.000000 0.081999
598.000000 0.080297
599.000000 0.078581
600.000000 0.077127
601.000000 0.075957
602.000000 0.074896
603.000000 0.073830
604.000000 0.072796
605.000000 0.071940
606.000000 0.071251
607.000000 0.070606
608.000000 0.070006
609.000000 0.069469
610.000000 0.068982
611.000000 0.068644
612.000000 0.068474
613.000000 0.068322
614.000000 0.068301
615.000000 0.068446
616.000000 0.068610
617.000000 0.068847
618.000000 0.069168
619.000000 0.069590
620.000000 0.070116
621.000000 0.070699
622.000000 0.071361
623.000000 0.072216
624.000000 0.073290
625.000000 0.074467
626.000000 0.075649
627.000000 0.076935
628.000000 0.078266
629.000000 0.079658
630.000000 0.081219
631.000000 0.082911
632.000000 0.084619
633.000000 0.086365
634.000000 0.088258
635.000000 0.090170
636.000000 0.092046
637.000000 0.093990
638.000000 0.095997
639.000000 0.098039
640.000000 0.100071
641.000000 0.102078
642.000000 0.103930
643.000000 0.105696
644.000000 0.107472
645.000000 0.109162
646.000000 0.110868
647.000000 0.112576
648.000000 0.114212
649.000000 0.115742
650.000000 0.117207
651.000000 0.118603
652.000000 0.119914
653.000000 0.121105
654.000000 0.122218
655.000000 0.123313
656.000000 0.124384
657.000000 0.125428
658.000000 0.126425
659.000000 0.127424
660.000000 0.128481
661.000000 0.129513
662.000000 0.130530
663.000000 0.131639
664.000000 0.132798
665.000000 0.133962
666.000000 0.135154
667.000000 0.136462
668.000000 0.137919
669.000000 0.139456
670.000000 0.141141
671.000000 0.143049
672.000000 0.145135
673.000000 0.147383
674.000000 0.149627
675.000000 0.152022
676.000000 0.154804
677.000000 0.157980
678.000000 0.161497
679.000000 0.164891
680.000000 0.168318
681.000000 0.172148
682.000000 0.176303
683.000000 0.180773
684.000000 0.185357
685.000000 0.190184
686.000000 0.195294
687.000000 0.200560
688.000000 0.206027
689.000000 0.211655
690.000000 0.217224
691.000000 0.222761
692.000000 0.228467
693.000000 0.234284
694.000000 0.240129
695.000000 0.245945
696.000000 0.251437
697.000000 0.256676
698.000000 0.261886
699.000000 0.266897
700.000000 0.271616
701.000000 0.275942
702.000000 0.279743
703.000000 0.283110
704.000000 0.286216
705.000000 0.288897
706.000000 0.291038
707.000000 0.292673
708.000000 0.293841
709.000000 0.294444
710.000000 0.294516
711.000000 0.294146
712.000000 0.293277
713.000000 0.291858
714.000000 0.289865
715.000000 0.287334
716.000000 0.284379
717.000000 0.281027
718.000000 0.277290
719.000000 0.273343
720.000000 0.269146
721.000000 0.264525
722.000000 0.259498
723.000000 0.254264
724.000000 0.248871
725.000000 0.243294
726.000000 0.237616
727.000000 0.231877
728.000000 0.226022
729.000000 0.220130
730.000000 0.214196
731.000000 0.208412
732.000000 0.202692
733.000000 0.196786
734.000000 0.190880
735.000000 0.184967
736.000000 0.179014
737.000000 0.173082
738.000000 0.167240
739.000000 0.161475
740.000000 0.155790
741.000000 0.150184
742.000000 0.144668
743.000000 0.139238
744.000000 0.133948
745.000000 0.128701
746.000000 0.123464
747.000000 0.118348
748.000000 0.113382
749.000000 0.108620
750.000000 0.104058
751.000000 0.099568
752.000000 0.095184
753.000000 0.090916
754.000000 0.086758
755.000000 0.082749
756.000000 0.078880
757.000000 0.075182
758.000000 0.071596
759.000000 0.068125
760.000000 0.064797
761.000000 0.061575
762.000000 0.058453
763.000000 0.055509
764.000000 0.052720
765.000000 0.049965
766.000000 0.047273
767.000000 0.044726
768.000000 0.042337
769.000000 0.040071
770.000000 0.037933
771.000000 0.035905
772.000000 0.034013
773.000000 0.032242
774.000000 0.030561
775.000000 0.029013
776.000000 0.027451
777.000000 0.025977
778.000000 0.024750
779.000000 0.023604
780.000000 0.022472
781.000000 0.021457
782.000000 0.020558
783.000000 0.019729
784.000000 0.018896
785.000000 0.018089
786.000000 0.017373
787.000000 0.016755
788.000000 0.016215
789.000000 0.015684
790.000000 0.015205
791.000000 0.014789
792.000000 0.014467
793.000000 0.014183
794.000000 0.013876
795.000000 0.013590
796.000000 0.013384
797.000000 0.013283
798.000000 0.013168
799.000000 0.013039
800.000000 0.012897
801.000000 0.012770
802.000000 0.012671
803.000000 0.012542
804.000000 0.012461
805.000000 0.012430
806.000000 0.012396
807.000000 0.012369
808.000000 0.012398
809.000000 0.012404
810.000000 0.012381
811.000000 0.012378
812.000000 0.012359
813.000000 0.012352
814.000000 0.012396
815.000000 0.012433
816.000000 0.012395
817.000000 0.012357
818.000000 0.012400
819.000000 0.012440
820.000000 0.012420
821.000000 0.012367
822.000000 0.012353
823.000000 0.012312
824.000000 0.012195
825.000000 0.012090
826.000000 0.011996
827.000000 0.011884
828.000000 0.011797
829.000000 0.011755
830.000000 0.011669
831.000000 0.011546
832.000000 0.011421
833.000000 0.011252
834.000000 0.011075
835.000000 0.010924
836.000000 0.010778
837.000000 0.010668
838.000000 0.010538
839.000000 0.010389
840.000000 0.010217
841.000000 0.010012
842.000000 0.009815
843.000000 0.009607
844.000000 0.009446
845.000000 0.009290
846.000000 0.009123
847.000000 0.008961
848.000000 0.008776
849.000000 0.008608
850.000000 0.008456
851.000000 0.008325
852.000000 0.008192
853.000000 0.008060
854.000000 0.007925
855.000000 0.007745
856.000000 0.007521
857.000000 0.007294
858.000000 0.007116
859.000000 0.006968
860.000000 0.006828
861.000000 0.006660
862.000000 0.006478
863.000000 0.006324
864.000000 0.006181
865.000000 0.006013
866.000000 0.005848
867.000000 0.005701
868.000000 0.005560
869.000000 0.005443
870.000000 0.005323
871.000000 0.005198
872.000000 0.005046
873.000000 0.004896
874.000000 0.004760
875.000000 0.004646
876.000000 0.004551
877.000000 0.004444
878.000000 0.004360
879.000000 0.004245
880.000000 0.004111
881.000000 0.004010
882.000000 0.003948
883.000000 0.003869
884.000000 0.003780
885.000000 0.003710
886.000000 0.003628
887.000000 0.003560
888.000000 0.003487
889.000000 0.003417
890.000000 0.003300
891.000000 0.003176
892.000000 0.003113
893.000000 0.003077
894.000000 0.003035
895.000000 0.002963
896.000000 0.002899
897.000000 0.002853
898.000000 0.002817
899.000000 0.002769
900.000000 0.002755
