315.000000 0.162482
316.000000 0.162571
317.000000 0.165956
318.000000 0.168589
319.000000 0.170394
320.000000 0.172448
321.000000 0.175176
322.000000 0.177871
323.000000 0.180522
324.000000 0.182749
325.000000 0.184045
326.000000 0.186027
327.000000 0.188045
328.000000 0.189339
329.000000 0.191219
330.000000 0.194315
331.000000 0.197723
332.000000 0.200937
333.000000 0.203577
334.000000 0.205872
335.000000 0.208823
336.000000 0.212463
337.000000 0.216225
338.000000 0.219501
339.000000 0.222473
340.000000 0.225455
341.000000 0.228830
342.000000 0.231956
343.000000 0.234823
344.000000 0.238122
345.000000 0.241258
346.000000 0.243960
347.000000 0.246396
348.000000 0.248326
349.000000 0.249887
350.000000 0.251292
351.000000 0.252279
352.000000 0.253059
353.000000 0.253554
354.000000 0.253560
355.000000 0.253271
356.000000 0.252743
357.000000 0.252056
358.000000 0.251308
359.000000 0.250574
360.000000 0.249604
361.000000 0.248435
362.000000 0.247374
363.000000 0.246242
364.000000 0.245074
365.000000 0.243994
366.000000 0.242714
367.000000 0.241203
368.000000 0.239560
369.000000 0.237838
370.000000 0.235644
371.000000 0.233110
372.000000 0.231133
373.000000 0.229142
374.000000 0.227061
375.000000 0.224870
376.000000 0.222374
377.000000 0.220063
378.000000 0.217478
379.000000 0.214575
380.000000 0.211359
381.000000 0.208036
382.000000 0.205553
383.000000 0.203505
384.000000 0.201404
385.000000 0.199504
386.000000 0.197776
387.000000 0.196368
388.000000 0.194979
389.000000 0.193890
390.000000 0.193427
391.000000 0.193084
392.000000 0.192570
393.000000 0.192280
394.000000 0.192560
395.000000 0.193127
396.000000 0.193572
397.000000 0.193929
398.000000 0.194494
399.000000 0.195216
400.000000 0.196022
401.000000 0.197061
402.000000 0.198197
403.000000 0.199300
404.000000 0.200124
405.000000 0.200844
406.000000 0.201686
407.000000 0.202474
408.000000 0.203309
409.000000 0.204126
410.000000 0.204584
411.000000 0.205105
412.000000 0.205905
413.000000 0.206487
414.000000 0.207202
415.000000 0.208395
416.000000 0.209988
417.000000 0.211843
418.000000 0.213914
419.000000 0.216414
420.000000 0.219415
421.000000 0.222600
422.000000 0.225992
423.000000 0.229931
424.000000 0.234340
425.000000 0.238804
426.000000 0.243323
427.000000 0.247792
428.000000 0.252021
429.000000 0.255901
430.000000 0.258979
431.000000 0.261140
432.000000 0.262363
433.000000 0.262336
434.000000 0.261209
435.000000 0.258836
436.000000 0.255275
437.000000 0.250647
438.000000 0.245255
439.000000 0.239549
440.000000 0.233066
441.000000 0.226340
442.000000 0.219790
443.000000 0.212852
444.000000 0.205838
445.000000 0.199195
446.000000 0.192423
447.000000 0.185789
448.000000 0.179505
449.000000 0.173429
450.000000 0.167885
451.000000 0.162464
452.000000 0.157135
453.000000 0.152405
454.000000 0.148009
455.000000 0.143789
456.000000 0.139719
457.000000 0.135784
458.000000 0.132190
459.000000 0.128688
460.000000 0.125361
461.000000 0.122153
462.000000 0.118980
463.000000 0.116075
464.000000 0.113238
465.000000 0.110371
466.000000 0.107702
467.000000 0.105122
468.000000 0.102631
469.000000 0.100165
470.000000 0.097739
471.000000 0.095494
472.000000 0.093242
473.000000 0.091101
474.000000 0.089024
475.000000 0.086992
476.000000 0.085171
477.000000 0.083421
478.000000 0.081712
479.000000 0.079991
480.000000 0.078344
481.000000 0.076833
482.000000 0.075516
483.000000 0.074428
484.000000 0.073298
485.000000 0.072177
486.000000 0.071156
487.000000 0.070276
488.000000 0.069504
489.000000 0.068601
490.000000 0.067971
491.000000 0.067515
492.000000 0.066865
493.000000 0.066136
494.000000 0.065541
495.000000 0.065492
496.000000 0.065795
497.000000 0.066097
498.000000 0.066387
499.000000 0.066646
500.000000 0.066809
501.000000 0.067207
502.000000 0.067958
503.000000 0.068874
504.000000 0.070056
505.000000 0.071239
506.000000 0.072122
507.000000 0.073105
508.000000 0.074486
509.000000 0.076043
510.000000 0.077285
511.000000 0.078349
512.000000 0.079941
513.000000 0.081849
514.000000 0.083664
515.000000 0.085374
516.000000 0.087129
517.000000 0.088692
518.000000 0.090243
519.000000 0.091849
520.000000 0.093156
521.000000 0.094413
522.000000 0.095826
523.000000 0.097238
524.000000 0.098182
525.000000 0.098826
526.000000 0.099515
527.000000 0.100292
528.000000 0.100816
529.000000 0.101088
530.000000 0.101397
531.000000 0.101823
532.000000 0.102490
533.000000 0.103019
534.000000 0.103746
535.000000 0.104823
536.000000 0.105592
537.000000 0.106307
538.000000 0.107693
539.000000 0.109343
540.000000 0.110920
541.000000 0.113078
542.000000 0.115616
543.000000 0.118647
544.000000 0.122283
545.000000 0.126528
546.000000 0.131167
547.000000 0.136033
548.000000 0.141464
549.000000 0.146800
550.000000 0.151631
551.000000 0.156489
552.000000 0.161567
553.000000 0.166587
554.000000 0.171235
555.000000 0.175462
556.000000 0.179221
557.000000 0.182616
558.000000 0.185668
559.000000 0.187945
560.000000 0.189435
561.000000 0.190138
562.000000 0.190354
563.000000 0.189822
564.000000 0.188322
565.000000 0.186400
566.000000 0.184207
567.000000 0.181356
568.000000 0.177753
569.000000 0.173554
570.000000 0.169164
571.000000 0.164578
572.000000 0.159911
573.000000 0.155332
574.000000 0.150752
575.000000 0.146559
576.000000 0.142610
577.000000 0.138725
578.000000 0.135122
579.000000 0.132068
580.000000 0.129563
581.000000 0.127402
582.000000 0.125585
583.000000 0.124203
584.000000 0.123271
585.000000 0.122718
586.000000 0.122323
587.000000 0.122219
588.000000 0.122744
589.000000 0.123588
590.000000 0.124304
591.000000 0.125219
592.000000 0.126480
593.000000 0.127881
594.000000 0.129349
595.000000 0.130930
596.000000 0.132746
597.000000 0.134632
598.000000 0.136697
599.000000 0.138915
600.000000 0.141104
601.000000 0.143418
602.000000 0.145839
603.000000 0.148201
604.000000 0.150624
605.000000 0.153071
606.000000 0.155683
607.000000 0.158443
608.000000 0.161134
609.000000 0.163900
610.000000 0.166785
611.000000 0.169785
612.000000 0.173080
613.000000 0.176533
614.000000 0.180147
615.000000 0.184161
616.000000 0.188232
617.000000 0.192526
618.000000 0.197265
619.000000 0.202130
620.000000 0.207396
621.000000 0.213299
622.000000 0.219435
623.000000 0.225816
624.000000 0.232798
625.000000 0.240078
626.000000 0.247697
627.000000 0.256148
628.000000 0.264845
629.000000 0.273922
630.000000 0.283861
631.000000 0.294354
632.000000 0.304936
633.000000 0.315807
634.000000 0.327506
635.000000 0.339200
636.000000 0.351085
637.000000 0.363859
638.000000 0.376671
639.000000 0.389522
640.000000 0.402715
641.000000 0.415986
642.000000 0.428635
643.000000 0.440910
644.000000 0.453628
645.000000 0.465798
646.000000 0.477506
647.000000 0.489286
648.000000 0.500782
649.000000 0.511497
650.000000 0.521608
651.000000 0.531490
652.000000 0.540771
653.000000 0.549074
654.000000 0.556642
655.000000 0.563747
656.000000 0.570398
657.000000 0.576425
658.000000 0.581815
659.000000 0.586984
660.000000 0.591872
661.000000 0.596194
662.000000 0.600115
663.000000 0.604038
664.000000 0.608062
665.000000 0.612016
666.000000 0.615973
667.000000 0.620246
668.000000 0.624921
669.000000 0.629842
670.000000 0.635215
671.000000 0.641446
672.000000 0.648513
673.000000 0.656605
674.000000 0.665196
675.000000 0.674531
676.000000 0.685432
677.000000 0.697875
678.000000 0.711629
679.000000 0.725985
680.000000 0.741627
681.000000 0.759358
682.000000 0.778819
683.000000 0.799817
684.000000 0.821668
685.000000 0.845002
686.000000 0.870835
687.000000 0.898535
688.000000 0.927628
689.000000 0.957916
690.000000 0.988628
691.000000 1.020526
692.000000 1.054601
693.000000 1.090285
694.000000 1.127280
695.000000 1.165295
696.000000 1.202318
697.000000 1.238742
698.000000 1.276928
699.000000 1.315761
700.000000 1.354349
701.000000 1.392234
702.000000 1.427582
703.000000 1.460831
704.000000 1.493933
705.000000 1.525666
706.000000 1.555087
707.000000 1.581742
708.000000 1.605414
709.000000 1.625614
710.000000 1.641585
711.000000 1.654101
712.000000 1.663233
713.000000 1.667949
714.000000 1.668432
715.000000 1.664707
716.000000 1.656837
717.000000 1.644609
718.000000 1.627925
719.000000 1.608440
720.000000 1.585898
721.000000 1.559346
722.000000 1.529002
723.000000 1.495450
724.000000 1.459873
725.000000 1.422758
726.000000 1.383915
727.000000 1.343547
728.000000 1.302088
729.000000 1.259687
730.000000 1.216359
731.000000 1.175474
732.000000 1.135788
733.000000 1.094516
734.000000 1.052875
735.000000 1.011217
736.000000 0.969925
737.000000 0.929674
738.000000 0.890399
739.000000 0.851969
740.000000 0.814707
741.000000 0.778788
742.000000 0.744226
743.000000 0.710874
744.000000 0.678699
745.000000 0.647506
746.000000 0.617303
747.000000 0.588166
748.000000 0.560073
749.000000 0.533089
750.000000 0.507379
751.000000 0.482805
752.000000 0.459291
753.000000 0.436507
754.000000 0.414542
755.000000 0.393587
756.000000 0.373454
757.000000 0.354107
758.000000 0.335499
759.000000 0.317688
760.000000 0.300572
761.000000 0.284050
762.000000 0.268280
763.000000 0.253388
764.000000 0.239145
765.000000 0.225252
766.000000 0.211773
767.000000 0.199007
768.000000 0.187067
769.000000 0.175787
770.000000 0.165033
771.000000 0.154776
772.000000 0.145042
773.000000 0.135818
774.000000 0.127038
775.000000 0.118734
776.000000 0.110455
777.000000 0.102500
778.000000 0.095409
779.000000 0.088885
780.000000 0.082797
781.000000 0.077133
782.000000 0.071825
783.000000 0.066830
784.000000 0.062106
785.000000 0.057692
786.000000 0.053611
787.000000 0.049809
788.000000 0.046180
789.000000 0.042736
790.000000 0.039664
791.000000 0.036919
792.000000 0.034412
793.000000 0.032100
794.000000 0.029993
795.000000 0.028066
796.000000 0.026278
797.000000 0.024633
798.000000 0.023107
799.000000 0.021741
800.000000 0.020500
801.000000 0.019388
802.000000 0.018389
803.000000 0.017425
804.000000 0.016538
805.000000 0.015751
806.000000 0.015033
807.000000 0.014440
808.000000 0.013883
809.000000 0.013302
810.000000 0.012828
811.000000 0.012459
812.000000 0.012109
813.000000 0.011765
814.000000 0.011464
815.000000 0.011136
816.000000 0.010797
817.000000 0.010516
818.000000 0.010270
819.000000 0.010061
820.000000 0.009845
821.000000 0.009620
822.000000 0.009465
823.000000 0.009314
824.000000 0.009120
825.000000 0.008927
826.000000 0.008736
827.000000 0.008525
828.000000 0.008359
829.000000 0.008286
830.000000 0.008196
831.000000 0.008065
832.000000 0.007859
833.000000 0.007547
834.000000 0.007276
835.000000 0.007046
836.000000 0.006834
837.000000 0.006690
838.000000 0.006524
839.000000 0.006359
840.000000 0.006239
841.000000 0.006118
842.000000 0.005994
843.000000 0.005843
844.000000 0.005652
845.000000 0.005467
846.000000 0.005342
847.000000 0.005230
848.000000 0.005091
849.000000 0.004987
850.000000 0.004925
851.000000 0.004871
852.000000 0.004793
853.000000 0.004724
854.000000 0.004616
855.000000 0.004457
856.000000 0.004321
857.000000 0.004211
858.000000 0.004133
859.000000 0.004058
860.000000 0.003982
861.000000 0.003894
862.000000 0.003817
863.000000 0.003797
864.000000 0.003743
865.000000 0.003676
866.000000 0.003625
867.000000 0.003549
868.000000 0.003503
869.000000 0.003459
870.000000 0.003409
871.000000 0.003383
872.000000 0.003349
873.000000 0.003300
874.000000 0.003245
875.000000 0.003192
876.000000 0.003163
877.000000 0.003151
878.000000 0.003136
879.000000 0.003117
880.000000 0.003090
881.000000 0.003039
882.000000 0.003002
883.000000 0.002960
884.000000 0.002896
885.000000 0.002870
886.000000 0.002864
887.000000 0.002855
888.000000 0.002817
889.000000 0.002807
890.000000 0.002792
891.000000 0.002743
892.000000 0.002748
893.000000 0.002726
894.000000 0.002667
895.000000 0.002653
896.000000 0.002655
897.000000 0.002643
898.000000 0.002637
899.000000 0.002656
900.000000 0.002716
