315.000000 0.173810
316.000000 0.175698
317.000000 0.177737
318.000000 0.179826
319.000000 0.181461
320.000000 0.182796
321.000000 0.184741
322.000000 0.187470
323.000000 0.189939
324.000000 0.191680
325.000000 0.192650
326.000000 0.194106
327.000000 0.195947
328.000000 0.197836
329.000000 0.200300
330.000000 0.203017
331.000000 0.205686
332.000000 0.208294
333.000000 0.210809
334.000000 0.213289
335.000000 0.216312
336.000000 0.219936
337.000000 0.223166
338.000000 0.225851
339.000000 0.228380
340.000000 0.230738
341.000000 0.233412
342.000000 0.236262
343.000000 0.239026
344.000000 0.241886
345.000000 0.244791
346.000000 0.247248
347.000000 0.249006
348.000000 0.250131
349.000000 0.250914
350.000000 0.251760
351.000000 0.252438
352.000000 0.252820
353.000000 0.252754
354.000000 0.252331
355.000000 0.251624
356.000000 0.250675
357.000000 0.249672
358.000000 0.248465
359.000000 0.247226
360.000000 0.246070
361.000000 0.244800
362.000000 0.243588
363.000000 0.242344
364.000000 0.241033
365.000000 0.239786
366.000000 0.238542
367.000000 0.237238
368.000000 0.235790
369.000000 0.234373
370.000000 0.233113
371.000000 0.231535
372.000000 0.229877
373.000000 0.228135
374.000000 0.226185
375.000000 0.223922
376.000000 0.221720
377.000000 0.219737
378.000000 0.217523
379.000000 0.215061
380.000000 0.212467
381.000000 0.209935
382.000000 0.207771
383.000000 0.205958
384.000000 0.204214
385.000000 0.202713
386.000000 0.201310
387.000000 0.200215
388.000000 0.199104
389.000000 0.198153
390.000000 0.197939
391.000000 0.198131
392.000000 0.198419
393.000000 0.198681
394.000000 0.199097
395.000000 0.199966
396.000000 0.200888
397.000000 0.201639
398.000000 0.202536
399.000000 0.203401
400.000000 0.204252
401.000000 0.205597
402.000000 0.206951
403.000000 0.208272
404.000000 0.209427
405.000000 0.210311
406.000000 0.211420
407.000000 0.212566
408.000000 0.213540
409.000000 0.214513
410.000000 0.215432
411.000000 0.216468
412.000000 0.217712
413.000000 0.218644
414.000000 0.219774
415.000000 0.221305
416.000000 0.222861
417.000000 0.224782
418.000000 0.227036
419.000000 0.229602
420.000000 0.232567
421.000000 0.235800
422.000000 0.239338
423.000000 0.243285
424.000000 0.247634
425.000000 0.251964
426.000000 0.256417
427.000000 0.260752
428.000000 0.264488
429.000000 0.267720
430.000000 0.270205
431.000000 0.271751
432.000000 0.272394
433.000000 0.271861
434.000000 0.270176
435.000000 0.267301
436.000000 0.263337
437.000000 0.258433
438.000000 0.252693
439.000000 0.246616
440.000000 0.240018
441.000000 0.233336
442.000000 0.226877
443.000000 0.220069
444.000000 0.213198
445.000000 0.206688
446.000000 0.200133
447.000000 0.193713
448.000000 0.187676
449.000000 0.181900
450.000000 0.176489
451.000000 0.171179
452.000000 0.166054
453.000000 0.161538
454.000000 0.157285
455.000000 0.153268
456.000000 0.149450
457.000000 0.145728
458.000000 0.142361
459.000000 0.139087
460.000000 0.136080
461.000000 0.133329
462.000000 0.130559
463.000000 0.127888
464.000000 0.125244
465.000000 0.122691
466.000000 0.120392
467.000000 0.118188
468.000000 0.116074
469.000000 0.114015
470.000000 0.112027
471.000000 0.110155
472.000000 0.108310
473.000000 0.106594
474.000000 0.104924
475.000000 0.103328
476.000000 0.101917
477.000000 0.100570
478.000000 0.099258
479.000000 0.097963
480.000000 0.096790
481.000000 0.095763
482.000000 0.094822
483.000000 0.094024
484.000000 0.093315
485.000000 0.092727
486.000000 0.092152
487.000000 0.091589
488.000000 0.091176
489.000000 0.090851
490.000000 0.090916
491.000000 0.091115
492.000000 0.091214
493.000000 0.091145
494.000000 0.091137
495.000000 0.091619
496.000000 0.092336
497.000000 0.093064
498.000000 0.093989
499.000000 0.094854
500.000000 0.095789
501.000000 0.097141
502.000000 0.098275
503.000000 0.099470
504.000000 0.101373
505.000000 0.103512
506.000000 0.105288
507.000000 0.107187
508.000000 0.109479
509.000000 0.112001
510.000000 0.114388
511.000000 0.116631
512.000000 0.119106
513.000000 0.121773
514.000000 0.124667
515.000000 0.127465
516.000000 0.130130
517.000000 0.132769
518.000000 0.135415
519.000000 0.138028
520.000000 0.140403
521.000000 0.142707
522.000000 0.145006
523.000000 0.147083
524.000000 0.148552
525.000000 0.149766
526.000000 0.151063
527.000000 0.152346
528.000000 0.153460
529.000000 0.154064
530.000000 0.154599
531.000000 0.155393
532.000000 0.156228
533.000000 0.157131
534.000000 0.158095
535.000000 0.158875
536.000000 0.159679
537.000000 0.160846
538.000000 0.162838
539.000000 0.165034
540.000000 0.167189
541.000000 0.170361
542.000000 0.174000
543.000000 0.178294
544.000000 0.183583
545.000000 0.189775
546.000000 0.196466
547.000000 0.203153
548.000000 0.210132
549.000000 0.217383
550.000000 0.224794
551.000000 0.232046
552.000000 0.239174
553.000000 0.246344
554.000000 0.253076
555.000000 0.259367
556.000000 0.264979
557.000000 0.269428
558.000000 0.273030
559.000000 0.275850
560.000000 0.277897
561.000000 0.278703
562.000000 0.278155
563.000000 0.276537
564.000000 0.273573
565.000000 0.269598
566.000000 0.264874
567.000000 0.258923
568.000000 0.252188
569.000000 0.244924
570.000000 0.237192
571.000000 0.228791
572.000000 0.220246
573.000000 0.212014
574.000000 0.203711
575.000000 0.195936
576.000000 0.188593
577.000000 0.181482
578.000000 0.174625
579.000000 0.168181
580.000000 0.162461
581.000000 0.157317
582.000000 0.152735
583.000000 0.148754
584.000000 0.145463
585.000000 0.142598
586.000000 0.140087
587.000000 0.138233
588.000000 0.136832
589.000000 0.135822
590.000000 0.135102
591.000000 0.134566
592.000000 0.134422
593.000000 0.134513
594.000000 0.134677
595.000000 0.135157
596.000000 0.135883
597.000000 0.136730
598.000000 0.137860
599.000000 0.139117
600.000000 0.140375
601.000000 0.141757
602.000000 0.143248
603.000000 0.144785
604.000000 0.146438
605.000000 0.148174
606.000000 0.150046
607.000000 0.152028
608.000000 0.153990
609.000000 0.156013
610.000000 0.158214
611.000000 0.160523
612.000000 0.163016
613.000000 0.165581
614.000000 0.168396
615.000000 0.171645
616.000000 0.174899
617.000000 0.178337
618.000000 0.182197
619.000000 0.186264
620.000000 0.190733
621.000000 0.195710
622.000000 0.200826
623.000000 0.206208
624.000000 0.212167
625.000000 0.218424
626.000000 0.225021
627.000000 0.232338
628.000000 0.239808
629.000000 0.247559
630.000000 0.256078
631.000000 0.265073
632.000000 0.274183
633.000000 0.283587
634.000000 0.293702
635.000000 0.303876
636.000000 0.314224
637.000000 0.325186
638.000000 0.336119
639.000000 0.347107
640.000000 0.358515
641.000000 0.370096
642.000000 0.381079
643.000000 0.391805
644.000000 0.402835
645.000000 0.413249
646.000000 0.423394
647.000000 0.433706
648.000000 0.443729
649.000000 0.453001
650.000000 0.461632
651.000000 0.469987
652.000000 0.477968
653.000000 0.485273
654.000000 0.491915
655.000000 0.498186
656.000000 0.504062
657.000000 0.509361
658.000000 0.514065
659.000000 0.518365
660.000000 0.522438
661.000000 0.526241
662.000000 0.529777
663.000000 0.533283
664.000000 0.536819
665.000000 0.540330
666.000000 0.543867
667.000000 0.547705
668.000000 0.551967
669.000000 0.556496
670.000000 0.561433
671.000000 0.567081
672.000000 0.573397
673.000000 0.580508
674.000000 0.588049
675.000000 0.596341
676.000000 0.606025
677.000000 0.616995
678.000000 0.629197
679.000000 0.641918
680.000000 0.655566
681.000000 0.671077
682.000000 0.688248
683.000000 0.706854
684.000000 0.726151
685.000000 0.746622
686.000000 0.769206
687.000000 0.793374
688.000000 0.818817
689.000000 0.845526
690.000000 0.872594
691.000000 0.900521
692.000000 0.930536
693.000000 0.961762
694.000000 0.993442
695.000000 1.026212
696.000000 1.058759
697.000000 1.090664
698.000000 1.123743
699.000000 1.157366
700.000000 1.190891
701.000000 1.223666
702.000000 1.254020
703.000000 1.282597
704.000000 1.311100
705.000000 1.338465
706.000000 1.363610
707.000000 1.385979
708.000000 1.405698
709.000000 1.422723
710.000000 1.436519
711.000000 1.447145
712.000000 1.454803
713.000000 1.458630
714.000000 1.458356
715.000000 1.454429
716.000000 1.447259
717.000000 1.436249
718.000000 1.421295
719.000000 1.404202
720.000000 1.384418
721.000000 1.360790
722.000000 1.334080
723.000000 1.305096
724.000000 1.274177
725.000000 1.241666
726.000000 1.208097
727.000000 1.173307
728.000000 1.137351
729.000000 1.100669
730.000000 1.063405
731.000000 1.028205
732.000000 0.993794
733.000000 0.957978
734.000000 0.921888
735.000000 0.885743
736.000000 0.849895
737.000000 0.814978
738.000000 0.780852
739.000000 0.747249
740.000000 0.714687
741.000000 0.683268
742.000000 0.652954
743.000000 0.623648
744.000000 0.595456
745.000000 0.568183
746.000000 0.541820
747.000000 0.516580
748.000000 0.492248
749.000000 0.468635
750.000000 0.445979
751.000000 0.424310
752.000000 0.403611
753.000000 0.383808
754.000000 0.364710
755.000000 0.346297
756.000000 0.328540
757.000000 0.311562
758.000000 0.295322
759.000000 0.279708
760.000000 0.264698
761.000000 0.250313
762.000000 0.236591
763.000000 0.223532
764.000000 0.210991
765.000000 0.198752
766.000000 0.186926
767.000000 0.175830
768.000000 0.165464
769.000000 0.155632
770.000000 0.146238
771.000000 0.137331
772.000000 0.128894
773.000000 0.120854
774.000000 0.113231
775.000000 0.106023
776.000000 0.098857
777.000000 0.091983
778.000000 0.085859
779.000000 0.080211
780.000000 0.074892
781.000000 0.069925
782.000000 0.065287
783.000000 0.060988
784.000000 0.056968
785.000000 0.053130
786.000000 0.049519
787.000000 0.046220
788.000000 0.043106
789.000000 0.040165
790.000000 0.037571
791.000000 0.035251
792.000000 0.033128
793.000000 0.031129
794.000000 0.029246
795.000000 0.027558
796.000000 0.026078
797.000000 0.024689
798.000000 0.023369
799.000000 0.022180
800.000000 0.021094
801.000000 0.020136
802.000000 0.019287
803.000000 0.018514
804.000000 0.017785
805.000000 0.017070
806.000000 0.016446
807.000000 0.015957
808.000000 0.015503
809.000000 0.015037
810.000000 0.014612
811.000000 0.014284
812.000000 0.013987
813.000000 0.013676
814.000000 0.013444
815.000000 0.013247
816.000000 0.013022
817.000000 0.012720
818.000000 0.012508
819.000000 0.012418
820.000000 0.012250
821.000000 0.012050
822.000000 0.011887
823.000000 0.011706
824.000000 0.011466
825.000000 0.011239
826.000000 0.011026
827.000000 0.010792
828.000000 0.010585
829.000000 0.010459
830.000000 0.010297
831.000000 0.010051
832.000000 0.009776
833.000000 0.009545
834.000000 0.009349
835.000000 0.009119
836.000000 0.008906
837.000000 0.008718
838.000000 0.008504
839.000000 0.008300
840.000000 0.008091
841.000000 0.007869
842.000000 0.007658
843.000000 0.007402
844.000000 0.007153
845.000000 0.006922
846.000000 0.006711
847.000000 0.006561
848.000000 0.006384
849.000000 0.006194
850.000000 0.006064
851.000000 0.005933
852.000000 0.005788
853.000000 0.005698
854.000000 0.005607
855.000000 0.005457
856.000000 0.005295
857.000000 0.005151
858.000000 0.005053
859.000000 0.004977
860.000000 0.004861
861.000000 0.004718
862.000000 0.004641
863.000000 0.004635
864.000000 0.004575
865.000000 0.004458
866.000000 0.004348
867.000000 0.004256
868.000000 0.004190
869.000000 0.004148
870.000000 0.004105
871.000000 0.004041
872.000000 0.003956
873.000000 0.003898
874.000000 0.003848
875.000000 0.003800
876.000000 0.003747
877.000000 0.003695
878.000000 0.003677
879.000000 0.003641
880.000000 0.003589
881.000000 0.003540
882.000000 0.003498
883.000000 0.003456
884.000000 0.003417
885.000000 0.003384
886.000000 0.003359
887.000000 0.003336
888.000000 0.003313
889.000000 0.003289
890.000000 0.003223
891.000000 0.003141
892.000000 0.003117
893.000000 0.003105
894.000000 0.003141
895.000000 0.003239
896.000000 0.003232
897.000000 0.003146
898.000000 0.003109
899.000000 0.003088
900.000000 0.003095
