315.000000 0.178092
316.000000 0.179517
317.000000 0.181437
318.000000 0.183491
319.000000 0.185118
320.000000 0.186658
321.000000 0.189172
322.000000 0.192045
323.000000 0.194254
324.000000 0.195869
325.000000 0.197139
326.000000 0.199234
327.000000 0.201441
328.000000 0.203197
329.000000 0.205337
330.000000 0.207718
331.000000 0.210737
332.000000 0.214021
333.000000 0.216263
334.000000 0.218391
335.000000 0.221151
336.000000 0.224327
337.000000 0.227273
338.000000 0.229657
339.000000 0.232030
340.000000 0.234298
341.000000 0.236683
342.000000 0.238873
343.000000 0.240910
344.000000 0.243415
345.000000 0.245608
346.000000 0.247116
347.000000 0.248481
348.000000 0.249596
349.000000 0.250308
350.000000 0.250730
351.000000 0.251021
352.000000 0.251026
353.000000 0.250584
354.000000 0.249919
355.000000 0.248897
356.000000 0.247582
357.000000 0.246225
358.000000 0.244848
359.000000 0.243553
360.000000 0.242234
361.000000 0.240756
362.000000 0.239451
363.000000 0.238176
364.000000 0.236824
365.000000 0.235586
366.000000 0.234449
367.000000 0.233177
368.000000 0.231802
369.000000 0.230477
370.000000 0.228919
371.000000 0.227179
372.000000 0.225685
373.000000 0.224335
374.000000 0.222657
375.000000 0.220407
376.000000 0.218321
377.000000 0.216686
378.000000 0.214925
379.000000 0.212921
380.000000 0.210586
381.000000 0.208697
382.000000 0.207714
383.000000 0.206822
384.000000 0.205855
385.000000 0.204992
386.000000 0.204078
387.000000 0.203216
388.000000 0.202220
389.000000 0.201635
390.000000 0.201565
391.000000 0.201761
392.000000 0.202230
393.000000 0.202720
394.000000 0.203536
395.000000 0.204830
396.000000 0.205967
397.000000 0.206833
398.000000 0.207956
399.000000 0.209099
400.000000 0.210485
401.000000 0.212311
402.000000 0.214060
403.000000 0.215709
404.000000 0.217048
405.000000 0.218234
406.000000 0.219694
407.000000 0.220952
408.000000 0.222133
409.000000 0.223495
410.000000 0.224587
411.000000 0.225715
412.000000 0.227106
413.000000 0.228453
414.000000 0.229888
415.000000 0.231518
416.000000 0.233158
417.000000 0.235012
418.000000 0.237211
419.000000 0.239802
420.000000 0.243040
421.000000 0.246517
422.000000 0.250023
423.000000 0.253908
424.000000 0.258174
425.000000 0.262337
426.000000 0.266363
427.000000 0.270318
428.000000 0.273825
429.000000 0.276636
430.000000 0.278722
431.000000 0.279967
432.000000 0.280093
433.000000 0.279020
434.000000 0.276882
435.000000 0.273547
436.000000 0.269279
437.000000 0.264212
438.000000 0.258483
439.000000 0.252455
440.000000 0.245847
441.000000 0.239473
442.000000 0.233188
443.000000 0.226341
444.000000 0.219676
445.000000 0.213276
446.000000 0.206788
447.000000 0.200608
448.000000 0.194735
449.000000 0.188979
450.000000 0.183672
451.000000 0.178560
452.000000 0.173625
453.000000 0.169269
454.000000 0.165193
455.000000 0.161340
456.000000 0.157646
457.000000 0.154085
458.000000 0.150930
459.000000 0.147700
460.000000 0.144620
461.000000 0.141843
462.000000 0.139163
463.000000 0.136771
464.000000 0.134492
465.000000 0.132302
466.000000 0.130391
467.000000 0.128523
468.000000 0.126590
469.000000 0.124744
470.000000 0.123012
471.000000 0.121437
472.000000 0.119934
473.000000 0.118487
474.000000 0.117141
475.000000 0.115875
476.000000 0.114716
477.000000 0.113650
478.000000 0.112663
479.000000 0.111656
480.000000 0.110708
481.000000 0.109949
482.000000 0.109312
483.000000 0.108739
484.000000 0.108243
485.000000 0.107869
486.000000 0.107573
487.000000 0.107366
488.000000 0.107288
489.000000 0.106859
490.000000 0.106608
491.000000 0.107026
492.000000 0.107578
493.000000 0.107842
494.000000 0.108109
495.000000 0.109136
496.000000 0.110304
497.000000 0.111353
498.000000 0.112568
499.000000 0.113631
500.000000 0.114821
501.000000 0.116304
502.000000 0.117960
503.000000 0.119997
504.000000 0.122498
505.000000 0.125132
506.000000 0.127410
507.000000 0.129606
508.000000 0.132407
509.000000 0.135503
510.000000 0.138583
511.000000 0.141773
512.000000 0.145226
513.000000 0.148858
514.000000 0.152600
515.000000 0.156397
516.000000 0.160076
517.000000 0.163566
518.000000 0.166827
519.000000 0.169944
520.000000 0.172853
521.000000 0.175835
522.000000 0.178598
523.000000 0.180686
524.000000 0.182368
525.000000 0.183857
526.000000 0.185318
527.000000 0.186807
528.000000 0.187976
529.000000 0.188652
530.000000 0.189063
531.000000 0.189623
532.000000 0.190295
533.000000 0.191025
534.000000 0.192048
535.000000 0.193252
536.000000 0.194441
537.000000 0.195875
538.000000 0.197991
539.000000 0.200624
540.000000 0.203797
541.000000 0.207751
542.000000 0.212170
543.000000 0.217531
544.000000 0.223912
545.000000 0.230819
546.000000 0.238115
547.000000 0.245899
548.000000 0.254477
549.000000 0.263424
550.000000 0.272149
551.000000 0.280754
552.000000 0.289411
553.000000 0.297819
554.000000 0.305695
555.000000 0.313004
556.000000 0.319553
557.000000 0.325326
558.000000 0.330039
559.000000 0.333191
560.000000 0.335052
561.000000 0.335418
562.000000 0.334260
563.000000 0.331657
564.000000 0.327594
565.000000 0.322554
566.000000 0.316397
567.000000 0.308702
568.000000 0.299997
569.000000 0.290321
570.000000 0.280253
571.000000 0.269664
572.000000 0.258848
573.000000 0.248345
574.000000 0.237544
575.000000 0.227163
576.000000 0.217190
577.000000 0.207770
578.000000 0.198954
579.000000 0.190462
580.000000 0.182564
581.000000 0.175246
582.000000 0.168840
583.000000 0.163275
584.000000 0.158393
585.000000 0.154123
586.000000 0.150264
587.000000 0.147055
588.000000 0.144515
589.000000 0.142417
590.000000 0.140610
591.000000 0.139078
592.000000 0.137949
593.000000 0.137104
594.000000 0.136554
595.000000 0.136347
596.000000 0.136335
597.000000 0.136553
598.000000 0.136987
599.000000 0.137535
600.000000 0.138171
601.000000 0.138866
602.000000 0.139720
603.000000 0.140718
604.000000 0.141809
605.000000 0.142943
606.000000 0.144164
607.000000 0.145456
608.000000 0.146826
609.000000 0.148305
610.000000 0.149877
611.000000 0.151609
612.000000 0.153630
613.000000 0.155826
614.000000 0.158183
615.000000 0.160838
616.000000 0.163528
617.000000 0.166390
618.000000 0.169675
619.000000 0.173151
620.000000 0.176900
621.000000 0.181022
622.000000 0.185334
623.000000 0.190004
624.000000 0.195180
625.000000 0.200591
626.000000 0.206346
627.000000 0.212732
628.000000 0.219268
629.000000 0.226043
630.000000 0.233431
631.000000 0.241290
632.000000 0.249312
633.000000 0.257577
634.000000 0.266403
635.000000 0.275304
636.000000 0.284344
637.000000 0.293975
638.000000 0.303556
639.000000 0.313140
640.000000 0.323210
641.000000 0.333405
642.000000 0.343002
643.000000 0.352314
644.000000 0.361861
645.000000 0.370908
646.000000 0.379746
647.000000 0.388692
648.000000 0.397328
649.000000 0.405342
650.000000 0.412927
651.000000 0.420316
652.000000 0.427242
653.000000 0.433448
654.000000 0.439190
655.000000 0.444635
656.000000 0.449595
657.000000 0.454050
658.000000 0.458140
659.000000 0.462052
660.000000 0.465722
661.000000 0.469021
662.000000 0.472114
663.000000 0.475288
664.000000 0.478519
665.000000 0.481680
666.000000 0.484817
667.000000 0.488276
668.000000 0.492162
669.000000 0.496153
670.000000 0.500505
671.000000 0.505583
672.000000 0.511366
673.000000 0.517828
674.000000 0.524460
675.000000 0.531897
676.000000 0.540812
677.000000 0.550768
678.000000 0.561658
679.000000 0.572987
680.000000 0.585302
681.000000 0.599245
682.000000 0.614466
683.000000 0.631091
684.000000 0.648496
685.000000 0.666933
686.000000 0.687211
687.000000 0.708875
688.000000 0.731719
689.000000 0.755652
690.000000 0.779561
691.000000 0.803949
692.000000 0.830217
693.000000 0.857787
694.000000 0.886093
695.000000 0.915064
696.000000 0.943438
697.000000 0.971605
698.000000 1.000831
699.000000 1.030141
700.000000 1.059335
701.000000 1.088137
702.000000 1.115000
703.000000 1.140154
704.000000 1.164789
705.000000 1.188228
706.000000 1.209818
707.000000 1.229148
708.000000 1.246329
709.000000 1.261076
710.000000 1.272862
711.000000 1.281685
712.000000 1.287544
713.000000 1.290172
714.000000 1.289678
715.000000 1.286204
716.000000 1.279583
717.000000 1.269619
718.000000 1.256238
719.000000 1.240594
720.000000 1.222708
721.000000 1.201868
722.000000 1.178555
723.000000 1.153311
724.000000 1.126165
725.000000 1.097371
726.000000 1.067636
727.000000 1.036993
728.000000 1.005160
729.000000 0.972657
730.000000 0.939675
731.000000 0.908482
732.000000 0.878059
733.000000 0.846357
734.000000 0.814445
735.000000 0.782527
736.000000 0.750894
737.000000 0.719948
738.000000 0.689788
739.000000 0.660405
740.000000 0.631951
741.000000 0.604324
742.000000 0.577582
743.000000 0.551755
744.000000 0.526876
745.000000 0.502796
746.000000 0.479506
747.000000 0.457120
748.000000 0.435644
749.000000 0.414981
750.000000 0.395138
751.000000 0.376102
752.000000 0.357812
753.000000 0.340167
754.000000 0.323111
755.000000 0.306730
756.000000 0.291067
757.000000 0.276106
758.000000 0.261740
759.000000 0.248031
760.000000 0.234939
761.000000 0.222278
762.000000 0.210196
763.000000 0.198621
764.000000 0.187397
765.000000 0.176573
766.000000 0.166184
767.000000 0.156380
768.000000 0.147223
769.000000 0.138586
770.000000 0.130374
771.000000 0.122533
772.000000 0.115008
773.000000 0.107925
774.000000 0.101256
775.000000 0.094926
776.000000 0.088625
777.000000 0.082552
778.000000 0.077133
779.000000 0.072139
780.000000 0.067437
781.000000 0.063097
782.000000 0.059112
783.000000 0.055399
784.000000 0.051880
785.000000 0.048561
786.000000 0.045455
787.000000 0.042551
788.000000 0.039810
789.000000 0.037231
790.000000 0.034947
791.000000 0.032880
792.000000 0.031028
793.000000 0.029394
794.000000 0.027883
795.000000 0.026467
796.000000 0.025157
797.000000 0.023961
798.000000 0.022874
799.000000 0.021922
800.000000 0.021047
801.000000 0.020215
802.000000 0.019457
803.000000 0.018778
804.000000 0.018144
805.000000 0.017591
806.000000 0.017090
807.000000 0.016610
808.000000 0.016214
809.000000 0.015860
810.000000 0.015536
811.000000 0.015265
812.000000 0.015027
813.000000 0.014762
814.000000 0.014536
815.000000 0.014352
816.000000 0.014133
817.000000 0.013871
818.000000 0.013649
819.000000 0.013477
820.000000 0.013281
821.000000 0.013115
822.000000 0.012964
823.000000 0.012763
824.000000 0.012530
825.000000 0.012288
826.000000 0.012029
827.000000 0.011757
828.000000 0.011516
829.000000 0.011363
830.000000 0.011214
831.000000 0.011001
832.000000 0.010729
833.000000 0.010455
834.000000 0.010212
835.000000 0.009920
836.000000 0.009644
837.000000 0.009443
838.000000 0.009214
839.000000 0.009003
840.000000 0.008794
841.000000 0.008590
842.000000 0.008409
843.000000 0.008164
844.000000 0.007924
845.000000 0.007736
846.000000 0.007559
847.000000 0.007345
848.000000 0.007128
849.000000 0.006915
850.000000 0.006711
851.000000 0.006557
852.000000 0.006436
853.000000 0.006317
854.000000 0.006176
855.000000 0.006016
856.000000 0.005815
857.000000 0.005636
858.000000 0.005504
859.000000 0.005369
860.000000 0.005236
861.000000 0.005108
862.000000 0.004997
863.000000 0.004922
864.000000 0.004817
865.000000 0.004676
866.000000 0.004565
867.000000 0.004488
868.000000 0.004418
869.000000 0.004329
870.000000 0.004243
871.000000 0.004178
872.000000 0.004125
873.000000 0.004059
874.000000 0.003969
875.000000 0.003900
876.000000 0.003845
877.000000 0.003805
878.000000 0.003776
879.000000 0.003725
880.000000 0.003658
881.000000 0.003617
882.000000 0.003628
883.000000 0.003594
884.000000 0.003545
885.000000 0.003524
886.000000 0.003487
887.000000 0.003462
888.000000 0.003472
889.000000 0.003477
890.000000 0.003381
891.000000 0.003270
892.000000 0.003232
893.000000 0.003199
894.000000 0.003177
895.000000 0.003187
896.000000 0.003186
897.000000 0.003161
898.000000 0.003132
899.000000 0.003115
900.000000 0.003137
