315.000000 0.183623
316.000000 0.185644
317.000000 0.187853
318.000000 0.189542
319.000000 0.191621
320.000000 0.193501
321.000000 0.195515
322.000000 0.198198
323.000000 0.200766
324.000000 0.202712
325.000000 0.204055
326.000000 0.205757
327.000000 0.207632
328.000000 0.209879
329.000000 0.212262
330.000000 0.214567
331.000000 0.217268
332.000000 0.219784
333.000000 0.221686
334.000000 0.223673
335.000000 0.226272
336.000000 0.229189
337.000000 0.232234
338.000000 0.234888
339.000000 0.237105
340.000000 0.238946
341.000000 0.240806
342.000000 0.242829
343.000000 0.244789
344.000000 0.246984
345.000000 0.249027
346.000000 0.250499
347.000000 0.251710
348.000000 0.252276
349.000000 0.252544
350.000000 0.252827
351.000000 0.252723
352.000000 0.252331
353.000000 0.251658
354.000000 0.250675
355.000000 0.249387
356.000000 0.248091
357.000000 0.246646
358.000000 0.245020
359.000000 0.243579
360.000000 0.242151
361.000000 0.240641
362.000000 0.239305
363.000000 0.237901
364.000000 0.236402
365.000000 0.235208
366.000000 0.234095
367.000000 0.232766
368.000000 0.231394
369.000000 0.229986
370.000000 0.228383
371.000000 0.226977
372.000000 0.225754
373.000000 0.224168
374.000000 0.222576
375.000000 0.221040
376.000000 0.219652
377.000000 0.218290
378.000000 0.216610
379.000000 0.214676
380.000000 0.212699
381.000000 0.210940
382.000000 0.209718
383.000000 0.208768
384.000000 0.208058
385.000000 0.207553
386.000000 0.206790
387.000000 0.206304
388.000000 0.205898
389.000000 0.205841
390.000000 0.206215
391.000000 0.206605
392.000000 0.207134
393.000000 0.207881
394.000000 0.208831
395.000000 0.210042
396.000000 0.211256
397.000000 0.212285
398.000000 0.213481
399.000000 0.214670
400.000000 0.216022
401.000000 0.217772
402.000000 0.219460
403.000000 0.221196
404.000000 0.222864
405.000000 0.224370
406.000000 0.225905
407.000000 0.227343
408.000000 0.228821
409.000000 0.230417
410.000000 0.231655
411.000000 0.232937
412.000000 0.234539
413.000000 0.235839
414.000000 0.237269
415.000000 0.239074
416.000000 0.240842
417.000000 0.242903
418.000000 0.245436
419.000000 0.248192
420.000000 0.251289
421.000000 0.254545
422.000000 0.257944
423.000000 0.261697
424.000000 0.265735
425.000000 0.269808
426.000000 0.273754
427.000000 0.277362
428.000000 0.280646
429.000000 0.283420
430.000000 0.285256
431.000000 0.286131
432.000000 0.285984
433.000000 0.284681
434.000000 0.282390
435.000000 0.279011
436.000000 0.274681
437.000000 0.269502
438.000000 0.263664
439.000000 0.257713
440.000000 0.251335
441.000000 0.244824
442.000000 0.238506
443.000000 0.232019
444.000000 0.225508
445.000000 0.219274
446.000000 0.213052
447.000000 0.207005
448.000000 0.201194
449.000000 0.195579
450.000000 0.190434
451.000000 0.185440
452.000000 0.180583
453.000000 0.176237
454.000000 0.172151
455.000000 0.168266
456.000000 0.164554
457.000000 0.160851
458.000000 0.157508
459.000000 0.154401
460.000000 0.151519
461.000000 0.148864
462.000000 0.146301
463.000000 0.143941
464.000000 0.141649
465.000000 0.139463
466.000000 0.137508
467.000000 0.135635
468.000000 0.133854
469.000000 0.132202
470.000000 0.130717
471.000000 0.129305
472.000000 0.127874
473.000000 0.126555
474.000000 0.125325
475.000000 0.124191
476.000000 0.123205
477.000000 0.122291
478.000000 0.121399
479.000000 0.120542
480.000000 0.119821
481.000000 0.119175
482.000000 0.118641
483.000000 0.118296
484.000000 0.118038
485.000000 0.117860
486.000000 0.117724
487.000000 0.117702
488.000000 0.117843
489.000000 0.117882
490.000000 0.118123
491.000000 0.118665
492.000000 0.119302
493.000000 0.119708
494.000000 0.120116
495.000000 0.121124
496.000000 0.122280
497.000000 0.123605
498.000000 0.125132
499.000000 0.126607
500.000000 0.128133
501.000000 0.130030
502.000000 0.132215
503.000000 0.134636
504.000000 0.137534
505.000000 0.140561
506.000000 0.143455
507.000000 0.146383
508.000000 0.149549
509.000000 0.153025
510.000000 0.156380
511.000000 0.159662
512.000000 0.163248
513.000000 0.167224
514.000000 0.171586
515.000000 0.175817
516.000000 0.179992
517.000000 0.183857
518.000000 0.187515
519.000000 0.191303
520.000000 0.194833
521.000000 0.198183
522.000000 0.201361
523.000000 0.203963
524.000000 0.205895
525.000000 0.207545
526.000000 0.209368
527.000000 0.211161
528.000000 0.212520
529.000000 0.213601
530.000000 0.214399
531.000000 0.214940
532.000000 0.215590
533.000000 0.216365
534.000000 0.217314
535.000000 0.218778
536.000000 0.220251
537.000000 0.221933
538.000000 0.224339
539.000000 0.226897
540.000000 0.230190
541.000000 0.234590
542.000000 0.239132
543.000000 0.244768
544.000000 0.251898
545.000000 0.259922
546.000000 0.268803
547.000000 0.278222
548.000000 0.287835
549.000000 0.297307
550.000000 0.306763
551.000000 0.316443
552.000000 0.326270
553.000000 0.336073
554.000000 0.345311
555.000000 0.353632
556.000000 0.360766
557.000000 0.366728
558.000000 0.371739
559.000000 0.375366
560.000000 0.377537
561.000000 0.377789
562.000000 0.376227
563.000000 0.373062
564.000000 0.368232
565.000000 0.362144
566.000000 0.354746
567.000000 0.345743
568.000000 0.335577
569.000000 0.324399
570.000000 0.312597
571.000000 0.300041
572.000000 0.287291
573.000000 0.274831
574.000000 0.262195
575.000000 0.250168
576.000000 0.238649
577.000000 0.227857
578.000000 0.217523
579.000000 0.207489
580.000000 0.198164
581.000000 0.189347
582.000000 0.181569
583.000000 0.174682
584.000000 0.168552
585.000000 0.163222
586.000000 0.158178
587.000000 0.153817
588.000000 0.150423
589.000000 0.147509
590.000000 0.144864
591.000000 0.142550
592.000000 0.140712
593.000000 0.139238
594.000000 0.138071
595.000000 0.137339
596.000000 0.136872
597.000000 0.136483
598.000000 0.136246
599.000000 0.136133
600.000000 0.136217
601.000000 0.136474
602.000000 0.136804
603.000000 0.137312
604.000000 0.137934
605.000000 0.138602
606.000000 0.139458
607.000000 0.140343
608.000000 0.141261
609.000000 0.142329
610.000000 0.143530
611.000000 0.144942
612.000000 0.146632
613.000000 0.148399
614.000000 0.150281
615.000000 0.152451
616.000000 0.154725
617.000000 0.157147
618.000000 0.159879
619.000000 0.162840
620.000000 0.166129
621.000000 0.169779
622.000000 0.173626
623.000000 0.177801
624.000000 0.182366
625.000000 0.187100
626.000000 0.192071
627.000000 0.197721
628.000000 0.203530
629.000000 0.209449
630.000000 0.216016
631.000000 0.223018
632.000000 0.230087
633.000000 0.237346
634.000000 0.245140
635.000000 0.252984
636.000000 0.261018
637.000000 0.269590
638.000000 0.278080
639.000000 0.286578
640.000000 0.295468
641.000000 0.304445
642.000000 0.312902
643.000000 0.321154
644.000000 0.329684
645.000000 0.337806
646.000000 0.345644
647.000000 0.353476
648.000000 0.361039
649.000000 0.368132
650.000000 0.374881
651.000000 0.381405
652.000000 0.387497
653.000000 0.392974
654.000000 0.397988
655.000000 0.402733
656.000000 0.407113
657.000000 0.411070
658.000000 0.414767
659.000000 0.418293
660.000000 0.421567
661.000000 0.424546
662.000000 0.427318
663.000000 0.430209
664.000000 0.433178
665.000000 0.436011
666.000000 0.438907
667.000000 0.442152
668.000000 0.445732
669.000000 0.449514
670.000000 0.453634
671.000000 0.458357
672.000000 0.463751
673.000000 0.469833
674.000000 0.476083
675.000000 0.482840
676.000000 0.490878
677.000000 0.500010
678.000000 0.510025
679.000000 0.520434
680.000000 0.531657
681.000000 0.544357
682.000000 0.558354
683.000000 0.573577
684.000000 0.589377
685.000000 0.605985
686.000000 0.624119
687.000000 0.643536
688.000000 0.663986
689.000000 0.685449
690.000000 0.707068
691.000000 0.729259
692.000000 0.753045
693.000000 0.777681
694.000000 0.802899
695.000000 0.828830
696.000000 0.854188
697.000000 0.879152
698.000000 0.904853
699.000000 0.930717
700.000000 0.956431
701.000000 0.981516
702.000000 1.004998
703.000000 1.027143
704.000000 1.048902
705.000000 1.069379
706.000000 1.087806
707.000000 1.104144
708.000000 1.118708
709.000000 1.131224
710.000000 1.140936
711.000000 1.147907
712.000000 1.152610
713.000000 1.154822
714.000000 1.154187
715.000000 1.150474
716.000000 1.143930
717.000000 1.134622
718.000000 1.122612
719.000000 1.108778
720.000000 1.092782
721.000000 1.074048
722.000000 1.052869
723.000000 1.029967
724.000000 1.005652
725.000000 0.979923
726.000000 0.953344
727.000000 0.926071
728.000000 0.898031
729.000000 0.869292
730.000000 0.839984
731.000000 0.812261
732.000000 0.785298
733.000000 0.757033
734.000000 0.728410
735.000000 0.700092
736.000000 0.672257
737.000000 0.644920
738.000000 0.618032
739.000000 0.591739
740.000000 0.566309
741.000000 0.541840
742.000000 0.518296
743.000000 0.495420
744.000000 0.473241
745.000000 0.451708
746.000000 0.430832
747.000000 0.410721
748.000000 0.391388
749.000000 0.372892
750.000000 0.355208
751.000000 0.338229
752.000000 0.321910
753.000000 0.306143
754.000000 0.290948
755.000000 0.276359
756.000000 0.262278
757.000000 0.248786
758.000000 0.235926
759.000000 0.223569
760.000000 0.211649
761.000000 0.200253
762.000000 0.189428
763.000000 0.179091
764.000000 0.169234
765.000000 0.159706
766.000000 0.150471
767.000000 0.141691
768.000000 0.133446
769.000000 0.125611
770.000000 0.118105
771.000000 0.111051
772.000000 0.104396
773.000000 0.098083
774.000000 0.092076
775.000000 0.086336
776.000000 0.080614
777.000000 0.075195
778.000000 0.070420
779.000000 0.066027
780.000000 0.061910
781.000000 0.058083
782.000000 0.054560
783.000000 0.051238
784.000000 0.048042
785.000000 0.045095
786.000000 0.042406
787.000000 0.039933
788.000000 0.037547
789.000000 0.035262
790.000000 0.033268
791.000000 0.031443
792.000000 0.029790
793.000000 0.028302
794.000000 0.026906
795.000000 0.025649
796.000000 0.024540
797.000000 0.023517
798.000000 0.022553
799.000000 0.021733
800.000000 0.020995
801.000000 0.020322
802.000000 0.019715
803.000000 0.019108
804.000000 0.018587
805.000000 0.018165
806.000000 0.017701
807.000000 0.017284
808.000000 0.016939
809.000000 0.016672
810.000000 0.016433
811.000000 0.016171
812.000000 0.015892
813.000000 0.015538
814.000000 0.015293
815.000000 0.015122
816.000000 0.014942
817.000000 0.014740
818.000000 0.014572
819.000000 0.014453
820.000000 0.014258
821.000000 0.014016
822.000000 0.013835
823.000000 0.013683
824.000000 0.013463
825.000000 0.013247
826.000000 0.013046
827.000000 0.012775
828.000000 0.012515
829.000000 0.012320
830.000000 0.012094
831.000000 0.011828
832.000000 0.011555
833.000000 0.011282
834.000000 0.011016
835.000000 0.010737
836.000000 0.010466
837.000000 0.010249
838.000000 0.009997
839.000000 0.009725
840.000000 0.009510
841.000000 0.009334
842.000000 0.009135
843.000000 0.008872
844.000000 0.008604
845.000000 0.008352
846.000000 0.008138
847.000000 0.007923
848.000000 0.007706
849.000000 0.007485
850.000000 0.007281
851.000000 0.007120
852.000000 0.006969
853.000000 0.006830
854.000000 0.006708
855.000000 0.006560
856.000000 0.006350
857.000000 0.006162
858.000000 0.005991
859.000000 0.005836
860.000000 0.005721
861.000000 0.005587
862.000000 0.005460
863.000000 0.005368
864.000000 0.005260
865.000000 0.005134
866.000000 0.005032
867.000000 0.004930
868.000000 0.004789
869.000000 0.004666
870.000000 0.004592
871.000000 0.004511
872.000000 0.004431
873.000000 0.004367
874.000000 0.004297
875.000000 0.004236
876.000000 0.004193
877.000000 0.004155
878.000000 0.004115
879.000000 0.004071
880.000000 0.004022
881.000000 0.003961
882.000000 0.003898
883.000000 0.003803
884.000000 0.003708
885.000000 0.003690
886.000000 0.003665
887.000000 0.003615
888.000000 0.003588
889.000000 0.003579
890.000000 0.003527
891.000000 0.003437
892.000000 0.003398
893.000000 0.003396
894.000000 0.003406
895.000000 0.003403
896.000000 0.003382
897.000000 0.003358
898.000000 0.003355
899.000000 0.003349
900.000000 0.003362
