315.000000 0.188326
316.000000 0.190446
317.000000 0.192652
318.000000 0.194520
319.000000 0.196232
320.000000 0.197730
321.000000 0.199856
322.000000 0.202273
323.000000 0.204795
324.000000 0.207012
325.000000 0.208278
326.000000 0.209912
327.000000 0.212016
328.000000 0.213909
329.000000 0.215564
330.000000 0.217412
331.000000 0.219704
332.000000 0.222367
333.000000 0.225014
334.000000 0.227322
335.000000 0.229823
336.000000 0.232562
337.000000 0.235055
338.000000 0.237240
339.000000 0.239103
340.000000 0.240932
341.000000 0.243141
342.000000 0.245310
343.000000 0.247473
344.000000 0.249805
345.000000 0.251790
346.000000 0.253206
347.000000 0.253999
348.000000 0.254247
349.000000 0.254215
350.000000 0.254111
351.000000 0.253761
352.000000 0.253016
353.000000 0.252092
354.000000 0.251020
355.000000 0.249818
356.000000 0.248453
357.000000 0.246882
358.000000 0.245273
359.000000 0.243756
360.000000 0.242276
361.000000 0.240719
362.000000 0.239199
363.000000 0.237764
364.000000 0.236424
365.000000 0.235238
366.000000 0.234021
367.000000 0.232757
368.000000 0.231596
369.000000 0.230517
370.000000 0.229417
371.000000 0.228297
372.000000 0.227325
373.000000 0.226030
374.000000 0.224394
375.000000 0.222466
376.000000 0.220671
377.000000 0.219294
378.000000 0.217772
379.000000 0.216130
380.000000 0.214216
381.000000 0.212641
382.000000 0.212091
383.000000 0.211906
384.000000 0.211579
385.000000 0.211295
386.000000 0.210727
387.000000 0.210179
388.000000 0.209960
389.000000 0.210146
390.000000 0.210833
391.000000 0.211508
392.000000 0.212111
393.000000 0.212901
394.000000 0.213997
395.000000 0.215327
396.000000 0.216616
397.000000 0.217842
398.000000 0.219291
399.000000 0.220780
400.000000 0.222472
401.000000 0.224547
402.000000 0.226624
403.000000 0.228601
404.000000 0.230207
405.000000 0.231673
406.000000 0.233234
407.000000 0.234739
408.000000 0.236252
409.000000 0.237769
410.000000 0.239090
411.000000 0.240823
412.000000 0.242897
413.000000 0.244499
414.000000 0.245970
415.000000 0.247676
416.000000 0.249520
417.000000 0.251550
418.000000 0.253763
419.000000 0.256451
420.000000 0.259628
421.000000 0.262829
422.000000 0.266115
423.000000 0.269698
424.000000 0.273577
425.000000 0.277346
426.000000 0.281017
427.000000 0.284456
428.000000 0.287356
429.000000 0.289633
430.000000 0.291082
431.000000 0.291651
432.000000 0.291255
433.000000 0.289760
434.000000 0.287332
435.000000 0.283719
436.000000 0.279147
437.000000 0.273903
438.000000 0.268314
439.000000 0.262658
440.000000 0.256406
441.000000 0.250094
442.000000 0.244075
443.000000 0.237814
444.000000 0.231445
445.000000 0.225367
446.000000 0.219271
447.000000 0.213375
448.000000 0.207796
449.000000 0.202427
450.000000 0.197466
451.000000 0.192526
452.000000 0.187634
453.000000 0.183241
454.000000 0.179060
455.000000 0.175093
456.000000 0.171385
457.000000 0.167728
458.000000 0.164356
459.000000 0.161129
460.000000 0.158140
461.000000 0.155451
462.000000 0.152907
463.000000 0.150601
464.000000 0.148363
465.000000 0.146150
466.000000 0.144170
467.000000 0.142300
468.000000 0.140496
469.000000 0.138772
470.000000 0.137215
471.000000 0.135844
472.000000 0.134447
473.000000 0.133092
474.000000 0.131817
475.000000 0.130663
476.000000 0.129711
477.000000 0.128806
478.000000 0.127976
479.000000 0.127211
480.000000 0.126505
481.000000 0.125960
482.000000 0.125570
483.000000 0.125258
484.000000 0.124985
485.000000 0.124854
486.000000 0.124824
487.000000 0.124862
488.000000 0.125070
489.000000 0.125288
490.000000 0.125829
491.000000 0.126508
492.000000 0.126949
493.000000 0.127284
494.000000 0.127762
495.000000 0.128955
496.000000 0.130523
497.000000 0.132339
498.000000 0.134368
499.000000 0.135929
500.000000 0.137502
501.000000 0.139533
502.000000 0.141783
503.000000 0.144249
504.000000 0.147248
505.000000 0.150505
506.000000 0.153488
507.000000 0.156704
508.000000 0.160166
509.000000 0.163827
510.000000 0.167736
511.000000 0.171722
512.000000 0.175889
513.000000 0.180164
514.000000 0.184555
515.000000 0.188954
516.000000 0.193375
517.000000 0.197640
518.000000 0.201559
519.000000 0.205199
520.000000 0.208603
521.000000 0.212013
522.000000 0.215296
523.000000 0.218188
524.000000 0.220412
525.000000 0.222272
526.000000 0.224201
527.000000 0.225915
528.000000 0.227256
529.000000 0.228090
530.000000 0.228615
531.000000 0.229292
532.000000 0.229929
533.000000 0.230638
534.000000 0.231557
535.000000 0.232499
536.000000 0.233806
537.000000 0.235634
538.000000 0.238386
539.000000 0.241642
540.000000 0.245033
541.000000 0.249461
542.000000 0.254878
543.000000 0.261252
544.000000 0.268272
545.000000 0.276384
546.000000 0.285584
547.000000 0.295202
548.000000 0.305233
549.000000 0.315238
550.000000 0.325200
551.000000 0.335359
552.000000 0.345660
553.000000 0.355719
554.000000 0.365038
555.000000 0.373640
556.000000 0.381331
557.000000 0.387786
558.000000 0.393150
559.000000 0.396790
560.000000 0.398683
561.000000 0.398844
562.000000 0.397173
563.000000 0.393810
564.000000 0.388770
565.000000 0.382482
566.000000 0.374717
567.000000 0.364855
568.000000 0.353826
569.000000 0.341874
570.000000 0.329310
571.000000 0.316059
572.000000 0.302426
573.000000 0.288942
574.000000 0.275127
575.000000 0.262166
576.000000 0.249801
577.000000 0.237816
578.000000 0.226465
579.000000 0.215587
580.000000 0.205398
581.000000 0.195860
582.000000 0.187394
583.000000 0.179732
584.000000 0.172934
585.000000 0.166965
586.000000 0.161342
587.000000 0.156427
588.000000 0.152375
589.000000 0.148868
590.000000 0.145689
591.000000 0.142972
592.000000 0.140806
593.000000 0.138950
594.000000 0.137475
595.000000 0.136408
596.000000 0.135452
597.000000 0.134711
598.000000 0.134243
599.000000 0.133781
600.000000 0.133458
601.000000 0.133406
602.000000 0.133485
603.000000 0.133619
604.000000 0.133902
605.000000 0.134268
606.000000 0.134744
607.000000 0.135355
608.000000 0.136058
609.000000 0.136904
610.000000 0.137864
611.000000 0.138977
612.000000 0.140378
613.000000 0.141823
614.000000 0.143369
615.000000 0.145269
616.000000 0.147288
617.000000 0.149481
618.000000 0.151974
619.000000 0.154638
620.000000 0.157562
621.000000 0.160807
622.000000 0.164194
623.000000 0.167864
624.000000 0.171992
625.000000 0.176337
626.000000 0.180861
627.000000 0.185925
628.000000 0.191198
629.000000 0.196703
630.000000 0.202715
631.000000 0.209034
632.000000 0.215387
633.000000 0.221966
634.000000 0.229072
635.000000 0.236228
636.000000 0.243524
637.000000 0.251231
638.000000 0.258915
639.000000 0.266615
640.000000 0.274665
641.000000 0.282804
642.000000 0.290447
643.000000 0.297876
644.000000 0.305524
645.000000 0.312754
646.000000 0.319680
647.000000 0.326699
648.000000 0.333573
649.000000 0.339894
650.000000 0.345842
651.000000 0.351715
652.000000 0.357252
653.000000 0.362218
654.000000 0.366730
655.000000 0.370939
656.000000 0.374923
657.000000 0.378611
658.000000 0.381976
659.000000 0.385213
660.000000 0.388279
661.000000 0.390989
662.000000 0.393562
663.000000 0.396312
664.000000 0.399122
665.000000 0.401816
666.000000 0.404574
667.000000 0.407666
668.000000 0.411055
669.000000 0.414668
670.000000 0.418673
671.000000 0.423280
672.000000 0.428437
673.000000 0.434213
674.000000 0.440227
675.000000 0.446775
676.000000 0.454464
677.000000 0.463050
678.000000 0.472416
679.000000 0.482159
680.000000 0.492675
681.000000 0.504544
682.000000 0.517574
683.000000 0.531662
684.000000 0.546215
685.000000 0.561592
686.000000 0.578425
687.000000 0.596314
688.000000 0.615106
689.000000 0.634813
690.000000 0.654678
691.000000 0.674968
692.000000 0.696576
693.000000 0.719092
694.000000 0.742183
695.000000 0.765705
696.000000 0.788495
697.000000 0.810872
698.000000 0.833994
699.000000 0.857273
700.000000 0.880314
701.000000 0.902743
702.000000 0.923415
703.000000 0.942661
704.000000 0.961683
705.000000 0.979622
706.000000 0.995866
707.000000 1.010333
708.000000 1.022966
709.000000 1.033450
710.000000 1.041499
711.000000 1.047468
712.000000 1.051350
713.000000 1.052749
714.000000 1.051589
715.000000 1.047675
716.000000 1.040906
717.000000 1.031576
718.000000 1.020203
719.000000 1.007367
720.000000 0.992517
721.000000 0.975295
722.000000 0.956225
723.000000 0.935616
724.000000 0.913503
725.000000 0.890040
726.000000 0.865941
727.000000 0.841338
728.000000 0.815965
729.000000 0.790085
730.000000 0.763826
731.000000 0.738729
732.000000 0.714205
733.000000 0.688832
734.000000 0.663307
735.000000 0.637764
736.000000 0.612401
737.000000 0.587668
738.000000 0.563582
739.000000 0.539969
740.000000 0.516939
741.000000 0.494505
742.000000 0.472751
743.000000 0.451813
744.000000 0.431622
745.000000 0.411951
746.000000 0.392955
747.000000 0.374796
748.000000 0.357288
749.000000 0.340393
750.000000 0.324149
751.000000 0.308594
752.000000 0.293856
753.000000 0.279639
754.000000 0.265768
755.000000 0.252354
756.000000 0.239531
757.000000 0.227337
758.000000 0.215580
759.000000 0.204257
760.000000 0.193411
761.000000 0.183042
762.000000 0.173121
763.000000 0.163665
764.000000 0.154636
765.000000 0.145871
766.000000 0.137423
767.000000 0.129429
768.000000 0.121952
769.000000 0.114888
770.000000 0.108116
771.000000 0.101714
772.000000 0.095650
773.000000 0.089910
774.000000 0.084480
775.000000 0.079299
776.000000 0.074186
777.000000 0.069256
778.000000 0.064829
779.000000 0.060838
780.000000 0.057158
781.000000 0.053749
782.000000 0.050560
783.000000 0.047537
784.000000 0.044663
785.000000 0.041997
786.000000 0.039566
787.000000 0.037331
788.000000 0.035192
789.000000 0.033164
790.000000 0.031356
791.000000 0.029686
792.000000 0.028231
793.000000 0.026961
794.000000 0.025705
795.000000 0.024588
796.000000 0.023636
797.000000 0.022746
798.000000 0.021908
799.000000 0.021181
800.000000 0.020543
801.000000 0.019929
802.000000 0.019323
803.000000 0.018774
804.000000 0.018341
805.000000 0.017948
806.000000 0.017570
807.000000 0.017247
808.000000 0.016956
809.000000 0.016680
810.000000 0.016458
811.000000 0.016316
812.000000 0.016185
813.000000 0.015955
814.000000 0.015733
815.000000 0.015604
816.000000 0.015430
817.000000 0.015202
818.000000 0.015060
819.000000 0.014945
820.000000 0.014770
821.000000 0.014559
822.000000 0.014361
823.000000 0.014143
824.000000 0.013920
825.000000 0.013729
826.000000 0.013496
827.000000 0.013192
828.000000 0.012915
829.000000 0.012738
830.000000 0.012524
831.000000 0.012230
832.000000 0.011935
833.000000 0.011657
834.000000 0.011403
835.000000 0.011157
836.000000 0.010921
837.000000 0.010713
838.000000 0.010448
839.000000 0.010157
840.000000 0.009883
841.000000 0.009640
842.000000 0.009432
843.000000 0.009169
844.000000 0.008904
845.000000 0.008682
846.000000 0.008441
847.000000 0.008190
848.000000 0.007947
849.000000 0.007731
850.000000 0.007555
851.000000 0.007395
852.000000 0.007232
853.000000 0.007065
854.000000 0.006891
855.000000 0.006700
856.000000 0.006497
857.000000 0.006303
858.000000 0.006163
859.000000 0.006030
860.000000 0.005891
861.000000 0.005740
862.000000 0.005578
863.000000 0.005447
864.000000 0.005313
865.000000 0.005173
866.000000 0.005064
867.000000 0.004979
868.000000 0.004903
869.000000 0.004806
870.000000 0.004674
871.000000 0.004549
872.000000 0.004445
873.000000 0.004377
874.000000 0.004295
875.000000 0.004237
876.000000 0.004212
877.000000 0.004130
878.000000 0.004057
879.000000 0.004001
880.000000 0.003965
881.000000 0.003945
882.000000 0.003896
883.000000 0.003830
884.000000 0.003773
885.000000 0.003723
886.000000 0.003699
887.000000 0.003688
888.000000 0.003660
889.000000 0.003632
890.000000 0.003573
891.000000 0.003517
892.000000 0.003495
893.000000 0.003445
894.000000 0.003422
895.000000 0.003425
896.000000 0.003401
897.000000 0.003392
898.000000 0.003393
899.000000 0.003381
900.000000 0.003396
