315.000000 0.192407
316.000000 0.195765
317.000000 0.198128
318.000000 0.199640
319.000000 0.201567
320.000000 0.203979
321.000000 0.206654
322.000000 0.209235
323.000000 0.211208
324.000000 0.212772
325.000000 0.213759
326.000000 0.215101
327.000000 0.217446
328.000000 0.219721
329.000000 0.221928
330.000000 0.224509
331.000000 0.226800
332.000000 0.228788
333.000000 0.230780
334.000000 0.232933
335.000000 0.235491
336.000000 0.238126
337.000000 0.240494
338.000000 0.242672
339.000000 0.244571
340.000000 0.246243
341.000000 0.247970
342.000000 0.249720
343.000000 0.251642
344.000000 0.253748
345.000000 0.255718
346.000000 0.257130
347.000000 0.257785
348.000000 0.257754
349.000000 0.257724
350.000000 0.257880
351.000000 0.257555
352.000000 0.256710
353.000000 0.255567
354.000000 0.254153
355.000000 0.252664
356.000000 0.251219
357.000000 0.249613
358.000000 0.247775
359.000000 0.246050
360.000000 0.244378
361.000000 0.242791
362.000000 0.241465
363.000000 0.240093
364.000000 0.238694
365.000000 0.237602
366.000000 0.236591
367.000000 0.235245
368.000000 0.233951
369.000000 0.232855
370.000000 0.232077
371.000000 0.231245
372.000000 0.230217
373.000000 0.229120
374.000000 0.227607
375.000000 0.225872
376.000000 0.224637
377.000000 0.223613
378.000000 0.222498
379.000000 0.220971
380.000000 0.218837
381.000000 0.217160
382.000000 0.216485
383.000000 0.216221
384.000000 0.215627
385.000000 0.215035
386.000000 0.214725
387.000000 0.214750
388.000000 0.214670
389.000000 0.214791
390.000000 0.215323
391.000000 0.215801
392.000000 0.216483
393.000000 0.217446
394.000000 0.218644
395.000000 0.220077
396.000000 0.221420
397.000000 0.222598
398.000000 0.224124
399.000000 0.225652
400.000000 0.227100
401.000000 0.228984
402.000000 0.230796
403.000000 0.232555
404.000000 0.234262
405.000000 0.235911
406.000000 0.237752
407.000000 0.239445
408.000000 0.241048
409.000000 0.242714
410.000000 0.244349
411.000000 0.246193
412.000000 0.247931
413.000000 0.249285
414.000000 0.250673
415.000000 0.252371
416.000000 0.254251
417.000000 0.256367
418.000000 0.258771
419.000000 0.261544
420.000000 0.264708
421.000000 0.267898
422.000000 0.271035
423.000000 0.274251
424.000000 0.277704
425.000000 0.281228
426.000000 0.284695
427.000000 0.287881
428.000000 0.290642
429.000000 0.292802
430.000000 0.294135
431.000000 0.294569
432.000000 0.294033
433.000000 0.292492
434.000000 0.290150
435.000000 0.286723
436.000000 0.282382
437.000000 0.277450
438.000000 0.271916
439.000000 0.266181
440.000000 0.260148
441.000000 0.254103
442.000000 0.248288
443.000000 0.242261
444.000000 0.236038
445.000000 0.230126
446.000000 0.224326
447.000000 0.218664
448.000000 0.213131
449.000000 0.207691
450.000000 0.202665
451.000000 0.197775
452.000000 0.193014
453.000000 0.188669
454.000000 0.184406
455.000000 0.180335
456.000000 0.176533
457.000000 0.172717
458.000000 0.169169
459.000000 0.165783
460.000000 0.162671
461.000000 0.159852
462.000000 0.157140
463.000000 0.154649
464.000000 0.152232
465.000000 0.149933
466.000000 0.147857
467.000000 0.145853
468.000000 0.144000
469.000000 0.142271
470.000000 0.140636
471.000000 0.139134
472.000000 0.137658
473.000000 0.136347
474.000000 0.135143
475.000000 0.133957
476.000000 0.132873
477.000000 0.131932
478.000000 0.131126
479.000000 0.130380
480.000000 0.129698
481.000000 0.129109
482.000000 0.128723
483.000000 0.128464
484.000000 0.128183
485.000000 0.128006
486.000000 0.127974
487.000000 0.128052
488.000000 0.128367
489.000000 0.128945
490.000000 0.129798
491.000000 0.130648
492.000000 0.131310
493.000000 0.131782
494.000000 0.132387
495.000000 0.133618
496.000000 0.134982
497.000000 0.136321
498.000000 0.137788
499.000000 0.139428
500.000000 0.141356
501.000000 0.143547
502.000000 0.145770
503.000000 0.148021
504.000000 0.150947
505.000000 0.154306
506.000000 0.157616
507.000000 0.160968
508.000000 0.164302
509.000000 0.167937
510.000000 0.171672
511.000000 0.175550
512.000000 0.179950
513.000000 0.184406
514.000000 0.189002
515.000000 0.193543
516.000000 0.197967
517.000000 0.202484
518.000000 0.206920
519.000000 0.211053
520.000000 0.214717
521.000000 0.218411
522.000000 0.221843
523.000000 0.224649
524.000000 0.226941
525.000000 0.228877
526.000000 0.230622
527.000000 0.232102
528.000000 0.233282
529.000000 0.234195
530.000000 0.234962
531.000000 0.235552
532.000000 0.236280
533.000000 0.237110
534.000000 0.238174
535.000000 0.239351
536.000000 0.240479
537.000000 0.242278
538.000000 0.245091
539.000000 0.247819
540.000000 0.250638
541.000000 0.255051
542.000000 0.260564
543.000000 0.267008
544.000000 0.274401
545.000000 0.282747
546.000000 0.292096
547.000000 0.302092
548.000000 0.312329
549.000000 0.322738
550.000000 0.333358
551.000000 0.343807
552.000000 0.354061
553.000000 0.364062
554.000000 0.373633
555.000000 0.382467
556.000000 0.390149
557.000000 0.396594
558.000000 0.401871
559.000000 0.405622
560.000000 0.407875
561.000000 0.408369
562.000000 0.406990
563.000000 0.403633
564.000000 0.398118
565.000000 0.391029
566.000000 0.382746
567.000000 0.372734
568.000000 0.361535
569.000000 0.349230
570.000000 0.336195
571.000000 0.322538
572.000000 0.308542
573.000000 0.294657
574.000000 0.280429
575.000000 0.267054
576.000000 0.254231
577.000000 0.241847
578.000000 0.229997
579.000000 0.218662
580.000000 0.208232
581.000000 0.198270
582.000000 0.189351
583.000000 0.181431
584.000000 0.174308
585.000000 0.167979
586.000000 0.161987
587.000000 0.156784
588.000000 0.152528
589.000000 0.148863
590.000000 0.145661
591.000000 0.142715
592.000000 0.140110
593.000000 0.137835
594.000000 0.136025
595.000000 0.134682
596.000000 0.133433
597.000000 0.132333
598.000000 0.131471
599.000000 0.130764
600.000000 0.130357
601.000000 0.130179
602.000000 0.129986
603.000000 0.129862
604.000000 0.129962
605.000000 0.130148
606.000000 0.130407
607.000000 0.130735
608.000000 0.131196
609.000000 0.131748
610.000000 0.132361
611.000000 0.133183
612.000000 0.134320
613.000000 0.135634
614.000000 0.137112
615.000000 0.138841
616.000000 0.140629
617.000000 0.142537
618.000000 0.144683
619.000000 0.147042
620.000000 0.149643
621.000000 0.152532
622.000000 0.155663
623.000000 0.159074
624.000000 0.162836
625.000000 0.166786
626.000000 0.170984
627.000000 0.175667
628.000000 0.180446
629.000000 0.185448
630.000000 0.190979
631.000000 0.196830
632.000000 0.202749
633.000000 0.208824
634.000000 0.215363
635.000000 0.221990
636.000000 0.228691
637.000000 0.235711
638.000000 0.242676
639.000000 0.249705
640.000000 0.257098
641.000000 0.264505
642.000000 0.271471
643.000000 0.278264
644.000000 0.285196
645.000000 0.291806
646.000000 0.298185
647.000000 0.304571
648.000000 0.310716
649.000000 0.316400
650.000000 0.321781
651.000000 0.327041
652.000000 0.332030
653.000000 0.336483
654.000000 0.340548
655.000000 0.344469
656.000000 0.348153
657.000000 0.351409
658.000000 0.354366
659.000000 0.357304
660.000000 0.360124
661.000000 0.362703
662.000000 0.365193
663.000000 0.367777
664.000000 0.370417
665.000000 0.372983
666.000000 0.375597
667.000000 0.378564
668.000000 0.381912
669.000000 0.385440
670.000000 0.389291
671.000000 0.393649
672.000000 0.398433
673.000000 0.403810
674.000000 0.409447
675.000000 0.415559
676.000000 0.422723
677.000000 0.430783
678.000000 0.439634
679.000000 0.448851
680.000000 0.458649
681.000000 0.469631
682.000000 0.481739
683.000000 0.494895
684.000000 0.508525
685.000000 0.522826
686.000000 0.538412
687.000000 0.554978
688.000000 0.572368
689.000000 0.590677
690.000000 0.609002
691.000000 0.627544
692.000000 0.647318
693.000000 0.667863
694.000000 0.688785
695.000000 0.709963
696.000000 0.730560
697.000000 0.750944
698.000000 0.771940
699.000000 0.792882
700.000000 0.813485
701.000000 0.833433
702.000000 0.851786
703.000000 0.868932
704.000000 0.885748
705.000000 0.901497
706.000000 0.915762
707.000000 0.928332
708.000000 0.939041
709.000000 0.947658
710.000000 0.954145
711.000000 0.958875
712.000000 0.961618
713.000000 0.961972
714.000000 0.960099
715.000000 0.956013
716.000000 0.949576
717.000000 0.940712
718.000000 0.929878
719.000000 0.917813
720.000000 0.904096
721.000000 0.888383
722.000000 0.870816
723.000000 0.851750
724.000000 0.831653
725.000000 0.810692
726.000000 0.788996
727.000000 0.766568
728.000000 0.743369
729.000000 0.719740
730.000000 0.696015
731.000000 0.673562
732.000000 0.651659
733.000000 0.628875
734.000000 0.605812
735.000000 0.582828
736.000000 0.560075
737.000000 0.537622
738.000000 0.515637
739.000000 0.494047
740.000000 0.472925
741.000000 0.452376
742.000000 0.432608
743.000000 0.413684
744.000000 0.395447
745.000000 0.377622
746.000000 0.360254
747.000000 0.343584
748.000000 0.327633
749.000000 0.312320
750.000000 0.297547
751.000000 0.283297
752.000000 0.269648
753.000000 0.256514
754.000000 0.243809
755.000000 0.231586
756.000000 0.219810
757.000000 0.208542
758.000000 0.197744
759.000000 0.187385
760.000000 0.177461
761.000000 0.167932
762.000000 0.158856
763.000000 0.150208
764.000000 0.141893
765.000000 0.133864
766.000000 0.126150
767.000000 0.118833
768.000000 0.111923
769.000000 0.105379
770.000000 0.099170
771.000000 0.093292
772.000000 0.087770
773.000000 0.082578
774.000000 0.077669
775.000000 0.072999
776.000000 0.068318
777.000000 0.063868
778.000000 0.059958
779.000000 0.056379
780.000000 0.052987
781.000000 0.049825
782.000000 0.046943
783.000000 0.044268
784.000000 0.041701
785.000000 0.039269
786.000000 0.037065
787.000000 0.035064
788.000000 0.033158
789.000000 0.031350
790.000000 0.029755
791.000000 0.028309
792.000000 0.026991
793.000000 0.025821
794.000000 0.024806
795.000000 0.023941
796.000000 0.023063
797.000000 0.022170
798.000000 0.021370
799.000000 0.020678
800.000000 0.020045
801.000000 0.019493
802.000000 0.019010
803.000000 0.018556
804.000000 0.018177
805.000000 0.017859
806.000000 0.017555
807.000000 0.017265
808.000000 0.017004
809.000000 0.016764
810.000000 0.016548
811.000000 0.016366
812.000000 0.016185
813.000000 0.015991
814.000000 0.015865
815.000000 0.015772
816.000000 0.015627
817.000000 0.015446
818.000000 0.015300
819.000000 0.015170
820.000000 0.014986
821.000000 0.014799
822.000000 0.014679
823.000000 0.014578
824.000000 0.014422
825.000000 0.014163
826.000000 0.013836
827.000000 0.013521
828.000000 0.013254
829.000000 0.013070
830.000000 0.012849
831.000000 0.012560
832.000000 0.012278
833.000000 0.012018
834.000000 0.011756
835.000000 0.011469
836.000000 0.011225
837.000000 0.010987
838.000000 0.010700
839.000000 0.010429
840.000000 0.010154
841.000000 0.009884
842.000000 0.009658
843.000000 0.009395
844.000000 0.009171
845.000000 0.008962
846.000000 0.008696
847.000000 0.008444
848.000000 0.008209
849.000000 0.008003
850.000000 0.007827
851.000000 0.007636
852.000000 0.007432
853.000000 0.007258
854.000000 0.007094
855.000000 0.006924
856.000000 0.006733
857.000000 0.006541
858.000000 0.006385
859.000000 0.006247
860.000000 0.006114
861.000000 0.005959
862.000000 0.005799
863.000000 0.005668
864.000000 0.005537
865.000000 0.005455
866.000000 0.005344
867.000000 0.005140
868.000000 0.004995
869.000000 0.004899
870.000000 0.004783
871.000000 0.004688
872.000000 0.004613
873.000000 0.004542
874.000000 0.004450
875.000000 0.004369
876.000000 0.004334
877.000000 0.004314
878.000000 0.004283
879.000000 0.004246
880.000000 0.004196
881.000000 0.004106
882.000000 0.004030
883.000000 0.003972
884.000000 0.003908
885.000000 0.003852
886.000000 0.003818
887.000000 0.003797
888.000000 0.003785
889.000000 0.003783
890.000000 0.003722
891.000000 0.003619
892.000000 0.003576
893.000000 0.003553
894.000000 0.003524
895.000000 0.003498
896.000000 0.003473
897.000000 0.003482
898.000000 0.003500
899.000000 0.003482
900.000000 0.003482
