315.000000 0.197815
316.000000 0.198767
317.000000 0.200222
318.000000 0.202149
319.000000 0.204063
320.000000 0.206200
321.000000 0.208827
322.000000 0.211855
323.000000 0.214743
324.000000 0.216688
325.000000 0.217721
326.000000 0.219288
327.000000 0.221344
328.000000 0.223152
329.000000 0.225331
330.000000 0.227762
331.000000 0.229900
332.000000 0.231765
333.000000 0.233865
334.000000 0.236273
335.000000 0.238784
336.000000 0.241307
337.000000 0.243758
338.000000 0.246084
339.000000 0.248351
340.000000 0.250283
341.000000 0.251847
342.000000 0.253361
343.000000 0.255007
344.000000 0.256662
345.000000 0.258018
346.000000 0.259061
347.000000 0.259663
348.000000 0.259933
349.000000 0.260189
350.000000 0.260142
351.000000 0.259597
352.000000 0.258650
353.000000 0.257457
354.000000 0.256173
355.000000 0.254645
356.000000 0.253031
357.000000 0.251278
358.000000 0.249402
359.000000 0.247692
360.000000 0.246140
361.000000 0.244620
362.000000 0.243229
363.000000 0.242000
364.000000 0.240750
365.000000 0.239540
366.000000 0.238392
367.000000 0.237136
368.000000 0.235861
369.000000 0.234653
370.000000 0.233308
371.000000 0.232265
372.000000 0.231527
373.000000 0.230623
374.000000 0.229550
375.000000 0.227903
376.000000 0.226429
377.000000 0.225589
378.000000 0.224489
379.000000 0.222919
380.000000 0.221303
381.000000 0.220059
382.000000 0.219258
383.000000 0.218614
384.000000 0.218034
385.000000 0.217668
386.000000 0.217580
387.000000 0.217731
388.000000 0.217707
389.000000 0.217900
390.000000 0.218527
391.000000 0.219433
392.000000 0.220587
393.000000 0.221683
394.000000 0.222995
395.000000 0.224658
396.000000 0.226220
397.000000 0.227569
398.000000 0.229024
399.000000 0.230507
400.000000 0.232186
401.000000 0.234251
402.000000 0.236347
403.000000 0.238291
404.000000 0.239971
405.000000 0.241673
406.000000 0.243528
407.000000 0.245367
408.000000 0.247175
409.000000 0.248825
410.000000 0.250200
411.000000 0.251732
412.000000 0.253336
413.000000 0.254665
414.000000 0.256158
415.000000 0.257956
416.000000 0.259770
417.000000 0.261749
418.000000 0.264039
419.000000 0.266630
420.000000 0.269608
421.000000 0.272686
422.000000 0.275661
423.000000 0.278828
424.000000 0.282235
425.000000 0.285545
426.000000 0.288706
427.000000 0.291548
428.000000 0.294038
429.000000 0.295940
430.000000 0.296959
431.000000 0.297193
432.000000 0.296523
433.000000 0.294916
434.000000 0.292502
435.000000 0.289079
436.000000 0.284893
437.000000 0.280063
438.000000 0.274743
439.000000 0.269384
440.000000 0.263646
441.000000 0.257807
442.000000 0.252224
443.000000 0.246443
444.000000 0.240590
445.000000 0.235024
446.000000 0.229317
447.000000 0.223639
448.000000 0.218135
449.000000 0.212764
450.000000 0.207779
451.000000 0.202843
452.000000 0.197955
453.000000 0.193541
454.000000 0.189240
455.000000 0.184993
456.000000 0.180977
457.000000 0.177081
458.000000 0.173507
459.000000 0.170035
460.000000 0.166817
461.000000 0.163880
462.000000 0.160976
463.000000 0.158275
464.000000 0.155668
465.000000 0.153131
466.000000 0.150884
467.000000 0.148784
468.000000 0.146738
469.000000 0.144778
470.000000 0.143013
471.000000 0.141481
472.000000 0.139964
473.000000 0.138548
474.000000 0.137242
475.000000 0.135996
476.000000 0.134882
477.000000 0.133863
478.000000 0.132931
479.000000 0.132030
480.000000 0.131273
481.000000 0.130685
482.000000 0.130187
483.000000 0.129829
484.000000 0.129603
485.000000 0.129492
486.000000 0.129433
487.000000 0.129423
488.000000 0.129646
489.000000 0.129900
490.000000 0.130404
491.000000 0.131062
492.000000 0.131655
493.000000 0.132136
494.000000 0.132701
495.000000 0.134032
496.000000 0.135681
497.000000 0.137176
498.000000 0.138673
499.000000 0.140262
500.000000 0.142098
501.000000 0.144327
502.000000 0.146706
503.000000 0.149266
504.000000 0.152332
505.000000 0.155737
506.000000 0.159083
507.000000 0.162480
508.000000 0.166161
509.000000 0.170136
510.000000 0.174044
511.000000 0.177765
512.000000 0.182039
513.000000 0.186657
514.000000 0.191302
515.000000 0.195796
516.000000 0.200076
517.000000 0.204513
518.000000 0.208897
519.000000 0.213084
520.000000 0.216957
521.000000 0.220416
522.000000 0.223698
523.000000 0.226764
524.000000 0.229278
525.000000 0.231214
526.000000 0.232896
527.000000 0.234575
528.000000 0.236105
529.000000 0.237258
530.000000 0.237917
531.000000 0.238376
532.000000 0.239187
533.000000 0.240209
534.000000 0.241325
535.000000 0.242510
536.000000 0.243947
537.000000 0.245827
538.000000 0.248303
539.000000 0.251229
540.000000 0.254822
541.000000 0.259808
542.000000 0.265341
543.000000 0.271606
544.000000 0.279159
545.000000 0.287836
546.000000 0.297112
547.000000 0.306794
548.000000 0.316856
549.000000 0.327063
550.000000 0.337572
551.000000 0.348249
552.000000 0.358823
553.000000 0.369075
554.000000 0.378800
555.000000 0.387746
556.000000 0.395569
557.000000 0.402209
558.000000 0.407702
559.000000 0.411430
560.000000 0.413280
561.000000 0.413338
562.000000 0.411718
563.000000 0.408311
564.000000 0.403031
565.000000 0.396200
566.000000 0.387807
567.000000 0.377470
568.000000 0.365920
569.000000 0.353325
570.000000 0.339919
571.000000 0.325718
572.000000 0.311519
573.000000 0.297505
574.000000 0.282926
575.000000 0.269283
576.000000 0.256311
577.000000 0.243709
578.000000 0.231609
579.000000 0.220155
580.000000 0.209546
581.000000 0.199320
582.000000 0.190311
583.000000 0.182327
584.000000 0.174954
585.000000 0.168414
586.000000 0.162304
587.000000 0.156977
588.000000 0.152460
589.000000 0.148307
590.000000 0.144633
591.000000 0.141379
592.000000 0.138602
593.000000 0.136180
594.000000 0.134061
595.000000 0.132405
596.000000 0.130970
597.000000 0.129764
598.000000 0.128831
599.000000 0.128022
600.000000 0.127373
601.000000 0.126871
602.000000 0.126501
603.000000 0.126221
604.000000 0.126125
605.000000 0.126223
606.000000 0.126390
607.000000 0.126605
608.000000 0.126903
609.000000 0.127374
610.000000 0.127991
611.000000 0.128746
612.000000 0.129738
613.000000 0.130788
614.000000 0.131999
615.000000 0.133500
616.000000 0.135045
617.000000 0.136778
618.000000 0.138799
619.000000 0.141032
620.000000 0.143536
621.000000 0.146298
622.000000 0.149220
623.000000 0.152394
624.000000 0.155885
625.000000 0.159509
626.000000 0.163370
627.000000 0.167713
628.000000 0.172197
629.000000 0.176847
630.000000 0.181975
631.000000 0.187406
632.000000 0.192869
633.000000 0.198560
634.000000 0.204670
635.000000 0.210790
636.000000 0.217000
637.000000 0.223536
638.000000 0.230037
639.000000 0.236521
640.000000 0.243262
641.000000 0.250068
642.000000 0.256439
643.000000 0.262647
644.000000 0.269009
645.000000 0.275051
646.000000 0.280888
647.000000 0.286725
648.000000 0.292420
649.000000 0.297735
650.000000 0.302761
651.000000 0.307580
652.000000 0.312074
653.000000 0.316212
654.000000 0.319993
655.000000 0.323525
656.000000 0.326863
657.000000 0.329950
658.000000 0.332802
659.000000 0.335492
660.000000 0.338074
661.000000 0.340527
662.000000 0.342946
663.000000 0.345514
664.000000 0.348113
665.000000 0.350627
666.000000 0.353222
667.000000 0.356131
668.000000 0.359318
669.000000 0.362620
670.000000 0.366281
671.000000 0.370513
672.000000 0.375228
673.000000 0.380516
674.000000 0.385999
675.000000 0.391941
676.000000 0.398901
677.000000 0.406676
678.000000 0.415172
679.000000 0.423968
680.000000 0.433339
681.000000 0.443795
682.000000 0.455277
683.000000 0.467774
684.000000 0.480706
685.000000 0.494255
686.000000 0.508961
687.000000 0.524582
688.000000 0.540886
689.000000 0.557839
690.000000 0.574923
691.000000 0.592419
692.000000 0.610985
693.000000 0.630181
694.000000 0.649626
695.000000 0.669426
696.000000 0.688808
697.000000 0.707721
698.000000 0.726983
699.000000 0.746084
700.000000 0.764894
701.000000 0.783155
702.000000 0.799880
703.000000 0.815390
704.000000 0.830578
705.000000 0.844867
706.000000 0.857616
707.000000 0.868641
708.000000 0.878101
709.000000 0.885915
710.000000 0.891796
711.000000 0.895768
712.000000 0.897870
713.000000 0.897881
714.000000 0.895732
715.000000 0.891443
716.000000 0.885163
717.000000 0.876892
718.000000 0.866711
719.000000 0.855311
720.000000 0.842377
721.000000 0.827509
722.000000 0.811162
723.000000 0.793675
724.000000 0.775013
725.000000 0.755342
726.000000 0.735137
727.000000 0.714387
728.000000 0.693067
729.000000 0.671394
730.000000 0.649412
731.000000 0.628542
732.000000 0.608138
733.000000 0.586889
734.000000 0.565440
735.000000 0.543974
736.000000 0.522698
737.000000 0.501908
738.000000 0.481672
739.000000 0.461761
740.000000 0.442236
741.000000 0.423278
742.000000 0.404990
743.000000 0.387317
744.000000 0.370286
745.000000 0.353798
746.000000 0.337787
747.000000 0.322301
748.000000 0.307300
749.000000 0.292791
750.000000 0.278899
751.000000 0.265641
752.000000 0.252952
753.000000 0.240696
754.000000 0.228749
755.000000 0.217191
756.000000 0.206145
757.000000 0.195593
758.000000 0.185255
759.000000 0.175554
760.000000 0.166514
761.000000 0.157664
762.000000 0.149127
763.000000 0.140964
764.000000 0.133175
765.000000 0.125653
766.000000 0.118412
767.000000 0.111576
768.000000 0.105157
769.000000 0.099060
770.000000 0.093238
771.000000 0.087732
772.000000 0.082517
773.000000 0.077596
774.000000 0.072958
775.000000 0.068592
776.000000 0.064274
777.000000 0.060127
778.000000 0.056443
779.000000 0.053051
780.000000 0.049889
781.000000 0.047002
782.000000 0.044326
783.000000 0.041811
784.000000 0.039385
785.000000 0.037109
786.000000 0.035085
787.000000 0.033267
788.000000 0.031536
789.000000 0.029872
790.000000 0.028410
791.000000 0.027094
792.000000 0.025916
793.000000 0.024862
794.000000 0.023850
795.000000 0.022929
796.000000 0.022115
797.000000 0.021393
798.000000 0.020748
799.000000 0.020195
800.000000 0.019721
801.000000 0.019285
802.000000 0.018857
803.000000 0.018428
804.000000 0.018067
805.000000 0.017759
806.000000 0.017414
807.000000 0.017128
808.000000 0.016911
809.000000 0.016675
810.000000 0.016467
811.000000 0.016305
812.000000 0.016151
813.000000 0.015978
814.000000 0.015850
815.000000 0.015732
816.000000 0.015562
817.000000 0.015397
818.000000 0.015293
819.000000 0.015167
820.000000 0.014971
821.000000 0.014772
822.000000 0.014628
823.000000 0.014484
824.000000 0.014288
825.000000 0.014095
826.000000 0.013862
827.000000 0.013579
828.000000 0.013360
829.000000 0.013208
830.000000 0.012975
831.000000 0.012677
832.000000 0.012397
833.000000 0.012128
834.000000 0.011875
835.000000 0.011591
836.000000 0.011294
837.000000 0.011071
838.000000 0.010804
839.000000 0.010515
840.000000 0.010239
841.000000 0.009984
842.000000 0.009736
843.000000 0.009434
844.000000 0.009177
845.000000 0.008940
846.000000 0.008697
847.000000 0.008469
848.000000 0.008265
849.000000 0.008053
850.000000 0.007841
851.000000 0.007635
852.000000 0.007442
853.000000 0.007274
854.000000 0.007084
855.000000 0.006867
856.000000 0.006650
857.000000 0.006486
858.000000 0.006381
859.000000 0.006253
860.000000 0.006102
861.000000 0.005937
862.000000 0.005787
863.000000 0.005691
864.000000 0.005567
865.000000 0.005411
866.000000 0.005269
867.000000 0.005155
868.000000 0.005068
869.000000 0.004984
870.000000 0.004888
871.000000 0.004785
872.000000 0.004675
873.000000 0.004590
874.000000 0.004512
875.000000 0.004430
876.000000 0.004382
877.000000 0.004369
878.000000 0.004340
879.000000 0.004276
880.000000 0.004212
881.000000 0.004115
882.000000 0.004018
883.000000 0.003954
884.000000 0.003926
885.000000 0.003926
886.000000 0.003904
887.000000 0.003846
888.000000 0.003789
889.000000 0.003747
890.000000 0.003658
891.000000 0.003579
892.000000 0.003535
893.000000 0.003492
894.000000 0.003514
895.000000 0.003524
896.000000 0.003490
897.000000 0.003472
898.000000 0.003476
899.000000 0.003465
900.000000 0.003472
