315.000000 0.200787
316.000000 0.203071
317.000000 0.205277
318.000000 0.207026
319.000000 0.208753
320.000000 0.210076
321.000000 0.211814
322.000000 0.214420
323.000000 0.217017
324.000000 0.219355
325.000000 0.221165
326.000000 0.223137
327.000000 0.225029
328.000000 0.226881
329.000000 0.229153
330.000000 0.231304
331.000000 0.233326
332.000000 0.235547
333.000000 0.237476
334.000000 0.239243
335.000000 0.241823
336.000000 0.244839
337.000000 0.247515
338.000000 0.249755
339.000000 0.251871
340.000000 0.253507
341.000000 0.255028
342.000000 0.256625
343.000000 0.258007
344.000000 0.259689
345.000000 0.261330
346.000000 0.262438
347.000000 0.263019
348.000000 0.263126
349.000000 0.262988
350.000000 0.262541
351.000000 0.261894
352.000000 0.261100
353.000000 0.259883
354.000000 0.258435
355.000000 0.256850
356.000000 0.255211
357.000000 0.253561
358.000000 0.251935
359.000000 0.250366
360.000000 0.248812
361.000000 0.247205
362.000000 0.245740
363.000000 0.244369
364.000000 0.243034
365.000000 0.241875
366.000000 0.240682
367.000000 0.239511
368.000000 0.238322
369.000000 0.237181
370.000000 0.235699
371.000000 0.234111
372.000000 0.233181
373.000000 0.232383
374.000000 0.231255
375.000000 0.229733
376.000000 0.228626
377.000000 0.227741
378.000000 0.226540
379.000000 0.225323
380.000000 0.223950
381.000000 0.222880
382.000000 0.222550
383.000000 0.222400
384.000000 0.222079
385.000000 0.221996
386.000000 0.222054
387.000000 0.222265
388.000000 0.222404
389.000000 0.222712
390.000000 0.223408
391.000000 0.224317
392.000000 0.225386
393.000000 0.226397
394.000000 0.227563
395.000000 0.229010
396.000000 0.230424
397.000000 0.231658
398.000000 0.233178
399.000000 0.234765
400.000000 0.236478
401.000000 0.238645
402.000000 0.240863
403.000000 0.242953
404.000000 0.244744
405.000000 0.246531
406.000000 0.248434
407.000000 0.250195
408.000000 0.251816
409.000000 0.253458
410.000000 0.254877
411.000000 0.256324
412.000000 0.258110
413.000000 0.259855
414.000000 0.261454
415.000000 0.263157
416.000000 0.265063
417.000000 0.267017
418.000000 0.269259
419.000000 0.271857
420.000000 0.274665
421.000000 0.277460
422.000000 0.280171
423.000000 0.283080
424.000000 0.286234
425.000000 0.289411
426.000000 0.292608
427.000000 0.295555
428.000000 0.297853
429.000000 0.299460
430.000000 0.300358
431.000000 0.300503
432.000000 0.299753
433.000000 0.298138
434.000000 0.295745
435.000000 0.292332
436.000000 0.288265
437.000000 0.283618
438.000000 0.278443
439.000000 0.273203
440.000000 0.267649
441.000000 0.262037
442.000000 0.256645
443.000000 0.251044
444.000000 0.245297
445.000000 0.239755
446.000000 0.234175
447.000000 0.228681
448.000000 0.223335
449.000000 0.218117
450.000000 0.213197
451.000000 0.208200
452.000000 0.203297
453.000000 0.198867
454.000000 0.194477
455.000000 0.190189
456.000000 0.186080
457.000000 0.182041
458.000000 0.178397
459.000000 0.174792
460.000000 0.171381
461.000000 0.168299
462.000000 0.165269
463.000000 0.162445
464.000000 0.159712
465.000000 0.157019
466.000000 0.154594
467.000000 0.152371
468.000000 0.150362
469.000000 0.148486
470.000000 0.146691
471.000000 0.144986
472.000000 0.143261
473.000000 0.141704
474.000000 0.140267
475.000000 0.138913
476.000000 0.137714
477.000000 0.136610
478.000000 0.135654
479.000000 0.134796
480.000000 0.134009
481.000000 0.133356
482.000000 0.132931
483.000000 0.132575
484.000000 0.132211
485.000000 0.132005
486.000000 0.131878
487.000000 0.131858
488.000000 0.132056
489.000000 0.132050
490.000000 0.132356
491.000000 0.133172
492.000000 0.133954
493.000000 0.134586
494.000000 0.135389
495.000000 0.136709
496.000000 0.138076
497.000000 0.139655
498.000000 0.141406
499.000000 0.142970
500.000000 0.144853
501.000000 0.147067
502.000000 0.149387
503.000000 0.152074
504.000000 0.155165
505.000000 0.158426
506.000000 0.161530
507.000000 0.164794
508.000000 0.168368
509.000000 0.172181
510.000000 0.176008
511.000000 0.180020
512.000000 0.184567
513.000000 0.189103
514.000000 0.193438
515.000000 0.197806
516.000000 0.202191
517.000000 0.206239
518.000000 0.210196
519.000000 0.214351
520.000000 0.218271
521.000000 0.221893
522.000000 0.225437
523.000000 0.228546
524.000000 0.230733
525.000000 0.232280
526.000000 0.233957
527.000000 0.235677
528.000000 0.236894
529.000000 0.237915
530.000000 0.238633
531.000000 0.239174
532.000000 0.240085
533.000000 0.240890
534.000000 0.241596
535.000000 0.242570
536.000000 0.243642
537.000000 0.245330
538.000000 0.248191
539.000000 0.251241
540.000000 0.254498
541.000000 0.258986
542.000000 0.264414
543.000000 0.271024
544.000000 0.278650
545.000000 0.287147
546.000000 0.296401
547.000000 0.306245
548.000000 0.316582
549.000000 0.326998
550.000000 0.337441
551.000000 0.347931
552.000000 0.358444
553.000000 0.368612
554.000000 0.378050
555.000000 0.386681
556.000000 0.394398
557.000000 0.400930
558.000000 0.406126
559.000000 0.409612
560.000000 0.411472
561.000000 0.411552
562.000000 0.409791
563.000000 0.406262
564.000000 0.401007
565.000000 0.394427
566.000000 0.386295
567.000000 0.376025
568.000000 0.364586
569.000000 0.352215
570.000000 0.339111
571.000000 0.325243
572.000000 0.311051
573.000000 0.297036
574.000000 0.282603
575.000000 0.268837
576.000000 0.255741
577.000000 0.243218
578.000000 0.231244
579.000000 0.219675
580.000000 0.208913
581.000000 0.198649
582.000000 0.189363
583.000000 0.181090
584.000000 0.173751
585.000000 0.167196
586.000000 0.160828
587.000000 0.155160
588.000000 0.150453
589.000000 0.146290
590.000000 0.142490
591.000000 0.139110
592.000000 0.136305
593.000000 0.133828
594.000000 0.131699
595.000000 0.129947
596.000000 0.128350
597.000000 0.126986
598.000000 0.125914
599.000000 0.124963
600.000000 0.124210
601.000000 0.123631
602.000000 0.123152
603.000000 0.122785
604.000000 0.122567
605.000000 0.122583
606.000000 0.122749
607.000000 0.122900
608.000000 0.123120
609.000000 0.123481
610.000000 0.123976
611.000000 0.124619
612.000000 0.125452
613.000000 0.126448
614.000000 0.127600
615.000000 0.128959
616.000000 0.130365
617.000000 0.131941
618.000000 0.133775
619.000000 0.135815
620.000000 0.138133
621.000000 0.140699
622.000000 0.143396
623.000000 0.146382
624.000000 0.149757
625.000000 0.153237
626.000000 0.156877
627.000000 0.160967
628.000000 0.165160
629.000000 0.169529
630.000000 0.174375
631.000000 0.179467
632.000000 0.184539
633.000000 0.189864
634.000000 0.195605
635.000000 0.201259
636.000000 0.207018
637.000000 0.213132
638.000000 0.219182
639.000000 0.225215
640.000000 0.231505
641.000000 0.237881
642.000000 0.243878
643.000000 0.249654
644.000000 0.255515
645.000000 0.261089
646.000000 0.266492
647.000000 0.271916
648.000000 0.277125
649.000000 0.281926
650.000000 0.286524
651.000000 0.290998
652.000000 0.295159
653.000000 0.298916
654.000000 0.302375
655.000000 0.305681
656.000000 0.308819
657.000000 0.311683
658.000000 0.314283
659.000000 0.316800
660.000000 0.319300
661.000000 0.321676
662.000000 0.324007
663.000000 0.326395
664.000000 0.328840
665.000000 0.331293
666.000000 0.333816
667.000000 0.336625
668.000000 0.339759
669.000000 0.343027
670.000000 0.346562
671.000000 0.350609
672.000000 0.355142
673.000000 0.360194
674.000000 0.365441
675.000000 0.371183
676.000000 0.377884
677.000000 0.385367
678.000000 0.393450
679.000000 0.401721
680.000000 0.410638
681.000000 0.420715
682.000000 0.431701
683.000000 0.443548
684.000000 0.455731
685.000000 0.468444
686.000000 0.482295
687.000000 0.497036
688.000000 0.512420
689.000000 0.528435
690.000000 0.544500
691.000000 0.560818
692.000000 0.578008
693.000000 0.595753
694.000000 0.613826
695.000000 0.632161
696.000000 0.649948
697.000000 0.667315
698.000000 0.685035
699.000000 0.702504
700.000000 0.719566
701.000000 0.736075
702.000000 0.751249
703.000000 0.765307
704.000000 0.778864
705.000000 0.791328
706.000000 0.802349
707.000000 0.811876
708.000000 0.820002
709.000000 0.826525
710.000000 0.831209
711.000000 0.834171
712.000000 0.835442
713.000000 0.834862
714.000000 0.832182
715.000000 0.827574
716.000000 0.821344
717.000000 0.813364
718.000000 0.803639
719.000000 0.792809
720.000000 0.780465
721.000000 0.766357
722.000000 0.751012
723.000000 0.734556
724.000000 0.717064
725.000000 0.698859
726.000000 0.680334
727.000000 0.661308
728.000000 0.641587
729.000000 0.621386
730.000000 0.600942
731.000000 0.581753
732.000000 0.563161
733.000000 0.543655
734.000000 0.523819
735.000000 0.504006
736.000000 0.484417
737.000000 0.465232
738.000000 0.446481
739.000000 0.428122
740.000000 0.410298
741.000000 0.392974
742.000000 0.376186
743.000000 0.359937
744.000000 0.344177
745.000000 0.328720
746.000000 0.313669
747.000000 0.299259
748.000000 0.285433
749.000000 0.272081
750.000000 0.259206
751.000000 0.246809
752.000000 0.234881
753.000000 0.223377
754.000000 0.212304
755.000000 0.201620
756.000000 0.191335
757.000000 0.181570
758.000000 0.172231
759.000000 0.163227
760.000000 0.154514
761.000000 0.146160
762.000000 0.138248
763.000000 0.130730
764.000000 0.123543
765.000000 0.116552
766.000000 0.109809
767.000000 0.103481
768.000000 0.097556
769.000000 0.091961
770.000000 0.086656
771.000000 0.081615
772.000000 0.076828
773.000000 0.072310
774.000000 0.068011
775.000000 0.063963
776.000000 0.059963
777.000000 0.056121
778.000000 0.052704
779.000000 0.049555
780.000000 0.046605
781.000000 0.043926
782.000000 0.041501
783.000000 0.039183
784.000000 0.036977
785.000000 0.034960
786.000000 0.033113
787.000000 0.031452
788.000000 0.029908
789.000000 0.028414
790.000000 0.027091
791.000000 0.025888
792.000000 0.024804
793.000000 0.023847
794.000000 0.022898
795.000000 0.022069
796.000000 0.021370
797.000000 0.020703
798.000000 0.020087
799.000000 0.019551
800.000000 0.019086
801.000000 0.018691
802.000000 0.018361
803.000000 0.018052
804.000000 0.017757
805.000000 0.017495
806.000000 0.017215
807.000000 0.016964
808.000000 0.016791
809.000000 0.016623
810.000000 0.016408
811.000000 0.016214
812.000000 0.016072
813.000000 0.015889
814.000000 0.015770
815.000000 0.015717
816.000000 0.015618
817.000000 0.015472
818.000000 0.015332
819.000000 0.015198
820.000000 0.015037
821.000000 0.014860
822.000000 0.014766
823.000000 0.014689
824.000000 0.014515
825.000000 0.014307
826.000000 0.014188
827.000000 0.014055
828.000000 0.013733
829.000000 0.013404
830.000000 0.013126
831.000000 0.012856
832.000000 0.012630
833.000000 0.012402
834.000000 0.012154
835.000000 0.011855
836.000000 0.011550
837.000000 0.011313
838.000000 0.011034
839.000000 0.010740
840.000000 0.010478
841.000000 0.010218
842.000000 0.009981
843.000000 0.009706
844.000000 0.009407
845.000000 0.009117
846.000000 0.008858
847.000000 0.008616
848.000000 0.008384
849.000000 0.008172
850.000000 0.007960
851.000000 0.007771
852.000000 0.007569
853.000000 0.007363
854.000000 0.007183
855.000000 0.007003
856.000000 0.006810
857.000000 0.006655
858.000000 0.006503
859.000000 0.006341
860.000000 0.006217
861.000000 0.006068
862.000000 0.005900
863.000000 0.005774
864.000000 0.005676
865.000000 0.005571
866.000000 0.005439
867.000000 0.005296
868.000000 0.005178
869.000000 0.005074
870.000000 0.004963
871.000000 0.004863
872.000000 0.004758
873.000000 0.004683
874.000000 0.004619
875.000000 0.004541
876.000000 0.004476
877.000000 0.004400
878.000000 0.004323
879.000000 0.004241
880.000000 0.004151
881.000000 0.004054
882.000000 0.003977
883.000000 0.003918
884.000000 0.003873
885.000000 0.003838
886.000000 0.003801
887.000000 0.003776
888.000000 0.003768
889.000000 0.003749
890.000000 0.003663
891.000000 0.003581
892.000000 0.003559
893.000000 0.003526
894.000000 0.003496
895.000000 0.003472
896.000000 0.003435
897.000000 0.003414
898.000000 0.003422
899.000000 0.003423
900.000000 0.003440
