315.000000 0.202272
316.000000 0.205525
317.000000 0.207755
318.000000 0.209652
319.000000 0.211716
320.000000 0.213640
321.000000 0.216262
322.000000 0.219008
323.000000 0.221306
324.000000 0.223659
325.000000 0.225234
326.000000 0.226776
327.000000 0.228952
328.000000 0.231271
329.000000 0.233459
330.000000 0.235623
331.000000 0.237973
332.000000 0.240348
333.000000 0.242280
334.000000 0.244038
335.000000 0.246384
336.000000 0.249335
337.000000 0.251574
338.000000 0.253261
339.000000 0.255341
340.000000 0.256960
341.000000 0.258279
342.000000 0.259657
343.000000 0.261184
344.000000 0.262900
345.000000 0.264291
346.000000 0.265141
347.000000 0.265656
348.000000 0.265751
349.000000 0.265652
350.000000 0.265323
351.000000 0.264612
352.000000 0.263824
353.000000 0.262668
354.000000 0.261141
355.000000 0.259576
356.000000 0.257902
357.000000 0.256090
358.000000 0.254282
359.000000 0.252681
360.000000 0.251188
361.000000 0.249581
362.000000 0.248045
363.000000 0.246690
364.000000 0.245458
365.000000 0.244386
366.000000 0.243339
367.000000 0.242077
368.000000 0.240754
369.000000 0.239584
370.000000 0.238266
371.000000 0.237005
372.000000 0.236437
373.000000 0.235648
374.000000 0.234281
375.000000 0.232614
376.000000 0.231367
377.000000 0.230653
378.000000 0.229431
379.000000 0.228107
380.000000 0.226779
381.000000 0.225945
382.000000 0.225825
383.000000 0.225726
384.000000 0.225634
385.000000 0.225587
386.000000 0.225432
387.000000 0.225568
388.000000 0.225975
389.000000 0.226472
390.000000 0.227314
391.000000 0.228172
392.000000 0.229108
393.000000 0.230176
394.000000 0.231539
395.000000 0.233313
396.000000 0.235042
397.000000 0.236630
398.000000 0.238217
399.000000 0.239723
400.000000 0.241326
401.000000 0.243269
402.000000 0.245244
403.000000 0.247318
404.000000 0.249196
405.000000 0.250902
406.000000 0.252871
407.000000 0.254684
408.000000 0.256339
409.000000 0.258029
410.000000 0.259347
411.000000 0.260765
412.000000 0.262488
413.000000 0.264056
414.000000 0.265802
415.000000 0.267671
416.000000 0.269447
417.000000 0.271522
418.000000 0.273822
419.000000 0.276244
420.000000 0.278954
421.000000 0.281654
422.000000 0.284346
423.000000 0.287136
424.000000 0.290129
425.000000 0.293062
426.000000 0.295743
427.000000 0.298191
428.000000 0.300323
429.000000 0.301840
430.000000 0.302640
431.000000 0.302803
432.000000 0.302005
433.000000 0.300146
434.000000 0.297603
435.000000 0.294383
436.000000 0.290507
437.000000 0.286029
438.000000 0.281133
439.000000 0.276240
440.000000 0.271014
441.000000 0.265622
442.000000 0.260363
443.000000 0.254862
444.000000 0.249255
445.000000 0.243915
446.000000 0.238524
447.000000 0.233143
448.000000 0.227837
449.000000 0.222466
450.000000 0.217372
451.000000 0.212403
452.000000 0.207572
453.000000 0.203135
454.000000 0.198649
455.000000 0.194284
456.000000 0.190088
457.000000 0.185880
458.000000 0.182026
459.000000 0.178266
460.000000 0.174704
461.000000 0.171452
462.000000 0.168290
463.000000 0.165330
464.000000 0.162466
465.000000 0.159722
466.000000 0.157279
467.000000 0.154961
468.000000 0.152748
469.000000 0.150646
470.000000 0.148693
471.000000 0.146874
472.000000 0.145098
473.000000 0.143468
474.000000 0.141913
475.000000 0.140459
476.000000 0.139162
477.000000 0.137985
478.000000 0.136976
479.000000 0.136016
480.000000 0.135106
481.000000 0.134336
482.000000 0.133759
483.000000 0.133349
484.000000 0.132971
485.000000 0.132700
486.000000 0.132570
487.000000 0.132560
488.000000 0.132713
489.000000 0.132751
490.000000 0.133169
491.000000 0.134036
492.000000 0.134794
493.000000 0.135194
494.000000 0.135510
495.000000 0.136378
496.000000 0.137542
497.000000 0.139034
498.000000 0.140830
499.000000 0.142487
500.000000 0.144095
501.000000 0.146266
502.000000 0.148727
503.000000 0.151205
504.000000 0.154136
505.000000 0.157425
506.000000 0.160649
507.000000 0.163758
508.000000 0.167156
509.000000 0.171070
510.000000 0.174942
511.000000 0.178833
512.000000 0.183352
513.000000 0.187895
514.000000 0.192334
515.000000 0.196785
516.000000 0.201249
517.000000 0.205558
518.000000 0.209629
519.000000 0.213611
520.000000 0.217315
521.000000 0.220894
522.000000 0.224479
523.000000 0.227498
524.000000 0.229677
525.000000 0.231547
526.000000 0.233510
527.000000 0.235359
528.000000 0.236784
529.000000 0.237734
530.000000 0.238282
531.000000 0.238818
532.000000 0.239497
533.000000 0.240286
534.000000 0.241332
535.000000 0.242484
536.000000 0.243760
537.000000 0.245649
538.000000 0.248392
539.000000 0.251118
540.000000 0.254340
541.000000 0.259136
542.000000 0.264403
543.000000 0.270829
544.000000 0.278399
545.000000 0.286773
546.000000 0.295933
547.000000 0.305547
548.000000 0.315659
549.000000 0.325853
550.000000 0.336244
551.000000 0.346657
552.000000 0.356974
553.000000 0.366979
554.000000 0.376336
555.000000 0.384863
556.000000 0.392310
557.000000 0.398624
558.000000 0.403888
559.000000 0.407458
560.000000 0.409336
561.000000 0.409670
562.000000 0.408176
563.000000 0.404748
564.000000 0.399308
565.000000 0.392445
566.000000 0.384373
567.000000 0.374360
568.000000 0.362959
569.000000 0.350487
570.000000 0.337323
571.000000 0.323288
572.000000 0.308885
573.000000 0.294691
574.000000 0.280315
575.000000 0.266780
576.000000 0.253773
577.000000 0.241239
578.000000 0.229326
579.000000 0.217884
580.000000 0.207077
581.000000 0.196719
582.000000 0.187461
583.000000 0.179177
584.000000 0.171682
585.000000 0.164978
586.000000 0.158657
587.000000 0.153070
588.000000 0.148272
589.000000 0.143959
590.000000 0.140118
591.000000 0.136693
592.000000 0.133718
593.000000 0.131036
594.000000 0.128750
595.000000 0.126857
596.000000 0.125133
597.000000 0.123725
598.000000 0.122552
599.000000 0.121490
600.000000 0.120692
601.000000 0.120089
602.000000 0.119535
603.000000 0.119159
604.000000 0.118924
605.000000 0.118758
606.000000 0.118732
607.000000 0.118752
608.000000 0.118870
609.000000 0.119129
610.000000 0.119529
611.000000 0.120131
612.000000 0.120939
613.000000 0.121891
614.000000 0.123041
615.000000 0.124297
616.000000 0.125524
617.000000 0.126996
618.000000 0.128683
619.000000 0.130515
620.000000 0.132690
621.000000 0.135117
622.000000 0.137683
623.000000 0.140449
624.000000 0.143511
625.000000 0.146726
626.000000 0.150139
627.000000 0.153991
628.000000 0.157873
629.000000 0.161901
630.000000 0.166433
631.000000 0.171258
632.000000 0.176084
633.000000 0.181058
634.000000 0.186437
635.000000 0.191775
636.000000 0.197162
637.000000 0.202858
638.000000 0.208490
639.000000 0.214104
640.000000 0.219958
641.000000 0.225848
642.000000 0.231332
643.000000 0.236668
644.000000 0.242097
645.000000 0.247226
646.000000 0.252214
647.000000 0.257247
648.000000 0.262108
649.000000 0.266574
650.000000 0.270787
651.000000 0.274885
652.000000 0.278786
653.000000 0.282339
654.000000 0.285584
655.000000 0.288632
656.000000 0.291508
657.000000 0.294142
658.000000 0.296593
659.000000 0.299070
660.000000 0.301502
661.000000 0.303673
662.000000 0.305722
663.000000 0.307983
664.000000 0.310400
665.000000 0.312791
666.000000 0.315261
667.000000 0.318033
668.000000 0.321064
669.000000 0.324279
670.000000 0.327761
671.000000 0.331655
672.000000 0.336035
673.000000 0.340949
674.000000 0.346022
675.000000 0.351504
676.000000 0.357914
677.000000 0.365063
678.000000 0.372863
679.000000 0.380923
680.000000 0.389491
681.000000 0.399017
682.000000 0.409416
683.000000 0.420685
684.000000 0.432274
685.000000 0.444393
686.000000 0.457535
687.000000 0.471448
688.000000 0.486007
689.000000 0.501148
690.000000 0.516208
691.000000 0.531448
692.000000 0.547525
693.000000 0.564036
694.000000 0.580880
695.000000 0.597969
696.000000 0.614372
697.000000 0.630352
698.000000 0.646720
699.000000 0.662875
700.000000 0.678579
701.000000 0.693638
702.000000 0.707390
703.000000 0.720165
704.000000 0.732491
705.000000 0.743812
706.000000 0.753800
707.000000 0.762287
708.000000 0.769319
709.000000 0.774973
710.000000 0.778952
711.000000 0.781088
712.000000 0.781653
713.000000 0.780652
714.000000 0.777873
715.000000 0.773363
716.000000 0.767169
717.000000 0.759241
718.000000 0.749714
719.000000 0.739396
720.000000 0.728003
721.000000 0.714918
722.000000 0.700534
723.000000 0.685110
724.000000 0.668836
725.000000 0.651940
726.000000 0.634567
727.000000 0.616769
728.000000 0.598534
729.000000 0.579924
730.000000 0.561151
731.000000 0.543473
732.000000 0.526126
733.000000 0.507903
734.000000 0.489535
735.000000 0.471261
736.000000 0.453172
737.000000 0.435398
738.000000 0.418013
739.000000 0.400938
740.000000 0.384224
741.000000 0.367930
742.000000 0.352220
743.000000 0.337122
744.000000 0.322516
745.000000 0.308174
746.000000 0.294176
747.000000 0.280704
748.000000 0.267635
749.000000 0.255020
750.000000 0.242947
751.000000 0.231386
752.000000 0.220367
753.000000 0.209675
754.000000 0.199207
755.000000 0.189087
756.000000 0.179406
757.000000 0.170275
758.000000 0.161569
759.000000 0.153164
760.000000 0.145020
761.000000 0.137153
762.000000 0.129638
763.000000 0.122481
764.000000 0.115660
765.000000 0.109121
766.000000 0.102864
767.000000 0.096935
768.000000 0.091372
769.000000 0.086091
770.000000 0.081073
771.000000 0.076318
772.000000 0.071795
773.000000 0.067554
774.000000 0.063583
775.000000 0.059845
776.000000 0.056126
777.000000 0.052593
778.000000 0.049471
779.000000 0.046558
780.000000 0.043864
781.000000 0.041422
782.000000 0.039161
783.000000 0.037053
784.000000 0.035039
785.000000 0.033130
786.000000 0.031387
787.000000 0.029862
788.000000 0.028413
789.000000 0.027020
790.000000 0.025797
791.000000 0.024674
792.000000 0.023698
793.000000 0.022816
794.000000 0.021984
795.000000 0.021260
796.000000 0.020620
797.000000 0.020073
798.000000 0.019571
799.000000 0.019100
800.000000 0.018659
801.000000 0.018267
802.000000 0.017920
803.000000 0.017580
804.000000 0.017325
805.000000 0.017118
806.000000 0.016862
807.000000 0.016628
808.000000 0.016439
809.000000 0.016250
810.000000 0.016085
811.000000 0.015959
812.000000 0.015832
813.000000 0.015683
814.000000 0.015595
815.000000 0.015560
816.000000 0.015418
817.000000 0.015208
818.000000 0.015099
819.000000 0.015015
820.000000 0.014880
821.000000 0.014737
822.000000 0.014607
823.000000 0.014428
824.000000 0.014231
825.000000 0.014070
826.000000 0.013885
827.000000 0.013655
828.000000 0.013409
829.000000 0.013212
830.000000 0.012994
831.000000 0.012732
832.000000 0.012462
833.000000 0.012198
834.000000 0.011921
835.000000 0.011629
836.000000 0.011353
837.000000 0.011101
838.000000 0.010851
839.000000 0.010604
840.000000 0.010347
841.000000 0.010103
842.000000 0.009886
843.000000 0.009613
844.000000 0.009352
845.000000 0.009135
846.000000 0.008910
847.000000 0.008686
848.000000 0.008463
849.000000 0.008061
850.000000 0.007789
851.000000 0.007730
852.000000 0.007567
853.000000 0.007416
854.000000 0.007254
855.000000 0.007063
856.000000 0.006852
857.000000 0.006667
858.000000 0.006548
859.000000 0.006387
860.000000 0.006191
861.000000 0.006026
862.000000 0.005880
863.000000 0.005764
864.000000 0.005644
865.000000 0.005516
866.000000 0.005401
867.000000 0.005286
868.000000 0.005180
869.000000 0.005063
870.000000 0.004948
871.000000 0.004849
872.000000 0.004745
873.000000 0.004657
874.000000 0.004579
875.000000 0.004509
876.000000 0.004459
877.000000 0.004427
878.000000 0.004385
879.000000 0.004312
880.000000 0.004227
881.000000 0.004124
882.000000 0.004046
883.000000 0.003983
884.000000 0.003925
885.000000 0.003899
886.000000 0.003851
887.000000 0.003798
888.000000 0.003760
889.000000 0.003729
890.000000 0.003668
891.000000 0.003588
892.000000 0.003540
893.000000 0.003484
894.000000 0.003458
895.000000 0.003443
896.000000 0.003410
897.000000 0.003412
898.000000 0.003421
899.000000 0.003401
900.000000 0.003403
