315.000000 0.209352
316.000000 0.210875
317.000000 0.212617
318.000000 0.213864
319.000000 0.215534
320.000000 0.217327
321.000000 0.219608
322.000000 0.222516
323.000000 0.224948
324.000000 0.227162
325.000000 0.228625
326.000000 0.230389
327.000000 0.232378
328.000000 0.233870
329.000000 0.235734
330.000000 0.238094
331.000000 0.240881
332.000000 0.243682
333.000000 0.245973
334.000000 0.247835
335.000000 0.250219
336.000000 0.253040
337.000000 0.255261
338.000000 0.256969
339.000000 0.258695
340.000000 0.260269
341.000000 0.261904
342.000000 0.263414
343.000000 0.264863
344.000000 0.266380
345.000000 0.267512
346.000000 0.268302
347.000000 0.268691
348.000000 0.268695
349.000000 0.268583
350.000000 0.268281
351.000000 0.267506
352.000000 0.266532
353.000000 0.265443
354.000000 0.264122
355.000000 0.262626
356.000000 0.260997
357.000000 0.259243
358.000000 0.257576
359.000000 0.255975
360.000000 0.254395
361.000000 0.252965
362.000000 0.251464
363.000000 0.249848
364.000000 0.248467
365.000000 0.247414
366.000000 0.246245
367.000000 0.245012
368.000000 0.243822
369.000000 0.242547
370.000000 0.240742
371.000000 0.238952
372.000000 0.238428
373.000000 0.238050
374.000000 0.237273
375.000000 0.236021
376.000000 0.234614
377.000000 0.233701
378.000000 0.232991
379.000000 0.231988
380.000000 0.230666
381.000000 0.229633
382.000000 0.229125
383.000000 0.228893
384.000000 0.228712
385.000000 0.228676
386.000000 0.228860
387.000000 0.229385
388.000000 0.229614
389.000000 0.230049
390.000000 0.230789
391.000000 0.231509
392.000000 0.232482
393.000000 0.233595
394.000000 0.234865
395.000000 0.236460
396.000000 0.238199
397.000000 0.239768
398.000000 0.241618
399.000000 0.243465
400.000000 0.245297
401.000000 0.247646
402.000000 0.250017
403.000000 0.251977
404.000000 0.253527
405.000000 0.255155
406.000000 0.257038
407.000000 0.258835
408.000000 0.260473
409.000000 0.262083
410.000000 0.263596
411.000000 0.265263
412.000000 0.267149
413.000000 0.268655
414.000000 0.270208
415.000000 0.272033
416.000000 0.273670
417.000000 0.275292
418.000000 0.277281
419.000000 0.279633
420.000000 0.282219
421.000000 0.284841
422.000000 0.287446
423.000000 0.290164
424.000000 0.292931
425.000000 0.295665
426.000000 0.298249
427.000000 0.300507
428.000000 0.302444
429.000000 0.303872
430.000000 0.304621
431.000000 0.304622
432.000000 0.303806
433.000000 0.302080
434.000000 0.299584
435.000000 0.296317
436.000000 0.292469
437.000000 0.288114
438.000000 0.283350
439.000000 0.278497
440.000000 0.273239
441.000000 0.268046
442.000000 0.263157
443.000000 0.257993
444.000000 0.252618
445.000000 0.247430
446.000000 0.242128
447.000000 0.236797
448.000000 0.231531
449.000000 0.226240
450.000000 0.221242
451.000000 0.216299
452.000000 0.211364
453.000000 0.206829
454.000000 0.202309
455.000000 0.197794
456.000000 0.193394
457.000000 0.189049
458.000000 0.185098
459.000000 0.181228
460.000000 0.177594
461.000000 0.174231
462.000000 0.170838
463.000000 0.167655
464.000000 0.164625
465.000000 0.161707
466.000000 0.159074
467.000000 0.156617
468.000000 0.154277
469.000000 0.151991
470.000000 0.149828
471.000000 0.147928
472.000000 0.146070
473.000000 0.144314
474.000000 0.142672
475.000000 0.141097
476.000000 0.139689
477.000000 0.138424
478.000000 0.137285
479.000000 0.136179
480.000000 0.135206
481.000000 0.134438
482.000000 0.133837
483.000000 0.133322
484.000000 0.132833
485.000000 0.132534
486.000000 0.132401
487.000000 0.132333
488.000000 0.132394
489.000000 0.132390
490.000000 0.132607
491.000000 0.133117
492.000000 0.133538
493.000000 0.133803
494.000000 0.134420
495.000000 0.135691
496.000000 0.137169
497.000000 0.138731
498.000000 0.140392
499.000000 0.142032
500.000000 0.143805
501.000000 0.145852
502.000000 0.148146
503.000000 0.150748
504.000000 0.153791
505.000000 0.156910
506.000000 0.160040
507.000000 0.163360
508.000000 0.166764
509.000000 0.170544
510.000000 0.174293
511.000000 0.177952
512.000000 0.182064
513.000000 0.186453
514.000000 0.190908
515.000000 0.195409
516.000000 0.199703
517.000000 0.203796
518.000000 0.207895
519.000000 0.212008
520.000000 0.215919
521.000000 0.219488
522.000000 0.222806
523.000000 0.225636
524.000000 0.227896
525.000000 0.229883
526.000000 0.231764
527.000000 0.233555
528.000000 0.234816
529.000000 0.235617
530.000000 0.236309
531.000000 0.236803
532.000000 0.237483
533.000000 0.238412
534.000000 0.239504
535.000000 0.240771
536.000000 0.241942
537.000000 0.243549
538.000000 0.246239
539.000000 0.249024
540.000000 0.251965
541.000000 0.256409
542.000000 0.261826
543.000000 0.268169
544.000000 0.275355
545.000000 0.283628
546.000000 0.292852
547.000000 0.302556
548.000000 0.312665
549.000000 0.322701
550.000000 0.332750
551.000000 0.342778
552.000000 0.352882
553.000000 0.362748
554.000000 0.372110
555.000000 0.380761
556.000000 0.388215
557.000000 0.394427
558.000000 0.399573
559.000000 0.403150
560.000000 0.405068
561.000000 0.405159
562.000000 0.403444
563.000000 0.399991
564.000000 0.394681
565.000000 0.387967
566.000000 0.379848
567.000000 0.369840
568.000000 0.358685
569.000000 0.346575
570.000000 0.333860
571.000000 0.320357
572.000000 0.306358
573.000000 0.292441
574.000000 0.278217
575.000000 0.264706
576.000000 0.251730
577.000000 0.239227
578.000000 0.227390
579.000000 0.216018
580.000000 0.205123
581.000000 0.194819
582.000000 0.185718
583.000000 0.177350
584.000000 0.169734
585.000000 0.162991
586.000000 0.156639
587.000000 0.151035
588.000000 0.146235
589.000000 0.141938
590.000000 0.138055
591.000000 0.134462
592.000000 0.131299
593.000000 0.128529
594.000000 0.126186
595.000000 0.124226
596.000000 0.122415
597.000000 0.120994
598.000000 0.119919
599.000000 0.118767
600.000000 0.117707
601.000000 0.116934
602.000000 0.116344
603.000000 0.115900
604.000000 0.115520
605.000000 0.115238
606.000000 0.115163
607.000000 0.115170
608.000000 0.115226
609.000000 0.115357
610.000000 0.115618
611.000000 0.116093
612.000000 0.116794
613.000000 0.117576
614.000000 0.118523
615.000000 0.119710
616.000000 0.120946
617.000000 0.122314
618.000000 0.123912
619.000000 0.125728
620.000000 0.127772
621.000000 0.130017
622.000000 0.132349
623.000000 0.134930
624.000000 0.137850
625.000000 0.140880
626.000000 0.144137
627.000000 0.147763
628.000000 0.151409
629.000000 0.155229
630.000000 0.159465
631.000000 0.163954
632.000000 0.168427
633.000000 0.173016
634.000000 0.178007
635.000000 0.183018
636.000000 0.188062
637.000000 0.193312
638.000000 0.198554
639.000000 0.203808
640.000000 0.209231
641.000000 0.214642
642.000000 0.219660
643.000000 0.224575
644.000000 0.229612
645.000000 0.234337
646.000000 0.238888
647.000000 0.243517
648.000000 0.248003
649.000000 0.252065
650.000000 0.255884
651.000000 0.259630
652.000000 0.263199
653.000000 0.266467
654.000000 0.269462
655.000000 0.272336
656.000000 0.275095
657.000000 0.277664
658.000000 0.280033
659.000000 0.282332
660.000000 0.284565
661.000000 0.286587
662.000000 0.288582
663.000000 0.290787
664.000000 0.293093
665.000000 0.295363
666.000000 0.297757
667.000000 0.300439
668.000000 0.303375
669.000000 0.306465
670.000000 0.309782
671.000000 0.313616
672.000000 0.317931
673.000000 0.322685
674.000000 0.327565
675.000000 0.332785
676.000000 0.338889
677.000000 0.345738
678.000000 0.353164
679.000000 0.360802
680.000000 0.368986
681.000000 0.378125
682.000000 0.388031
683.000000 0.398646
684.000000 0.409502
685.000000 0.420878
686.000000 0.433222
687.000000 0.446271
688.000000 0.459894
689.000000 0.474044
690.000000 0.488158
691.000000 0.502363
692.000000 0.517299
693.000000 0.532756
694.000000 0.548445
695.000000 0.564250
696.000000 0.579481
697.000000 0.594255
698.000000 0.609220
699.000000 0.623954
700.000000 0.638246
701.000000 0.651928
702.000000 0.664417
703.000000 0.675801
704.000000 0.686658
705.000000 0.696619
706.000000 0.705376
707.000000 0.712793
708.000000 0.718755
709.000000 0.723272
710.000000 0.726393
711.000000 0.728138
712.000000 0.728388
713.000000 0.726911
714.000000 0.723764
715.000000 0.719140
716.000000 0.713115
717.000000 0.705571
718.000000 0.696605
719.000000 0.686779
720.000000 0.675926
721.000000 0.663671
722.000000 0.650241
723.000000 0.635966
724.000000 0.620898
725.000000 0.605234
726.000000 0.589251
727.000000 0.572821
728.000000 0.555931
729.000000 0.538753
730.000000 0.521351
731.000000 0.504896
732.000000 0.488866
733.000000 0.472183
734.000000 0.455386
735.000000 0.438600
736.000000 0.421956
737.000000 0.405682
738.000000 0.389621
739.000000 0.373688
740.000000 0.358186
741.000000 0.343163
742.000000 0.328683
743.000000 0.314693
744.000000 0.301113
745.000000 0.287806
746.000000 0.274802
747.000000 0.262261
748.000000 0.250204
749.000000 0.238603
750.000000 0.227395
751.000000 0.216616
752.000000 0.206259
753.000000 0.196161
754.000000 0.186383
755.000000 0.177013
756.000000 0.168053
757.000000 0.159533
758.000000 0.151377
759.000000 0.143482
760.000000 0.135826
761.000000 0.128461
762.000000 0.121405
763.000000 0.114739
764.000000 0.108406
765.000000 0.102258
766.000000 0.096361
767.000000 0.090820
768.000000 0.085601
769.000000 0.080658
770.000000 0.075990
771.000000 0.071582
772.000000 0.067399
773.000000 0.063443
774.000000 0.059698
775.000000 0.056174
776.000000 0.052693
777.000000 0.049362
778.000000 0.046450
779.000000 0.043781
780.000000 0.041232
781.000000 0.038902
782.000000 0.036828
783.000000 0.034875
784.000000 0.032994
785.000000 0.031260
786.000000 0.029704
787.000000 0.028308
788.000000 0.026972
789.000000 0.025721
790.000000 0.024638
791.000000 0.023640
792.000000 0.022771
793.000000 0.021985
794.000000 0.021196
795.000000 0.020512
796.000000 0.019936
797.000000 0.019388
798.000000 0.018875
799.000000 0.018428
800.000000 0.018030
801.000000 0.017702
802.000000 0.017402
803.000000 0.017102
804.000000 0.016833
805.000000 0.016616
806.000000 0.016388
807.000000 0.016169
808.000000 0.016023
809.000000 0.015879
810.000000 0.015726
811.000000 0.015640
812.000000 0.015566
813.000000 0.015431
814.000000 0.015342
815.000000 0.015280
816.000000 0.015178
817.000000 0.015079
818.000000 0.015013
819.000000 0.014894
820.000000 0.014762
821.000000 0.014642
822.000000 0.014529
823.000000 0.014345
824.000000 0.014077
825.000000 0.013869
826.000000 0.013681
827.000000 0.013442
828.000000 0.013203
829.000000 0.013078
830.000000 0.012917
831.000000 0.012627
832.000000 0.012319
833.000000 0.012030
834.000000 0.011762
835.000000 0.011496
836.000000 0.011231
837.000000 0.011039
838.000000 0.010823
839.000000 0.010562
840.000000 0.010289
841.000000 0.010028
842.000000 0.009815
843.000000 0.009560
844.000000 0.009325
845.000000 0.009111
846.000000 0.008849
847.000000 0.008592
848.000000 0.008358
849.000000 0.008155
850.000000 0.007987
851.000000 0.007786
852.000000 0.007586
853.000000 0.007427
854.000000 0.007248
855.000000 0.007031
856.000000 0.006792
857.000000 0.006605
858.000000 0.006484
859.000000 0.006364
860.000000 0.006223
861.000000 0.006051
862.000000 0.005899
863.000000 0.005798
864.000000 0.005698
865.000000 0.005562
866.000000 0.005393
867.000000 0.005234
868.000000 0.005127
869.000000 0.005045
870.000000 0.004958
871.000000 0.004874
872.000000 0.004767
873.000000 0.004634
874.000000 0.004532
875.000000 0.004489
876.000000 0.004493
877.000000 0.004442
878.000000 0.004336
879.000000 0.004217
880.000000 0.004122
881.000000 0.004091
882.000000 0.004071
883.000000 0.004007
884.000000 0.003926
885.000000 0.003873
886.000000 0.003844
887.000000 0.003809
888.000000 0.003743
889.000000 0.003710
890.000000 0.003661
891.000000 0.003563
892.000000 0.003491
893.000000 0.003439
894.000000 0.003426
895.000000 0.003429
896.000000 0.003408
897.000000 0.003379
898.000000 0.003369
899.000000 0.003371
900.000000 0.003397
