315.000000 0.210485
316.000000 0.212750
317.000000 0.215613
318.000000 0.217752
319.000000 0.219513
320.000000 0.221606
321.000000 0.224371
322.000000 0.227326
323.000000 0.229868
324.000000 0.231860
325.000000 0.233664
326.000000 0.236050
327.000000 0.238380
328.000000 0.240501
329.000000 0.242527
330.000000 0.244438
331.000000 0.246770
332.000000 0.249219
333.000000 0.251129
334.000000 0.252990
335.000000 0.255123
336.000000 0.257623
337.000000 0.260009
338.000000 0.261877
339.000000 0.263803
340.000000 0.265543
341.000000 0.267097
342.000000 0.268231
343.000000 0.269427
344.000000 0.270976
345.000000 0.272241
346.000000 0.273045
347.000000 0.273205
348.000000 0.273109
349.000000 0.273110
350.000000 0.272936
351.000000 0.272056
352.000000 0.270774
353.000000 0.269528
354.000000 0.268244
355.000000 0.266753
356.000000 0.265073
357.000000 0.263496
358.000000 0.261817
359.000000 0.260176
360.000000 0.258878
361.000000 0.257519
362.000000 0.255940
363.000000 0.254376
364.000000 0.252955
365.000000 0.251733
366.000000 0.250531
367.000000 0.249189
368.000000 0.247903
369.000000 0.246833
370.000000 0.246128
371.000000 0.245222
372.000000 0.244244
373.000000 0.243578
374.000000 0.242849
375.000000 0.241569
376.000000 0.240200
377.000000 0.239286
378.000000 0.238239
379.000000 0.236879
380.000000 0.235454
381.000000 0.234448
382.000000 0.233856
383.000000 0.233562
384.000000 0.233634
385.000000 0.233942
386.000000 0.233944
387.000000 0.233966
388.000000 0.234207
389.000000 0.234836
390.000000 0.235749
391.000000 0.236629
392.000000 0.237750
393.000000 0.238818
394.000000 0.240123
395.000000 0.241727
396.000000 0.243271
397.000000 0.244706
398.000000 0.246351
399.000000 0.248089
400.000000 0.249918
401.000000 0.252084
402.000000 0.254122
403.000000 0.256138
404.000000 0.257999
405.000000 0.259776
406.000000 0.261636
407.000000 0.263360
408.000000 0.265099
409.000000 0.266774
410.000000 0.268277
411.000000 0.269926
412.000000 0.271874
413.000000 0.273571
414.000000 0.275131
415.000000 0.277038
416.000000 0.278684
417.000000 0.280048
418.000000 0.281721
419.000000 0.283960
420.000000 0.286458
421.000000 0.288710
422.000000 0.290909
423.000000 0.293264
424.000000 0.295768
425.000000 0.298186
426.000000 0.300478
427.000000 0.302508
428.000000 0.304283
429.000000 0.305573
430.000000 0.306077
431.000000 0.306026
432.000000 0.305195
433.000000 0.303582
434.000000 0.301398
435.000000 0.298302
436.000000 0.294625
437.000000 0.290481
438.000000 0.285967
439.000000 0.281431
440.000000 0.276516
441.000000 0.271553
442.000000 0.266776
443.000000 0.261784
444.000000 0.256598
445.000000 0.251520
446.000000 0.246252
447.000000 0.240948
448.000000 0.235787
449.000000 0.230613
450.000000 0.225665
451.000000 0.220623
452.000000 0.215608
453.000000 0.210975
454.000000 0.206239
455.000000 0.201590
456.000000 0.197065
457.000000 0.192561
458.000000 0.188505
459.000000 0.184500
460.000000 0.180626
461.000000 0.177033
462.000000 0.173431
463.000000 0.170038
464.000000 0.166776
465.000000 0.163602
466.000000 0.160760
467.000000 0.158101
468.000000 0.155560
469.000000 0.153143
470.000000 0.150849
471.000000 0.148746
472.000000 0.146703
473.000000 0.144776
474.000000 0.142966
475.000000 0.141250
476.000000 0.139733
477.000000 0.138337
478.000000 0.137063
479.000000 0.135807
480.000000 0.134660
481.000000 0.133728
482.000000 0.132981
483.000000 0.132559
484.000000 0.132128
485.000000 0.131614
486.000000 0.131282
487.000000 0.131116
488.000000 0.131149
489.000000 0.131384
490.000000 0.132079
491.000000 0.132838
492.000000 0.133484
493.000000 0.133966
494.000000 0.134345
495.000000 0.135382
496.000000 0.136676
497.000000 0.138243
498.000000 0.139977
499.000000 0.141428
500.000000 0.143013
501.000000 0.145056
502.000000 0.147324
503.000000 0.149701
504.000000 0.152457
505.000000 0.155341
506.000000 0.158227
507.000000 0.161322
508.000000 0.164629
509.000000 0.168333
510.000000 0.172033
511.000000 0.175588
512.000000 0.179673
513.000000 0.183927
514.000000 0.188279
515.000000 0.192725
516.000000 0.196925
517.000000 0.200751
518.000000 0.204542
519.000000 0.208461
520.000000 0.212045
521.000000 0.215435
522.000000 0.218580
523.000000 0.221313
524.000000 0.223661
525.000000 0.225528
526.000000 0.227276
527.000000 0.228876
528.000000 0.230205
529.000000 0.231224
530.000000 0.231806
531.000000 0.232281
532.000000 0.232929
533.000000 0.233753
534.000000 0.234766
535.000000 0.235791
536.000000 0.236743
537.000000 0.238366
538.000000 0.240910
539.000000 0.243975
540.000000 0.247637
541.000000 0.252181
542.000000 0.256937
543.000000 0.262475
544.000000 0.269275
545.000000 0.277349
546.000000 0.286459
547.000000 0.295828
548.000000 0.305403
549.000000 0.315155
550.000000 0.325091
551.000000 0.335068
552.000000 0.344973
553.000000 0.354488
554.000000 0.363322
555.000000 0.371522
556.000000 0.378870
557.000000 0.385016
558.000000 0.389933
559.000000 0.393225
560.000000 0.395126
561.000000 0.395268
562.000000 0.393590
563.000000 0.390486
564.000000 0.385601
565.000000 0.379199
566.000000 0.371328
567.000000 0.361573
568.000000 0.350650
569.000000 0.338875
570.000000 0.326455
571.000000 0.313207
572.000000 0.299613
573.000000 0.286091
574.000000 0.272266
575.000000 0.259201
576.000000 0.246785
577.000000 0.234834
578.000000 0.223280
579.000000 0.212058
580.000000 0.201457
581.000000 0.191335
582.000000 0.182236
583.000000 0.174034
584.000000 0.166570
585.000000 0.159881
586.000000 0.153572
587.000000 0.147964
588.000000 0.143199
589.000000 0.138951
590.000000 0.135045
591.000000 0.131400
592.000000 0.128162
593.000000 0.125363
594.000000 0.123057
595.000000 0.121117
596.000000 0.119256
597.000000 0.117660
598.000000 0.116353
599.000000 0.115090
600.000000 0.113989
601.000000 0.113150
602.000000 0.112483
603.000000 0.111893
604.000000 0.111442
605.000000 0.111106
606.000000 0.110906
607.000000 0.110808
608.000000 0.110825
609.000000 0.110961
610.000000 0.111126
611.000000 0.111456
612.000000 0.112036
613.000000 0.112725
614.000000 0.113629
615.000000 0.114787
616.000000 0.115857
617.000000 0.116978
618.000000 0.118379
619.000000 0.120022
620.000000 0.121952
621.000000 0.124074
622.000000 0.126299
623.000000 0.128766
624.000000 0.131514
625.000000 0.134350
626.000000 0.137357
627.000000 0.140750
628.000000 0.144197
629.000000 0.147769
630.000000 0.151746
631.000000 0.155903
632.000000 0.160026
633.000000 0.164288
634.000000 0.168864
635.000000 0.173441
636.000000 0.178122
637.000000 0.183045
638.000000 0.187903
639.000000 0.192762
640.000000 0.197785
641.000000 0.202809
642.000000 0.207442
643.000000 0.211856
644.000000 0.216337
645.000000 0.220663
646.000000 0.224891
647.000000 0.229072
648.000000 0.233092
649.000000 0.236800
650.000000 0.240272
651.000000 0.243652
652.000000 0.246882
653.000000 0.249873
654.000000 0.252611
655.000000 0.255169
656.000000 0.257647
657.000000 0.259964
658.000000 0.262071
659.000000 0.264113
660.000000 0.266189
661.000000 0.268193
662.000000 0.270139
663.000000 0.272185
664.000000 0.274344
665.000000 0.276520
666.000000 0.278789
667.000000 0.281384
668.000000 0.284256
669.000000 0.287240
670.000000 0.290509
671.000000 0.294275
672.000000 0.298389
673.000000 0.302892
674.000000 0.307586
675.000000 0.312624
676.000000 0.318454
677.000000 0.325030
678.000000 0.332148
679.000000 0.339410
680.000000 0.347133
681.000000 0.355636
682.000000 0.364874
683.000000 0.374903
684.000000 0.385268
685.000000 0.396092
686.000000 0.407689
687.000000 0.419891
688.000000 0.432591
689.000000 0.445688
690.000000 0.458716
691.000000 0.471896
692.000000 0.485791
693.000000 0.500104
694.000000 0.514470
695.000000 0.528806
696.000000 0.542578
697.000000 0.555998
698.000000 0.569533
699.000000 0.582744
700.000000 0.595534
701.000000 0.607706
702.000000 0.618724
703.000000 0.628669
704.000000 0.638144
705.000000 0.646827
706.000000 0.654337
707.000000 0.660614
708.000000 0.665719
709.000000 0.669492
710.000000 0.671816
711.000000 0.672765
712.000000 0.672437
713.000000 0.670724
714.000000 0.667533
715.000000 0.662923
716.000000 0.656943
717.000000 0.649684
718.000000 0.641209
719.000000 0.632001
720.000000 0.621938
721.000000 0.610709
722.000000 0.598557
723.000000 0.585535
724.000000 0.571775
725.000000 0.557571
726.000000 0.543046
727.000000 0.528154
728.000000 0.512845
729.000000 0.497213
730.000000 0.481485
731.000000 0.466696
732.000000 0.452236
733.000000 0.437096
734.000000 0.421799
735.000000 0.406596
736.000000 0.391555
737.000000 0.376706
738.000000 0.362119
739.000000 0.347738
740.000000 0.333653
741.000000 0.319938
742.000000 0.306604
743.000000 0.293701
744.000000 0.281203
745.000000 0.268951
746.000000 0.256946
747.000000 0.245261
748.000000 0.233987
749.000000 0.223194
750.000000 0.212800
751.000000 0.202782
752.000000 0.193130
753.000000 0.183690
754.000000 0.174535
755.000000 0.165773
756.000000 0.157310
757.000000 0.149216
758.000000 0.141481
759.000000 0.134064
760.000000 0.126952
761.000000 0.120095
762.000000 0.113528
763.000000 0.107268
764.000000 0.101300
765.000000 0.095525
766.000000 0.089980
767.000000 0.084786
768.000000 0.079914
769.000000 0.075334
770.000000 0.070986
771.000000 0.066847
772.000000 0.062973
773.000000 0.059277
774.000000 0.055767
775.000000 0.052518
776.000000 0.049279
777.000000 0.046190
778.000000 0.043460
779.000000 0.040963
780.000000 0.038650
781.000000 0.036543
782.000000 0.034639
783.000000 0.032864
784.000000 0.031153
785.000000 0.029562
786.000000 0.028150
787.000000 0.026906
788.000000 0.025721
789.000000 0.024568
790.000000 0.023554
791.000000 0.022592
792.000000 0.021757
793.000000 0.021052
794.000000 0.020347
795.000000 0.019683
796.000000 0.019130
797.000000 0.018631
798.000000 0.018189
799.000000 0.017839
800.000000 0.017488
801.000000 0.017185
802.000000 0.016928
803.000000 0.016667
804.000000 0.016458
805.000000 0.016307
806.000000 0.016164
807.000000 0.016043
808.000000 0.015912
809.000000 0.015756
810.000000 0.015639
811.000000 0.015545
812.000000 0.015439
813.000000 0.015278
814.000000 0.015203
815.000000 0.015159
816.000000 0.015015
817.000000 0.014851
818.000000 0.014730
819.000000 0.014679
820.000000 0.014611
821.000000 0.014494
822.000000 0.014386
823.000000 0.014269
824.000000 0.014087
825.000000 0.013883
826.000000 0.013682
827.000000 0.013476
828.000000 0.013298
829.000000 0.013135
830.000000 0.012953
831.000000 0.012728
832.000000 0.012489
833.000000 0.012277
834.000000 0.012042
835.000000 0.011729
836.000000 0.011437
837.000000 0.011218
838.000000 0.010950
839.000000 0.010665
840.000000 0.010396
841.000000 0.010154
842.000000 0.009931
843.000000 0.009650
844.000000 0.009377
845.000000 0.009144
846.000000 0.008930
847.000000 0.008714
848.000000 0.008508
849.000000 0.008291
850.000000 0.008053
851.000000 0.007849
852.000000 0.007672
853.000000 0.007523
854.000000 0.007352
855.000000 0.007148
856.000000 0.006950
857.000000 0.006783
858.000000 0.006646
859.000000 0.006496
860.000000 0.006323
861.000000 0.006133
862.000000 0.005968
863.000000 0.005877
864.000000 0.005783
865.000000 0.005632
866.000000 0.005493
867.000000 0.005398
868.000000 0.005295
869.000000 0.005160
870.000000 0.005054
871.000000 0.004957
872.000000 0.004842
873.000000 0.004745
874.000000 0.004652
875.000000 0.004583
876.000000 0.004548
877.000000 0.004503
878.000000 0.004452
879.000000 0.004376
880.000000 0.004295
881.000000 0.004220
882.000000 0.004137
883.000000 0.004063
884.000000 0.004010
885.000000 0.003979
886.000000 0.003935
887.000000 0.003857
888.000000 0.003766
889.000000 0.003702
890.000000 0.003660
891.000000 0.003581
892.000000 0.003522
893.000000 0.003497
894.000000 0.003488
895.000000 0.003492
896.000000 0.003456
897.000000 0.003420
898.000000 0.003425
899.000000 0.003447
900.000000 0.003494
