315.000000 0.215439
316.000000 0.217167
317.000000 0.219684
318.000000 0.222040
319.000000 0.223972
320.000000 0.225651
321.000000 0.227420
322.000000 0.229537
323.000000 0.231797
324.000000 0.233949
325.000000 0.235506
326.000000 0.237684
327.000000 0.240338
328.000000 0.242422
329.000000 0.244660
330.000000 0.247099
331.000000 0.249680
332.000000 0.252063
333.000000 0.254311
334.000000 0.256905
335.000000 0.259459
336.000000 0.261855
337.000000 0.263905
338.000000 0.265513
339.000000 0.267056
340.000000 0.268438
341.000000 0.269888
342.000000 0.271100
343.000000 0.272487
344.000000 0.274103
345.000000 0.275187
346.000000 0.275922
347.000000 0.276287
348.000000 0.276368
349.000000 0.276382
350.000000 0.276171
351.000000 0.275442
352.000000 0.274321
353.000000 0.273113
354.000000 0.271786
355.000000 0.270468
356.000000 0.268908
357.000000 0.266941
358.000000 0.265016
359.000000 0.263374
360.000000 0.261908
361.000000 0.260359
362.000000 0.258925
363.000000 0.257606
364.000000 0.256194
365.000000 0.254879
366.000000 0.253650
367.000000 0.252412
368.000000 0.251194
369.000000 0.250130
370.000000 0.248984
371.000000 0.247736
372.000000 0.246890
373.000000 0.245914
374.000000 0.244626
375.000000 0.243436
376.000000 0.242269
377.000000 0.241436
378.000000 0.240962
379.000000 0.240053
380.000000 0.238385
381.000000 0.236964
382.000000 0.236638
383.000000 0.236605
384.000000 0.236494
385.000000 0.236652
386.000000 0.236783
387.000000 0.237085
388.000000 0.237651
389.000000 0.238254
390.000000 0.238849
391.000000 0.239670
392.000000 0.240870
393.000000 0.242229
394.000000 0.243493
395.000000 0.245075
396.000000 0.246928
397.000000 0.248367
398.000000 0.249750
399.000000 0.251425
400.000000 0.253294
401.000000 0.255359
402.000000 0.257373
403.000000 0.259392
404.000000 0.261259
405.000000 0.262991
406.000000 0.264825
407.000000 0.266577
408.000000 0.268374
409.000000 0.270232
410.000000 0.271832
411.000000 0.273448
412.000000 0.275328
413.000000 0.276748
414.000000 0.278038
415.000000 0.279727
416.000000 0.281348
417.000000 0.282943
418.000000 0.284769
419.000000 0.286907
420.000000 0.289288
421.000000 0.291451
422.000000 0.293477
423.000000 0.295712
424.000000 0.298052
425.000000 0.300225
426.000000 0.302181
427.000000 0.304038
428.000000 0.305692
429.000000 0.306765
430.000000 0.307006
431.000000 0.306740
432.000000 0.305930
433.000000 0.304315
434.000000 0.302056
435.000000 0.299087
436.000000 0.295644
437.000000 0.291780
438.000000 0.287537
439.000000 0.283262
440.000000 0.278608
441.000000 0.273837
442.000000 0.269226
443.000000 0.264443
444.000000 0.259538
445.000000 0.254630
446.000000 0.249538
447.000000 0.244332
448.000000 0.239118
449.000000 0.233964
450.000000 0.228989
451.000000 0.223842
452.000000 0.218665
453.000000 0.213927
454.000000 0.209149
455.000000 0.204402
456.000000 0.199793
457.000000 0.195205
458.000000 0.190945
459.000000 0.186689
460.000000 0.182631
461.000000 0.178930
462.000000 0.175214
463.000000 0.171663
464.000000 0.168272
465.000000 0.164943
466.000000 0.161929
467.000000 0.159087
468.000000 0.156354
469.000000 0.153719
470.000000 0.151217
471.000000 0.148967
472.000000 0.146728
473.000000 0.144645
474.000000 0.142735
475.000000 0.140835
476.000000 0.139173
477.000000 0.137699
478.000000 0.136336
479.000000 0.135017
480.000000 0.133841
481.000000 0.132910
482.000000 0.132062
483.000000 0.131291
484.000000 0.130649
485.000000 0.130177
486.000000 0.129800
487.000000 0.129558
488.000000 0.129535
489.000000 0.129817
490.000000 0.130108
491.000000 0.130337
492.000000 0.130768
493.000000 0.131221
494.000000 0.131797
495.000000 0.132676
496.000000 0.133645
497.000000 0.134951
498.000000 0.136522
499.000000 0.137792
500.000000 0.139249
501.000000 0.141254
502.000000 0.143475
503.000000 0.145721
504.000000 0.148309
505.000000 0.151317
506.000000 0.154357
507.000000 0.157752
508.000000 0.161278
509.000000 0.164614
510.000000 0.167982
511.000000 0.171558
512.000000 0.175538
513.000000 0.179625
514.000000 0.183768
515.000000 0.187896
516.000000 0.191908
517.000000 0.195812
518.000000 0.199552
519.000000 0.203113
520.000000 0.206658
521.000000 0.210241
522.000000 0.213683
523.000000 0.216599
524.000000 0.218777
525.000000 0.220423
526.000000 0.222010
527.000000 0.223722
528.000000 0.225227
529.000000 0.226242
530.000000 0.226823
531.000000 0.227373
532.000000 0.228192
533.000000 0.229005
534.000000 0.230012
535.000000 0.231480
536.000000 0.232742
537.000000 0.234264
538.000000 0.236667
539.000000 0.239139
540.000000 0.242185
541.000000 0.246308
542.000000 0.250919
543.000000 0.256949
544.000000 0.264193
545.000000 0.272158
546.000000 0.280604
547.000000 0.289345
548.000000 0.298641
549.000000 0.308104
550.000000 0.317636
551.000000 0.327267
552.000000 0.336826
553.000000 0.346001
554.000000 0.354593
555.000000 0.362603
556.000000 0.369695
557.000000 0.375604
558.000000 0.380557
559.000000 0.384050
560.000000 0.385944
561.000000 0.386171
562.000000 0.384697
563.000000 0.381646
564.000000 0.377022
565.000000 0.370908
566.000000 0.363194
567.000000 0.353812
568.000000 0.343355
569.000000 0.331918
570.000000 0.319839
571.000000 0.306936
572.000000 0.293756
573.000000 0.280797
574.000000 0.267404
575.000000 0.254608
576.000000 0.242184
577.000000 0.230179
578.000000 0.218770
579.000000 0.207861
580.000000 0.197499
581.000000 0.187604
582.000000 0.178704
583.000000 0.170559
584.000000 0.163180
585.000000 0.156534
586.000000 0.150265
587.000000 0.144634
588.000000 0.139821
589.000000 0.135572
590.000000 0.131618
591.000000 0.127873
592.000000 0.124603
593.000000 0.121774
594.000000 0.119311
595.000000 0.117208
596.000000 0.115282
597.000000 0.113590
598.000000 0.112175
599.000000 0.110858
600.000000 0.109725
601.000000 0.108816
602.000000 0.108105
603.000000 0.107519
604.000000 0.106952
605.000000 0.106586
606.000000 0.106451
607.000000 0.106282
608.000000 0.106098
609.000000 0.106060
610.000000 0.106182
611.000000 0.106477
612.000000 0.106955
613.000000 0.107481
614.000000 0.108215
615.000000 0.109228
616.000000 0.110227
617.000000 0.111300
618.000000 0.112613
619.000000 0.114127
620.000000 0.115834
621.000000 0.117684
622.000000 0.119678
623.000000 0.121892
624.000000 0.124384
625.000000 0.127010
626.000000 0.129772
627.000000 0.132910
628.000000 0.136150
629.000000 0.139486
630.000000 0.143148
631.000000 0.146987
632.000000 0.150846
633.000000 0.154885
634.000000 0.159208
635.000000 0.163424
636.000000 0.167617
637.000000 0.172074
638.000000 0.176507
639.000000 0.180923
640.000000 0.185522
641.000000 0.190120
642.000000 0.194397
643.000000 0.198528
644.000000 0.202690
645.000000 0.206588
646.000000 0.210366
647.000000 0.214215
648.000000 0.217978
649.000000 0.221432
650.000000 0.224656
651.000000 0.227793
652.000000 0.230770
653.000000 0.233467
654.000000 0.235915
655.000000 0.238225
656.000000 0.240498
657.000000 0.242645
658.000000 0.244625
659.000000 0.246552
660.000000 0.248489
661.000000 0.250396
662.000000 0.252262
663.000000 0.254219
664.000000 0.256326
665.000000 0.258464
666.000000 0.260688
667.000000 0.263183
668.000000 0.265937
669.000000 0.268836
670.000000 0.272012
671.000000 0.275630
672.000000 0.279605
673.000000 0.283971
674.000000 0.288451
675.000000 0.293280
676.000000 0.298844
677.000000 0.305009
678.000000 0.311684
679.000000 0.318541
680.000000 0.325885
681.000000 0.334005
682.000000 0.342740
683.000000 0.352164
684.000000 0.361903
685.000000 0.372053
686.000000 0.382948
687.000000 0.394397
688.000000 0.406285
689.000000 0.418552
690.000000 0.430707
691.000000 0.442949
692.000000 0.455768
693.000000 0.468909
694.000000 0.482164
695.000000 0.495456
696.000000 0.508108
697.000000 0.520252
698.000000 0.532484
699.000000 0.544461
700.000000 0.556016
701.000000 0.566929
702.000000 0.576784
703.000000 0.585679
704.000000 0.593974
705.000000 0.601363
706.000000 0.607603
707.000000 0.612750
708.000000 0.616880
709.000000 0.619774
710.000000 0.621317
711.000000 0.621666
712.000000 0.620843
713.000000 0.618623
714.000000 0.615062
715.000000 0.610283
716.000000 0.604238
717.000000 0.596931
718.000000 0.588630
719.000000 0.579878
720.000000 0.570381
721.000000 0.559751
722.000000 0.548153
723.000000 0.535851
724.000000 0.523122
725.000000 0.510056
726.000000 0.496771
727.000000 0.483088
728.000000 0.468946
729.000000 0.454649
730.000000 0.440271
731.000000 0.426646
732.000000 0.413241
733.000000 0.399336
734.000000 0.385456
735.000000 0.371627
736.000000 0.357895
737.000000 0.344330
738.000000 0.331049
739.000000 0.318020
740.000000 0.305255
741.000000 0.292806
742.000000 0.280672
743.000000 0.268865
744.000000 0.257468
745.000000 0.246287
746.000000 0.235311
747.000000 0.224723
748.000000 0.214467
749.000000 0.204557
750.000000 0.194998
751.000000 0.185820
752.000000 0.177026
753.000000 0.168453
754.000000 0.160134
755.000000 0.152122
756.000000 0.144406
757.000000 0.137008
758.000000 0.129905
759.000000 0.123101
760.000000 0.116543
761.000000 0.110252
762.000000 0.104260
763.000000 0.098562
764.000000 0.093120
765.000000 0.087816
766.000000 0.082750
767.000000 0.078030
768.000000 0.073611
769.000000 0.069434
770.000000 0.065399
771.000000 0.061538
772.000000 0.057934
773.000000 0.054546
774.000000 0.051352
775.000000 0.048365
776.000000 0.045407
777.000000 0.042591
778.000000 0.040151
779.000000 0.037983
780.000000 0.035901
781.000000 0.033973
782.000000 0.032224
783.000000 0.030554
784.000000 0.028933
785.000000 0.027430
786.000000 0.026120
787.000000 0.024970
788.000000 0.023912
789.000000 0.022876
790.000000 0.021966
791.000000 0.021137
792.000000 0.020405
793.000000 0.019783
794.000000 0.019206
795.000000 0.018711
796.000000 0.018305
797.000000 0.017948
798.000000 0.017554
799.000000 0.017203
800.000000 0.016877
801.000000 0.016556
802.000000 0.016288
803.000000 0.016058
804.000000 0.015853
805.000000 0.015672
806.000000 0.015521
807.000000 0.015421
808.000000 0.015341
809.000000 0.015220
810.000000 0.015115
811.000000 0.015040
812.000000 0.014962
813.000000 0.014832
814.000000 0.014750
815.000000 0.014729
816.000000 0.014646
817.000000 0.014508
818.000000 0.014434
819.000000 0.014381
820.000000 0.014250
821.000000 0.014138
822.000000 0.014110
823.000000 0.014046
824.000000 0.013873
825.000000 0.013665
826.000000 0.013464
827.000000 0.013252
828.000000 0.013056
829.000000 0.012938
830.000000 0.012784
831.000000 0.012536
832.000000 0.012271
833.000000 0.012025
834.000000 0.011795
835.000000 0.011577
836.000000 0.011326
837.000000 0.011074
838.000000 0.010857
839.000000 0.010673
840.000000 0.010496
841.000000 0.010263
842.000000 0.009995
843.000000 0.009699
844.000000 0.009437
845.000000 0.009203
846.000000 0.008972
847.000000 0.008745
848.000000 0.008526
849.000000 0.008320
850.000000 0.008119
851.000000 0.007937
852.000000 0.007754
853.000000 0.007574
854.000000 0.007383
855.000000 0.007167
856.000000 0.006956
857.000000 0.006787
858.000000 0.006641
859.000000 0.006506
860.000000 0.006372
861.000000 0.006190
862.000000 0.005992
863.000000 0.005854
864.000000 0.005732
865.000000 0.005589
866.000000 0.005463
867.000000 0.005346
868.000000 0.005255
869.000000 0.005142
870.000000 0.005018
871.000000 0.004919
872.000000 0.004805
873.000000 0.004702
874.000000 0.004593
875.000000 0.004505
876.000000 0.004448
877.000000 0.004407
878.000000 0.004366
879.000000 0.004299
880.000000 0.004256
881.000000 0.004198
882.000000 0.004116
883.000000 0.004040
884.000000 0.004070
885.000000 0.004072
886.000000 0.003954
887.000000 0.003868
888.000000 0.003813
889.000000 0.003783
890.000000 0.003585
891.000000 0.003435
892.000000 0.003472
893.000000 0.003444
894.000000 0.003412
895.000000 0.003404
896.000000 0.003395
897.000000 0.003371
898.000000 0.003368
899.000000 0.003375
900.000000 0.003398
