315.000000 0.132496
316.000000 0.134393
317.000000 0.136786
318.000000 0.138856
319.000000 0.139885
320.000000 0.140793
321.000000 0.142711
322.000000 0.144913
323.000000 0.146886
324.000000 0.148764
325.000000 0.149903
326.000000 0.151274
327.000000 0.153378
328.000000 0.155408
329.000000 0.157587
330.000000 0.160427
331.000000 0.163494
332.000000 0.166735
333.000000 0.169869
334.000000 0.172711
335.000000 0.176306
336.000000 0.180657
337.000000 0.184550
338.000000 0.188029
339.000000 0.191737
340.000000 0.195709
341.000000 0.199733
342.000000 0.203280
343.000000 0.206778
344.000000 0.210928
345.000000 0.215096
346.000000 0.218626
347.000000 0.221634
348.000000 0.224394
349.000000 0.226839
350.000000 0.228941
351.000000 0.230759
352.000000 0.232212
353.000000 0.233159
354.000000 0.233744
355.000000 0.234111
356.000000 0.234194
357.000000 0.233864
358.000000 0.233099
359.000000 0.232315
360.000000 0.231544
361.000000 0.230466
362.000000 0.229332
363.000000 0.228050
364.000000 0.226565
365.000000 0.225204
366.000000 0.223820
367.000000 0.222226
368.000000 0.220461
369.000000 0.218432
370.000000 0.216753
371.000000 0.214743
372.000000 0.212121
373.000000 0.209243
374.000000 0.205986
375.000000 0.202614
376.000000 0.199150
377.000000 0.195794
378.000000 0.192060
379.000000 0.187930
380.000000 0.183870
381.000000 0.179901
382.000000 0.176578
383.000000 0.173805
384.000000 0.171131
385.000000 0.168578
386.000000 0.165777
387.000000 0.163466
388.000000 0.161387
389.000000 0.159474
390.000000 0.158250
391.000000 0.157212
392.000000 0.156369
393.000000 0.155620
394.000000 0.155083
395.000000 0.155268
396.000000 0.155632
397.000000 0.155886
398.000000 0.156320
399.000000 0.156668
400.000000 0.157168
401.000000 0.158032
402.000000 0.158807
403.000000 0.159518
404.000000 0.160125
405.000000 0.160639
406.000000 0.161294
407.000000 0.161876
408.000000 0.162316
409.000000 0.162730
410.000000 0.163102
411.000000 0.163573
412.000000 0.164156
413.000000 0.164560
414.000000 0.165159
415.000000 0.166309
416.000000 0.167595
417.000000 0.169208
418.000000 0.171195
419.000000 0.173650
420.000000 0.177005
421.000000 0.180877
422.000000 0.185097
423.000000 0.190043
424.000000 0.195681
425.000000 0.201507
426.000000 0.207619
427.000000 0.214010
428.000000 0.220157
429.000000 0.225857
430.000000 0.230755
431.000000 0.234625
432.000000 0.237438
433.000000 0.239046
434.000000 0.239024
435.000000 0.237082
436.000000 0.233823
437.000000 0.229291
438.000000 0.223655
439.000000 0.217402
440.000000 0.210303
441.000000 0.202872
442.000000 0.195606
443.000000 0.187937
444.000000 0.180058
445.000000 0.172589
446.000000 0.165093
447.000000 0.157758
448.000000 0.150795
449.000000 0.144151
450.000000 0.138196
451.000000 0.132545
452.000000 0.127098
453.000000 0.122288
454.000000 0.117799
455.000000 0.113551
456.000000 0.109592
457.000000 0.105735
458.000000 0.102261
459.000000 0.098931
460.000000 0.095804
461.000000 0.092945
462.000000 0.090080
463.000000 0.087283
464.000000 0.084499
465.000000 0.081823
466.000000 0.079398
467.000000 0.077066
468.000000 0.074732
469.000000 0.072318
470.000000 0.069858
471.000000 0.067527
472.000000 0.065260
473.000000 0.063133
474.000000 0.061101
475.000000 0.059089
476.000000 0.057217
477.000000 0.055428
478.000000 0.053697
479.000000 0.051957
480.000000 0.050271
481.000000 0.048683
482.000000 0.047182
483.000000 0.045826
484.000000 0.044520
485.000000 0.043244
486.000000 0.041993
487.000000 0.040847
488.000000 0.039866
489.000000 0.038894
490.000000 0.038230
491.000000 0.037608
492.000000 0.036766
493.000000 0.035719
494.000000 0.034957
495.000000 0.034683
496.000000 0.034168
497.000000 0.033839
498.000000 0.033566
499.000000 0.032728
500.000000 0.032096
501.000000 0.031847
502.000000 0.031606
503.000000 0.031522
504.000000 0.031465
505.000000 0.031326
506.000000 0.031016
507.000000 0.030807
508.000000 0.030984
509.000000 0.031263
510.000000 0.031326
511.000000 0.031121
512.000000 0.031240
513.000000 0.031684
514.000000 0.032176
515.000000 0.032610
516.000000 0.033063
517.000000 0.033487
518.000000 0.033744
519.000000 0.033988
520.000000 0.034225
521.000000 0.034736
522.000000 0.035441
523.000000 0.035975
524.000000 0.036168
525.000000 0.036263
526.000000 0.036337
527.000000 0.036664
528.000000 0.037223
529.000000 0.037346
530.000000 0.037145
531.000000 0.037299
532.000000 0.037702
533.000000 0.038025
534.000000 0.038489
535.000000 0.039114
536.000000 0.039567
537.000000 0.040098
538.000000 0.041219
539.000000 0.042245
540.000000 0.042917
541.000000 0.043856
542.000000 0.045184
543.000000 0.046848
544.000000 0.048556
545.000000 0.050547
546.000000 0.052920
547.000000 0.054947
548.000000 0.056674
549.000000 0.058318
550.000000 0.059931
551.000000 0.061716
552.000000 0.063557
553.000000 0.065382
554.000000 0.067199
555.000000 0.069001
556.000000 0.070734
557.000000 0.072532
558.000000 0.074305
559.000000 0.075825
560.000000 0.077133
561.000000 0.078203
562.000000 0.079313
563.000000 0.080335
564.000000 0.081170
565.000000 0.082130
566.000000 0.083140
567.000000 0.083969
568.000000 0.084599
569.000000 0.085117
570.000000 0.085631
571.000000 0.086394
572.000000 0.087255
573.000000 0.088168
574.000000 0.089247
575.000000 0.090399
576.000000 0.091705
577.000000 0.093056
578.000000 0.094576
579.000000 0.096445
580.000000 0.098498
581.000000 0.100921
582.000000 0.103620
583.000000 0.106447
584.000000 0.109334
585.000000 0.112376
586.000000 0.115641
587.000000 0.118910
588.000000 0.122517
589.000000 0.126280
590.000000 0.129955
591.000000 0.133905
592.000000 0.137905
593.000000 0.141902
594.000000 0.145919
595.000000 0.149997
596.000000 0.154325
597.000000 0.158548
598.000000 0.162796
599.000000 0.167217
600.000000 0.171494
601.000000 0.175739
602.000000 0.180022
603.000000 0.184306
604.000000 0.188820
605.000000 0.193261
606.000000 0.197692
607.000000 0.202328
608.000000 0.206921
609.000000 0.211610
610.000000 0.216567
611.000000 0.221558
612.000000 0.226843
613.000000 0.232411
614.000000 0.238192
615.000000 0.244457
616.000000 0.250679
617.000000 0.257211
618.000000 0.264593
619.000000 0.272132
620.000000 0.280007
621.000000 0.288742
622.000000 0.297719
623.000000 0.307069
624.000000 0.317419
625.000000 0.328200
626.000000 0.339394
627.000000 0.351626
628.000000 0.364240
629.000000 0.377510
630.000000 0.392047
631.000000 0.407346
632.000000 0.422613
633.000000 0.438403
634.000000 0.455535
635.000000 0.472720
636.000000 0.490202
637.000000 0.508824
638.000000 0.527421
639.000000 0.546105
640.000000 0.565571
641.000000 0.585296
642.000000 0.603961
643.000000 0.622003
644.000000 0.640661
645.000000 0.658603
646.000000 0.676038
647.000000 0.693611
648.000000 0.710640
649.000000 0.726505
650.000000 0.741538
651.000000 0.756205
652.000000 0.770000
653.000000 0.782276
654.000000 0.793335
655.000000 0.804040
656.000000 0.814060
657.000000 0.822701
658.000000 0.830504
659.000000 0.838071
660.000000 0.845115
661.000000 0.851356
662.000000 0.857047
663.000000 0.862861
664.000000 0.868716
665.000000 0.874200
666.000000 0.879571
667.000000 0.885372
668.000000 0.891774
669.000000 0.898704
670.000000 0.906400
671.000000 0.915185
672.000000 0.925055
673.000000 0.936167
674.000000 0.947826
675.000000 0.960912
676.000000 0.976428
677.000000 0.993684
678.000000 1.012742
679.000000 1.032895
680.000000 1.054870
681.000000 1.079816
682.000000 1.107071
683.000000 1.136711
684.000000 1.167972
685.000000 1.201211
686.000000 1.237404
687.000000 1.276250
688.000000 1.317688
689.000000 1.361439
690.000000 1.405836
691.000000 1.451220
692.000000 1.500008
693.000000 1.551482
694.000000 1.604769
695.000000 1.659102
696.000000 1.712279
697.000000 1.765728
698.000000 1.821488
699.000000 1.877341
700.000000 1.932644
701.000000 1.987050
702.000000 2.038523
703.000000 2.086915
704.000000 2.134679
705.000000 2.180522
706.000000 2.223490
707.000000 2.262684
708.000000 2.297366
709.000000 2.327690
710.000000 2.352089
711.000000 2.371287
712.000000 2.385066
713.000000 2.393338
714.000000 2.396398
715.000000 2.392343
716.000000 2.382558
717.000000 2.369093
718.000000 2.349175
719.000000 2.322044
720.000000 2.289761
721.000000 2.252292
722.000000 2.209964
723.000000 2.162574
724.000000 2.112944
725.000000 2.061118
726.000000 2.005395
727.000000 1.947265
728.000000 1.887616
729.000000 1.826426
730.000000 1.764174
731.000000 1.705279
732.000000 1.647589
733.000000 1.587432
734.000000 1.526686
735.000000 1.466341
736.000000 1.406778
737.000000 1.348259
738.000000 1.291119
739.000000 1.235389
740.000000 1.181380
741.000000 1.129344
742.000000 1.079082
743.000000 1.030422
744.000000 0.983520
745.000000 0.938344
746.000000 0.894577
747.000000 0.852248
748.000000 0.811742
749.000000 0.773185
750.000000 0.736113
751.000000 0.700310
752.000000 0.666070
753.000000 0.632948
754.000000 0.600926
755.000000 0.570272
756.000000 0.540899
757.000000 0.512827
758.000000 0.485976
759.000000 0.460067
760.000000 0.435043
761.000000 0.411113
762.000000 0.388372
763.000000 0.366654
764.000000 0.345702
765.000000 0.325327
766.000000 0.305780
767.000000 0.287301
768.000000 0.269878
769.000000 0.253447
770.000000 0.237812
771.000000 0.222887
772.000000 0.208652
773.000000 0.195107
774.000000 0.182263
775.000000 0.170143
776.000000 0.158013
777.000000 0.146293
778.000000 0.135787
779.000000 0.126140
780.000000 0.117165
781.000000 0.108720
782.000000 0.100812
783.000000 0.093414
784.000000 0.086405
785.000000 0.079830
786.000000 0.073711
787.000000 0.068016
788.000000 0.062532
789.000000 0.057361
790.000000 0.052782
791.000000 0.048596
792.000000 0.044766
793.000000 0.041264
794.000000 0.037973
795.000000 0.034954
796.000000 0.032227
797.000000 0.029667
798.000000 0.027283
799.000000 0.025210
800.000000 0.023316
801.000000 0.021542
802.000000 0.019910
803.000000 0.018419
804.000000 0.017043
805.000000 0.015802
806.000000 0.014720
807.000000 0.013758
808.000000 0.012870
809.000000 0.011990
810.000000 0.011175
811.000000 0.010485
812.000000 0.009916
813.000000 0.009382
814.000000 0.008910
815.000000 0.008503
816.000000 0.008081
817.000000 0.007681
818.000000 0.007404
819.000000 0.007193
820.000000 0.006969
821.000000 0.006724
822.000000 0.006475
823.000000 0.006222
824.000000 0.005953
825.000000 0.005761
826.000000 0.005639
827.000000 0.005451
828.000000 0.005254
829.000000 0.005176
830.000000 0.005059
831.000000 0.004866
832.000000 0.004714
833.000000 0.004608
834.000000 0.004513
835.000000 0.004364
836.000000 0.004223
837.000000 0.004156
838.000000 0.004073
839.000000 0.003988
840.000000 0.003922
841.000000 0.003813
842.000000 0.003724
843.000000 0.003638
844.000000 0.003542
845.000000 0.003491
846.000000 0.003456
847.000000 0.003417
848.000000 0.003388
849.000000 0.003342
850.000000 0.003287
851.000000 0.003272
852.000000 0.003277
853.000000 0.003282
854.000000 0.003261
855.000000 0.003200
856.000000 0.003112
857.000000 0.003075
858.000000 0.003049
859.000000 0.002973
860.000000 0.002919
861.000000 0.002874
862.000000 0.002817
863.000000 0.002799
864.000000 0.002800
865.000000 0.002788
866.000000 0.002776
867.000000 0.002783
868.000000 0.002810
869.000000 0.002818
870.000000 0.002802
871.000000 0.002765
872.000000 0.002727
873.000000 0.002699
874.000000 0.002629
875.000000 0.002586
876.000000 0.002588
877.000000 0.002592
878.000000 0.002626
879.000000 0.002625
880.000000 0.002593
881.000000 0.002562
882.000000 0.002557
883.000000 0.002554
884.000000 0.002522
885.000000 0.002504
886.000000 0.002507
887.000000 0.002577
888.000000 0.002581
889.000000 0.002499
890.000000 0.002426
891.000000 0.002371
892.000000 0.002395
893.000000 0.002413
894.000000 0.002407
895.000000 0.002401
896.000000 0.002381
897.000000 0.002377
898.000000 0.002404
899.000000 0.002405
900.000000 0.002411
