315.000000 0.143610
316.000000 0.145711
317.000000 0.147645
318.000000 0.149336
319.000000 0.150483
320.000000 0.151734
321.000000 0.153780
322.000000 0.156275
323.000000 0.158918
324.000000 0.161184
325.000000 0.162375
326.000000 0.164012
327.000000 0.166072
328.000000 0.167989
329.000000 0.170402
330.000000 0.173266
331.000000 0.176209
332.000000 0.179184
333.000000 0.182019
334.000000 0.185103
335.000000 0.188716
336.000000 0.192650
337.000000 0.196491
338.000000 0.199860
339.000000 0.203460
340.000000 0.207044
341.000000 0.210843
342.000000 0.214611
343.000000 0.218275
344.000000 0.222106
345.000000 0.225927
346.000000 0.229492
347.000000 0.232303
348.000000 0.234761
349.000000 0.237102
350.000000 0.239312
351.000000 0.241078
352.000000 0.242437
353.000000 0.243556
354.000000 0.244186
355.000000 0.244410
356.000000 0.244195
357.000000 0.243647
358.000000 0.242925
359.000000 0.242201
360.000000 0.241286
361.000000 0.240136
362.000000 0.238970
363.000000 0.237799
364.000000 0.236716
365.000000 0.235678
366.000000 0.234348
367.000000 0.232664
368.000000 0.230755
369.000000 0.228798
370.000000 0.227149
371.000000 0.225171
372.000000 0.222687
373.000000 0.220366
374.000000 0.217833
375.000000 0.214766
376.000000 0.211600
377.000000 0.208404
378.000000 0.205017
379.000000 0.201436
380.000000 0.197519
381.000000 0.193536
382.000000 0.190373
383.000000 0.187883
384.000000 0.185500
385.000000 0.183125
386.000000 0.180365
387.000000 0.177941
388.000000 0.175833
389.000000 0.174083
390.000000 0.172928
391.000000 0.171871
392.000000 0.171178
393.000000 0.170825
394.000000 0.170759
395.000000 0.170985
396.000000 0.171235
397.000000 0.171439
398.000000 0.171768
399.000000 0.172150
400.000000 0.172759
401.000000 0.173647
402.000000 0.174564
403.000000 0.175523
404.000000 0.176404
405.000000 0.176987
406.000000 0.177385
407.000000 0.177835
408.000000 0.178424
409.000000 0.179041
410.000000 0.179574
411.000000 0.180058
412.000000 0.180457
413.000000 0.180935
414.000000 0.181683
415.000000 0.182741
416.000000 0.183863
417.000000 0.185232
418.000000 0.187079
419.000000 0.189615
420.000000 0.192811
421.000000 0.196291
422.000000 0.200159
423.000000 0.204565
424.000000 0.209507
425.000000 0.214664
426.000000 0.220142
427.000000 0.225830
428.000000 0.231215
429.000000 0.236100
430.000000 0.240364
431.000000 0.243797
432.000000 0.246102
433.000000 0.246983
434.000000 0.246465
435.000000 0.244622
436.000000 0.241603
437.000000 0.237259
438.000000 0.231792
439.000000 0.225819
440.000000 0.219094
441.000000 0.212070
442.000000 0.205108
443.000000 0.197656
444.000000 0.190052
445.000000 0.182815
446.000000 0.175563
447.000000 0.168561
448.000000 0.161922
449.000000 0.155458
450.000000 0.149514
451.000000 0.143817
452.000000 0.138368
453.000000 0.133558
454.000000 0.129002
455.000000 0.124677
456.000000 0.120548
457.000000 0.116556
458.000000 0.112956
459.000000 0.109385
460.000000 0.106023
461.000000 0.102895
462.000000 0.099820
463.000000 0.096886
464.000000 0.093897
465.000000 0.090927
466.000000 0.088183
467.000000 0.085448
468.000000 0.082755
469.000000 0.080157
470.000000 0.077618
471.000000 0.075234
472.000000 0.072875
473.000000 0.070597
474.000000 0.068306
475.000000 0.066012
476.000000 0.063902
477.000000 0.061921
478.000000 0.060076
479.000000 0.058234
480.000000 0.056478
481.000000 0.054799
482.000000 0.053208
483.000000 0.051769
484.000000 0.050332
485.000000 0.048964
486.000000 0.047682
487.000000 0.046458
488.000000 0.045330
489.000000 0.044426
490.000000 0.043881
491.000000 0.043155
492.000000 0.042283
493.000000 0.041213
494.000000 0.039938
495.000000 0.039338
496.000000 0.039135
497.000000 0.039018
498.000000 0.038831
499.000000 0.038164
500.000000 0.037548
501.000000 0.037293
502.000000 0.037117
503.000000 0.037104
504.000000 0.037304
505.000000 0.037570
506.000000 0.037601
507.000000 0.037536
508.000000 0.037892
509.000000 0.038325
510.000000 0.038621
511.000000 0.038965
512.000000 0.039572
513.000000 0.040329
514.000000 0.041309
515.000000 0.042247
516.000000 0.043009
517.000000 0.043622
518.000000 0.044028
519.000000 0.044638
520.000000 0.045035
521.000000 0.045278
522.000000 0.045839
523.000000 0.046209
524.000000 0.046237
525.000000 0.046409
526.000000 0.046881
527.000000 0.047424
528.000000 0.047783
529.000000 0.048219
530.000000 0.048541
531.000000 0.048873
532.000000 0.049217
533.000000 0.049370
534.000000 0.049957
535.000000 0.050716
536.000000 0.051132
537.000000 0.051667
538.000000 0.052681
539.000000 0.053580
540.000000 0.054389
541.000000 0.055480
542.000000 0.056718
543.000000 0.058469
544.000000 0.060822
545.000000 0.063298
546.000000 0.065553
547.000000 0.067857
548.000000 0.070371
549.000000 0.072798
550.000000 0.075078
551.000000 0.077349
552.000000 0.079883
553.000000 0.082525
554.000000 0.084786
555.000000 0.086962
556.000000 0.089053
557.000000 0.090914
558.000000 0.092610
559.000000 0.094058
560.000000 0.095356
561.000000 0.096409
562.000000 0.097331
563.000000 0.097990
564.000000 0.098337
565.000000 0.098725
566.000000 0.098927
567.000000 0.098828
568.000000 0.098481
569.000000 0.098044
570.000000 0.097615
571.000000 0.096983
572.000000 0.096498
573.000000 0.096277
574.000000 0.096140
575.000000 0.096249
576.000000 0.096455
577.000000 0.096689
578.000000 0.097077
579.000000 0.097666
580.000000 0.098594
581.000000 0.100019
582.000000 0.101769
583.000000 0.103651
584.000000 0.105629
585.000000 0.107771
586.000000 0.110141
587.000000 0.112712
588.000000 0.115545
589.000000 0.118514
590.000000 0.121515
591.000000 0.124751
592.000000 0.128015
593.000000 0.131192
594.000000 0.134396
595.000000 0.137776
596.000000 0.141415
597.000000 0.144985
598.000000 0.148487
599.000000 0.152125
600.000000 0.155843
601.000000 0.159676
602.000000 0.163492
603.000000 0.167182
604.000000 0.171075
605.000000 0.174874
606.000000 0.178600
607.000000 0.182530
608.000000 0.186384
609.000000 0.190322
610.000000 0.194626
611.000000 0.199032
612.000000 0.203674
613.000000 0.208453
614.000000 0.213442
615.000000 0.218955
616.000000 0.224477
617.000000 0.230223
618.000000 0.236632
619.000000 0.243314
620.000000 0.250384
621.000000 0.258160
622.000000 0.266178
623.000000 0.274560
624.000000 0.283808
625.000000 0.293436
626.000000 0.303504
627.000000 0.314573
628.000000 0.325847
629.000000 0.337570
630.000000 0.350437
631.000000 0.364020
632.000000 0.377735
633.000000 0.391847
634.000000 0.407086
635.000000 0.422435
636.000000 0.437925
637.000000 0.454341
638.000000 0.470698
639.000000 0.487174
640.000000 0.504424
641.000000 0.521880
642.000000 0.538374
643.000000 0.554491
644.000000 0.571230
645.000000 0.587186
646.000000 0.602524
647.000000 0.617951
648.000000 0.633015
649.000000 0.647100
650.000000 0.660379
651.000000 0.673205
652.000000 0.685351
653.000000 0.696348
654.000000 0.706248
655.000000 0.715619
656.000000 0.724459
657.000000 0.732280
658.000000 0.739060
659.000000 0.745559
660.000000 0.751831
661.000000 0.757470
662.000000 0.762634
663.000000 0.767764
664.000000 0.772892
665.000000 0.777944
666.000000 0.783029
667.000000 0.788496
668.000000 0.794386
669.000000 0.800612
670.000000 0.807549
671.000000 0.815506
672.000000 0.824520
673.000000 0.834770
674.000000 0.845469
675.000000 0.857220
676.000000 0.871153
677.000000 0.886933
678.000000 0.904398
679.000000 0.922648
680.000000 0.942426
681.000000 0.964847
682.000000 0.989539
683.000000 1.016510
684.000000 1.044584
685.000000 1.074260
686.000000 1.107087
687.000000 1.142390
688.000000 1.179622
689.000000 1.218766
690.000000 1.258333
691.000000 1.299116
692.000000 1.342972
693.000000 1.388898
694.000000 1.436479
695.000000 1.485412
696.000000 1.533281
697.000000 1.580780
698.000000 1.630612
699.000000 1.681156
700.000000 1.731569
701.000000 1.780966
702.000000 1.827112
703.000000 1.870727
704.000000 1.914125
705.000000 1.955861
706.000000 1.994204
707.000000 2.028480
708.000000 2.059423
709.000000 2.086543
710.000000 2.108616
711.000000 2.126504
712.000000 2.139090
713.000000 2.145569
714.000000 2.147958
715.000000 2.144165
716.000000 2.134493
717.000000 2.120277
718.000000 2.100097
719.000000 2.076068
720.000000 2.048050
721.000000 2.014960
722.000000 1.976951
723.000000 1.934870
724.000000 1.889502
725.000000 1.840537
726.000000 1.789634
727.000000 1.737332
728.000000 1.683504
729.000000 1.628547
730.000000 1.572891
731.000000 1.520648
732.000000 1.469560
733.000000 1.416316
734.000000 1.362212
735.000000 1.308120
736.000000 1.255030
737.000000 1.203199
738.000000 1.152263
739.000000 1.102325
740.000000 1.053875
741.000000 1.006942
742.000000 0.961973
743.000000 0.918991
744.000000 0.877486
745.000000 0.837040
746.000000 0.797937
747.000000 0.760389
748.000000 0.724104
749.000000 0.689174
750.000000 0.655844
751.000000 0.624022
752.000000 0.593598
753.000000 0.564112
754.000000 0.535534
755.000000 0.508098
756.000000 0.481925
757.000000 0.457005
758.000000 0.433118
759.000000 0.410230
760.000000 0.388060
761.000000 0.366607
762.000000 0.346121
763.000000 0.326554
764.000000 0.307819
765.000000 0.289775
766.000000 0.272441
767.000000 0.255944
768.000000 0.240370
769.000000 0.225617
770.000000 0.211546
771.000000 0.198251
772.000000 0.185653
773.000000 0.173633
774.000000 0.162249
775.000000 0.151459
776.000000 0.140603
777.000000 0.130138
778.000000 0.120878
779.000000 0.112345
780.000000 0.104318
781.000000 0.096841
782.000000 0.089806
783.000000 0.083191
784.000000 0.076963
785.000000 0.071164
786.000000 0.065780
787.000000 0.060701
788.000000 0.055872
789.000000 0.051402
790.000000 0.047420
791.000000 0.043743
792.000000 0.040376
793.000000 0.037300
794.000000 0.034444
795.000000 0.031821
796.000000 0.029388
797.000000 0.027113
798.000000 0.024995
799.000000 0.023099
800.000000 0.021404
801.000000 0.019857
802.000000 0.018436
803.000000 0.017133
804.000000 0.015962
805.000000 0.014939
806.000000 0.014003
807.000000 0.013165
808.000000 0.012384
809.000000 0.011641
810.000000 0.010993
811.000000 0.010426
812.000000 0.009911
813.000000 0.009385
814.000000 0.008914
815.000000 0.008521
816.000000 0.008139
817.000000 0.007774
818.000000 0.007467
819.000000 0.007284
820.000000 0.007290
821.000000 0.007159
822.000000 0.006789
823.000000 0.006441
824.000000 0.006128
825.000000 0.005879
826.000000 0.005683
827.000000 0.005532
828.000000 0.005431
829.000000 0.005368
830.000000 0.005272
831.000000 0.005112
832.000000 0.004937
833.000000 0.004773
834.000000 0.004645
835.000000 0.004570
836.000000 0.004501
837.000000 0.004447
838.000000 0.004334
839.000000 0.004188
840.000000 0.004083
841.000000 0.003989
842.000000 0.003916
843.000000 0.003826
844.000000 0.003732
845.000000 0.003640
846.000000 0.003539
847.000000 0.003498
848.000000 0.003477
849.000000 0.003431
850.000000 0.003413
851.000000 0.003387
852.000000 0.003357
853.000000 0.003348
854.000000 0.003323
855.000000 0.003264
856.000000 0.003182
857.000000 0.003111
858.000000 0.003070
859.000000 0.003031
860.000000 0.003007
861.000000 0.002967
862.000000 0.002915
863.000000 0.002924
864.000000 0.002929
865.000000 0.002882
866.000000 0.002829
867.000000 0.002782
868.000000 0.002748
869.000000 0.002740
870.000000 0.002755
871.000000 0.002752
872.000000 0.002707
873.000000 0.002670
874.000000 0.002644
875.000000 0.002617
876.000000 0.002625
877.000000 0.002629
878.000000 0.002595
879.000000 0.002556
880.000000 0.002539
881.000000 0.002534
882.000000 0.002514
883.000000 0.002489
884.000000 0.002478
885.000000 0.002460
886.000000 0.002441
887.000000 0.002425
888.000000 0.002413
889.000000 0.002397
890.000000 0.002346
891.000000 0.002314
892.000000 0.002325
893.000000 0.002323
894.000000 0.002320
895.000000 0.002344
896.000000 0.002336
897.000000 0.002327
898.000000 0.002359
899.000000 0.002375
900.000000 0.002404
