315.000000 0.058686
316.000000 0.059003
317.000000 0.058537
318.000000 0.058382
319.000000 0.058270
320.000000 0.056825
321.000000 0.055559
322.000000 0.054729
323.000000 0.054340
324.000000 0.054975
325.000000 0.055460
326.000000 0.055670
327.000000 0.055724
328.000000 0.055906
329.000000 0.055642
330.000000 0.054900
331.000000 0.054523
332.000000 0.054200
333.000000 0.054469
334.000000 0.055382
335.000000 0.055750
336.000000 0.055670
337.000000 0.055678
338.000000 0.055677
339.000000 0.055986
340.000000 0.056596
341.000000 0.057367
342.000000 0.057894
343.000000 0.058305
344.000000 0.058891
345.000000 0.059529
346.000000 0.060382
347.000000 0.061348
348.000000 0.062092
349.000000 0.062784
350.000000 0.063626
351.000000 0.064368
352.000000 0.064853
353.000000 0.065026
354.000000 0.065176
355.000000 0.065739
356.000000 0.066363
357.000000 0.066902
358.000000 0.067612
359.000000 0.068484
360.000000 0.069433
361.000000 0.070472
362.000000 0.071624
363.000000 0.072851
364.000000 0.074159
365.000000 0.075306
366.000000 0.076188
367.000000 0.076873
368.000000 0.077511
369.000000 0.078154
370.000000 0.078531
371.000000 0.078631
372.000000 0.078676
373.000000 0.079001
374.000000 0.079348
375.000000 0.079516
376.000000 0.080063
377.000000 0.081245
378.000000 0.082484
379.000000 0.083671
380.000000 0.085212
381.000000 0.086735
382.000000 0.088330
383.000000 0.090285
384.000000 0.092129
385.000000 0.093642
386.000000 0.094921
387.000000 0.096025
388.000000 0.096648
389.000000 0.096808
390.000000 0.096391
391.000000 0.095660
392.000000 0.095004
393.000000 0.094278
394.000000 0.093509
395.000000 0.092582
396.000000 0.091741
397.000000 0.091286
398.000000 0.091045
399.000000 0.090971
400.000000 0.090980
401.000000 0.090725
402.000000 0.090408
403.000000 0.090051
404.000000 0.089664
405.000000 0.089598
406.000000 0.089682
407.000000 0.089545
408.000000 0.089523
409.000000 0.089757
410.000000 0.089704
411.000000 0.089341
412.000000 0.089207
413.000000 0.089358
414.000000 0.089518
415.000000 0.089669
416.000000 0.089805
417.000000 0.089936
418.000000 0.090121
419.000000 0.090353
420.000000 0.090576
421.000000 0.090770
422.000000 0.090899
423.000000 0.090871
424.000000 0.090626
425.000000 0.090203
426.000000 0.089686
427.000000 0.089052
428.000000 0.088263
429.000000 0.087325
430.000000 0.086277
431.000000 0.085121
432.000000 0.083833
433.000000 0.082406
434.000000 0.081110
435.000000 0.079815
436.000000 0.078290
437.000000 0.076694
438.000000 0.075053
439.000000 0.073459
440.000000 0.071853
441.000000 0.070269
442.000000 0.068844
443.000000 0.067504
444.000000 0.066267
445.000000 0.065070
446.000000 0.063906
447.000000 0.062863
448.000000 0.061678
449.000000 0.060589
450.000000 0.059841
451.000000 0.059014
452.000000 0.058131
453.000000 0.057312
454.000000 0.056569
455.000000 0.055935
456.000000 0.055329
457.000000 0.054593
458.000000 0.053784
459.000000 0.052990
460.000000 0.052189
461.000000 0.051432
462.000000 0.050630
463.000000 0.049809
464.000000 0.048998
465.000000 0.048144
466.000000 0.047291
467.000000 0.046423
468.000000 0.045650
469.000000 0.044877
470.000000 0.044069
471.000000 0.043340
472.000000 0.042564
473.000000 0.041801
474.000000 0.041062
475.000000 0.040358
476.000000 0.039816
477.000000 0.039267
478.000000 0.038705
479.000000 0.038225
480.000000 0.037782
481.000000 0.037394
482.000000 0.037092
483.000000 0.036785
484.000000 0.036460
485.000000 0.036436
486.000000 0.036579
487.000000 0.036376
488.000000 0.036030
489.000000 0.035525
490.000000 0.035180
491.000000 0.035280
492.000000 0.035604
493.000000 0.035956
494.000000 0.036047
495.000000 0.036154
496.000000 0.036310
497.000000 0.036287
498.000000 0.036174
499.000000 0.036459
500.000000 0.036933
501.000000 0.037160
502.000000 0.037638
503.000000 0.038005
504.000000 0.038135
505.000000 0.038260
506.000000 0.038290
507.000000 0.038586
508.000000 0.038955
509.000000 0.039224
510.000000 0.039464
511.000000 0.039640
512.000000 0.039806
513.000000 0.040409
514.000000 0.040910
515.000000 0.041278
516.000000 0.041716
517.000000 0.041878
518.000000 0.042063
519.000000 0.042385
520.000000 0.042890
521.000000 0.043458
522.000000 0.044095
523.000000 0.044888
524.000000 0.045539
525.000000 0.046178
526.000000 0.046829
527.000000 0.047243
528.000000 0.047685
529.000000 0.048146
530.000000 0.048575
531.000000 0.049065
532.000000 0.049540
533.000000 0.049953
534.000000 0.050593
535.000000 0.051515
536.000000 0.052300
537.000000 0.052869
538.000000 0.053470
539.000000 0.054028
540.000000 0.054466
541.000000 0.055116
542.000000 0.056158
543.000000 0.057263
544.000000 0.058211
545.000000 0.058853
546.000000 0.059512
547.000000 0.060395
548.000000 0.061247
549.000000 0.061979
550.000000 0.062734
551.000000 0.063609
552.000000 0.064384
553.000000 0.065063
554.000000 0.065628
555.000000 0.066210
556.000000 0.066843
557.000000 0.067507
558.000000 0.068331
559.000000 0.069111
560.000000 0.069849
561.000000 0.070592
562.000000 0.071467
563.000000 0.072400
564.000000 0.073109
565.000000 0.073795
566.000000 0.074455
567.000000 0.075303
568.000000 0.076330
569.000000 0.077429
570.000000 0.078608
571.000000 0.079747
572.000000 0.080879
573.000000 0.082003
574.000000 0.083118
575.000000 0.084239
576.000000 0.085506
577.000000 0.086894
578.000000 0.088350
579.000000 0.089820
580.000000 0.091400
581.000000 0.093098
582.000000 0.094770
583.000000 0.096505
584.000000 0.098207
585.000000 0.099996
586.000000 0.101831
587.000000 0.103622
588.000000 0.105534
589.000000 0.107446
590.000000 0.109314
591.000000 0.111301
592.000000 0.113390
593.000000 0.115480
594.000000 0.117503
595.000000 0.119430
596.000000 0.121513
597.000000 0.123573
598.000000 0.125708
599.000000 0.128049
600.000000 0.130306
601.000000 0.132549
602.000000 0.134843
603.000000 0.137192
604.000000 0.139619
605.000000 0.141977
606.000000 0.144493
607.000000 0.147258
608.000000 0.149862
609.000000 0.152413
610.000000 0.155159
611.000000 0.157936
612.000000 0.160711
613.000000 0.163615
614.000000 0.166675
615.000000 0.169958
616.000000 0.173205
617.000000 0.176401
618.000000 0.179761
619.000000 0.183085
620.000000 0.186516
621.000000 0.190233
622.000000 0.193864
623.000000 0.197502
624.000000 0.201410
625.000000 0.205361
626.000000 0.209455
627.000000 0.213837
628.000000 0.218212
629.000000 0.222594
630.000000 0.227313
631.000000 0.232237
632.000000 0.237078
633.000000 0.242058
634.000000 0.247365
635.000000 0.252739
636.000000 0.258271
637.000000 0.264101
638.000000 0.269829
639.000000 0.275599
640.000000 0.281667
641.000000 0.287872
642.000000 0.293847
643.000000 0.299808
644.000000 0.306287
645.000000 0.312670
646.000000 0.319000
647.000000 0.325646
648.000000 0.332503
649.000000 0.339401
650.000000 0.346322
651.000000 0.353370
652.000000 0.360429
653.000000 0.367379
654.000000 0.374431
655.000000 0.381874
656.000000 0.389583
657.000000 0.397230
658.000000 0.404940
659.000000 0.413021
660.000000 0.421292
661.000000 0.429416
662.000000 0.437587
663.000000 0.446205
664.000000 0.455111
665.000000 0.463759
666.000000 0.472215
667.000000 0.480844
668.000000 0.489457
669.000000 0.497726
670.000000 0.505791
671.000000 0.513982
672.000000 0.522034
673.000000 0.529916
674.000000 0.537231
675.000000 0.544209
676.000000 0.551332
677.000000 0.558247
678.000000 0.564780
679.000000 0.570735
680.000000 0.576298
681.000000 0.581660
682.000000 0.586782
683.000000 0.591638
684.000000 0.596030
685.000000 0.600051
686.000000 0.603968
687.000000 0.607693
688.000000 0.611155
689.000000 0.614561
690.000000 0.617774
691.000000 0.620891
692.000000 0.624187
693.000000 0.627656
694.000000 0.631410
695.000000 0.635489
696.000000 0.639714
697.000000 0.644262
698.000000 0.649468
699.000000 0.655371
700.000000 0.662048
701.000000 0.669489
702.000000 0.677298
703.000000 0.685770
704.000000 0.695447
705.000000 0.706169
706.000000 0.717838
707.000000 0.730459
708.000000 0.744188
709.000000 0.758943
710.000000 0.773958
711.000000 0.789581
712.000000 0.806652
713.000000 0.824736
714.000000 0.843649
715.000000 0.863328
716.000000 0.883714
717.000000 0.904785
718.000000 0.926279
719.000000 0.947178
720.000000 0.967779
721.000000 0.989144
722.000000 1.010808
723.000000 1.032410
724.000000 1.053806
725.000000 1.074759
726.000000 1.095121
727.000000 1.115048
728.000000 1.134538
729.000000 1.153485
730.000000 1.171745
731.000000 1.188400
732.000000 1.203983
733.000000 1.219544
734.000000 1.234536
735.000000 1.248674
736.000000 1.261861
737.000000 1.274060
738.000000 1.285264
739.000000 1.295418
740.000000 1.304334
741.000000 1.311798
742.000000 1.317802
743.000000 1.322429
744.000000 1.325542
745.000000 1.326922
746.000000 1.326478
747.000000 1.324240
748.000000 1.320074
749.000000 1.313929
750.000000 1.305855
751.000000 1.295836
752.000000 1.283689
753.000000 1.269305
754.000000 1.252814
755.000000 1.233995
756.000000 1.213164
757.000000 1.190505
758.000000 1.165941
759.000000 1.139412
760.000000 1.111032
761.000000 1.080998
762.000000 1.049630
763.000000 1.017070
764.000000 0.983175
765.000000 0.947820
766.000000 0.911566
767.000000 0.875094
768.000000 0.838760
769.000000 0.802467
770.000000 0.766027
771.000000 0.729821
772.000000 0.694043
773.000000 0.658910
774.000000 0.624460
775.000000 0.590783
776.000000 0.555899
777.000000 0.521387
778.000000 0.489846
779.000000 0.460251
780.000000 0.432098
781.000000 0.405252
782.000000 0.379785
783.000000 0.355577
784.000000 0.332485
785.000000 0.310535
786.000000 0.289872
787.000000 0.270488
788.000000 0.251698
789.000000 0.234004
790.000000 0.218117
791.000000 0.203523
792.000000 0.189847
793.000000 0.177087
794.000000 0.165241
795.000000 0.154175
796.000000 0.143845
797.000000 0.133945
798.000000 0.124722
799.000000 0.116398
800.000000 0.108731
801.000000 0.101662
802.000000 0.095057
803.000000 0.088925
804.000000 0.083037
805.000000 0.077464
806.000000 0.072460
807.000000 0.067904
808.000000 0.063655
809.000000 0.059631
810.000000 0.055753
811.000000 0.052105
812.000000 0.048821
813.000000 0.045802
814.000000 0.042969
815.000000 0.040362
816.000000 0.037890
817.000000 0.035515
818.000000 0.033367
819.000000 0.031417
820.000000 0.029604
821.000000 0.027865
822.000000 0.026264
823.000000 0.024867
824.000000 0.023572
825.000000 0.022290
826.000000 0.021048
827.000000 0.019919
828.000000 0.018928
829.000000 0.018019
830.000000 0.017087
831.000000 0.016198
832.000000 0.015396
833.000000 0.014714
834.000000 0.014113
835.000000 0.013538
836.000000 0.012993
837.000000 0.012470
838.000000 0.011991
839.000000 0.011514
840.000000 0.011072
841.000000 0.010650
842.000000 0.010267
843.000000 0.009958
844.000000 0.009650
845.000000 0.009286
846.000000 0.008938
847.000000 0.008708
848.000000 0.008477
849.000000 0.008161
850.000000 0.007861
851.000000 0.007629
852.000000 0.007493
853.000000 0.007357
854.000000 0.007133
855.000000 0.006897
856.000000 0.006692
857.000000 0.006511
858.000000 0.006351
859.000000 0.006201
860.000000 0.005999
861.000000 0.005801
862.000000 0.005639
863.000000 0.005502
864.000000 0.005376
865.000000 0.005189
866.000000 0.004968
867.000000 0.004792
868.000000 0.004686
869.000000 0.004566
870.000000 0.004405
871.000000 0.004241
872.000000 0.004051
873.000000 0.003923
874.000000 0.003901
875.000000 0.003870
876.000000 0.003761
877.000000 0.003623
878.000000 0.003506
879.000000 0.003360
880.000000 0.003216
881.000000 0.003119
882.000000 0.003032
883.000000 0.002942
884.000000 0.002874
885.000000 0.002839
886.000000 0.002753
887.000000 0.002625
888.000000 0.002567
889.000000 0.002545
890.000000 0.002468
891.000000 0.002368
892.000000 0.002278
893.000000 0.002206
894.000000 0.002178
895.000000 0.002158
896.000000 0.002165
897.000000 0.002198
898.000000 0.002200
899.000000 0.002180
900.000000 0.002137
901.000000 0.002063
902.000000 0.001993
903.000000 0.001938
904.000000 0.001900
905.000000 0.001862
906.000000 0.001818
907.000000 0.001805
908.000000 0.001777
909.000000 0.001737
910.000000 0.001698
911.000000 0.001649
912.000000 0.001616
913.000000 0.001587
914.000000 0.001574
915.000000 0.001582
916.000000 0.001576
917.000000 0.001563
918.000000 0.001524
919.000000 0.001462
920.000000 0.001414
921.000000 0.001374
922.000000 0.001337
923.000000 0.001312
924.000000 0.001271
925.000000 0.001225
926.000000 0.001212
927.000000 0.001204
928.000000 0.001183
929.000000 0.001074
930.000000 0.001024
931.000000 0.001074
932.000000 0.001095
933.000000 0.001106
934.000000 0.001081
935.000000 0.001041
936.000000 0.001025
937.000000 0.001036
938.000000 0.001057
939.000000 0.001086
940.000000 0.001129
941.000000 0.001123
942.000000 0.001095
943.000000 0.001126
944.000000 0.001147
945.000000 0.001113
946.000000 0.001079
947.000000 0.001075
948.000000 0.001060
949.000000 0.001011
950.000000 0.000966
