315.000000 0.062458
316.000000 0.063525
317.000000 0.063457
318.000000 0.063004
319.000000 0.061228
320.000000 0.059628
321.000000 0.059116
322.000000 0.058525
323.000000 0.058215
324.000000 0.058517
325.000000 0.059059
326.000000 0.059453
327.000000 0.059467
328.000000 0.059870
329.000000 0.060302
330.000000 0.060138
331.000000 0.059408
332.000000 0.058968
333.000000 0.059437
334.000000 0.060031
335.000000 0.060093
336.000000 0.060029
337.000000 0.060197
338.000000 0.060347
339.000000 0.060745
340.000000 0.061293
341.000000 0.061678
342.000000 0.062064
343.000000 0.062519
344.000000 0.062948
345.000000 0.063450
346.000000 0.063975
347.000000 0.064503
348.000000 0.065088
349.000000 0.065680
350.000000 0.066346
351.000000 0.066974
352.000000 0.067432
353.000000 0.067790
354.000000 0.068116
355.000000 0.068640
356.000000 0.069287
357.000000 0.069865
358.000000 0.070453
359.000000 0.071166
360.000000 0.072162
361.000000 0.073201
362.000000 0.074225
363.000000 0.075393
364.000000 0.076786
365.000000 0.078128
366.000000 0.079090
367.000000 0.080032
368.000000 0.081113
369.000000 0.081993
370.000000 0.082676
371.000000 0.083607
372.000000 0.084689
373.000000 0.085552
374.000000 0.085900
375.000000 0.085960
376.000000 0.086574
377.000000 0.087828
378.000000 0.089434
379.000000 0.091029
380.000000 0.092769
381.000000 0.094771
382.000000 0.096691
383.000000 0.098495
384.000000 0.100306
385.000000 0.101723
386.000000 0.102790
387.000000 0.104086
388.000000 0.105063
389.000000 0.105463
390.000000 0.105203
391.000000 0.104762
392.000000 0.104365
393.000000 0.103646
394.000000 0.102858
395.000000 0.102083
396.000000 0.101444
397.000000 0.101224
398.000000 0.101310
399.000000 0.101279
400.000000 0.101016
401.000000 0.100554
402.000000 0.100303
403.000000 0.100228
404.000000 0.100083
405.000000 0.100371
406.000000 0.100719
407.000000 0.100808
408.000000 0.100894
409.000000 0.100953
410.000000 0.100953
411.000000 0.100936
412.000000 0.101251
413.000000 0.101839
414.000000 0.102236
415.000000 0.102575
416.000000 0.103011
417.000000 0.103298
418.000000 0.103439
419.000000 0.103698
420.000000 0.104037
421.000000 0.104380
422.000000 0.104637
423.000000 0.104710
424.000000 0.104621
425.000000 0.104405
426.000000 0.104105
427.000000 0.103689
428.000000 0.103280
429.000000 0.102661
430.000000 0.101728
431.000000 0.100688
432.000000 0.099549
433.000000 0.098315
434.000000 0.097218
435.000000 0.095988
436.000000 0.094480
437.000000 0.092971
438.000000 0.091447
439.000000 0.089941
440.000000 0.088399
441.000000 0.086884
442.000000 0.085582
443.000000 0.084359
444.000000 0.083138
445.000000 0.081999
446.000000 0.080879
447.000000 0.079853
448.000000 0.078690
449.000000 0.077542
450.000000 0.076706
451.000000 0.075808
452.000000 0.074789
453.000000 0.073813
454.000000 0.072928
455.000000 0.072089
456.000000 0.071183
457.000000 0.070196
458.000000 0.069264
459.000000 0.068354
460.000000 0.067334
461.000000 0.066293
462.000000 0.065253
463.000000 0.064207
464.000000 0.063185
465.000000 0.062106
466.000000 0.060956
467.000000 0.059847
468.000000 0.058840
469.000000 0.057790
470.000000 0.056725
471.000000 0.055711
472.000000 0.054648
473.000000 0.053625
474.000000 0.052684
475.000000 0.051853
476.000000 0.051156
477.000000 0.050386
478.000000 0.049603
479.000000 0.048951
480.000000 0.048419
481.000000 0.047954
482.000000 0.047551
483.000000 0.047151
484.000000 0.046728
485.000000 0.046420
486.000000 0.046247
487.000000 0.046106
488.000000 0.045962
489.000000 0.045747
490.000000 0.045560
491.000000 0.045680
492.000000 0.045860
493.000000 0.046064
494.000000 0.046236
495.000000 0.046374
496.000000 0.046505
497.000000 0.046355
498.000000 0.046233
499.000000 0.046418
500.000000 0.046700
501.000000 0.047022
502.000000 0.047509
503.000000 0.047863
504.000000 0.048052
505.000000 0.048261
506.000000 0.048526
507.000000 0.049036
508.000000 0.049449
509.000000 0.049819
510.000000 0.050540
511.000000 0.051032
512.000000 0.051190
513.000000 0.051942
514.000000 0.052719
515.000000 0.053028
516.000000 0.053269
517.000000 0.053477
518.000000 0.053684
519.000000 0.053956
520.000000 0.054289
521.000000 0.054799
522.000000 0.055408
523.000000 0.056109
524.000000 0.056969
525.000000 0.057665
526.000000 0.058318
527.000000 0.058791
528.000000 0.059280
529.000000 0.059765
530.000000 0.060095
531.000000 0.060506
532.000000 0.060882
533.000000 0.061307
534.000000 0.062020
535.000000 0.062868
536.000000 0.063711
537.000000 0.064444
538.000000 0.065482
539.000000 0.066507
540.000000 0.067152
541.000000 0.067923
542.000000 0.068798
543.000000 0.069713
544.000000 0.070492
545.000000 0.070956
546.000000 0.071450
547.000000 0.072100
548.000000 0.072702
549.000000 0.073384
550.000000 0.074177
551.000000 0.074975
552.000000 0.075644
553.000000 0.076306
554.000000 0.077014
555.000000 0.077571
556.000000 0.077904
557.000000 0.078432
558.000000 0.079364
559.000000 0.080159
560.000000 0.080810
561.000000 0.081425
562.000000 0.082098
563.000000 0.082864
564.000000 0.083593
565.000000 0.084312
566.000000 0.085043
567.000000 0.085850
568.000000 0.086642
569.000000 0.087545
570.000000 0.088573
571.000000 0.089525
572.000000 0.090471
573.000000 0.091491
574.000000 0.092492
575.000000 0.093550
576.000000 0.094715
577.000000 0.095921
578.000000 0.097195
579.000000 0.098422
580.000000 0.099800
581.000000 0.101330
582.000000 0.102777
583.000000 0.104304
584.000000 0.105759
585.000000 0.107203
586.000000 0.108751
587.000000 0.110253
588.000000 0.111799
589.000000 0.113380
590.000000 0.114945
591.000000 0.116519
592.000000 0.118192
593.000000 0.119970
594.000000 0.121715
595.000000 0.123396
596.000000 0.125155
597.000000 0.126917
598.000000 0.128789
599.000000 0.130823
600.000000 0.132799
601.000000 0.134724
602.000000 0.136605
603.000000 0.138597
604.000000 0.140731
605.000000 0.142799
606.000000 0.144969
607.000000 0.147277
608.000000 0.149486
609.000000 0.151690
610.000000 0.154041
611.000000 0.156451
612.000000 0.158889
613.000000 0.161410
614.000000 0.164135
615.000000 0.167091
616.000000 0.169981
617.000000 0.172865
618.000000 0.175909
619.000000 0.178899
620.000000 0.181918
621.000000 0.185235
622.000000 0.188600
623.000000 0.191968
624.000000 0.195594
625.000000 0.199266
626.000000 0.202983
627.000000 0.206933
628.000000 0.210912
629.000000 0.215000
630.000000 0.219417
631.000000 0.224024
632.000000 0.228600
633.000000 0.233317
634.000000 0.238271
635.000000 0.243256
636.000000 0.248399
637.000000 0.253821
638.000000 0.259182
639.000000 0.264573
640.000000 0.270266
641.000000 0.276104
642.000000 0.281723
643.000000 0.287354
644.000000 0.293450
645.000000 0.299426
646.000000 0.305329
647.000000 0.311510
648.000000 0.317737
649.000000 0.323831
650.000000 0.330020
651.000000 0.336558
652.000000 0.343252
653.000000 0.349753
654.000000 0.356278
655.000000 0.363127
656.000000 0.370198
657.000000 0.377244
658.000000 0.384337
659.000000 0.391754
660.000000 0.399387
661.000000 0.406916
662.000000 0.414454
663.000000 0.422414
664.000000 0.430576
665.000000 0.438472
666.000000 0.446253
667.000000 0.454209
668.000000 0.462173
669.000000 0.469772
670.000000 0.477115
671.000000 0.484577
672.000000 0.491984
673.000000 0.499206
674.000000 0.505863
675.000000 0.512277
676.000000 0.518840
677.000000 0.525181
678.000000 0.531226
679.000000 0.536709
680.000000 0.541783
681.000000 0.546706
682.000000 0.551386
683.000000 0.555805
684.000000 0.559777
685.000000 0.563370
686.000000 0.566847
687.000000 0.570199
688.000000 0.573331
689.000000 0.576364
690.000000 0.579185
691.000000 0.581956
692.000000 0.584964
693.000000 0.588127
694.000000 0.591492
695.000000 0.595202
696.000000 0.599113
697.000000 0.603327
698.000000 0.608207
699.000000 0.613768
700.000000 0.620047
701.000000 0.626996
702.000000 0.634281
703.000000 0.642156
704.000000 0.651216
705.000000 0.661356
706.000000 0.672319
707.000000 0.684127
708.000000 0.696871
709.000000 0.710512
710.000000 0.724481
711.000000 0.739092
712.000000 0.754957
713.000000 0.771696
714.000000 0.789189
715.000000 0.807305
716.000000 0.825931
717.000000 0.845050
718.000000 0.864513
719.000000 0.883354
720.000000 0.901893
721.000000 0.921012
722.000000 0.940272
723.000000 0.959395
724.000000 0.978267
725.000000 0.996631
726.000000 1.014292
727.000000 1.031465
728.000000 1.048182
729.000000 1.064407
730.000000 1.079907
731.000000 1.093844
732.000000 1.106852
733.000000 1.119793
734.000000 1.132072
735.000000 1.143585
736.000000 1.154341
737.000000 1.164275
738.000000 1.173262
739.000000 1.181312
740.000000 1.188349
741.000000 1.194177
742.000000 1.198675
743.000000 1.201918
744.000000 1.203949
745.000000 1.204675
746.000000 1.203999
747.000000 1.201566
748.000000 1.197445
749.000000 1.191768
750.000000 1.184414
751.000000 1.175353
752.000000 1.164381
753.000000 1.151377
754.000000 1.136463
755.000000 1.119663
756.000000 1.101036
757.000000 1.080536
758.000000 1.058389
759.000000 1.034480
760.000000 1.008833
761.000000 0.981891
762.000000 0.953740
763.000000 0.924393
764.000000 0.893875
765.000000 0.862030
766.000000 0.829421
767.000000 0.796469
768.000000 0.763467
769.000000 0.730550
770.000000 0.697544
771.000000 0.664766
772.000000 0.632391
773.000000 0.600587
774.000000 0.569350
775.000000 0.538744
776.000000 0.506991
777.000000 0.475469
778.000000 0.446684
779.000000 0.419773
780.000000 0.394174
781.000000 0.369752
782.000000 0.346550
783.000000 0.324537
784.000000 0.303674
785.000000 0.283874
786.000000 0.265137
787.000000 0.247446
788.000000 0.230268
789.000000 0.214126
790.000000 0.199663
791.000000 0.186448
792.000000 0.174124
793.000000 0.162603
794.000000 0.151836
795.000000 0.141742
796.000000 0.132337
797.000000 0.123358
798.000000 0.114981
799.000000 0.107400
800.000000 0.100424
801.000000 0.093967
802.000000 0.087940
803.000000 0.082348
804.000000 0.077007
805.000000 0.071922
806.000000 0.067319
807.000000 0.063152
808.000000 0.059283
809.000000 0.055656
810.000000 0.052142
811.000000 0.048800
812.000000 0.045810
813.000000 0.043082
814.000000 0.040567
815.000000 0.038425
816.000000 0.036450
817.000000 0.034132
818.000000 0.031782
819.000000 0.029839
820.000000 0.028175
821.000000 0.026608
822.000000 0.025079
823.000000 0.023726
824.000000 0.022482
825.000000 0.021232
826.000000 0.020070
827.000000 0.019008
828.000000 0.018053
829.000000 0.017229
830.000000 0.016409
831.000000 0.015625
832.000000 0.014884
833.000000 0.014189
834.000000 0.013572
835.000000 0.013007
836.000000 0.012532
837.000000 0.012123
838.000000 0.011698
839.000000 0.011286
840.000000 0.010936
841.000000 0.010544
842.000000 0.010117
843.000000 0.009752
844.000000 0.009446
845.000000 0.009137
846.000000 0.008816
847.000000 0.008554
848.000000 0.008304
849.000000 0.008014
850.000000 0.007759
851.000000 0.007535
852.000000 0.007355
853.000000 0.007184
854.000000 0.006962
855.000000 0.006734
856.000000 0.006539
857.000000 0.006327
858.000000 0.006123
859.000000 0.005954
860.000000 0.005768
861.000000 0.005585
862.000000 0.005428
863.000000 0.005263
864.000000 0.005108
865.000000 0.004937
866.000000 0.004735
867.000000 0.004574
868.000000 0.004471
869.000000 0.004366
870.000000 0.004224
871.000000 0.004090
872.000000 0.003927
873.000000 0.003774
874.000000 0.003707
875.000000 0.003688
876.000000 0.003615
877.000000 0.003489
878.000000 0.003367
879.000000 0.003234
880.000000 0.003092
881.000000 0.002980
882.000000 0.002904
883.000000 0.002833
884.000000 0.002780
885.000000 0.002730
886.000000 0.002643
887.000000 0.002535
888.000000 0.002470
889.000000 0.002431
890.000000 0.002357
891.000000 0.002281
892.000000 0.002225
893.000000 0.002182
894.000000 0.002150
895.000000 0.002108
896.000000 0.002087
897.000000 0.002090
898.000000 0.002063
899.000000 0.002002
900.000000 0.001943
901.000000 0.001892
902.000000 0.001865
903.000000 0.001845
904.000000 0.001835
905.000000 0.001813
906.000000 0.001769
907.000000 0.001766
908.000000 0.001763
909.000000 0.001738
910.000000 0.001691
911.000000 0.001620
912.000000 0.001569
913.000000 0.001514
914.000000 0.001493
915.000000 0.001517
916.000000 0.001503
917.000000 0.001469
918.000000 0.001415
919.000000 0.001353
920.000000 0.001314
921.000000 0.001290
922.000000 0.001268
923.000000 0.001252
924.000000 0.001240
925.000000 0.001203
926.000000 0.001160
927.000000 0.001140
928.000000 0.001098
929.000000 0.000954
930.000000 0.000895
931.000000 0.000964
932.000000 0.000958
933.000000 0.000930
934.000000 0.000917
935.000000 0.000879
936.000000 0.000869
937.000000 0.000899
938.000000 0.000927
939.000000 0.000938
940.000000 0.000946
941.000000 0.000935
942.000000 0.000928
943.000000 0.000924
944.000000 0.000890
945.000000 0.000854
946.000000 0.000821
947.000000 0.000812
948.000000 0.000800
949.000000 0.000786
950.000000 0.000790
