315.000000 0.065378
316.000000 0.065239
317.000000 0.064330
318.000000 0.064016
319.000000 0.063994
320.000000 0.063155
321.000000 0.062678
322.000000 0.062125
323.000000 0.061852
324.000000 0.062597
325.000000 0.063199
326.000000 0.063825
327.000000 0.064193
328.000000 0.064139
329.000000 0.063557
330.000000 0.062823
331.000000 0.062482
332.000000 0.062220
333.000000 0.062505
334.000000 0.063409
335.000000 0.063822
336.000000 0.064135
337.000000 0.064652
338.000000 0.064758
339.000000 0.065011
340.000000 0.065383
341.000000 0.065560
342.000000 0.065629
343.000000 0.065839
344.000000 0.066316
345.000000 0.066980
346.000000 0.067833
347.000000 0.068590
348.000000 0.069034
349.000000 0.069385
350.000000 0.069863
351.000000 0.070278
352.000000 0.070634
353.000000 0.071026
354.000000 0.071334
355.000000 0.071792
356.000000 0.072409
357.000000 0.073070
358.000000 0.073781
359.000000 0.074530
360.000000 0.075461
361.000000 0.076457
362.000000 0.077459
363.000000 0.078525
364.000000 0.079800
365.000000 0.080992
366.000000 0.082078
367.000000 0.083314
368.000000 0.084404
369.000000 0.085405
370.000000 0.086170
371.000000 0.086803
372.000000 0.087880
373.000000 0.089445
374.000000 0.090509
375.000000 0.091176
376.000000 0.092199
377.000000 0.093146
378.000000 0.094674
379.000000 0.096690
380.000000 0.098897
381.000000 0.100946
382.000000 0.102889
383.000000 0.105001
384.000000 0.107129
385.000000 0.109102
386.000000 0.110614
387.000000 0.111983
388.000000 0.112938
389.000000 0.113373
390.000000 0.113094
391.000000 0.112677
392.000000 0.112462
393.000000 0.112143
394.000000 0.111729
395.000000 0.111087
396.000000 0.110568
397.000000 0.110476
398.000000 0.110555
399.000000 0.110741
400.000000 0.110920
401.000000 0.110870
402.000000 0.111026
403.000000 0.111253
404.000000 0.111352
405.000000 0.111697
406.000000 0.112266
407.000000 0.112842
408.000000 0.113398
409.000000 0.113974
410.000000 0.114387
411.000000 0.114654
412.000000 0.115128
413.000000 0.115711
414.000000 0.116102
415.000000 0.116516
416.000000 0.116906
417.000000 0.117340
418.000000 0.118096
419.000000 0.118867
420.000000 0.119447
421.000000 0.119899
422.000000 0.120138
423.000000 0.120399
424.000000 0.120627
425.000000 0.120698
426.000000 0.120638
427.000000 0.120346
428.000000 0.119882
429.000000 0.119310
430.000000 0.118729
431.000000 0.117983
432.000000 0.117051
433.000000 0.116040
434.000000 0.115001
435.000000 0.113779
436.000000 0.112352
437.000000 0.110970
438.000000 0.109637
439.000000 0.108301
440.000000 0.106895
441.000000 0.105468
442.000000 0.104199
443.000000 0.102919
444.000000 0.101612
445.000000 0.100459
446.000000 0.099362
447.000000 0.098257
448.000000 0.097004
449.000000 0.095864
450.000000 0.094998
451.000000 0.093951
452.000000 0.092903
453.000000 0.091988
454.000000 0.090979
455.000000 0.089960
456.000000 0.088922
457.000000 0.087708
458.000000 0.086473
459.000000 0.085337
460.000000 0.084126
461.000000 0.082825
462.000000 0.081463
463.000000 0.080057
464.000000 0.078663
465.000000 0.077279
466.000000 0.075924
467.000000 0.074584
468.000000 0.073251
469.000000 0.071944
470.000000 0.070655
471.000000 0.069339
472.000000 0.068010
473.000000 0.066798
474.000000 0.065629
475.000000 0.064431
476.000000 0.063404
477.000000 0.062447
478.000000 0.061462
479.000000 0.060612
480.000000 0.059918
481.000000 0.059339
482.000000 0.058816
483.000000 0.058282
484.000000 0.057801
485.000000 0.057434
486.000000 0.057152
487.000000 0.056911
488.000000 0.056707
489.000000 0.056530
490.000000 0.056383
491.000000 0.056483
492.000000 0.056822
493.000000 0.057074
494.000000 0.057028
495.000000 0.057077
496.000000 0.057443
497.000000 0.057777
498.000000 0.058092
499.000000 0.058602
500.000000 0.058908
501.000000 0.059181
502.000000 0.059731
503.000000 0.060048
504.000000 0.060218
505.000000 0.060636
506.000000 0.061157
507.000000 0.061572
508.000000 0.061912
509.000000 0.062307
510.000000 0.062903
511.000000 0.063307
512.000000 0.063463
513.000000 0.064076
514.000000 0.065002
515.000000 0.065580
516.000000 0.065963
517.000000 0.066374
518.000000 0.066488
519.000000 0.066539
520.000000 0.067005
521.000000 0.067786
522.000000 0.068464
523.000000 0.069305
524.000000 0.070180
525.000000 0.070742
526.000000 0.071257
527.000000 0.071710
528.000000 0.072500
529.000000 0.073218
530.000000 0.073663
531.000000 0.074069
532.000000 0.074365
533.000000 0.074763
534.000000 0.075448
535.000000 0.076280
536.000000 0.077111
537.000000 0.077770
538.000000 0.078329
539.000000 0.079008
540.000000 0.079762
541.000000 0.080806
542.000000 0.081964
543.000000 0.082821
544.000000 0.083589
545.000000 0.084287
546.000000 0.084901
547.000000 0.085494
548.000000 0.086106
549.000000 0.086896
550.000000 0.087666
551.000000 0.088334
552.000000 0.088739
553.000000 0.089177
554.000000 0.089830
555.000000 0.090212
556.000000 0.090386
557.000000 0.090731
558.000000 0.091279
559.000000 0.091868
560.000000 0.092467
561.000000 0.093023
562.000000 0.093729
563.000000 0.094572
564.000000 0.095249
565.000000 0.095816
566.000000 0.096392
567.000000 0.097025
568.000000 0.097668
569.000000 0.098259
570.000000 0.099002
571.000000 0.099907
572.000000 0.100729
573.000000 0.101531
574.000000 0.102231
575.000000 0.103040
576.000000 0.104078
577.000000 0.105130
578.000000 0.106313
579.000000 0.107429
580.000000 0.108445
581.000000 0.109589
582.000000 0.110709
583.000000 0.111905
584.000000 0.113115
585.000000 0.114400
586.000000 0.115778
587.000000 0.116919
588.000000 0.118066
589.000000 0.119369
590.000000 0.120610
591.000000 0.121920
592.000000 0.123368
593.000000 0.124847
594.000000 0.126296
595.000000 0.127544
596.000000 0.128806
597.000000 0.130162
598.000000 0.131649
599.000000 0.133282
600.000000 0.134916
601.000000 0.136590
602.000000 0.138236
603.000000 0.139815
604.000000 0.141424
605.000000 0.143095
606.000000 0.144940
607.000000 0.146887
608.000000 0.148713
609.000000 0.150576
610.000000 0.152542
611.000000 0.154562
612.000000 0.156645
613.000000 0.158774
614.000000 0.161045
615.000000 0.163538
616.000000 0.166006
617.000000 0.168421
618.000000 0.171010
619.000000 0.173653
620.000000 0.176358
621.000000 0.179305
622.000000 0.182288
623.000000 0.185260
624.000000 0.188462
625.000000 0.191727
626.000000 0.195032
627.000000 0.198597
628.000000 0.202216
629.000000 0.205909
630.000000 0.209920
631.000000 0.214154
632.000000 0.218392
633.000000 0.222713
634.000000 0.227278
635.000000 0.231850
636.000000 0.236535
637.000000 0.241489
638.000000 0.246416
639.000000 0.251424
640.000000 0.256645
641.000000 0.261984
642.000000 0.267097
643.000000 0.272210
644.000000 0.277760
645.000000 0.283138
646.000000 0.288501
647.000000 0.294123
648.000000 0.299805
649.000000 0.305444
650.000000 0.311100
651.000000 0.317034
652.000000 0.323075
653.000000 0.328929
654.000000 0.334786
655.000000 0.340969
656.000000 0.347410
657.000000 0.353789
658.000000 0.360161
659.000000 0.366841
660.000000 0.373665
661.000000 0.380415
662.000000 0.387319
663.000000 0.394545
664.000000 0.401777
665.000000 0.408740
666.000000 0.415699
667.000000 0.422862
668.000000 0.430032
669.000000 0.436935
670.000000 0.443620
671.000000 0.450371
672.000000 0.457055
673.000000 0.463626
674.000000 0.469706
675.000000 0.475509
676.000000 0.481390
677.000000 0.487069
678.000000 0.492480
679.000000 0.497388
680.000000 0.501935
681.000000 0.506311
682.000000 0.510479
683.000000 0.514471
684.000000 0.518087
685.000000 0.521347
686.000000 0.524443
687.000000 0.527407
688.000000 0.530223
689.000000 0.532919
690.000000 0.535439
691.000000 0.537930
692.000000 0.540587
693.000000 0.543458
694.000000 0.546623
695.000000 0.550075
696.000000 0.553636
697.000000 0.557453
698.000000 0.561822
699.000000 0.566819
700.000000 0.572529
701.000000 0.578955
702.000000 0.585730
703.000000 0.593032
704.000000 0.601351
705.000000 0.610621
706.000000 0.620725
707.000000 0.631569
708.000000 0.643287
709.000000 0.655870
710.000000 0.668763
711.000000 0.682165
712.000000 0.696636
713.000000 0.711919
714.000000 0.727835
715.000000 0.744230
716.000000 0.761131
717.000000 0.778448
718.000000 0.795923
719.000000 0.812781
720.000000 0.829261
721.000000 0.846192
722.000000 0.863245
723.000000 0.880068
724.000000 0.896531
725.000000 0.912527
726.000000 0.927911
727.000000 0.942722
728.000000 0.957037
729.000000 0.970865
730.000000 0.984067
731.000000 0.995980
732.000000 1.006863
733.000000 1.017563
734.000000 1.027786
735.000000 1.037184
736.000000 1.045911
737.000000 1.053975
738.000000 1.061186
739.000000 1.067491
740.000000 1.072947
741.000000 1.077564
742.000000 1.081079
743.000000 1.083511
744.000000 1.084876
745.000000 1.085114
746.000000 1.084066
747.000000 1.081537
748.000000 1.077583
749.000000 1.072217
750.000000 1.065375
751.000000 1.057054
752.000000 1.047141
753.000000 1.035542
754.000000 1.022310
755.000000 1.007289
756.000000 0.990589
757.000000 0.972358
758.000000 0.952575
759.000000 0.931244
760.000000 0.908441
761.000000 0.884386
762.000000 0.859283
763.000000 0.833122
764.000000 0.805799
765.000000 0.777270
766.000000 0.747989
767.000000 0.718496
768.000000 0.689045
769.000000 0.659558
770.000000 0.629942
771.000000 0.600478
772.000000 0.571337
773.000000 0.542707
774.000000 0.514602
775.000000 0.487038
776.000000 0.458433
777.000000 0.430114
778.000000 0.404290
779.000000 0.380064
780.000000 0.357042
781.000000 0.335131
782.000000 0.314213
783.000000 0.294286
784.000000 0.275383
785.000000 0.257459
786.000000 0.240581
787.000000 0.224746
788.000000 0.209352
789.000000 0.194846
790.000000 0.181836
791.000000 0.169864
792.000000 0.158675
793.000000 0.148329
794.000000 0.138690
795.000000 0.129640
796.000000 0.121166
797.000000 0.113007
798.000000 0.105435
799.000000 0.098637
800.000000 0.092356
801.000000 0.086549
802.000000 0.081169
803.000000 0.076149
804.000000 0.071280
805.000000 0.066653
806.000000 0.062498
807.000000 0.058699
808.000000 0.055155
809.000000 0.051810
810.000000 0.048601
811.000000 0.045587
812.000000 0.042887
813.000000 0.040386
814.000000 0.037999
815.000000 0.035809
816.000000 0.033722
817.000000 0.031695
818.000000 0.029808
819.000000 0.028097
820.000000 0.026572
821.000000 0.025121
822.000000 0.023745
823.000000 0.022518
824.000000 0.021351
825.000000 0.020190
826.000000 0.019101
827.000000 0.018124
828.000000 0.017259
829.000000 0.016484
830.000000 0.015686
831.000000 0.014926
832.000000 0.014273
833.000000 0.013644
834.000000 0.013071
835.000000 0.012579
836.000000 0.012146
837.000000 0.011739
838.000000 0.011295
839.000000 0.010857
840.000000 0.010459
841.000000 0.010023
842.000000 0.009632
843.000000 0.009341
844.000000 0.009067
845.000000 0.008745
846.000000 0.008424
847.000000 0.008213
848.000000 0.007997
849.000000 0.007723
850.000000 0.007487
851.000000 0.007271
852.000000 0.007082
853.000000 0.006888
854.000000 0.006673
855.000000 0.006477
856.000000 0.006303
857.000000 0.006163
858.000000 0.006054
859.000000 0.005893
860.000000 0.005670
861.000000 0.005492
862.000000 0.005355
863.000000 0.005218
864.000000 0.005045
865.000000 0.004821
866.000000 0.004611
867.000000 0.004450
868.000000 0.004337
869.000000 0.004253
870.000000 0.004128
871.000000 0.003977
872.000000 0.003821
873.000000 0.003706
874.000000 0.003678
875.000000 0.003646
876.000000 0.003560
877.000000 0.003417
878.000000 0.003261
879.000000 0.003126
880.000000 0.003014
881.000000 0.002912
882.000000 0.002802
883.000000 0.002729
884.000000 0.002684
885.000000 0.002591
886.000000 0.002476
887.000000 0.002395
888.000000 0.002356
889.000000 0.002343
890.000000 0.002302
891.000000 0.002241
892.000000 0.002155
893.000000 0.002045
894.000000 0.001988
895.000000 0.001967
896.000000 0.001964
897.000000 0.001968
898.000000 0.001931
899.000000 0.001895
900.000000 0.001876
901.000000 0.001855
902.000000 0.001817
903.000000 0.001791
904.000000 0.001842
905.000000 0.001854
906.000000 0.001766
907.000000 0.001714
908.000000 0.001701
909.000000 0.001667
910.000000 0.001613
911.000000 0.001588
912.000000 0.001567
913.000000 0.001514
914.000000 0.001490
915.000000 0.001487
916.000000 0.001477
917.000000 0.001481
918.000000 0.001462
919.000000 0.001402
920.000000 0.001344
921.000000 0.001297
922.000000 0.001255
923.000000 0.001217
924.000000 0.001186
925.000000 0.001141
926.000000 0.001118
927.000000 0.001120
928.000000 0.001097
929.000000 0.000984
930.000000 0.000903
931.000000 0.000932
932.000000 0.000948
933.000000 0.000962
934.000000 0.000967
935.000000 0.000940
936.000000 0.000912
937.000000 0.000911
938.000000 0.000916
939.000000 0.000918
940.000000 0.000939
941.000000 0.000961
942.000000 0.000992
943.000000 0.001012
944.000000 0.000984
945.000000 0.000915
946.000000 0.000859
947.000000 0.000824
948.000000 0.000808
949.000000 0.000795
950.000000 0.000771
