315.000000 0.109247
316.000000 0.109672
317.000000 0.109981
318.000000 0.110505
319.000000 0.110860
320.000000 0.111605
321.000000 0.112992
322.000000 0.114282
323.000000 0.115387
324.000000 0.115926
325.000000 0.116375
326.000000 0.117708
327.000000 0.118657
328.000000 0.118867
329.000000 0.119513
330.000000 0.120237
331.000000 0.121062
332.000000 0.121460
333.000000 0.121880
334.000000 0.122683
335.000000 0.123082
336.000000 0.123422
337.000000 0.124197
338.000000 0.125036
339.000000 0.125412
340.000000 0.125827
341.000000 0.126356
342.000000 0.126556
343.000000 0.127207
344.000000 0.128105
345.000000 0.128383
346.000000 0.128699
347.000000 0.129507
348.000000 0.130153
349.000000 0.130806
350.000000 0.131532
351.000000 0.132153
352.000000 0.132880
353.000000 0.133627
354.000000 0.134274
355.000000 0.135124
356.000000 0.136149
357.000000 0.137073
358.000000 0.138069
359.000000 0.139095
360.000000 0.140267
361.000000 0.141385
362.000000 0.142451
363.000000 0.143712
364.000000 0.145132
365.000000 0.146625
366.000000 0.148080
367.000000 0.149807
368.000000 0.151723
369.000000 0.153402
370.000000 0.155065
371.000000 0.156990
372.000000 0.158867
373.000000 0.160770
374.000000 0.163394
375.000000 0.166038
376.000000 0.168458
377.000000 0.171260
378.000000 0.174117
379.000000 0.176891
380.000000 0.179655
381.000000 0.182812
382.000000 0.186213
383.000000 0.189195
384.000000 0.192351
385.000000 0.195770
386.000000 0.199182
387.000000 0.202742
388.000000 0.205932
389.000000 0.208959
390.000000 0.212516
391.000000 0.216081
392.000000 0.219537
393.000000 0.223119
394.000000 0.226520
395.000000 0.229927
396.000000 0.233522
397.000000 0.237176
398.000000 0.240927
399.000000 0.244688
400.000000 0.248177
401.000000 0.251865
402.000000 0.255700
403.000000 0.259252
404.000000 0.262496
405.000000 0.265945
406.000000 0.269619
407.000000 0.272883
408.000000 0.276071
409.000000 0.279244
410.000000 0.282140
411.000000 0.285192
412.000000 0.288464
413.000000 0.291467
414.000000 0.294308
415.000000 0.297309
416.000000 0.300156
417.000000 0.302814
418.000000 0.305282
419.000000 0.307578
420.000000 0.309935
421.000000 0.312182
422.000000 0.314267
423.000000 0.316179
424.000000 0.317908
425.000000 0.319284
426.000000 0.320480
427.000000 0.321671
428.000000 0.322737
429.000000 0.323568
430.000000 0.324060
431.000000 0.324261
432.000000 0.324349
433.000000 0.324399
434.000000 0.324243
435.000000 0.323984
436.000000 0.323560
437.000000 0.322919
438.000000 0.322233
439.000000 0.321459
440.000000 0.320563
441.000000 0.319551
442.000000 0.318570
443.000000 0.317445
444.000000 0.316203
445.000000 0.314950
446.000000 0.313537
447.000000 0.312078
448.000000 0.310608
449.000000 0.309025
450.000000 0.307290
451.000000 0.305383
452.000000 0.303333
453.000000 0.301269
454.000000 0.299033
455.000000 0.296606
456.000000 0.293964
457.000000 0.291125
458.000000 0.288246
459.000000 0.285101
460.000000 0.281803
461.000000 0.278447
462.000000 0.274751
463.000000 0.270850
464.000000 0.266840
465.000000 0.262710
466.000000 0.258764
467.000000 0.254766
468.000000 0.250649
469.000000 0.246486
470.000000 0.242288
471.000000 0.238343
472.000000 0.234461
473.000000 0.230496
474.000000 0.226514
475.000000 0.222619
476.000000 0.218892
477.000000 0.215217
478.000000 0.211773
479.000000 0.208516
480.000000 0.205368
481.000000 0.202341
482.000000 0.199383
483.000000 0.196589
484.000000 0.193885
485.000000 0.191376
486.000000 0.189101
487.000000 0.186954
488.000000 0.184870
489.000000 0.182640
490.000000 0.180474
491.000000 0.178583
492.000000 0.176925
493.000000 0.175178
494.000000 0.173546
495.000000 0.172211
496.000000 0.171090
497.000000 0.170168
498.000000 0.169195
499.000000 0.168233
500.000000 0.167197
501.000000 0.166123
502.000000 0.165241
503.000000 0.164378
504.000000 0.163424
505.000000 0.162771
506.000000 0.162185
507.000000 0.161139
508.000000 0.160159
509.000000 0.159538
510.000000 0.158636
511.000000 0.157967
512.000000 0.157587
513.000000 0.156841
514.000000 0.155894
515.000000 0.154962
516.000000 0.154390
517.000000 0.154106
518.000000 0.153818
519.000000 0.153482
520.000000 0.153043
521.000000 0.152621
522.000000 0.152234
523.000000 0.152020
524.000000 0.151870
525.000000 0.151974
526.000000 0.152185
527.000000 0.152178
528.000000 0.152246
529.000000 0.152153
530.000000 0.152118
531.000000 0.152234
532.000000 0.152222
533.000000 0.152400
534.000000 0.152753
535.000000 0.152917
536.000000 0.153117
537.000000 0.153593
538.000000 0.154252
539.000000 0.154994
540.000000 0.155433
541.000000 0.155668
542.000000 0.155982
543.000000 0.156690
544.000000 0.157493
545.000000 0.157456
546.000000 0.157305
547.000000 0.157526
548.000000 0.157844
549.000000 0.158062
550.000000 0.158026
551.000000 0.157928
552.000000 0.157808
553.000000 0.157597
554.000000 0.157414
555.000000 0.157208
556.000000 0.156755
557.000000 0.156345
558.000000 0.156016
559.000000 0.155639
560.000000 0.155166
561.000000 0.154686
562.000000 0.154302
563.000000 0.153863
564.000000 0.153327
565.000000 0.152729
566.000000 0.152141
567.000000 0.151527
568.000000 0.150904
569.000000 0.150297
570.000000 0.149829
571.000000 0.149238
572.000000 0.148332
573.000000 0.147427
574.000000 0.146653
575.000000 0.146051
576.000000 0.145422
577.000000 0.144816
578.000000 0.144175
579.000000 0.143353
580.000000 0.142416
581.000000 0.141444
582.000000 0.140569
583.000000 0.139690
584.000000 0.138794
585.000000 0.137931
586.000000 0.136987
587.000000 0.136009
588.000000 0.135007
589.000000 0.133998
590.000000 0.133012
591.000000 0.131793
592.000000 0.130583
593.000000 0.129398
594.000000 0.128110
595.000000 0.126914
596.000000 0.125583
597.000000 0.124167
598.000000 0.122816
599.000000 0.121334
600.000000 0.119764
601.000000 0.118170
602.000000 0.116621
603.000000 0.115167
604.000000 0.113618
605.000000 0.112000
606.000000 0.110429
607.000000 0.108866
608.000000 0.107417
609.000000 0.106015
610.000000 0.104510
611.000000 0.103120
612.000000 0.101900
613.000000 0.100717
614.000000 0.099609
615.000000 0.098549
616.000000 0.097604
617.000000 0.096742
618.000000 0.095945
619.000000 0.095298
620.000000 0.094666
621.000000 0.094181
622.000000 0.093870
623.000000 0.093580
624.000000 0.093433
625.000000 0.093464
626.000000 0.093644
627.000000 0.093904
628.000000 0.094130
629.000000 0.094481
630.000000 0.094939
631.000000 0.095422
632.000000 0.095955
633.000000 0.096531
634.000000 0.097142
635.000000 0.097759
636.000000 0.098366
637.000000 0.098906
638.000000 0.099404
639.000000 0.099809
640.000000 0.099993
641.000000 0.100086
642.000000 0.100168
643.000000 0.100089
644.000000 0.099802
645.000000 0.099413
646.000000 0.098858
647.000000 0.098050
648.000000 0.097073
649.000000 0.096046
650.000000 0.094869
651.000000 0.093443
652.000000 0.091889
653.000000 0.090362
654.000000 0.088821
655.000000 0.087137
656.000000 0.085428
657.000000 0.083821
658.000000 0.082243
659.000000 0.080593
660.000000 0.078980
661.000000 0.077536
662.000000 0.076153
663.000000 0.074842
664.000000 0.073586
665.000000 0.072404
666.000000 0.071423
667.000000 0.070510
668.000000 0.069664
669.000000 0.068949
670.000000 0.068322
671.000000 0.067764
672.000000 0.067319
673.000000 0.067002
674.000000 0.066770
675.000000 0.066530
676.000000 0.066302
677.000000 0.066102
678.000000 0.065898
679.000000 0.065724
680.000000 0.065591
681.000000 0.065526
682.000000 0.065478
683.000000 0.065451
684.000000 0.065506
685.000000 0.065580
686.000000 0.065567
687.000000 0.065520
688.000000 0.065490
689.000000 0.065476
690.000000 0.065513
691.000000 0.065573
692.000000 0.065671
693.000000 0.065803
694.000000 0.065952
695.000000 0.066151
696.000000 0.066400
697.000000 0.066682
698.000000 0.067005
699.000000 0.067410
700.000000 0.067909
701.000000 0.068426
702.000000 0.068948
703.000000 0.069571
704.000000 0.070286
705.000000 0.071069
706.000000 0.071918
707.000000 0.072786
708.000000 0.073744
709.000000 0.074882
710.000000 0.076037
711.000000 0.077168
712.000000 0.078420
713.000000 0.079756
714.000000 0.081108
715.000000 0.082520
716.000000 0.083961
717.000000 0.085419
718.000000 0.086897
719.000000 0.088298
720.000000 0.089656
721.000000 0.091024
722.000000 0.092382
723.000000 0.093747
724.000000 0.095100
725.000000 0.096346
726.000000 0.097489
727.000000 0.098540
728.000000 0.099523
729.000000 0.100487
730.000000 0.101372
731.000000 0.102129
732.000000 0.102876
733.000000 0.103654
734.000000 0.104308
735.000000 0.104777
736.000000 0.105166
737.000000 0.105487
738.000000 0.105741
739.000000 0.105900
740.000000 0.105976
741.000000 0.105994
742.000000 0.105890
743.000000 0.105725
744.000000 0.105545
745.000000 0.105254
746.000000 0.104826
747.000000 0.104272
748.000000 0.103519
749.000000 0.102681
750.000000 0.101797
751.000000 0.100801
752.000000 0.099605
753.000000 0.098423
754.000000 0.097286
755.000000 0.095949
756.000000 0.094499
757.000000 0.092963
758.000000 0.091309
759.000000 0.089562
760.000000 0.087770
761.000000 0.085909
762.000000 0.083936
763.000000 0.081858
764.000000 0.079730
765.000000 0.077506
766.000000 0.075241
767.000000 0.072973
768.000000 0.070774
769.000000 0.068672
770.000000 0.066535
771.000000 0.064405
772.000000 0.062297
773.000000 0.060216
774.000000 0.058195
775.000000 0.056247
776.000000 0.054204
777.000000 0.052152
778.000000 0.050318
779.000000 0.048628
780.000000 0.046966
781.000000 0.045327
782.000000 0.043772
783.000000 0.042278
784.000000 0.040857
785.000000 0.039504
786.000000 0.038145
787.000000 0.036793
788.000000 0.035543
789.000000 0.034411
790.000000 0.033320
791.000000 0.032247
792.000000 0.031218
793.000000 0.030210
794.000000 0.029222
795.000000 0.028298
796.000000 0.027411
797.000000 0.026488
798.000000 0.025540
799.000000 0.024537
800.000000 0.023642
801.000000 0.023028
802.000000 0.022292
803.000000 0.021428
804.000000 0.020564
805.000000 0.019654
806.000000 0.018900
807.000000 0.018225
808.000000 0.017539
809.000000 0.016893
810.000000 0.016205
811.000000 0.015429
812.000000 0.014662
813.000000 0.013951
814.000000 0.013342
815.000000 0.012831
816.000000 0.012319
817.000000 0.011798
818.000000 0.011292
819.000000 0.010786
820.000000 0.010300
821.000000 0.009840
822.000000 0.009370
823.000000 0.008938
824.000000 0.008570
825.000000 0.008191
826.000000 0.007863
827.000000 0.007579
828.000000 0.007322
829.000000 0.007084
830.000000 0.006827
831.000000 0.006604
832.000000 0.006417
833.000000 0.006230
834.000000 0.006045
835.000000 0.005883
836.000000 0.005699
837.000000 0.005546
838.000000 0.005401
839.000000 0.005212
840.000000 0.005020
841.000000 0.004856
842.000000 0.004732
843.000000 0.004623
844.000000 0.004522
845.000000 0.004410
846.000000 0.004327
847.000000 0.004281
848.000000 0.004179
849.000000 0.004009
850.000000 0.003888
851.000000 0.003788
852.000000 0.003686
853.000000 0.003593
854.000000 0.003484
855.000000 0.003414
856.000000 0.003369
857.000000 0.003294
858.000000 0.003179
859.000000 0.003089
860.000000 0.003003
861.000000 0.002893
862.000000 0.002772
863.000000 0.002628
864.000000 0.002546
865.000000 0.002520
866.000000 0.002472
867.000000 0.002396
868.000000 0.002299
869.000000 0.002182
870.000000 0.002067
871.000000 0.001986
872.000000 0.001958
873.000000 0.001979
874.000000 0.002034
875.000000 0.002000
876.000000 0.001830
877.000000 0.001643
878.000000 0.001490
879.000000 0.001418
880.000000 0.001396
881.000000 0.001355
882.000000 0.001329
883.000000 0.001292
884.000000 0.001207
885.000000 0.001154
886.000000 0.001129
887.000000 0.001093
888.000000 0.001083
889.000000 0.001063
890.000000 0.000993
891.000000 0.000916
892.000000 0.000876
893.000000 0.000864
894.000000 0.000874
895.000000 0.000867
896.000000 0.000865
897.000000 0.000858
898.000000 0.000796
899.000000 0.000732
900.000000 0.000738
901.000000 0.000775
902.000000 0.000785
903.000000 0.000772
904.000000 0.000783
905.000000 0.000801
906.000000 0.000807
907.000000 0.000823
908.000000 0.000862
909.000000 0.000920
910.000000 0.000884
911.000000 0.000757
912.000000 0.000653
913.000000 0.000606
914.000000 0.000623
915.000000 0.000637
916.000000 0.000634
917.000000 0.000627
918.000000 0.000583
919.000000 0.000545
920.000000 0.000543
921.000000 0.000537
922.000000 0.000533
923.000000 0.000540
924.000000 0.000519
925.000000 0.000488
926.000000 0.000449
927.000000 0.000455
928.000000 0.000470
929.000000 0.000442
930.000000 0.000488
931.000000 0.000586
932.000000 0.000542
933.000000 0.000436
934.000000 0.000438
935.000000 0.000477
936.000000 0.000554
937.000000 0.000604
938.000000 0.000544
939.000000 0.000483
940.000000 0.000448
941.000000 0.000457
942.000000 0.000520
943.000000 0.000546
944.000000 0.000507
945.000000 0.000484
946.000000 0.000493
947.000000 0.000498
948.000000 0.000489
949.000000 0.000473
950.000000 0.000464
