315.000000 0.068655
316.000000 0.068502
317.000000 0.067406
318.000000 0.067304
319.000000 0.067660
320.000000 0.066769
321.000000 0.065981
322.000000 0.065747
323.000000 0.065906
324.000000 0.067145
325.000000 0.068324
326.000000 0.068591
327.000000 0.068450
328.000000 0.068499
329.000000 0.068249
330.000000 0.067700
331.000000 0.067170
332.000000 0.066793
333.000000 0.066976
334.000000 0.067570
335.000000 0.067857
336.000000 0.067958
337.000000 0.068257
338.000000 0.068333
339.000000 0.068610
340.000000 0.069164
341.000000 0.069589
342.000000 0.069821
343.000000 0.070111
344.000000 0.070708
345.000000 0.071185
346.000000 0.071531
347.000000 0.071992
348.000000 0.072520
349.000000 0.072960
350.000000 0.073303
351.000000 0.073840
352.000000 0.074507
353.000000 0.074932
354.000000 0.075234
355.000000 0.075767
356.000000 0.076522
357.000000 0.077109
358.000000 0.077715
359.000000 0.078490
360.000000 0.079315
361.000000 0.080222
362.000000 0.081161
363.000000 0.082240
364.000000 0.083458
365.000000 0.084577
366.000000 0.085648
367.000000 0.086838
368.000000 0.087945
369.000000 0.088950
370.000000 0.089809
371.000000 0.090497
372.000000 0.091634
373.000000 0.093159
374.000000 0.094454
375.000000 0.095524
376.000000 0.096647
377.000000 0.098055
378.000000 0.099836
379.000000 0.101616
380.000000 0.103736
381.000000 0.106197
382.000000 0.108478
383.000000 0.110688
384.000000 0.113013
385.000000 0.115374
386.000000 0.117344
387.000000 0.118983
388.000000 0.119907
389.000000 0.120104
390.000000 0.120053
391.000000 0.120130
392.000000 0.120051
393.000000 0.119708
394.000000 0.119487
395.000000 0.119123
396.000000 0.118845
397.000000 0.119168
398.000000 0.119627
399.000000 0.119882
400.000000 0.120196
401.000000 0.120500
402.000000 0.120932
403.000000 0.121406
404.000000 0.121778
405.000000 0.122428
406.000000 0.123193
407.000000 0.123871
408.000000 0.124560
409.000000 0.125262
410.000000 0.125987
411.000000 0.126664
412.000000 0.127411
413.000000 0.128293
414.000000 0.129150
415.000000 0.129998
416.000000 0.130745
417.000000 0.131506
418.000000 0.132353
419.000000 0.133314
420.000000 0.134271
421.000000 0.134877
422.000000 0.135358
423.000000 0.136023
424.000000 0.136540
425.000000 0.136733
426.000000 0.136782
427.000000 0.136724
428.000000 0.136465
429.000000 0.136024
430.000000 0.135445
431.000000 0.134774
432.000000 0.134186
433.000000 0.133443
434.000000 0.132590
435.000000 0.131612
436.000000 0.130401
437.000000 0.129069
438.000000 0.127732
439.000000 0.126483
440.000000 0.125134
441.000000 0.123784
442.000000 0.122660
443.000000 0.121507
444.000000 0.120333
445.000000 0.119221
446.000000 0.118057
447.000000 0.116931
448.000000 0.115617
449.000000 0.114360
450.000000 0.113461
451.000000 0.112422
452.000000 0.111193
453.000000 0.110053
454.000000 0.108942
455.000000 0.107755
456.000000 0.106490
457.000000 0.105134
458.000000 0.103767
459.000000 0.102370
460.000000 0.100901
461.000000 0.099407
462.000000 0.097782
463.000000 0.096114
464.000000 0.094469
465.000000 0.092747
466.000000 0.091059
467.000000 0.089404
468.000000 0.087768
469.000000 0.086108
470.000000 0.084495
471.000000 0.082931
472.000000 0.081333
473.000000 0.079845
474.000000 0.078416
475.000000 0.077071
476.000000 0.075903
477.000000 0.074705
478.000000 0.073534
479.000000 0.072520
480.000000 0.071673
481.000000 0.071001
482.000000 0.070367
483.000000 0.069750
484.000000 0.069191
485.000000 0.068718
486.000000 0.068345
487.000000 0.068016
488.000000 0.067771
489.000000 0.067782
490.000000 0.067944
491.000000 0.068104
492.000000 0.068249
493.000000 0.068233
494.000000 0.067955
495.000000 0.067865
496.000000 0.068222
497.000000 0.068527
498.000000 0.068667
499.000000 0.069128
500.000000 0.069595
501.000000 0.069782
502.000000 0.070116
503.000000 0.070441
504.000000 0.070800
505.000000 0.071163
506.000000 0.071712
507.000000 0.072515
508.000000 0.073109
509.000000 0.073781
510.000000 0.074361
511.000000 0.074571
512.000000 0.074719
513.000000 0.075326
514.000000 0.076314
515.000000 0.077030
516.000000 0.077527
517.000000 0.077991
518.000000 0.078365
519.000000 0.078678
520.000000 0.079087
521.000000 0.080052
522.000000 0.080975
523.000000 0.081796
524.000000 0.082776
525.000000 0.083527
526.000000 0.084141
527.000000 0.084712
528.000000 0.085575
529.000000 0.086229
530.000000 0.086357
531.000000 0.086590
532.000000 0.086967
533.000000 0.087472
534.000000 0.088508
535.000000 0.089552
536.000000 0.090387
537.000000 0.091137
538.000000 0.091966
539.000000 0.092854
540.000000 0.093639
541.000000 0.094460
542.000000 0.095079
543.000000 0.096005
544.000000 0.097071
545.000000 0.097432
546.000000 0.097655
547.000000 0.098095
548.000000 0.098561
549.000000 0.099160
550.000000 0.099834
551.000000 0.100505
552.000000 0.101099
553.000000 0.101570
554.000000 0.101924
555.000000 0.102320
556.000000 0.102685
557.000000 0.103027
558.000000 0.103545
559.000000 0.104039
560.000000 0.104461
561.000000 0.104864
562.000000 0.105495
563.000000 0.106189
564.000000 0.106583
565.000000 0.106896
566.000000 0.107280
567.000000 0.107756
568.000000 0.108290
569.000000 0.108858
570.000000 0.109377
571.000000 0.109896
572.000000 0.110460
573.000000 0.111084
574.000000 0.111726
575.000000 0.112284
576.000000 0.112977
577.000000 0.113955
578.000000 0.114951
579.000000 0.115711
580.000000 0.116537
581.000000 0.117547
582.000000 0.118518
583.000000 0.119422
584.000000 0.120220
585.000000 0.121139
586.000000 0.122183
587.000000 0.123175
588.000000 0.124283
589.000000 0.125330
590.000000 0.126277
591.000000 0.127254
592.000000 0.128264
593.000000 0.129366
594.000000 0.130483
595.000000 0.131502
596.000000 0.132484
597.000000 0.133456
598.000000 0.134565
599.000000 0.135806
600.000000 0.136985
601.000000 0.138184
602.000000 0.139364
603.000000 0.140538
604.000000 0.141798
605.000000 0.143109
606.000000 0.144589
607.000000 0.146111
608.000000 0.147425
609.000000 0.148771
610.000000 0.150340
611.000000 0.152021
612.000000 0.153745
613.000000 0.155541
614.000000 0.157400
615.000000 0.159415
616.000000 0.161453
617.000000 0.163498
618.000000 0.165746
619.000000 0.167998
620.000000 0.170273
621.000000 0.172752
622.000000 0.175298
623.000000 0.177876
624.000000 0.180671
625.000000 0.183573
626.000000 0.186595
627.000000 0.189854
628.000000 0.193128
629.000000 0.196401
630.000000 0.199934
631.000000 0.203770
632.000000 0.207593
633.000000 0.211482
634.000000 0.215624
635.000000 0.219745
636.000000 0.224015
637.000000 0.228535
638.000000 0.232941
639.000000 0.237444
640.000000 0.242202
641.000000 0.247023
642.000000 0.251649
643.000000 0.256230
644.000000 0.261102
645.000000 0.265850
646.000000 0.270567
647.000000 0.275567
648.000000 0.280719
649.000000 0.285737
650.000000 0.290722
651.000000 0.295941
652.000000 0.301254
653.000000 0.306404
654.000000 0.311516
655.000000 0.316916
656.000000 0.322571
657.000000 0.328209
658.000000 0.333868
659.000000 0.339768
660.000000 0.345782
661.000000 0.351692
662.000000 0.357645
663.000000 0.363948
664.000000 0.370463
665.000000 0.376820
666.000000 0.383091
667.000000 0.389480
668.000000 0.395860
669.000000 0.402005
670.000000 0.407986
671.000000 0.414020
672.000000 0.419977
673.000000 0.425812
674.000000 0.431223
675.000000 0.436409
676.000000 0.441678
677.000000 0.446750
678.000000 0.451606
679.000000 0.456049
680.000000 0.460111
681.000000 0.463964
682.000000 0.467614
683.000000 0.471112
684.000000 0.474338
685.000000 0.477292
686.000000 0.480079
687.000000 0.482699
688.000000 0.485130
689.000000 0.487513
690.000000 0.489779
691.000000 0.491988
692.000000 0.494330
693.000000 0.496854
694.000000 0.499616
695.000000 0.502650
696.000000 0.505850
697.000000 0.509356
698.000000 0.513423
699.000000 0.518030
700.000000 0.523194
701.000000 0.528953
702.000000 0.535039
703.000000 0.541672
704.000000 0.549288
705.000000 0.557750
706.000000 0.566916
707.000000 0.576794
708.000000 0.587537
709.000000 0.599029
710.000000 0.610720
711.000000 0.622897
712.000000 0.636083
713.000000 0.649934
714.000000 0.664308
715.000000 0.679077
716.000000 0.694234
717.000000 0.709789
718.000000 0.725442
719.000000 0.740473
720.000000 0.755222
721.000000 0.770377
722.000000 0.785547
723.000000 0.800423
724.000000 0.814951
725.000000 0.829017
726.000000 0.842438
727.000000 0.855201
728.000000 0.867429
729.000000 0.879218
730.000000 0.890462
731.000000 0.900551
732.000000 0.909792
733.000000 0.918792
734.000000 0.927185
735.000000 0.934995
736.000000 0.942185
737.000000 0.948671
738.000000 0.954500
739.000000 0.959602
740.000000 0.963938
741.000000 0.967428
742.000000 0.970043
743.000000 0.971872
744.000000 0.972725
745.000000 0.972520
746.000000 0.971210
747.000000 0.968686
748.000000 0.965067
749.000000 0.960255
750.000000 0.954071
751.000000 0.946522
752.000000 0.937579
753.000000 0.927162
754.000000 0.915315
755.000000 0.902031
756.000000 0.887337
757.000000 0.871211
758.000000 0.853761
759.000000 0.834956
760.000000 0.814713
761.000000 0.793265
762.000000 0.770886
763.000000 0.747686
764.000000 0.723582
765.000000 0.698300
766.000000 0.672144
767.000000 0.645704
768.000000 0.619374
769.000000 0.593015
770.000000 0.566517
771.000000 0.540214
772.000000 0.514244
773.000000 0.488689
774.000000 0.463462
775.000000 0.438753
776.000000 0.413196
777.000000 0.387826
778.000000 0.364652
779.000000 0.342936
780.000000 0.322247
781.000000 0.302568
782.000000 0.283902
783.000000 0.266175
784.000000 0.249283
785.000000 0.233160
786.000000 0.217938
787.000000 0.203709
788.000000 0.189940
789.000000 0.176950
790.000000 0.165254
791.000000 0.154470
792.000000 0.144406
793.000000 0.135063
794.000000 0.126434
795.000000 0.118351
796.000000 0.110694
797.000000 0.103349
798.000000 0.096569
799.000000 0.090462
800.000000 0.084829
801.000000 0.079606
802.000000 0.074726
803.000000 0.070204
804.000000 0.065832
805.000000 0.061643
806.000000 0.057880
807.000000 0.054478
808.000000 0.051272
809.000000 0.048188
810.000000 0.045247
811.000000 0.042514
812.000000 0.040032
813.000000 0.037731
814.000000 0.035521
815.000000 0.033478
816.000000 0.031580
817.000000 0.029732
818.000000 0.027995
819.000000 0.026458
820.000000 0.025076
821.000000 0.023744
822.000000 0.022486
823.000000 0.021366
824.000000 0.020310
825.000000 0.019236
826.000000 0.018215
827.000000 0.017284
828.000000 0.016472
829.000000 0.015766
830.000000 0.015066
831.000000 0.014407
832.000000 0.013792
833.000000 0.013196
834.000000 0.012659
835.000000 0.012196
836.000000 0.011774
837.000000 0.011339
838.000000 0.010909
839.000000 0.010481
840.000000 0.010048
841.000000 0.009664
842.000000 0.009325
843.000000 0.009011
844.000000 0.008727
845.000000 0.008435
846.000000 0.008145
847.000000 0.007926
848.000000 0.007703
849.000000 0.007417
850.000000 0.007167
851.000000 0.006994
852.000000 0.006846
853.000000 0.006677
854.000000 0.006490
855.000000 0.006295
856.000000 0.006129
857.000000 0.005964
858.000000 0.005807
859.000000 0.005655
860.000000 0.005454
861.000000 0.005278
862.000000 0.005135
863.000000 0.004997
864.000000 0.004862
865.000000 0.004727
866.000000 0.004585
867.000000 0.004433
868.000000 0.004317
869.000000 0.004225
870.000000 0.004090
871.000000 0.003948
872.000000 0.003804
873.000000 0.003663
874.000000 0.003605
875.000000 0.003577
876.000000 0.003496
877.000000 0.003371
878.000000 0.003245
879.000000 0.003105
880.000000 0.002953
881.000000 0.002842
882.000000 0.002737
883.000000 0.002654
884.000000 0.002601
885.000000 0.002541
886.000000 0.002458
887.000000 0.002373
888.000000 0.002341
889.000000 0.002343
890.000000 0.002299
891.000000 0.002212
892.000000 0.002136
893.000000 0.002078
894.000000 0.002035
895.000000 0.001996
896.000000 0.001972
897.000000 0.001959
898.000000 0.001937
899.000000 0.001889
900.000000 0.001833
901.000000 0.001816
902.000000 0.001855
903.000000 0.001876
904.000000 0.001830
905.000000 0.001737
906.000000 0.001634
907.000000 0.001595
908.000000 0.001571
909.000000 0.001542
910.000000 0.001532
911.000000 0.001505
912.000000 0.001467
913.000000 0.001433
914.000000 0.001419
915.000000 0.001404
916.000000 0.001387
917.000000 0.001390
918.000000 0.001344
919.000000 0.001263
920.000000 0.001196
921.000000 0.001154
922.000000 0.001126
923.000000 0.001087
924.000000 0.001065
925.000000 0.001063
926.000000 0.001060
927.000000 0.001051
928.000000 0.001028
929.000000 0.000915
930.000000 0.000852
931.000000 0.000868
932.000000 0.000869
933.000000 0.000868
934.000000 0.000849
935.000000 0.000838
936.000000 0.000852
937.000000 0.000862
938.000000 0.000870
939.000000 0.000915
940.000000 0.000966
941.000000 0.000960
942.000000 0.000940
943.000000 0.000932
944.000000 0.000922
945.000000 0.000915
946.000000 0.000885
947.000000 0.000837
948.000000 0.000762
949.000000 0.000705
950.000000 0.000692
