315.000000 0.070621
316.000000 0.071658
317.000000 0.071175
318.000000 0.071108
319.000000 0.071113
320.000000 0.070114
321.000000 0.069840
322.000000 0.069759
323.000000 0.069258
324.000000 0.069848
325.000000 0.070948
326.000000 0.071555
327.000000 0.071705
328.000000 0.071985
329.000000 0.072196
330.000000 0.072249
331.000000 0.072029
332.000000 0.071669
333.000000 0.071779
334.000000 0.072148
335.000000 0.072126
336.000000 0.072479
337.000000 0.073498
338.000000 0.074144
339.000000 0.074426
340.000000 0.074624
341.000000 0.074883
342.000000 0.075147
343.000000 0.075291
344.000000 0.075516
345.000000 0.075648
346.000000 0.075770
347.000000 0.076139
348.000000 0.076556
349.000000 0.076924
350.000000 0.077445
351.000000 0.078023
352.000000 0.078506
353.000000 0.078898
354.000000 0.079078
355.000000 0.079521
356.000000 0.080317
357.000000 0.080890
358.000000 0.081321
359.000000 0.081773
360.000000 0.082557
361.000000 0.083521
362.000000 0.084494
363.000000 0.085584
364.000000 0.086733
365.000000 0.087818
366.000000 0.088786
367.000000 0.089834
368.000000 0.091037
369.000000 0.092315
370.000000 0.093208
371.000000 0.093752
372.000000 0.094641
373.000000 0.095875
374.000000 0.096951
375.000000 0.098057
376.000000 0.099487
377.000000 0.101239
378.000000 0.103118
379.000000 0.105158
380.000000 0.107929
381.000000 0.110686
382.000000 0.113040
383.000000 0.115347
384.000000 0.117609
385.000000 0.120002
386.000000 0.122205
387.000000 0.124028
388.000000 0.125330
389.000000 0.126067
390.000000 0.126324
391.000000 0.126440
392.000000 0.126666
393.000000 0.126786
394.000000 0.126828
395.000000 0.126705
396.000000 0.126830
397.000000 0.127645
398.000000 0.128566
399.000000 0.129188
400.000000 0.129725
401.000000 0.130279
402.000000 0.130825
403.000000 0.131295
404.000000 0.131795
405.000000 0.132625
406.000000 0.133663
407.000000 0.134768
408.000000 0.135815
409.000000 0.136792
410.000000 0.137872
411.000000 0.139013
412.000000 0.140239
413.000000 0.141226
414.000000 0.142056
415.000000 0.143190
416.000000 0.144211
417.000000 0.145126
418.000000 0.146103
419.000000 0.147000
420.000000 0.148031
421.000000 0.149211
422.000000 0.150296
423.000000 0.151167
424.000000 0.151707
425.000000 0.152045
426.000000 0.152303
427.000000 0.152363
428.000000 0.152275
429.000000 0.152052
430.000000 0.151622
431.000000 0.151037
432.000000 0.150464
433.000000 0.149935
434.000000 0.149340
435.000000 0.148442
436.000000 0.147349
437.000000 0.146273
438.000000 0.145072
439.000000 0.143830
440.000000 0.142564
441.000000 0.141318
442.000000 0.140171
443.000000 0.139031
444.000000 0.137914
445.000000 0.136756
446.000000 0.135583
447.000000 0.134566
448.000000 0.133351
449.000000 0.132139
450.000000 0.131186
451.000000 0.129997
452.000000 0.128721
453.000000 0.127516
454.000000 0.126237
455.000000 0.124934
456.000000 0.123547
457.000000 0.121959
458.000000 0.120358
459.000000 0.118889
460.000000 0.117333
461.000000 0.115624
462.000000 0.113734
463.000000 0.111726
464.000000 0.109755
465.000000 0.107760
466.000000 0.105817
467.000000 0.103877
468.000000 0.101927
469.000000 0.099929
470.000000 0.097936
471.000000 0.096067
472.000000 0.094203
473.000000 0.092485
474.000000 0.090892
475.000000 0.089298
476.000000 0.087843
477.000000 0.086495
478.000000 0.085238
479.000000 0.084098
480.000000 0.083043
481.000000 0.082092
482.000000 0.081238
483.000000 0.080459
484.000000 0.079824
485.000000 0.079312
486.000000 0.078881
487.000000 0.078531
488.000000 0.078266
489.000000 0.077988
490.000000 0.077749
491.000000 0.077813
492.000000 0.077933
493.000000 0.077880
494.000000 0.077719
495.000000 0.077868
496.000000 0.078305
497.000000 0.078712
498.000000 0.079048
499.000000 0.079535
500.000000 0.080032
501.000000 0.080363
502.000000 0.080945
503.000000 0.081483
504.000000 0.081906
505.000000 0.082365
506.000000 0.082801
507.000000 0.083207
508.000000 0.083535
509.000000 0.084187
510.000000 0.085019
511.000000 0.085494
512.000000 0.085834
513.000000 0.086590
514.000000 0.087506
515.000000 0.088133
516.000000 0.088614
517.000000 0.089261
518.000000 0.089859
519.000000 0.090266
520.000000 0.090814
521.000000 0.091916
522.000000 0.093030
523.000000 0.094026
524.000000 0.094991
525.000000 0.095668
526.000000 0.096304
527.000000 0.096682
528.000000 0.097295
529.000000 0.097920
530.000000 0.098443
531.000000 0.099158
532.000000 0.099652
533.000000 0.100240
534.000000 0.101112
535.000000 0.102020
536.000000 0.102841
537.000000 0.103415
538.000000 0.104157
539.000000 0.105007
540.000000 0.105543
541.000000 0.106059
542.000000 0.106693
543.000000 0.107373
544.000000 0.108234
545.000000 0.109154
546.000000 0.109945
547.000000 0.110544
548.000000 0.111033
549.000000 0.111594
550.000000 0.112181
551.000000 0.112778
552.000000 0.113185
553.000000 0.113572
554.000000 0.114112
555.000000 0.114651
556.000000 0.114962
557.000000 0.115217
558.000000 0.115627
559.000000 0.115903
560.000000 0.116064
561.000000 0.116225
562.000000 0.116638
563.000000 0.117172
564.000000 0.117519
565.000000 0.117845
566.000000 0.118211
567.000000 0.118534
568.000000 0.118816
569.000000 0.119118
570.000000 0.119550
571.000000 0.120023
572.000000 0.120353
573.000000 0.120630
574.000000 0.121128
575.000000 0.121674
576.000000 0.122073
577.000000 0.122540
578.000000 0.123102
579.000000 0.123715
580.000000 0.124430
581.000000 0.125141
582.000000 0.125839
583.000000 0.126583
584.000000 0.127203
585.000000 0.127832
586.000000 0.128542
587.000000 0.129158
588.000000 0.129835
589.000000 0.130584
590.000000 0.131186
591.000000 0.131883
592.000000 0.132816
593.000000 0.133601
594.000000 0.134199
595.000000 0.134751
596.000000 0.135418
597.000000 0.136110
598.000000 0.136820
599.000000 0.137633
600.000000 0.138430
601.000000 0.139329
602.000000 0.140264
603.000000 0.141160
604.000000 0.142114
605.000000 0.143054
606.000000 0.144062
607.000000 0.145137
608.000000 0.146051
609.000000 0.146980
610.000000 0.148136
611.000000 0.149364
612.000000 0.150613
613.000000 0.151984
614.000000 0.153448
615.000000 0.155061
616.000000 0.156733
617.000000 0.158431
618.000000 0.160256
619.000000 0.162095
620.000000 0.163957
621.000000 0.166025
622.000000 0.168228
623.000000 0.170547
624.000000 0.173061
625.000000 0.175585
626.000000 0.178189
627.000000 0.181000
628.000000 0.183807
629.000000 0.186657
630.000000 0.189811
631.000000 0.193179
632.000000 0.196551
633.000000 0.200072
634.000000 0.203796
635.000000 0.207493
636.000000 0.211345
637.000000 0.215397
638.000000 0.219373
639.000000 0.223454
640.000000 0.227652
641.000000 0.231854
642.000000 0.235902
643.000000 0.239926
644.000000 0.244282
645.000000 0.248534
646.000000 0.252679
647.000000 0.256977
648.000000 0.261353
649.000000 0.265715
650.000000 0.270103
651.000000 0.274638
652.000000 0.279244
653.000000 0.283704
654.000000 0.288143
655.000000 0.292847
656.000000 0.297739
657.000000 0.302595
658.000000 0.307469
659.000000 0.312592
660.000000 0.317859
661.000000 0.323048
662.000000 0.328278
663.000000 0.333778
664.000000 0.339422
665.000000 0.344889
666.000000 0.350308
667.000000 0.355863
668.000000 0.361458
669.000000 0.366877
670.000000 0.372135
671.000000 0.377482
672.000000 0.382746
673.000000 0.387892
674.000000 0.392697
675.000000 0.397310
676.000000 0.402079
677.000000 0.406751
678.000000 0.410986
679.000000 0.414643
680.000000 0.418084
681.000000 0.421467
682.000000 0.424718
683.000000 0.427796
684.000000 0.430597
685.000000 0.433185
686.000000 0.435660
687.000000 0.438002
688.000000 0.440151
689.000000 0.442236
690.000000 0.444211
691.000000 0.446162
692.000000 0.448285
693.000000 0.450575
694.000000 0.453064
695.000000 0.455764
696.000000 0.458599
697.000000 0.461696
698.000000 0.465343
699.000000 0.469540
700.000000 0.474221
701.000000 0.479412
702.000000 0.484921
703.000000 0.490935
704.000000 0.497870
705.000000 0.505558
706.000000 0.513847
707.000000 0.522813
708.000000 0.532509
709.000000 0.542835
710.000000 0.553310
711.000000 0.564178
712.000000 0.575999
713.000000 0.588574
714.000000 0.601586
715.000000 0.614821
716.000000 0.628388
717.000000 0.642209
718.000000 0.656071
719.000000 0.669453
720.000000 0.682631
721.000000 0.696052
722.000000 0.709386
723.000000 0.722402
724.000000 0.735036
725.000000 0.747204
726.000000 0.758768
727.000000 0.769886
728.000000 0.780502
729.000000 0.790556
730.000000 0.800166
731.000000 0.808833
732.000000 0.816687
733.000000 0.824220
734.000000 0.831286
735.000000 0.837891
736.000000 0.843879
737.000000 0.849208
738.000000 0.853890
739.000000 0.857941
740.000000 0.861415
741.000000 0.864247
742.000000 0.866290
743.000000 0.867529
744.000000 0.867959
745.000000 0.867490
746.000000 0.866116
747.000000 0.863781
748.000000 0.860456
749.000000 0.856119
750.000000 0.850612
751.000000 0.843812
752.000000 0.835781
753.000000 0.826533
754.000000 0.816083
755.000000 0.804315
756.000000 0.791168
757.000000 0.776827
758.000000 0.761438
759.000000 0.744814
760.000000 0.727022
761.000000 0.708191
762.000000 0.688348
763.000000 0.667620
764.000000 0.646035
765.000000 0.623544
766.000000 0.600394
767.000000 0.577051
768.000000 0.553716
769.000000 0.530252
770.000000 0.506652
771.000000 0.483205
772.000000 0.460073
773.000000 0.437389
774.000000 0.415017
775.000000 0.393077
776.000000 0.370434
777.000000 0.347892
778.000000 0.327206
779.000000 0.307805
780.000000 0.289394
781.000000 0.271888
782.000000 0.255272
783.000000 0.239439
784.000000 0.224292
785.000000 0.209922
786.000000 0.196388
787.000000 0.183705
788.000000 0.171451
789.000000 0.159880
790.000000 0.149466
791.000000 0.139913
792.000000 0.131005
793.000000 0.122692
794.000000 0.114928
795.000000 0.107640
796.000000 0.100837
797.000000 0.094359
798.000000 0.088277
799.000000 0.082762
800.000000 0.077678
801.000000 0.072956
802.000000 0.068540
803.000000 0.064433
804.000000 0.060515
805.000000 0.056770
806.000000 0.053383
807.000000 0.050288
808.000000 0.047325
809.000000 0.044521
810.000000 0.041860
811.000000 0.039388
812.000000 0.037196
813.000000 0.035159
814.000000 0.033149
815.000000 0.031282
816.000000 0.029533
817.000000 0.027816
818.000000 0.026243
819.000000 0.024804
820.000000 0.023529
821.000000 0.022335
822.000000 0.021155
823.000000 0.020122
824.000000 0.019156
825.000000 0.018174
826.000000 0.017260
827.000000 0.016429
828.000000 0.015644
829.000000 0.014910
830.000000 0.014238
831.000000 0.013626
832.000000 0.013057
833.000000 0.012534
834.000000 0.012034
835.000000 0.011598
836.000000 0.011184
837.000000 0.010766
838.000000 0.010410
839.000000 0.010066
840.000000 0.009690
841.000000 0.009312
842.000000 0.008995
843.000000 0.008728
844.000000 0.008469
845.000000 0.008247
846.000000 0.008043
847.000000 0.007829
848.000000 0.007559
849.000000 0.007242
850.000000 0.007017
851.000000 0.006853
852.000000 0.006721
853.000000 0.006567
854.000000 0.006353
855.000000 0.006155
856.000000 0.005986
857.000000 0.005817
858.000000 0.005692
859.000000 0.005551
860.000000 0.005354
861.000000 0.005187
862.000000 0.005042
863.000000 0.004894
864.000000 0.004793
865.000000 0.004681
866.000000 0.004485
867.000000 0.004298
868.000000 0.004186
869.000000 0.004091
870.000000 0.003965
871.000000 0.003837
872.000000 0.003675
873.000000 0.003517
874.000000 0.003454
875.000000 0.003427
876.000000 0.003347
877.000000 0.003199
878.000000 0.003055
879.000000 0.002944
880.000000 0.002853
881.000000 0.002770
882.000000 0.002663
883.000000 0.002559
884.000000 0.002511
885.000000 0.002441
886.000000 0.002336
887.000000 0.002274
888.000000 0.002249
889.000000 0.002221
890.000000 0.002173
891.000000 0.002123
892.000000 0.002074
893.000000 0.002021
894.000000 0.001979
895.000000 0.001957
896.000000 0.001941
897.000000 0.001920
898.000000 0.001873
899.000000 0.001817
900.000000 0.001788
901.000000 0.001773
902.000000 0.001741
903.000000 0.001690
904.000000 0.001677
905.000000 0.001654
906.000000 0.001581
907.000000 0.001547
908.000000 0.001539
909.000000 0.001537
910.000000 0.001531
911.000000 0.001506
912.000000 0.001482
913.000000 0.001433
914.000000 0.001414
915.000000 0.001424
916.000000 0.001388
917.000000 0.001371
918.000000 0.001335
919.000000 0.001249
920.000000 0.001179
921.000000 0.001120
922.000000 0.001070
923.000000 0.001057
924.000000 0.001061
925.000000 0.001058
926.000000 0.001052
927.000000 0.001043
928.000000 0.001013
929.000000 0.000915
930.000000 0.000868
931.000000 0.000910
932.000000 0.000928
933.000000 0.000925
934.000000 0.000916
935.000000 0.000894
936.000000 0.000890
937.000000 0.000928
938.000000 0.000953
939.000000 0.000964
940.000000 0.000965
941.000000 0.000936
942.000000 0.000934
943.000000 0.000944
944.000000 0.000931
945.000000 0.000902
946.000000 0.000855
947.000000 0.000822
948.000000 0.000806
949.000000 0.000788
950.000000 0.000773
