315.000000 0.071864
316.000000 0.072797
317.000000 0.072482
318.000000 0.072339
319.000000 0.072699
320.000000 0.072927
321.000000 0.073490
322.000000 0.073533
323.000000 0.073248
324.000000 0.073781
325.000000 0.074074
326.000000 0.074190
327.000000 0.074367
328.000000 0.074662
329.000000 0.074879
330.000000 0.075131
331.000000 0.075113
332.000000 0.074611
333.000000 0.074673
334.000000 0.075269
335.000000 0.075431
336.000000 0.075402
337.000000 0.075819
338.000000 0.075859
339.000000 0.075823
340.000000 0.076150
341.000000 0.076566
342.000000 0.076713
343.000000 0.076780
344.000000 0.077099
345.000000 0.077454
346.000000 0.077940
347.000000 0.078371
348.000000 0.078792
349.000000 0.079317
350.000000 0.079821
351.000000 0.080190
352.000000 0.080445
353.000000 0.080751
354.000000 0.080990
355.000000 0.081282
356.000000 0.081889
357.000000 0.082677
358.000000 0.083366
359.000000 0.084036
360.000000 0.084911
361.000000 0.085920
362.000000 0.086840
363.000000 0.087778
364.000000 0.088919
365.000000 0.090022
366.000000 0.091088
367.000000 0.092245
368.000000 0.093355
369.000000 0.094472
370.000000 0.095290
371.000000 0.095943
372.000000 0.097141
373.000000 0.098750
374.000000 0.100111
375.000000 0.101399
376.000000 0.103001
377.000000 0.104727
378.000000 0.106711
379.000000 0.108658
380.000000 0.110879
381.000000 0.113522
382.000000 0.115880
383.000000 0.117951
384.000000 0.120179
385.000000 0.122516
386.000000 0.124795
387.000000 0.126737
388.000000 0.128096
389.000000 0.129187
390.000000 0.129776
391.000000 0.130256
392.000000 0.130664
393.000000 0.130722
394.000000 0.130868
395.000000 0.131039
396.000000 0.131251
397.000000 0.131919
398.000000 0.132837
399.000000 0.133703
400.000000 0.134602
401.000000 0.135394
402.000000 0.136235
403.000000 0.137083
404.000000 0.137948
405.000000 0.139195
406.000000 0.140462
407.000000 0.141584
408.000000 0.142789
409.000000 0.144069
410.000000 0.145216
411.000000 0.146185
412.000000 0.147266
413.000000 0.148394
414.000000 0.149621
415.000000 0.150872
416.000000 0.151994
417.000000 0.153163
418.000000 0.154366
419.000000 0.155591
420.000000 0.156861
421.000000 0.158250
422.000000 0.159499
423.000000 0.160441
424.000000 0.161148
425.000000 0.161811
426.000000 0.162379
427.000000 0.162636
428.000000 0.162763
429.000000 0.162712
430.000000 0.162498
431.000000 0.162103
432.000000 0.161627
433.000000 0.161113
434.000000 0.160477
435.000000 0.159623
436.000000 0.158573
437.000000 0.157496
438.000000 0.156338
439.000000 0.155297
440.000000 0.154203
441.000000 0.152981
442.000000 0.151823
443.000000 0.150699
444.000000 0.149600
445.000000 0.148458
446.000000 0.147284
447.000000 0.146171
448.000000 0.144902
449.000000 0.143726
450.000000 0.142873
451.000000 0.141786
452.000000 0.140460
453.000000 0.139145
454.000000 0.137748
455.000000 0.136334
456.000000 0.134835
457.000000 0.133156
458.000000 0.131487
459.000000 0.129777
460.000000 0.127902
461.000000 0.125996
462.000000 0.123982
463.000000 0.121859
464.000000 0.119689
465.000000 0.117417
466.000000 0.115239
467.000000 0.113111
468.000000 0.111038
469.000000 0.108952
470.000000 0.106832
471.000000 0.104786
472.000000 0.102686
473.000000 0.100721
474.000000 0.098897
475.000000 0.097139
476.000000 0.095617
477.000000 0.094133
478.000000 0.092686
479.000000 0.091415
480.000000 0.090303
481.000000 0.089312
482.000000 0.088369
483.000000 0.087501
484.000000 0.086790
485.000000 0.086217
486.000000 0.085698
487.000000 0.085326
488.000000 0.085084
489.000000 0.084429
490.000000 0.083710
491.000000 0.083483
492.000000 0.083684
493.000000 0.084133
494.000000 0.083998
495.000000 0.084023
496.000000 0.084293
497.000000 0.084488
498.000000 0.084722
499.000000 0.084853
500.000000 0.085343
501.000000 0.085905
502.000000 0.086454
503.000000 0.086984
504.000000 0.087518
505.000000 0.088265
506.000000 0.089043
507.000000 0.089795
508.000000 0.090410
509.000000 0.091082
510.000000 0.091767
511.000000 0.092039
512.000000 0.092276
513.000000 0.093082
514.000000 0.094125
515.000000 0.094916
516.000000 0.095632
517.000000 0.096399
518.000000 0.097077
519.000000 0.097531
520.000000 0.098050
521.000000 0.098891
522.000000 0.099675
523.000000 0.100486
524.000000 0.101355
525.000000 0.102068
526.000000 0.102901
527.000000 0.103654
528.000000 0.104642
529.000000 0.105680
530.000000 0.106122
531.000000 0.106475
532.000000 0.107058
533.000000 0.107597
534.000000 0.108494
535.000000 0.109493
536.000000 0.110265
537.000000 0.110810
538.000000 0.111349
539.000000 0.112255
540.000000 0.112925
541.000000 0.113594
542.000000 0.114449
543.000000 0.115243
544.000000 0.116007
545.000000 0.116685
546.000000 0.117293
547.000000 0.117792
548.000000 0.118274
549.000000 0.118850
550.000000 0.119479
551.000000 0.120133
552.000000 0.120631
553.000000 0.120928
554.000000 0.121198
555.000000 0.121466
556.000000 0.121701
557.000000 0.121948
558.000000 0.122330
559.000000 0.122540
560.000000 0.122722
561.000000 0.123025
562.000000 0.123402
563.000000 0.123806
564.000000 0.123958
565.000000 0.123925
566.000000 0.123937
567.000000 0.124141
568.000000 0.124430
569.000000 0.124856
570.000000 0.125402
571.000000 0.125721
572.000000 0.125880
573.000000 0.126150
574.000000 0.126427
575.000000 0.126749
576.000000 0.127194
577.000000 0.127724
578.000000 0.128263
579.000000 0.128712
580.000000 0.129118
581.000000 0.129640
582.000000 0.130223
583.000000 0.130896
584.000000 0.131540
585.000000 0.132022
586.000000 0.132402
587.000000 0.132713
588.000000 0.133168
589.000000 0.133851
590.000000 0.134464
591.000000 0.134935
592.000000 0.135520
593.000000 0.135992
594.000000 0.136383
595.000000 0.136817
596.000000 0.137285
597.000000 0.137849
598.000000 0.138416
599.000000 0.138928
600.000000 0.139456
601.000000 0.140039
602.000000 0.140615
603.000000 0.141211
604.000000 0.141851
605.000000 0.142551
606.000000 0.143386
607.000000 0.144216
608.000000 0.144915
609.000000 0.145661
610.000000 0.146510
611.000000 0.147486
612.000000 0.148526
613.000000 0.149580
614.000000 0.150775
615.000000 0.152076
616.000000 0.153462
617.000000 0.154895
618.000000 0.156348
619.000000 0.157859
620.000000 0.159468
621.000000 0.161317
622.000000 0.163227
623.000000 0.165168
624.000000 0.167330
625.000000 0.169628
626.000000 0.172020
627.000000 0.174538
628.000000 0.177094
629.000000 0.179736
630.000000 0.182675
631.000000 0.185837
632.000000 0.188921
633.000000 0.192100
634.000000 0.195543
635.000000 0.199009
636.000000 0.202601
637.000000 0.206393
638.000000 0.210047
639.000000 0.213686
640.000000 0.217537
641.000000 0.221562
642.000000 0.225496
643.000000 0.229230
644.000000 0.233103
645.000000 0.236910
646.000000 0.240651
647.000000 0.244538
648.000000 0.248502
649.000000 0.252402
650.000000 0.256268
651.000000 0.260297
652.000000 0.264414
653.000000 0.268357
654.000000 0.272292
655.000000 0.276449
656.000000 0.280784
657.000000 0.285104
658.000000 0.289426
659.000000 0.293992
660.000000 0.298665
661.000000 0.303270
662.000000 0.307944
663.000000 0.312915
664.000000 0.318016
665.000000 0.322915
666.000000 0.327782
667.000000 0.332850
668.000000 0.337994
669.000000 0.342962
670.000000 0.347796
671.000000 0.352707
672.000000 0.357555
673.000000 0.362274
674.000000 0.366618
675.000000 0.370742
676.000000 0.374924
677.000000 0.378999
678.000000 0.382916
679.000000 0.386475
680.000000 0.389741
681.000000 0.392848
682.000000 0.395791
683.000000 0.398596
684.000000 0.401156
685.000000 0.403520
686.000000 0.405736
687.000000 0.407832
688.000000 0.409786
689.000000 0.411678
690.000000 0.413507
691.000000 0.415293
692.000000 0.417226
693.000000 0.419304
694.000000 0.421570
695.000000 0.424107
696.000000 0.426744
697.000000 0.429573
698.000000 0.432906
699.000000 0.436710
700.000000 0.440998
701.000000 0.445852
702.000000 0.451010
703.000000 0.456588
704.000000 0.462966
705.000000 0.470017
706.000000 0.477662
707.000000 0.485962
708.000000 0.494970
709.000000 0.504601
710.000000 0.514429
711.000000 0.524639
712.000000 0.535636
713.000000 0.547111
714.000000 0.558939
715.000000 0.571150
716.000000 0.583696
717.000000 0.596450
718.000000 0.609301
719.000000 0.621687
720.000000 0.633803
721.000000 0.646154
722.000000 0.658398
723.000000 0.670312
724.000000 0.681866
725.000000 0.693039
726.000000 0.703680
727.000000 0.713831
728.000000 0.723491
729.000000 0.732600
730.000000 0.741196
731.000000 0.748862
732.000000 0.755844
733.000000 0.762614
734.000000 0.768963
735.000000 0.774868
736.000000 0.780245
737.000000 0.785016
738.000000 0.789188
739.000000 0.792807
740.000000 0.795843
741.000000 0.798180
742.000000 0.799860
743.000000 0.800876
744.000000 0.801056
745.000000 0.800467
746.000000 0.799079
747.000000 0.796813
748.000000 0.793704
749.000000 0.789692
750.000000 0.784569
751.000000 0.778326
752.000000 0.771028
753.000000 0.762534
754.000000 0.752820
755.000000 0.741907
756.000000 0.729857
757.000000 0.716742
758.000000 0.702602
759.000000 0.687288
760.000000 0.670882
761.000000 0.653583
762.000000 0.635453
763.000000 0.616548
764.000000 0.596796
765.000000 0.576184
766.000000 0.554985
767.000000 0.533566
768.000000 0.512112
769.000000 0.490554
770.000000 0.468888
771.000000 0.447301
772.000000 0.425954
773.000000 0.404977
774.000000 0.384343
775.000000 0.364168
776.000000 0.343324
777.000000 0.322571
778.000000 0.303509
779.000000 0.285644
780.000000 0.268682
781.000000 0.252542
782.000000 0.237228
783.000000 0.222644
784.000000 0.208719
785.000000 0.195454
786.000000 0.182982
787.000000 0.171307
788.000000 0.159935
789.000000 0.149214
790.000000 0.139605
791.000000 0.130759
792.000000 0.122462
793.000000 0.114780
794.000000 0.107613
795.000000 0.100832
796.000000 0.094481
797.000000 0.088425
798.000000 0.082799
799.000000 0.077656
800.000000 0.072897
801.000000 0.068505
802.000000 0.064383
803.000000 0.060531
804.000000 0.056866
805.000000 0.053409
806.000000 0.050278
807.000000 0.047429
808.000000 0.044776
809.000000 0.042258
810.000000 0.039795
811.000000 0.037451
812.000000 0.035350
813.000000 0.033372
814.000000 0.031447
815.000000 0.029691
816.000000 0.028036
817.000000 0.026439
818.000000 0.024989
819.000000 0.023644
820.000000 0.022449
821.000000 0.021308
822.000000 0.020172
823.000000 0.019193
824.000000 0.018264
825.000000 0.017332
826.000000 0.016442
827.000000 0.015606
828.000000 0.014846
829.000000 0.014149
830.000000 0.013478
831.000000 0.012887
832.000000 0.012380
833.000000 0.011887
834.000000 0.011410
835.000000 0.011014
836.000000 0.010640
837.000000 0.010251
838.000000 0.009874
839.000000 0.009486
840.000000 0.009137
841.000000 0.008809
842.000000 0.008532
843.000000 0.008315
844.000000 0.008097
845.000000 0.007854
846.000000 0.007597
847.000000 0.007400
848.000000 0.007201
849.000000 0.006973
850.000000 0.006768
851.000000 0.006595
852.000000 0.006457
853.000000 0.006283
854.000000 0.006069
855.000000 0.005870
856.000000 0.005711
857.000000 0.005564
858.000000 0.005434
859.000000 0.005298
860.000000 0.005104
861.000000 0.004931
862.000000 0.004828
863.000000 0.004693
864.000000 0.004555
865.000000 0.004408
866.000000 0.004213
867.000000 0.004077
868.000000 0.004031
869.000000 0.004013
870.000000 0.003898
871.000000 0.003702
872.000000 0.003503
873.000000 0.003364
874.000000 0.003345
875.000000 0.003346
876.000000 0.003274
877.000000 0.003137
878.000000 0.002991
879.000000 0.002835
880.000000 0.002707
881.000000 0.002613
882.000000 0.002506
883.000000 0.002437
884.000000 0.002394
885.000000 0.002338
886.000000 0.002262
887.000000 0.002179
888.000000 0.002131
889.000000 0.002112
890.000000 0.002055
891.000000 0.001994
892.000000 0.001974
893.000000 0.001947
894.000000 0.001905
895.000000 0.001828
896.000000 0.001775
897.000000 0.001781
898.000000 0.001754
899.000000 0.001706
900.000000 0.001670
901.000000 0.001615
902.000000 0.001558
903.000000 0.001511
904.000000 0.001539
905.000000 0.001586
906.000000 0.001514
907.000000 0.001437
908.000000 0.001407
909.000000 0.001394
910.000000 0.001360
911.000000 0.001320
912.000000 0.001406
913.000000 0.001477
914.000000 0.001380
915.000000 0.001257
916.000000 0.001187
917.000000 0.001151
918.000000 0.001108
919.000000 0.001054
920.000000 0.001010
921.000000 0.000980
922.000000 0.000960
923.000000 0.000922
924.000000 0.000891
925.000000 0.000877
926.000000 0.000867
927.000000 0.000907
928.000000 0.000918
929.000000 0.000764
930.000000 0.000672
931.000000 0.000709
932.000000 0.000714
933.000000 0.000720
934.000000 0.000715
935.000000 0.000685
936.000000 0.000670
937.000000 0.000679
938.000000 0.000706
939.000000 0.000755
940.000000 0.000784
941.000000 0.000771
942.000000 0.000758
943.000000 0.000772
944.000000 0.000790
945.000000 0.000778
946.000000 0.000736
947.000000 0.000698
948.000000 0.000658
949.000000 0.000618
950.000000 0.000600
