315.000000 0.077067
316.000000 0.077782
317.000000 0.077407
318.000000 0.077467
319.000000 0.077659
320.000000 0.077081
321.000000 0.076604
322.000000 0.076434
323.000000 0.076790
324.000000 0.077688
325.000000 0.078756
326.000000 0.079421
327.000000 0.079763
328.000000 0.080208
329.000000 0.080313
330.000000 0.080246
331.000000 0.079843
332.000000 0.079357
333.000000 0.079742
334.000000 0.080689
335.000000 0.081262
336.000000 0.081327
337.000000 0.081186
338.000000 0.081134
339.000000 0.081560
340.000000 0.081868
341.000000 0.082033
342.000000 0.082265
343.000000 0.082403
344.000000 0.082532
345.000000 0.082596
346.000000 0.082631
347.000000 0.082845
348.000000 0.083356
349.000000 0.084001
350.000000 0.084555
351.000000 0.085015
352.000000 0.085436
353.000000 0.085803
354.000000 0.085952
355.000000 0.086253
356.000000 0.086792
357.000000 0.087226
358.000000 0.087565
359.000000 0.088058
360.000000 0.088913
361.000000 0.089825
362.000000 0.090878
363.000000 0.092175
364.000000 0.093421
365.000000 0.094434
366.000000 0.095360
367.000000 0.096403
368.000000 0.097595
369.000000 0.098787
370.000000 0.099283
371.000000 0.099490
372.000000 0.100342
373.000000 0.101946
374.000000 0.103544
375.000000 0.104982
376.000000 0.106776
377.000000 0.108616
378.000000 0.110617
379.000000 0.112866
380.000000 0.115524
381.000000 0.118321
382.000000 0.120856
383.000000 0.123066
384.000000 0.125073
385.000000 0.127212
386.000000 0.129705
387.000000 0.132260
388.000000 0.134107
389.000000 0.135296
390.000000 0.135994
391.000000 0.136890
392.000000 0.137991
393.000000 0.138698
394.000000 0.139354
395.000000 0.140001
396.000000 0.140705
397.000000 0.141656
398.000000 0.142833
399.000000 0.144025
400.000000 0.145283
401.000000 0.146538
402.000000 0.147786
403.000000 0.149138
404.000000 0.150451
405.000000 0.152027
406.000000 0.153690
407.000000 0.155116
408.000000 0.156663
409.000000 0.158267
410.000000 0.159627
411.000000 0.160963
412.000000 0.162468
413.000000 0.164013
414.000000 0.165586
415.000000 0.167179
416.000000 0.168556
417.000000 0.169944
418.000000 0.171432
419.000000 0.172899
420.000000 0.174430
421.000000 0.175889
422.000000 0.177110
423.000000 0.178307
424.000000 0.179492
425.000000 0.180539
426.000000 0.181395
427.000000 0.182072
428.000000 0.182527
429.000000 0.182684
430.000000 0.182608
431.000000 0.182420
432.000000 0.182281
433.000000 0.182008
434.000000 0.181489
435.000000 0.180722
436.000000 0.179811
437.000000 0.178901
438.000000 0.177968
439.000000 0.176988
440.000000 0.175882
441.000000 0.174733
442.000000 0.173717
443.000000 0.172681
444.000000 0.171623
445.000000 0.170544
446.000000 0.169406
447.000000 0.168329
448.000000 0.167070
449.000000 0.165862
450.000000 0.164888
451.000000 0.163606
452.000000 0.162128
453.000000 0.160706
454.000000 0.159207
455.000000 0.157651
456.000000 0.155947
457.000000 0.153993
458.000000 0.152011
459.000000 0.150010
460.000000 0.147876
461.000000 0.145650
462.000000 0.143236
463.000000 0.140729
464.000000 0.138235
465.000000 0.135650
466.000000 0.133154
467.000000 0.130704
468.000000 0.128218
469.000000 0.125683
470.000000 0.123176
471.000000 0.120869
472.000000 0.118543
473.000000 0.116298
474.000000 0.114197
475.000000 0.112216
476.000000 0.110459
477.000000 0.108707
478.000000 0.107070
479.000000 0.105622
480.000000 0.104324
481.000000 0.103158
482.000000 0.102070
483.000000 0.101087
484.000000 0.100206
485.000000 0.099495
486.000000 0.098918
487.000000 0.098446
488.000000 0.098069
489.000000 0.097659
490.000000 0.097134
491.000000 0.097009
492.000000 0.097022
493.000000 0.096931
494.000000 0.097039
495.000000 0.097556
496.000000 0.098197
497.000000 0.098651
498.000000 0.099013
499.000000 0.099372
500.000000 0.100034
501.000000 0.100613
502.000000 0.101128
503.000000 0.101608
504.000000 0.102175
505.000000 0.102766
506.000000 0.103208
507.000000 0.103872
508.000000 0.104598
509.000000 0.105350
510.000000 0.106137
511.000000 0.106640
512.000000 0.107015
513.000000 0.107877
514.000000 0.108735
515.000000 0.109365
516.000000 0.110103
517.000000 0.110774
518.000000 0.111183
519.000000 0.111474
520.000000 0.112314
521.000000 0.113514
522.000000 0.114306
523.000000 0.115328
524.000000 0.116474
525.000000 0.117216
526.000000 0.118103
527.000000 0.118870
528.000000 0.119745
529.000000 0.120667
530.000000 0.121362
531.000000 0.122070
532.000000 0.122686
533.000000 0.123239
534.000000 0.123811
535.000000 0.124461
536.000000 0.125199
537.000000 0.125722
538.000000 0.126199
539.000000 0.127056
540.000000 0.127848
541.000000 0.128560
542.000000 0.129356
543.000000 0.130135
544.000000 0.130835
545.000000 0.131389
546.000000 0.132073
547.000000 0.132802
548.000000 0.133299
549.000000 0.133515
550.000000 0.133746
551.000000 0.134226
552.000000 0.134680
553.000000 0.135068
554.000000 0.135488
555.000000 0.135818
556.000000 0.136008
557.000000 0.136067
558.000000 0.136235
559.000000 0.136395
560.000000 0.136329
561.000000 0.136143
562.000000 0.136158
563.000000 0.136305
564.000000 0.136239
565.000000 0.136130
566.000000 0.136042
567.000000 0.136076
568.000000 0.136167
569.000000 0.136200
570.000000 0.136322
571.000000 0.136415
572.000000 0.136506
573.000000 0.136560
574.000000 0.136487
575.000000 0.136622
576.000000 0.136908
577.000000 0.137164
578.000000 0.137377
579.000000 0.137382
580.000000 0.137614
581.000000 0.138050
582.000000 0.138237
583.000000 0.138431
584.000000 0.138572
585.000000 0.138616
586.000000 0.138685
587.000000 0.138873
588.000000 0.139231
589.000000 0.139610
590.000000 0.139850
591.000000 0.140057
592.000000 0.140316
593.000000 0.140451
594.000000 0.140550
595.000000 0.140587
596.000000 0.140556
597.000000 0.140603
598.000000 0.140690
599.000000 0.140729
600.000000 0.140820
601.000000 0.141014
602.000000 0.141208
603.000000 0.141325
604.000000 0.141453
605.000000 0.141653
606.000000 0.141931
607.000000 0.142219
608.000000 0.142486
609.000000 0.142809
610.000000 0.143184
611.000000 0.143651
612.000000 0.144224
613.000000 0.144883
614.000000 0.145586
615.000000 0.146411
616.000000 0.147320
617.000000 0.148256
618.000000 0.149281
619.000000 0.150308
620.000000 0.151419
621.000000 0.152776
622.000000 0.154258
623.000000 0.155817
624.000000 0.157525
625.000000 0.159343
626.000000 0.161358
627.000000 0.163561
628.000000 0.165659
629.000000 0.167704
630.000000 0.170069
631.000000 0.172720
632.000000 0.175338
633.000000 0.178009
634.000000 0.180887
635.000000 0.183804
636.000000 0.186814
637.000000 0.189958
638.000000 0.193035
639.000000 0.196193
640.000000 0.199493
641.000000 0.202787
642.000000 0.205934
643.000000 0.209006
644.000000 0.212213
645.000000 0.215296
646.000000 0.218332
647.000000 0.221513
648.000000 0.224729
649.000000 0.227863
650.000000 0.230932
651.000000 0.234085
652.000000 0.237267
653.000000 0.240357
654.000000 0.243478
655.000000 0.246741
656.000000 0.250113
657.000000 0.253504
658.000000 0.256884
659.000000 0.260436
660.000000 0.264112
661.000000 0.267758
662.000000 0.271456
663.000000 0.275338
664.000000 0.279372
665.000000 0.283371
666.000000 0.287363
667.000000 0.291437
668.000000 0.295583
669.000000 0.299615
670.000000 0.303496
671.000000 0.307475
672.000000 0.311429
673.000000 0.315260
674.000000 0.318829
675.000000 0.322256
676.000000 0.325734
677.000000 0.329114
678.000000 0.332351
679.000000 0.335320
680.000000 0.338051
681.000000 0.340674
682.000000 0.343187
683.000000 0.345535
684.000000 0.347695
685.000000 0.349669
686.000000 0.351492
687.000000 0.353257
688.000000 0.354889
689.000000 0.356453
690.000000 0.357974
691.000000 0.359479
692.000000 0.361070
693.000000 0.362758
694.000000 0.364657
695.000000 0.366826
696.000000 0.369103
697.000000 0.371553
698.000000 0.374403
699.000000 0.377638
700.000000 0.381301
701.000000 0.385413
702.000000 0.389745
703.000000 0.394480
704.000000 0.399922
705.000000 0.406008
706.000000 0.412608
707.000000 0.419740
708.000000 0.427503
709.000000 0.435758
710.000000 0.444115
711.000000 0.452728
712.000000 0.462054
713.000000 0.471883
714.000000 0.482066
715.000000 0.492512
716.000000 0.503190
717.000000 0.514041
718.000000 0.524912
719.000000 0.535327
720.000000 0.545474
721.000000 0.555853
722.000000 0.566152
723.000000 0.576087
724.000000 0.585738
725.000000 0.595097
726.000000 0.603876
727.000000 0.612158
728.000000 0.620071
729.000000 0.627586
730.000000 0.634674
731.000000 0.640935
732.000000 0.646591
733.000000 0.652071
734.000000 0.657159
735.000000 0.661818
736.000000 0.666008
737.000000 0.669738
738.000000 0.673049
739.000000 0.675875
740.000000 0.678220
741.000000 0.680025
742.000000 0.681198
743.000000 0.681801
744.000000 0.681816
745.000000 0.681166
746.000000 0.679810
747.000000 0.677748
748.000000 0.674998
749.000000 0.671507
750.000000 0.667109
751.000000 0.661787
752.000000 0.655560
753.000000 0.648354
754.000000 0.640245
755.000000 0.631189
756.000000 0.621179
757.000000 0.610205
758.000000 0.598276
759.000000 0.585358
760.000000 0.571499
761.000000 0.556830
762.000000 0.541474
763.000000 0.525524
764.000000 0.508941
765.000000 0.491624
766.000000 0.473742
767.000000 0.455629
768.000000 0.437429
769.000000 0.419121
770.000000 0.400761
771.000000 0.382567
772.000000 0.364607
773.000000 0.346872
774.000000 0.329396
775.000000 0.312338
776.000000 0.294694
777.000000 0.277029
778.000000 0.260762
779.000000 0.245517
780.000000 0.231095
781.000000 0.217444
782.000000 0.204434
783.000000 0.192041
784.000000 0.180220
785.000000 0.168983
786.000000 0.158416
787.000000 0.148486
788.000000 0.138869
789.000000 0.129806
790.000000 0.121632
791.000000 0.114055
792.000000 0.106947
793.000000 0.100357
794.000000 0.094257
795.000000 0.088564
796.000000 0.083177
797.000000 0.078010
798.000000 0.073268
799.000000 0.068941
800.000000 0.064890
801.000000 0.061104
802.000000 0.057503
803.000000 0.054170
804.000000 0.051043
805.000000 0.048065
806.000000 0.045304
807.000000 0.042734
808.000000 0.040337
809.000000 0.038104
810.000000 0.035972
811.000000 0.033916
812.000000 0.032000
813.000000 0.030231
814.000000 0.028550
815.000000 0.027017
816.000000 0.025575
817.000000 0.024137
818.000000 0.022807
819.000000 0.021612
820.000000 0.020547
821.000000 0.019524
822.000000 0.018467
823.000000 0.017558
824.000000 0.016763
825.000000 0.015950
826.000000 0.015184
827.000000 0.014477
828.000000 0.013834
829.000000 0.013252
830.000000 0.012651
831.000000 0.012098
832.000000 0.011607
833.000000 0.011124
834.000000 0.010674
835.000000 0.010304
836.000000 0.009998
837.000000 0.009699
838.000000 0.009375
839.000000 0.008993
840.000000 0.008616
841.000000 0.008273
842.000000 0.008003
843.000000 0.007819
844.000000 0.007652
845.000000 0.007392
846.000000 0.007097
847.000000 0.006912
848.000000 0.006740
849.000000 0.006512
850.000000 0.006308
851.000000 0.006130
852.000000 0.006000
853.000000 0.005866
854.000000 0.005676
855.000000 0.005491
856.000000 0.005352
857.000000 0.005207
858.000000 0.005061
859.000000 0.004943
860.000000 0.004786
861.000000 0.004661
862.000000 0.004532
863.000000 0.004373
864.000000 0.004252
865.000000 0.004105
866.000000 0.003938
867.000000 0.003805
868.000000 0.003744
869.000000 0.003697
870.000000 0.003587
871.000000 0.003448
872.000000 0.003289
873.000000 0.003147
874.000000 0.003122
875.000000 0.003121
876.000000 0.003017
877.000000 0.002887
878.000000 0.002851
879.000000 0.002815
880.000000 0.002659
881.000000 0.002502
882.000000 0.002381
883.000000 0.002318
884.000000 0.002316
885.000000 0.002261
886.000000 0.002148
887.000000 0.002041
888.000000 0.001992
889.000000 0.002000
890.000000 0.001973
891.000000 0.001916
892.000000 0.001853
893.000000 0.001793
894.000000 0.001754
895.000000 0.001700
896.000000 0.001669
897.000000 0.001662
898.000000 0.001610
899.000000 0.001545
900.000000 0.001506
901.000000 0.001473
902.000000 0.001433
903.000000 0.001396
904.000000 0.001385
905.000000 0.001384
906.000000 0.001346
907.000000 0.001319
908.000000 0.001303
909.000000 0.001280
910.000000 0.001256
911.000000 0.001212
912.000000 0.001178
913.000000 0.001160
914.000000 0.001165
915.000000 0.001172
916.000000 0.001150
917.000000 0.001120
918.000000 0.001067
919.000000 0.001002
920.000000 0.000943
921.000000 0.000888
922.000000 0.000864
923.000000 0.000848
924.000000 0.000830
925.000000 0.000814
926.000000 0.000803
927.000000 0.000791
928.000000 0.000739
929.000000 0.000612
930.000000 0.000568
931.000000 0.000619
932.000000 0.000638
933.000000 0.000643
934.000000 0.000640
935.000000 0.000624
936.000000 0.000647
937.000000 0.000689
938.000000 0.000673
939.000000 0.000633
940.000000 0.000623
941.000000 0.000637
942.000000 0.000646
943.000000 0.000664
944.000000 0.000676
945.000000 0.000665
946.000000 0.000597
947.000000 0.000525
948.000000 0.000502
949.000000 0.000504
950.000000 0.000511
