315.000000 0.079158
316.000000 0.079881
317.000000 0.079886
318.000000 0.080268
319.000000 0.081117
320.000000 0.081546
321.000000 0.081476
322.000000 0.081565
323.000000 0.081521
324.000000 0.082040
325.000000 0.083351
326.000000 0.084502
327.000000 0.084947
328.000000 0.085300
329.000000 0.084960
330.000000 0.084363
331.000000 0.084081
332.000000 0.084014
333.000000 0.084295
334.000000 0.084974
335.000000 0.085479
336.000000 0.085602
337.000000 0.085912
338.000000 0.086005
339.000000 0.086174
340.000000 0.086408
341.000000 0.086596
342.000000 0.086633
343.000000 0.086655
344.000000 0.087104
345.000000 0.087635
346.000000 0.087962
347.000000 0.088228
348.000000 0.088658
349.000000 0.088947
350.000000 0.089182
351.000000 0.089501
352.000000 0.089728
353.000000 0.090074
354.000000 0.090369
355.000000 0.090771
356.000000 0.091411
357.000000 0.091909
358.000000 0.092330
359.000000 0.092894
360.000000 0.093609
361.000000 0.094382
362.000000 0.095240
363.000000 0.096321
364.000000 0.097585
365.000000 0.098672
366.000000 0.099600
367.000000 0.100669
368.000000 0.101831
369.000000 0.103115
370.000000 0.103792
371.000000 0.104336
372.000000 0.105798
373.000000 0.107918
374.000000 0.109619
375.000000 0.110971
376.000000 0.112573
377.000000 0.113906
378.000000 0.115440
379.000000 0.117536
380.000000 0.120270
381.000000 0.123088
382.000000 0.125628
383.000000 0.128050
384.000000 0.130424
385.000000 0.132948
386.000000 0.135367
387.000000 0.137442
388.000000 0.139173
389.000000 0.140660
390.000000 0.141665
391.000000 0.142839
392.000000 0.144250
393.000000 0.145351
394.000000 0.146438
395.000000 0.147425
396.000000 0.148534
397.000000 0.150087
398.000000 0.151754
399.000000 0.153190
400.000000 0.154590
401.000000 0.156226
402.000000 0.157982
403.000000 0.159550
404.000000 0.161082
405.000000 0.162951
406.000000 0.164892
407.000000 0.166683
408.000000 0.168520
409.000000 0.170318
410.000000 0.172164
411.000000 0.174029
412.000000 0.175666
413.000000 0.177353
414.000000 0.179227
415.000000 0.180969
416.000000 0.182671
417.000000 0.184584
418.000000 0.186508
419.000000 0.188341
420.000000 0.190151
421.000000 0.191877
422.000000 0.193476
423.000000 0.194971
424.000000 0.196137
425.000000 0.197030
426.000000 0.197823
427.000000 0.198523
428.000000 0.199106
429.000000 0.199400
430.000000 0.199468
431.000000 0.199466
432.000000 0.199455
433.000000 0.199316
434.000000 0.199028
435.000000 0.198497
436.000000 0.197759
437.000000 0.196980
438.000000 0.196119
439.000000 0.195284
440.000000 0.194362
441.000000 0.193336
442.000000 0.192400
443.000000 0.191361
444.000000 0.190268
445.000000 0.189193
446.000000 0.188103
447.000000 0.187036
448.000000 0.185774
449.000000 0.184579
450.000000 0.183557
451.000000 0.182202
452.000000 0.180553
453.000000 0.178941
454.000000 0.177369
455.000000 0.175747
456.000000 0.174003
457.000000 0.171993
458.000000 0.169746
459.000000 0.167492
460.000000 0.165363
461.000000 0.163054
462.000000 0.160325
463.000000 0.157449
464.000000 0.154578
465.000000 0.151658
466.000000 0.148869
467.000000 0.146059
468.000000 0.143241
469.000000 0.140447
470.000000 0.137659
471.000000 0.135035
472.000000 0.132466
473.000000 0.130069
474.000000 0.127694
475.000000 0.125332
476.000000 0.123228
477.000000 0.121205
478.000000 0.119347
479.000000 0.117736
480.000000 0.116266
481.000000 0.114946
482.000000 0.113782
483.000000 0.112713
484.000000 0.111742
485.000000 0.110990
486.000000 0.110377
487.000000 0.109787
488.000000 0.109362
489.000000 0.108999
490.000000 0.108584
491.000000 0.108354
492.000000 0.108434
493.000000 0.108576
494.000000 0.108600
495.000000 0.108822
496.000000 0.109140
497.000000 0.109315
498.000000 0.109533
499.000000 0.109864
500.000000 0.110434
501.000000 0.111004
502.000000 0.111564
503.000000 0.112133
504.000000 0.112688
505.000000 0.113249
506.000000 0.113767
507.000000 0.114468
508.000000 0.115058
509.000000 0.115673
510.000000 0.116393
511.000000 0.116922
512.000000 0.117455
513.000000 0.118243
514.000000 0.119201
515.000000 0.120164
516.000000 0.120895
517.000000 0.121468
518.000000 0.122121
519.000000 0.123156
520.000000 0.124407
521.000000 0.125373
522.000000 0.126153
523.000000 0.127229
524.000000 0.128435
525.000000 0.129283
526.000000 0.130073
527.000000 0.130841
528.000000 0.131739
529.000000 0.132771
530.000000 0.133280
531.000000 0.133577
532.000000 0.134151
533.000000 0.134845
534.000000 0.135681
535.000000 0.136299
536.000000 0.136850
537.000000 0.137534
538.000000 0.138236
539.000000 0.139096
540.000000 0.139809
541.000000 0.140437
542.000000 0.141171
543.000000 0.142057
544.000000 0.142842
545.000000 0.143213
546.000000 0.143516
547.000000 0.143942
548.000000 0.144472
549.000000 0.144834
550.000000 0.145252
551.000000 0.145911
552.000000 0.146430
553.000000 0.146787
554.000000 0.147089
555.000000 0.147315
556.000000 0.147239
557.000000 0.147161
558.000000 0.147319
559.000000 0.147391
560.000000 0.147337
561.000000 0.147311
562.000000 0.147405
563.000000 0.147469
564.000000 0.147307
565.000000 0.147037
566.000000 0.146829
567.000000 0.146734
568.000000 0.146618
569.000000 0.146567
570.000000 0.146567
571.000000 0.146385
572.000000 0.146067
573.000000 0.145838
574.000000 0.145678
575.000000 0.145566
576.000000 0.145602
577.000000 0.145718
578.000000 0.145793
579.000000 0.145664
580.000000 0.145634
581.000000 0.145677
582.000000 0.145577
583.000000 0.145530
584.000000 0.145452
585.000000 0.145347
586.000000 0.145206
587.000000 0.144999
588.000000 0.144871
589.000000 0.144843
590.000000 0.144756
591.000000 0.144533
592.000000 0.144347
593.000000 0.144178
594.000000 0.143951
595.000000 0.143590
596.000000 0.143241
597.000000 0.142981
598.000000 0.142723
599.000000 0.142491
600.000000 0.142259
601.000000 0.142042
602.000000 0.141806
603.000000 0.141441
604.000000 0.141112
605.000000 0.140914
606.000000 0.140741
607.000000 0.140658
608.000000 0.140524
609.000000 0.140307
610.000000 0.140172
611.000000 0.140184
612.000000 0.140305
613.000000 0.140527
614.000000 0.140834
615.000000 0.141209
616.000000 0.141670
617.000000 0.142250
618.000000 0.142934
619.000000 0.143661
620.000000 0.144449
621.000000 0.145373
622.000000 0.146393
623.000000 0.147489
624.000000 0.148768
625.000000 0.150125
626.000000 0.151588
627.000000 0.153246
628.000000 0.154965
629.000000 0.156760
630.000000 0.158806
631.000000 0.161037
632.000000 0.163211
633.000000 0.165412
634.000000 0.167772
635.000000 0.170195
636.000000 0.172714
637.000000 0.175337
638.000000 0.177912
639.000000 0.180521
640.000000 0.183233
641.000000 0.185927
642.000000 0.188469
643.000000 0.191025
644.000000 0.193753
645.000000 0.196320
646.000000 0.198746
647.000000 0.201165
648.000000 0.203596
649.000000 0.206007
650.000000 0.208355
651.000000 0.210784
652.000000 0.213199
653.000000 0.215480
654.000000 0.217797
655.000000 0.220267
656.000000 0.222841
657.000000 0.225441
658.000000 0.228038
659.000000 0.230760
660.000000 0.233584
661.000000 0.236401
662.000000 0.239272
663.000000 0.242321
664.000000 0.245488
665.000000 0.248604
666.000000 0.251762
667.000000 0.255034
668.000000 0.258392
669.000000 0.261672
670.000000 0.264808
671.000000 0.267970
672.000000 0.271131
673.000000 0.274245
674.000000 0.277168
675.000000 0.280023
676.000000 0.282897
677.000000 0.285704
678.000000 0.288384
679.000000 0.290771
680.000000 0.293020
681.000000 0.295166
682.000000 0.297228
683.000000 0.299178
684.000000 0.300936
685.000000 0.302557
686.000000 0.304074
687.000000 0.305542
688.000000 0.306891
689.000000 0.308179
690.000000 0.309425
691.000000 0.310707
692.000000 0.312097
693.000000 0.313581
694.000000 0.315223
695.000000 0.317050
696.000000 0.318966
697.000000 0.321063
698.000000 0.323534
699.000000 0.326389
700.000000 0.329634
701.000000 0.333209
702.000000 0.336949
703.000000 0.341015
704.000000 0.345674
705.000000 0.350845
706.000000 0.356466
707.000000 0.362588
708.000000 0.369216
709.000000 0.376256
710.000000 0.383412
711.000000 0.390818
712.000000 0.398813
713.000000 0.407159
714.000000 0.415820
715.000000 0.424778
716.000000 0.433957
717.000000 0.443253
718.000000 0.452476
719.000000 0.461258
720.000000 0.469799
721.000000 0.478540
722.000000 0.487216
723.000000 0.495738
724.000000 0.504000
725.000000 0.511809
726.000000 0.519163
727.000000 0.526153
728.000000 0.532773
729.000000 0.539045
730.000000 0.544940
731.000000 0.550110
732.000000 0.554748
733.000000 0.559201
734.000000 0.563350
735.000000 0.567131
736.000000 0.570497
737.000000 0.573478
738.000000 0.576060
739.000000 0.578222
740.000000 0.579975
741.000000 0.581296
742.000000 0.582195
743.000000 0.582642
744.000000 0.582607
745.000000 0.581990
746.000000 0.580723
747.000000 0.578867
748.000000 0.576437
749.000000 0.573422
750.000000 0.569665
751.000000 0.565071
752.000000 0.559752
753.000000 0.553663
754.000000 0.546800
755.000000 0.539112
756.000000 0.530542
757.000000 0.521179
758.000000 0.511062
759.000000 0.500157
760.000000 0.488497
761.000000 0.476155
762.000000 0.463207
763.000000 0.449664
764.000000 0.435525
765.000000 0.420804
766.000000 0.405684
767.000000 0.390371
768.000000 0.374978
769.000000 0.359491
770.000000 0.343918
771.000000 0.328473
772.000000 0.313208
773.000000 0.298215
774.000000 0.283444
775.000000 0.268924
776.000000 0.253886
777.000000 0.238902
778.000000 0.225177
779.000000 0.212362
780.000000 0.200221
781.000000 0.188584
782.000000 0.177485
783.000000 0.166894
784.000000 0.156727
785.000000 0.147140
786.000000 0.138156
787.000000 0.129705
788.000000 0.121532
789.000000 0.113812
790.000000 0.106834
791.000000 0.100376
792.000000 0.094334
793.000000 0.088700
794.000000 0.083445
795.000000 0.078557
796.000000 0.073984
797.000000 0.069530
798.000000 0.065339
799.000000 0.061516
800.000000 0.057967
801.000000 0.054707
802.000000 0.051658
803.000000 0.048802
804.000000 0.046019
805.000000 0.043332
806.000000 0.040912
807.000000 0.038707
808.000000 0.036605
809.000000 0.034619
810.000000 0.032707
811.000000 0.030903
812.000000 0.029253
813.000000 0.027710
814.000000 0.026260
815.000000 0.024870
816.000000 0.023509
817.000000 0.022217
818.000000 0.021037
819.000000 0.019959
820.000000 0.018962
821.000000 0.017990
822.000000 0.017066
823.000000 0.016275
824.000000 0.015555
825.000000 0.014805
826.000000 0.014082
827.000000 0.013422
828.000000 0.012826
829.000000 0.012278
830.000000 0.011738
831.000000 0.011268
832.000000 0.010820
833.000000 0.010398
834.000000 0.010046
835.000000 0.009712
836.000000 0.009397
837.000000 0.009087
838.000000 0.008761
839.000000 0.008406
840.000000 0.008080
841.000000 0.007793
842.000000 0.007538
843.000000 0.007357
844.000000 0.007198
845.000000 0.006995
846.000000 0.006763
847.000000 0.006574
848.000000 0.006400
849.000000 0.006185
850.000000 0.006006
851.000000 0.005872
852.000000 0.005750
853.000000 0.005611
854.000000 0.005432
855.000000 0.005249
856.000000 0.005099
857.000000 0.004972
858.000000 0.004875
859.000000 0.004803
860.000000 0.004681
861.000000 0.004568
862.000000 0.004461
863.000000 0.004279
864.000000 0.004137
865.000000 0.004025
866.000000 0.003883
867.000000 0.003743
868.000000 0.003643
869.000000 0.003539
870.000000 0.003387
871.000000 0.003271
872.000000 0.003156
873.000000 0.003043
874.000000 0.002993
875.000000 0.002954
876.000000 0.002865
877.000000 0.002728
878.000000 0.002603
879.000000 0.002481
880.000000 0.002375
881.000000 0.002273
882.000000 0.002160
883.000000 0.002128
884.000000 0.002151
885.000000 0.002151
886.000000 0.002109
887.000000 0.002043
888.000000 0.001993
889.000000 0.001966
890.000000 0.001925
891.000000 0.001865
892.000000 0.001778
893.000000 0.001699
894.000000 0.001682
895.000000 0.001652
896.000000 0.001617
897.000000 0.001626
898.000000 0.001608
899.000000 0.001557
900.000000 0.001504
901.000000 0.001446
902.000000 0.001408
903.000000 0.001380
904.000000 0.001380
905.000000 0.001378
906.000000 0.001323
907.000000 0.001288
908.000000 0.001272
909.000000 0.001257
910.000000 0.001213
911.000000 0.001162
912.000000 0.001136
913.000000 0.001097
914.000000 0.001085
915.000000 0.001056
916.000000 0.001025
917.000000 0.001029
918.000000 0.000997
919.000000 0.000920
920.000000 0.000842
921.000000 0.000809
922.000000 0.000780
923.000000 0.000758
924.000000 0.000750
925.000000 0.000722
926.000000 0.000682
927.000000 0.000659
928.000000 0.000669
929.000000 0.000582
930.000000 0.000523
931.000000 0.000576
932.000000 0.000579
933.000000 0.000572
934.000000 0.000589
935.000000 0.000584
936.000000 0.000589
937.000000 0.000591
938.000000 0.000569
939.000000 0.000572
940.000000 0.000593
941.000000 0.000602
942.000000 0.000596
943.000000 0.000598
944.000000 0.000597
945.000000 0.000571
946.000000 0.000537
947.000000 0.000499
948.000000 0.000464
949.000000 0.000420
950.000000 0.000378
