315.000000 0.053701
316.000000 0.052639
317.000000 0.051812
318.000000 0.051382
319.000000 0.051150
320.000000 0.050950
321.000000 0.050460
322.000000 0.049492
323.000000 0.048674
324.000000 0.048891
325.000000 0.049247
326.000000 0.049235
327.000000 0.048979
328.000000 0.049188
329.000000 0.049332
330.000000 0.049168
331.000000 0.048966
332.000000 0.048372
333.000000 0.048321
334.000000 0.049246
335.000000 0.049896
336.000000 0.050096
337.000000 0.050596
338.000000 0.050895
339.000000 0.051344
340.000000 0.052203
341.000000 0.053017
342.000000 0.053673
343.000000 0.054457
344.000000 0.055368
345.000000 0.056226
346.000000 0.056961
347.000000 0.057553
348.000000 0.058500
349.000000 0.059805
350.000000 0.060794
351.000000 0.061479
352.000000 0.062031
353.000000 0.062459
354.000000 0.062621
355.000000 0.062851
356.000000 0.063473
357.000000 0.063945
358.000000 0.064285
359.000000 0.064953
360.000000 0.065923
361.000000 0.066833
362.000000 0.067891
363.000000 0.069136
364.000000 0.070254
365.000000 0.071132
366.000000 0.071712
367.000000 0.072184
368.000000 0.072531
369.000000 0.072588
370.000000 0.071950
371.000000 0.071096
372.000000 0.070656
373.000000 0.070270
374.000000 0.069235
375.000000 0.068195
376.000000 0.067951
377.000000 0.067981
378.000000 0.068136
379.000000 0.068322
380.000000 0.069020
381.000000 0.070020
382.000000 0.070851
383.000000 0.071715
384.000000 0.072582
385.000000 0.073448
386.000000 0.074220
387.000000 0.074685
388.000000 0.074710
389.000000 0.074556
390.000000 0.074100
391.000000 0.073749
392.000000 0.073450
393.000000 0.072866
394.000000 0.072281
395.000000 0.071596
396.000000 0.071219
397.000000 0.071173
398.000000 0.071051
399.000000 0.070752
400.000000 0.070525
401.000000 0.070276
402.000000 0.070070
403.000000 0.069888
404.000000 0.069567
405.000000 0.069373
406.000000 0.069209
407.000000 0.069044
408.000000 0.068906
409.000000 0.068785
410.000000 0.068543
411.000000 0.068304
412.000000 0.068128
413.000000 0.067941
414.000000 0.068008
415.000000 0.068218
416.000000 0.068152
417.000000 0.067926
418.000000 0.067820
419.000000 0.067833
420.000000 0.067857
421.000000 0.067829
422.000000 0.067911
423.000000 0.067935
424.000000 0.067586
425.000000 0.067104
426.000000 0.066467
427.000000 0.065493
428.000000 0.064412
429.000000 0.063228
430.000000 0.061872
431.000000 0.060429
432.000000 0.058944
433.000000 0.057401
434.000000 0.055900
435.000000 0.054181
436.000000 0.052245
437.000000 0.050333
438.000000 0.048460
439.000000 0.046733
440.000000 0.045043
441.000000 0.043468
442.000000 0.042104
443.000000 0.040790
444.000000 0.039511
445.000000 0.038306
446.000000 0.037153
447.000000 0.036127
448.000000 0.035071
449.000000 0.034126
450.000000 0.033458
451.000000 0.032774
452.000000 0.032066
453.000000 0.031466
454.000000 0.030963
455.000000 0.030543
456.000000 0.030096
457.000000 0.029588
458.000000 0.029158
459.000000 0.028767
460.000000 0.028314
461.000000 0.027867
462.000000 0.027465
463.000000 0.027099
464.000000 0.026758
465.000000 0.026386
466.000000 0.025944
467.000000 0.025534
468.000000 0.025165
469.000000 0.024745
470.000000 0.024360
471.000000 0.023965
472.000000 0.023486
473.000000 0.023080
474.000000 0.022732
475.000000 0.022361
476.000000 0.022074
477.000000 0.021790
478.000000 0.021510
479.000000 0.021298
480.000000 0.021116
481.000000 0.020984
482.000000 0.020846
483.000000 0.020637
484.000000 0.020457
485.000000 0.020385
486.000000 0.020294
487.000000 0.020144
488.000000 0.020068
489.000000 0.019811
490.000000 0.019321
491.000000 0.019230
492.000000 0.019484
493.000000 0.019683
494.000000 0.019752
495.000000 0.019912
496.000000 0.020135
497.000000 0.020163
498.000000 0.020142
499.000000 0.020419
500.000000 0.020613
501.000000 0.020542
502.000000 0.020858
503.000000 0.021339
504.000000 0.021446
505.000000 0.021468
506.000000 0.021676
507.000000 0.022028
508.000000 0.022299
509.000000 0.022324
510.000000 0.022570
511.000000 0.022713
512.000000 0.022588
513.000000 0.023105
514.000000 0.023833
515.000000 0.024272
516.000000 0.024600
517.000000 0.024853
518.000000 0.025093
519.000000 0.025179
520.000000 0.025333
521.000000 0.025762
522.000000 0.026298
523.000000 0.026879
524.000000 0.027454
525.000000 0.028105
526.000000 0.028607
527.000000 0.028984
528.000000 0.029604
529.000000 0.030074
530.000000 0.030104
531.000000 0.030286
532.000000 0.030838
533.000000 0.031076
534.000000 0.031173
535.000000 0.031646
536.000000 0.032234
537.000000 0.033000
538.000000 0.034054
539.000000 0.035117
540.000000 0.035800
541.000000 0.036644
542.000000 0.037627
543.000000 0.038237
544.000000 0.038846
545.000000 0.039418
546.000000 0.040191
547.000000 0.041008
548.000000 0.041671
549.000000 0.042347
550.000000 0.043206
551.000000 0.044237
552.000000 0.045033
553.000000 0.045793
554.000000 0.046666
555.000000 0.047394
556.000000 0.048052
557.000000 0.048850
558.000000 0.049891
559.000000 0.050945
560.000000 0.051861
561.000000 0.052799
562.000000 0.053977
563.000000 0.055094
564.000000 0.056027
565.000000 0.056986
566.000000 0.057933
567.000000 0.058969
568.000000 0.060089
569.000000 0.061302
570.000000 0.062619
571.000000 0.063976
572.000000 0.065243
573.000000 0.066558
574.000000 0.068132
575.000000 0.069809
576.000000 0.071503
577.000000 0.073323
578.000000 0.075165
579.000000 0.076821
580.000000 0.078505
581.000000 0.080407
582.000000 0.082409
583.000000 0.084436
584.000000 0.086404
585.000000 0.088441
586.000000 0.090595
587.000000 0.092690
588.000000 0.094844
589.000000 0.097118
590.000000 0.099403
591.000000 0.101812
592.000000 0.104261
593.000000 0.106696
594.000000 0.109115
595.000000 0.111463
596.000000 0.114021
597.000000 0.116633
598.000000 0.119317
599.000000 0.122248
600.000000 0.125074
601.000000 0.127756
602.000000 0.130370
603.000000 0.133052
604.000000 0.135970
605.000000 0.138805
606.000000 0.141750
607.000000 0.144936
608.000000 0.147908
609.000000 0.150894
610.000000 0.154212
611.000000 0.157564
612.000000 0.160896
613.000000 0.164305
614.000000 0.167812
615.000000 0.171532
616.000000 0.175161
617.000000 0.178735
618.000000 0.182601
619.000000 0.186446
620.000000 0.190266
621.000000 0.194361
622.000000 0.198476
623.000000 0.202586
624.000000 0.206897
625.000000 0.211295
626.000000 0.215847
627.000000 0.220648
628.000000 0.225357
629.000000 0.230042
630.000000 0.235108
631.000000 0.240478
632.000000 0.245807
633.000000 0.251227
634.000000 0.256924
635.000000 0.262590
636.000000 0.268435
637.000000 0.274592
638.000000 0.280619
639.000000 0.286745
640.000000 0.293274
641.000000 0.299965
642.000000 0.306415
643.000000 0.312818
644.000000 0.319642
645.000000 0.326343
646.000000 0.333029
647.000000 0.340108
648.000000 0.347475
649.000000 0.354987
650.000000 0.362306
651.000000 0.369663
652.000000 0.377332
653.000000 0.384904
654.000000 0.392566
655.000000 0.400727
656.000000 0.409207
657.000000 0.417558
658.000000 0.425911
659.000000 0.434723
660.000000 0.443848
661.000000 0.452827
662.000000 0.461775
663.000000 0.471242
664.000000 0.481035
665.000000 0.490577
666.000000 0.499978
667.000000 0.509580
668.000000 0.519203
669.000000 0.528455
670.000000 0.537453
671.000000 0.546568
672.000000 0.555610
673.000000 0.564511
674.000000 0.572757
675.000000 0.580647
676.000000 0.588673
677.000000 0.596487
678.000000 0.603952
679.000000 0.610740
680.000000 0.617120
681.000000 0.623406
682.000000 0.629450
683.000000 0.635147
684.000000 0.640297
685.000000 0.645052
686.000000 0.649664
687.000000 0.654085
688.000000 0.658295
689.000000 0.662384
690.000000 0.666181
691.000000 0.669836
692.000000 0.673713
693.000000 0.677870
694.000000 0.682309
695.000000 0.687020
696.000000 0.691775
697.000000 0.696846
698.000000 0.702682
699.000000 0.709222
700.000000 0.716494
701.000000 0.724522
702.000000 0.732973
703.000000 0.742180
704.000000 0.752679
705.000000 0.764265
706.000000 0.776865
707.000000 0.790525
708.000000 0.805424
709.000000 0.821556
710.000000 0.838125
711.000000 0.855470
712.000000 0.874513
713.000000 0.894770
714.000000 0.916020
715.000000 0.938370
716.000000 0.961841
717.000000 0.986333
718.000000 1.011582
719.000000 1.036375
720.000000 1.061254
721.000000 1.087400
722.000000 1.114243
723.000000 1.141406
724.000000 1.168594
725.000000 1.195577
726.000000 1.222262
727.000000 1.248849
728.000000 1.275346
729.000000 1.301501
730.000000 1.327110
731.000000 1.350731
732.000000 1.372982
733.000000 1.395532
734.000000 1.417493
735.000000 1.438712
736.000000 1.458894
737.000000 1.477707
738.000000 1.494975
739.000000 1.510685
740.000000 1.524953
741.000000 1.537495
742.000000 1.548061
743.000000 1.556455
744.000000 1.562680
745.000000 1.566781
746.000000 1.568095
747.000000 1.566688
748.000000 1.563142
749.000000 1.557043
750.000000 1.548292
751.000000 1.536956
752.000000 1.522941
753.000000 1.506007
754.000000 1.486091
755.000000 1.463407
756.000000 1.438316
757.000000 1.410900
758.000000 1.381041
759.000000 1.348836
760.000000 1.314499
761.000000 1.278357
762.000000 1.240721
763.000000 1.201572
764.000000 1.160976
765.000000 1.118713
766.000000 1.075328
767.000000 1.031806
768.000000 0.988448
769.000000 0.945084
770.000000 0.901705
771.000000 0.858833
772.000000 0.816615
773.000000 0.775182
774.000000 0.734466
775.000000 0.694573
776.000000 0.653349
777.000000 0.612573
778.000000 0.575251
779.000000 0.540299
780.000000 0.507120
781.000000 0.475516
782.000000 0.445500
783.000000 0.416984
784.000000 0.389825
785.000000 0.363991
786.000000 0.339575
787.000000 0.316687
788.000000 0.294529
789.000000 0.273640
790.000000 0.254895
791.000000 0.237612
792.000000 0.221440
793.000000 0.206367
794.000000 0.192316
795.000000 0.179246
796.000000 0.167036
797.000000 0.155282
798.000000 0.144289
799.000000 0.134368
800.000000 0.125299
801.000000 0.116932
802.000000 0.109070
803.000000 0.101738
804.000000 0.094748
805.000000 0.088171
806.000000 0.082235
807.000000 0.076831
808.000000 0.071814
809.000000 0.067075
810.000000 0.062509
811.000000 0.058188
812.000000 0.054296
813.000000 0.050795
814.000000 0.047524
815.000000 0.044437
816.000000 0.041488
817.000000 0.038724
818.000000 0.036253
819.000000 0.033998
820.000000 0.031927
821.000000 0.029955
822.000000 0.028078
823.000000 0.026409
824.000000 0.024903
825.000000 0.023427
826.000000 0.022023
827.000000 0.020768
828.000000 0.019657
829.000000 0.018682
830.000000 0.017737
831.000000 0.016843
832.000000 0.016008
833.000000 0.015233
834.000000 0.014513
835.000000 0.013829
836.000000 0.013244
837.000000 0.012736
838.000000 0.012228
839.000000 0.011701
840.000000 0.011224
841.000000 0.010797
842.000000 0.010420
843.000000 0.010092
844.000000 0.009777
845.000000 0.009431
846.000000 0.009075
847.000000 0.008769
848.000000 0.008437
849.000000 0.008111
850.000000 0.007887
851.000000 0.007694
852.000000 0.007493
853.000000 0.007320
854.000000 0.007131
855.000000 0.006915
856.000000 0.006734
857.000000 0.006544
858.000000 0.006354
859.000000 0.006162
860.000000 0.005941
861.000000 0.005767
862.000000 0.005633
863.000000 0.005482
864.000000 0.005292
865.000000 0.005105
866.000000 0.005025
867.000000 0.005046
868.000000 0.004975
869.000000 0.004732
870.000000 0.004487
871.000000 0.004303
872.000000 0.004132
873.000000 0.004016
874.000000 0.003964
875.000000 0.003916
876.000000 0.003815
877.000000 0.003645
878.000000 0.003493
879.000000 0.003368
880.000000 0.003249
881.000000 0.003161
882.000000 0.003061
883.000000 0.002967
884.000000 0.002910
885.000000 0.002862
886.000000 0.002786
887.000000 0.002683
888.000000 0.002613
889.000000 0.002570
890.000000 0.002502
891.000000 0.002421
892.000000 0.002367
893.000000 0.002305
894.000000 0.002251
895.000000 0.002207
896.000000 0.002160
897.000000 0.002161
898.000000 0.002155
899.000000 0.002115
900.000000 0.002062
901.000000 0.002031
902.000000 0.002011
903.000000 0.001970
904.000000 0.001948
905.000000 0.001932
906.000000 0.001890
907.000000 0.001864
908.000000 0.001865
909.000000 0.001875
910.000000 0.001836
911.000000 0.001764
912.000000 0.001720
913.000000 0.001685
914.000000 0.001673
915.000000 0.001651
916.000000 0.001607
917.000000 0.001600
918.000000 0.001590
919.000000 0.001541
920.000000 0.001478
921.000000 0.001431
922.000000 0.001410
923.000000 0.001390
924.000000 0.001354
925.000000 0.001335
926.000000 0.001334
927.000000 0.001307
928.000000 0.001279
929.000000 0.001182
930.000000 0.001130
931.000000 0.001174
932.000000 0.001175
933.000000 0.001179
934.000000 0.001164
935.000000 0.001120
936.000000 0.001105
937.000000 0.001119
938.000000 0.001127
939.000000 0.001135
940.000000 0.001152
941.000000 0.001147
942.000000 0.001143
943.000000 0.001162
944.000000 0.001164
945.000000 0.001151
946.000000 0.001139
947.000000 0.001098
948.000000 0.001055
949.000000 0.001022
950.000000 0.000991
