315.000000 0.088392
316.000000 0.088949
317.000000 0.088768
318.000000 0.088797
319.000000 0.089363
320.000000 0.089516
321.000000 0.089770
322.000000 0.089796
323.000000 0.090091
324.000000 0.091483
325.000000 0.092741
326.000000 0.093356
327.000000 0.093616
328.000000 0.093961
329.000000 0.094100
330.000000 0.094188
331.000000 0.094361
332.000000 0.094262
333.000000 0.094656
334.000000 0.095706
335.000000 0.096273
336.000000 0.096395
337.000000 0.096526
338.000000 0.096412
339.000000 0.096425
340.000000 0.096569
341.000000 0.096805
342.000000 0.096880
343.000000 0.096748
344.000000 0.096807
345.000000 0.096914
346.000000 0.096916
347.000000 0.097094
348.000000 0.097346
349.000000 0.097537
350.000000 0.097862
351.000000 0.098285
352.000000 0.098708
353.000000 0.098884
354.000000 0.099024
355.000000 0.099325
356.000000 0.099713
357.000000 0.100148
358.000000 0.100606
359.000000 0.101136
360.000000 0.101837
361.000000 0.102683
362.000000 0.103459
363.000000 0.104274
364.000000 0.105145
365.000000 0.106027
366.000000 0.106948
367.000000 0.107978
368.000000 0.109223
369.000000 0.110552
370.000000 0.111821
371.000000 0.112956
372.000000 0.114206
373.000000 0.115946
374.000000 0.117948
375.000000 0.119877
376.000000 0.121531
377.000000 0.123314
378.000000 0.125701
379.000000 0.128006
380.000000 0.130423
381.000000 0.133063
382.000000 0.135299
383.000000 0.137241
384.000000 0.139505
385.000000 0.142324
386.000000 0.144986
387.000000 0.147444
388.000000 0.149756
389.000000 0.151651
390.000000 0.153132
391.000000 0.154756
392.000000 0.156591
393.000000 0.158255
394.000000 0.159794
395.000000 0.161304
396.000000 0.163082
397.000000 0.165337
398.000000 0.167743
399.000000 0.169851
400.000000 0.171985
401.000000 0.174248
402.000000 0.176541
403.000000 0.178805
404.000000 0.180830
405.000000 0.183137
406.000000 0.185614
407.000000 0.187789
408.000000 0.189991
409.000000 0.192217
410.000000 0.194395
411.000000 0.196600
412.000000 0.198843
413.000000 0.201143
414.000000 0.203581
415.000000 0.206117
416.000000 0.208377
417.000000 0.210546
418.000000 0.212652
419.000000 0.214550
420.000000 0.216592
421.000000 0.218709
422.000000 0.220652
423.000000 0.222529
424.000000 0.224218
425.000000 0.225679
426.000000 0.227024
427.000000 0.228126
428.000000 0.228925
429.000000 0.229503
430.000000 0.229954
431.000000 0.230244
432.000000 0.230491
433.000000 0.230591
434.000000 0.230514
435.000000 0.230143
436.000000 0.229510
437.000000 0.228888
438.000000 0.228249
439.000000 0.227570
440.000000 0.226736
441.000000 0.225818
442.000000 0.224949
443.000000 0.223947
444.000000 0.222923
445.000000 0.221937
446.000000 0.220869
447.000000 0.219757
448.000000 0.218386
449.000000 0.217032
450.000000 0.215842
451.000000 0.214374
452.000000 0.212658
453.000000 0.210906
454.000000 0.209045
455.000000 0.207026
456.000000 0.204838
457.000000 0.202437
458.000000 0.199914
459.000000 0.197207
460.000000 0.194409
461.000000 0.191590
462.000000 0.188503
463.000000 0.185282
464.000000 0.181988
465.000000 0.178598
466.000000 0.175372
467.000000 0.172109
468.000000 0.168848
469.000000 0.165602
470.000000 0.162329
471.000000 0.159250
472.000000 0.156199
473.000000 0.153228
474.000000 0.150361
475.000000 0.147664
476.000000 0.145322
477.000000 0.143027
478.000000 0.140814
479.000000 0.138834
480.000000 0.137102
481.000000 0.135577
482.000000 0.134160
483.000000 0.132873
484.000000 0.131653
485.000000 0.130608
486.000000 0.129783
487.000000 0.129059
488.000000 0.128456
489.000000 0.128220
490.000000 0.128166
491.000000 0.128163
492.000000 0.128107
493.000000 0.128257
494.000000 0.128319
495.000000 0.128401
496.000000 0.128711
497.000000 0.128860
498.000000 0.129074
499.000000 0.129431
500.000000 0.130087
501.000000 0.130902
502.000000 0.131845
503.000000 0.132567
504.000000 0.133126
505.000000 0.133689
506.000000 0.134283
507.000000 0.135259
508.000000 0.135885
509.000000 0.136269
510.000000 0.136986
511.000000 0.137427
512.000000 0.137850
513.000000 0.138787
514.000000 0.139852
515.000000 0.140696
516.000000 0.141410
517.000000 0.142082
518.000000 0.142700
519.000000 0.143359
520.000000 0.144272
521.000000 0.145435
522.000000 0.146463
523.000000 0.147342
524.000000 0.148150
525.000000 0.149040
526.000000 0.150061
527.000000 0.150965
528.000000 0.151971
529.000000 0.152878
530.000000 0.153529
531.000000 0.154198
532.000000 0.154798
533.000000 0.155394
534.000000 0.156081
535.000000 0.156842
536.000000 0.157593
537.000000 0.158042
538.000000 0.158659
539.000000 0.159746
540.000000 0.160535
541.000000 0.161149
542.000000 0.161840
543.000000 0.162451
544.000000 0.163211
545.000000 0.163724
546.000000 0.163698
547.000000 0.163909
548.000000 0.164550
549.000000 0.164944
550.000000 0.165284
551.000000 0.165647
552.000000 0.165699
553.000000 0.165779
554.000000 0.165905
555.000000 0.165696
556.000000 0.165406
557.000000 0.165372
558.000000 0.165452
559.000000 0.165290
560.000000 0.165083
561.000000 0.164930
562.000000 0.164744
563.000000 0.164564
564.000000 0.164108
565.000000 0.163596
566.000000 0.163204
567.000000 0.162938
568.000000 0.162779
569.000000 0.162532
570.000000 0.162272
571.000000 0.161906
572.000000 0.161449
573.000000 0.161036
574.000000 0.159985
575.000000 0.159291
576.000000 0.159370
577.000000 0.159126
578.000000 0.158751
579.000000 0.158284
580.000000 0.157828
581.000000 0.157340
582.000000 0.156768
583.000000 0.156243
584.000000 0.155669
585.000000 0.155180
586.000000 0.154683
587.000000 0.154070
588.000000 0.153378
589.000000 0.152742
590.000000 0.152081
591.000000 0.151243
592.000000 0.150475
593.000000 0.149679
594.000000 0.148853
595.000000 0.147992
596.000000 0.147103
597.000000 0.146206
598.000000 0.145314
599.000000 0.144439
600.000000 0.143604
601.000000 0.142763
602.000000 0.141808
603.000000 0.140843
604.000000 0.139896
605.000000 0.139043
606.000000 0.138322
607.000000 0.137541
608.000000 0.136663
609.000000 0.135797
610.000000 0.135030
611.000000 0.134393
612.000000 0.133770
613.000000 0.133265
614.000000 0.132905
615.000000 0.132585
616.000000 0.132359
617.000000 0.132189
618.000000 0.132060
619.000000 0.132073
620.000000 0.132206
621.000000 0.132417
622.000000 0.132753
623.000000 0.133164
624.000000 0.133721
625.000000 0.134432
626.000000 0.135216
627.000000 0.136131
628.000000 0.137158
629.000000 0.138254
630.000000 0.139551
631.000000 0.141012
632.000000 0.142492
633.000000 0.144012
634.000000 0.145522
635.000000 0.147053
636.000000 0.148707
637.000000 0.150438
638.000000 0.152097
639.000000 0.153818
640.000000 0.155608
641.000000 0.157284
642.000000 0.158839
643.000000 0.160427
644.000000 0.162056
645.000000 0.163466
646.000000 0.164752
647.000000 0.166036
648.000000 0.167253
649.000000 0.168363
650.000000 0.169399
651.000000 0.170432
652.000000 0.171453
653.000000 0.172464
654.000000 0.173464
655.000000 0.174441
656.000000 0.175442
657.000000 0.176531
658.000000 0.177628
659.000000 0.178813
660.000000 0.180119
661.000000 0.181441
662.000000 0.182802
663.000000 0.184272
664.000000 0.185899
665.000000 0.187517
666.000000 0.189202
667.000000 0.191057
668.000000 0.192947
669.000000 0.194787
670.000000 0.196611
671.000000 0.198513
672.000000 0.200428
673.000000 0.202311
674.000000 0.204057
675.000000 0.205747
676.000000 0.207437
677.000000 0.209072
678.000000 0.210702
679.000000 0.212214
680.000000 0.213602
681.000000 0.214884
682.000000 0.216080
683.000000 0.217273
684.000000 0.218419
685.000000 0.219479
686.000000 0.220463
687.000000 0.221384
688.000000 0.222195
689.000000 0.222976
690.000000 0.223729
691.000000 0.224490
692.000000 0.225395
693.000000 0.226389
694.000000 0.227486
695.000000 0.228716
696.000000 0.229986
697.000000 0.231342
698.000000 0.232981
699.000000 0.234949
700.000000 0.237161
701.000000 0.239577
702.000000 0.242145
703.000000 0.244951
704.000000 0.248168
705.000000 0.251811
706.000000 0.255779
707.000000 0.260024
708.000000 0.264657
709.000000 0.269606
710.000000 0.274604
711.000000 0.279765
712.000000 0.285367
713.000000 0.291285
714.000000 0.297409
715.000000 0.303670
716.000000 0.310029
717.000000 0.316437
718.000000 0.322789
719.000000 0.328866
720.000000 0.334791
721.000000 0.340800
722.000000 0.346792
723.000000 0.352595
724.000000 0.358159
725.000000 0.363512
726.000000 0.368509
727.000000 0.373227
728.000000 0.377724
729.000000 0.381937
730.000000 0.385856
731.000000 0.389300
732.000000 0.392343
733.000000 0.395219
734.000000 0.397910
735.000000 0.400368
736.000000 0.402523
737.000000 0.404385
738.000000 0.405995
739.000000 0.407349
740.000000 0.408420
741.000000 0.409181
742.000000 0.409615
743.000000 0.409717
744.000000 0.409507
745.000000 0.408969
746.000000 0.408005
747.000000 0.406642
748.000000 0.404857
749.000000 0.402608
750.000000 0.399898
751.000000 0.396693
752.000000 0.392987
753.000000 0.388727
754.000000 0.383957
755.000000 0.378647
756.000000 0.372735
757.000000 0.366261
758.000000 0.359224
759.000000 0.351603
760.000000 0.343527
761.000000 0.335013
762.000000 0.326038
763.000000 0.316723
764.000000 0.307054
765.000000 0.296958
766.000000 0.286540
767.000000 0.275990
768.000000 0.265396
769.000000 0.254728
770.000000 0.244013
771.000000 0.233402
772.000000 0.222901
773.000000 0.212518
774.000000 0.202287
775.000000 0.192364
776.000000 0.182154
777.000000 0.171830
778.000000 0.162320
779.000000 0.153494
780.000000 0.145107
781.000000 0.137055
782.000000 0.129416
783.000000 0.122170
784.000000 0.115224
785.000000 0.108632
786.000000 0.102427
787.000000 0.096570
788.000000 0.090844
789.000000 0.085443
790.000000 0.080603
791.000000 0.076097
792.000000 0.071851
793.000000 0.067890
794.000000 0.064171
795.000000 0.060697
796.000000 0.057412
797.000000 0.054218
798.000000 0.051226
799.000000 0.048519
800.000000 0.046011
801.000000 0.043630
802.000000 0.041345
803.000000 0.039202
804.000000 0.037165
805.000000 0.035190
806.000000 0.033380
807.000000 0.031736
808.000000 0.030157
809.000000 0.028627
810.000000 0.027145
811.000000 0.025729
812.000000 0.024438
813.000000 0.023225
814.000000 0.022048
815.000000 0.020971
816.000000 0.019931
817.000000 0.018885
818.000000 0.017909
819.000000 0.017000
820.000000 0.016212
821.000000 0.015460
822.000000 0.014704
823.000000 0.014037
824.000000 0.013390
825.000000 0.012737
826.000000 0.012146
827.000000 0.011615
828.000000 0.011165
829.000000 0.010748
830.000000 0.010295
831.000000 0.009872
832.000000 0.009439
833.000000 0.009076
834.000000 0.008837
835.000000 0.008589
836.000000 0.008312
837.000000 0.008042
838.000000 0.007794
839.000000 0.007565
840.000000 0.007326
841.000000 0.007056
842.000000 0.006815
843.000000 0.006650
844.000000 0.006504
845.000000 0.006306
846.000000 0.006119
847.000000 0.006018
848.000000 0.005907
849.000000 0.005754
850.000000 0.005589
851.000000 0.005442
852.000000 0.005351
853.000000 0.005234
854.000000 0.005048
855.000000 0.004862
856.000000 0.004725
857.000000 0.004604
858.000000 0.004540
859.000000 0.004477
860.000000 0.004346
861.000000 0.004233
862.000000 0.004111
863.000000 0.003927
864.000000 0.003780
865.000000 0.003669
866.000000 0.003565
867.000000 0.003594
868.000000 0.003688
869.000000 0.003591
870.000000 0.003332
871.000000 0.003132
872.000000 0.002988
873.000000 0.002896
874.000000 0.002864
875.000000 0.002816
876.000000 0.002733
877.000000 0.002591
878.000000 0.002461
879.000000 0.002361
880.000000 0.002266
881.000000 0.002196
882.000000 0.002139
883.000000 0.002136
884.000000 0.002133
885.000000 0.002050
886.000000 0.001936
887.000000 0.001851
888.000000 0.001804
889.000000 0.001788
890.000000 0.001756
891.000000 0.001720
892.000000 0.001665
893.000000 0.001582
894.000000 0.001532
895.000000 0.001506
896.000000 0.001488
897.000000 0.001480
898.000000 0.001469
899.000000 0.001429
900.000000 0.001376
901.000000 0.001334
902.000000 0.001307
903.000000 0.001280
904.000000 0.001281
905.000000 0.001286
906.000000 0.001242
907.000000 0.001199
908.000000 0.001184
909.000000 0.001201
910.000000 0.001210
911.000000 0.001190
912.000000 0.001171
913.000000 0.001135
914.000000 0.001084
915.000000 0.001041
916.000000 0.001022
917.000000 0.001036
918.000000 0.001004
919.000000 0.000927
920.000000 0.000877
921.000000 0.000857
922.000000 0.000855
923.000000 0.000842
924.000000 0.000797
925.000000 0.000737
926.000000 0.000716
927.000000 0.000697
928.000000 0.000650
929.000000 0.000544
930.000000 0.000499
931.000000 0.000544
932.000000 0.000563
933.000000 0.000587
934.000000 0.000586
935.000000 0.000538
936.000000 0.000522
937.000000 0.000531
938.000000 0.000528
939.000000 0.000439
940.000000 0.000446
941.000000 0.000566
942.000000 0.000610
943.000000 0.000681
944.000000 0.000773
945.000000 0.000870
946.000000 0.000929
947.000000 0.000894
948.000000 0.000762
949.000000 0.000630
950.000000 0.000579
