315.000000 0.087191
316.000000 0.087696
317.000000 0.087746
318.000000 0.087992
319.000000 0.088161
320.000000 0.088362
321.000000 0.088890
322.000000 0.089457
323.000000 0.090188
324.000000 0.091535
325.000000 0.092789
326.000000 0.093667
327.000000 0.094200
328.000000 0.094496
329.000000 0.094578
330.000000 0.094612
331.000000 0.094556
332.000000 0.094497
333.000000 0.095286
334.000000 0.096358
335.000000 0.096643
336.000000 0.096999
337.000000 0.097826
338.000000 0.098064
339.000000 0.098211
340.000000 0.098404
341.000000 0.098388
342.000000 0.098475
343.000000 0.098445
344.000000 0.098460
345.000000 0.098983
346.000000 0.099480
347.000000 0.099556
348.000000 0.099680
349.000000 0.099970
350.000000 0.100244
351.000000 0.100652
352.000000 0.101126
353.000000 0.101308
354.000000 0.101372
355.000000 0.101736
356.000000 0.102236
357.000000 0.102633
358.000000 0.102990
359.000000 0.103417
360.000000 0.103998
361.000000 0.104655
362.000000 0.105436
363.000000 0.106360
364.000000 0.107337
365.000000 0.108180
366.000000 0.109027
367.000000 0.110078
368.000000 0.111247
369.000000 0.112539
370.000000 0.113241
371.000000 0.113986
372.000000 0.115757
373.000000 0.117881
374.000000 0.119699
375.000000 0.121360
376.000000 0.123132
377.000000 0.124928
378.000000 0.126995
379.000000 0.129478
380.000000 0.132443
381.000000 0.135162
382.000000 0.137531
383.000000 0.139767
384.000000 0.142174
385.000000 0.144746
386.000000 0.147176
387.000000 0.149691
388.000000 0.152184
389.000000 0.154262
390.000000 0.155742
391.000000 0.157577
392.000000 0.159774
393.000000 0.161763
394.000000 0.163626
395.000000 0.165551
396.000000 0.167594
397.000000 0.169828
398.000000 0.172092
399.000000 0.174272
400.000000 0.176536
401.000000 0.178952
402.000000 0.181531
403.000000 0.183890
404.000000 0.186130
405.000000 0.188683
406.000000 0.191147
407.000000 0.193461
408.000000 0.196011
409.000000 0.198609
410.000000 0.200935
411.000000 0.203276
412.000000 0.205941
413.000000 0.208562
414.000000 0.210892
415.000000 0.213150
416.000000 0.215296
417.000000 0.217434
418.000000 0.219684
419.000000 0.221917
420.000000 0.224225
421.000000 0.226580
422.000000 0.228790
423.000000 0.230763
424.000000 0.232441
425.000000 0.233833
426.000000 0.235152
427.000000 0.236404
428.000000 0.237411
429.000000 0.238172
430.000000 0.238794
431.000000 0.239222
432.000000 0.239522
433.000000 0.239758
434.000000 0.239775
435.000000 0.239502
436.000000 0.239187
437.000000 0.238786
438.000000 0.238122
439.000000 0.237382
440.000000 0.236574
441.000000 0.235670
442.000000 0.234839
443.000000 0.233985
444.000000 0.233030
445.000000 0.232049
446.000000 0.231003
447.000000 0.229958
448.000000 0.228742
449.000000 0.227452
450.000000 0.226231
451.000000 0.224679
452.000000 0.222871
453.000000 0.221046
454.000000 0.219075
455.000000 0.216989
456.000000 0.214742
457.000000 0.212292
458.000000 0.209779
459.000000 0.207073
460.000000 0.204186
461.000000 0.201236
462.000000 0.198025
463.000000 0.194696
464.000000 0.191270
465.000000 0.187730
466.000000 0.184330
467.000000 0.180863
468.000000 0.177398
469.000000 0.174006
470.000000 0.170654
471.000000 0.167425
472.000000 0.164152
473.000000 0.160981
474.000000 0.157976
475.000000 0.155195
476.000000 0.152735
477.000000 0.150300
478.000000 0.147950
479.000000 0.145851
480.000000 0.143995
481.000000 0.142332
482.000000 0.140830
483.000000 0.139489
484.000000 0.138252
485.000000 0.137209
486.000000 0.136360
487.000000 0.135619
488.000000 0.134974
489.000000 0.134551
490.000000 0.134210
491.000000 0.133938
492.000000 0.133652
493.000000 0.133555
494.000000 0.133449
495.000000 0.133428
496.000000 0.133577
497.000000 0.133685
498.000000 0.133988
499.000000 0.134602
500.000000 0.135548
501.000000 0.136348
502.000000 0.137194
503.000000 0.137718
504.000000 0.138043
505.000000 0.138770
506.000000 0.139721
507.000000 0.140797
508.000000 0.141533
509.000000 0.142273
510.000000 0.143067
511.000000 0.143477
512.000000 0.143769
513.000000 0.144500
514.000000 0.145807
515.000000 0.146860
516.000000 0.147477
517.000000 0.148015
518.000000 0.148588
519.000000 0.149279
520.000000 0.150126
521.000000 0.151294
522.000000 0.152350
523.000000 0.153259
524.000000 0.154201
525.000000 0.154981
526.000000 0.155804
527.000000 0.156633
528.000000 0.157524
529.000000 0.158286
530.000000 0.158809
531.000000 0.159417
532.000000 0.160151
533.000000 0.160749
534.000000 0.161383
535.000000 0.162389
536.000000 0.163441
537.000000 0.164190
538.000000 0.164941
539.000000 0.165677
540.000000 0.166182
541.000000 0.166974
542.000000 0.167615
543.000000 0.168058
544.000000 0.168616
545.000000 0.169043
546.000000 0.169631
547.000000 0.170105
548.000000 0.170444
549.000000 0.170869
550.000000 0.171354
551.000000 0.171763
552.000000 0.171884
553.000000 0.171850
554.000000 0.171882
555.000000 0.171855
556.000000 0.171612
557.000000 0.171403
558.000000 0.171348
559.000000 0.171183
560.000000 0.170751
561.000000 0.170187
562.000000 0.169885
563.000000 0.169725
564.000000 0.169389
565.000000 0.169070
566.000000 0.168753
567.000000 0.168509
568.000000 0.168119
569.000000 0.167543
570.000000 0.167027
571.000000 0.166397
572.000000 0.165668
573.000000 0.165000
574.000000 0.164426
575.000000 0.163926
576.000000 0.163529
577.000000 0.163208
578.000000 0.162737
579.000000 0.162118
580.000000 0.161674
581.000000 0.161174
582.000000 0.160440
583.000000 0.159673
584.000000 0.158920
585.000000 0.158192
586.000000 0.157339
587.000000 0.156367
588.000000 0.155505
589.000000 0.154788
590.000000 0.153927
591.000000 0.152945
592.000000 0.152073
593.000000 0.151121
594.000000 0.150140
595.000000 0.149074
596.000000 0.147899
597.000000 0.146861
598.000000 0.145879
599.000000 0.144812
600.000000 0.143780
601.000000 0.142661
602.000000 0.141526
603.000000 0.140477
604.000000 0.139353
605.000000 0.138256
606.000000 0.137327
607.000000 0.136386
608.000000 0.135297
609.000000 0.134222
610.000000 0.133188
611.000000 0.132277
612.000000 0.131430
613.000000 0.130752
614.000000 0.130193
615.000000 0.129571
616.000000 0.129099
617.000000 0.128741
618.000000 0.128422
619.000000 0.128219
620.000000 0.128134
621.000000 0.128168
622.000000 0.128311
623.000000 0.128536
624.000000 0.128944
625.000000 0.129540
626.000000 0.130143
627.000000 0.130796
628.000000 0.131569
629.000000 0.132425
630.000000 0.133493
631.000000 0.134658
632.000000 0.135809
633.000000 0.137055
634.000000 0.138388
635.000000 0.139796
636.000000 0.141299
637.000000 0.142822
638.000000 0.144290
639.000000 0.145789
640.000000 0.147330
641.000000 0.148757
642.000000 0.150035
643.000000 0.151282
644.000000 0.152577
645.000000 0.153742
646.000000 0.154758
647.000000 0.155736
648.000000 0.156633
649.000000 0.157452
650.000000 0.158223
651.000000 0.158945
652.000000 0.159624
653.000000 0.160270
654.000000 0.160884
655.000000 0.161534
656.000000 0.162298
657.000000 0.163120
658.000000 0.163894
659.000000 0.164729
660.000000 0.165628
661.000000 0.166566
662.000000 0.167585
663.000000 0.168698
664.000000 0.169932
665.000000 0.171235
666.000000 0.172574
667.000000 0.173981
668.000000 0.175498
669.000000 0.177031
670.000000 0.178550
671.000000 0.180139
672.000000 0.181757
673.000000 0.183346
674.000000 0.184856
675.000000 0.186371
676.000000 0.187929
677.000000 0.189399
678.000000 0.190826
679.000000 0.192140
680.000000 0.193337
681.000000 0.194501
682.000000 0.195623
683.000000 0.196667
684.000000 0.197650
685.000000 0.198599
686.000000 0.199502
687.000000 0.200339
688.000000 0.201088
689.000000 0.201878
690.000000 0.202637
691.000000 0.203370
692.000000 0.204188
693.000000 0.205075
694.000000 0.206028
695.000000 0.207094
696.000000 0.208292
697.000000 0.209635
698.000000 0.211195
699.000000 0.212952
700.000000 0.214929
701.000000 0.217141
702.000000 0.219480
703.000000 0.222050
704.000000 0.225009
705.000000 0.228247
706.000000 0.231738
707.000000 0.235564
708.000000 0.239731
709.000000 0.244107
710.000000 0.248563
711.000000 0.253230
712.000000 0.258262
713.000000 0.263538
714.000000 0.268963
715.000000 0.274483
716.000000 0.280150
717.000000 0.285914
718.000000 0.291632
719.000000 0.297085
720.000000 0.302408
721.000000 0.307850
722.000000 0.313186
723.000000 0.318348
724.000000 0.323331
725.000000 0.328077
726.000000 0.332542
727.000000 0.336746
728.000000 0.340734
729.000000 0.344512
730.000000 0.348021
731.000000 0.351075
732.000000 0.353835
733.000000 0.356474
734.000000 0.358894
735.000000 0.361075
736.000000 0.362990
737.000000 0.364658
738.000000 0.366097
739.000000 0.367307
740.000000 0.368258
741.000000 0.368959
742.000000 0.369356
743.000000 0.369422
744.000000 0.369218
745.000000 0.368692
746.000000 0.367786
747.000000 0.366516
748.000000 0.364925
749.000000 0.362947
750.000000 0.360482
751.000000 0.357563
752.000000 0.354249
753.000000 0.350455
754.000000 0.346145
755.000000 0.341330
756.000000 0.336060
757.000000 0.330324
758.000000 0.324070
759.000000 0.317283
760.000000 0.310079
761.000000 0.302484
762.000000 0.294513
763.000000 0.286234
764.000000 0.277618
765.000000 0.268640
766.000000 0.259380
767.000000 0.250007
768.000000 0.240558
769.000000 0.231034
770.000000 0.221444
771.000000 0.211927
772.000000 0.202547
773.000000 0.193292
774.000000 0.184221
775.000000 0.175320
776.000000 0.166079
777.000000 0.156854
778.000000 0.148403
779.000000 0.140490
780.000000 0.132956
781.000000 0.125776
782.000000 0.118929
783.000000 0.112397
784.000000 0.106160
785.000000 0.100229
786.000000 0.094600
787.000000 0.089325
788.000000 0.084190
789.000000 0.079311
790.000000 0.074930
791.000000 0.070891
792.000000 0.067062
793.000000 0.063469
794.000000 0.060124
795.000000 0.056969
796.000000 0.053965
797.000000 0.051073
798.000000 0.048388
799.000000 0.045878
800.000000 0.043526
801.000000 0.041347
802.000000 0.039268
803.000000 0.037282
804.000000 0.035326
805.000000 0.033465
806.000000 0.031785
807.000000 0.030215
808.000000 0.028711
809.000000 0.027274
810.000000 0.025916
811.000000 0.024624
812.000000 0.023389
813.000000 0.022207
814.000000 0.021062
815.000000 0.020042
816.000000 0.019082
817.000000 0.018138
818.000000 0.017276
819.000000 0.016488
820.000000 0.015760
821.000000 0.014987
822.000000 0.014223
823.000000 0.013578
824.000000 0.012997
825.000000 0.012361
826.000000 0.011755
827.000000 0.011279
828.000000 0.010862
829.000000 0.010427
830.000000 0.009992
831.000000 0.009599
832.000000 0.009201
833.000000 0.008833
834.000000 0.008507
835.000000 0.008225
836.000000 0.007988
837.000000 0.007766
838.000000 0.007574
839.000000 0.007404
840.000000 0.007169
841.000000 0.006900
842.000000 0.006700
843.000000 0.006528
844.000000 0.006323
845.000000 0.006116
846.000000 0.005917
847.000000 0.005774
848.000000 0.005644
849.000000 0.005450
850.000000 0.005311
851.000000 0.005184
852.000000 0.005063
853.000000 0.004937
854.000000 0.004760
855.000000 0.004619
856.000000 0.004558
857.000000 0.004487
858.000000 0.004390
859.000000 0.004282
860.000000 0.004115
861.000000 0.004000
862.000000 0.003933
863.000000 0.003843
864.000000 0.003735
865.000000 0.003598
866.000000 0.003459
867.000000 0.003324
868.000000 0.003225
869.000000 0.003137
870.000000 0.003027
871.000000 0.002939
872.000000 0.002826
873.000000 0.002706
874.000000 0.002673
875.000000 0.002668
876.000000 0.002607
877.000000 0.002485
878.000000 0.002353
879.000000 0.002230
880.000000 0.002123
881.000000 0.002049
882.000000 0.001970
883.000000 0.001925
884.000000 0.001911
885.000000 0.001853
886.000000 0.001772
887.000000 0.001687
888.000000 0.001632
889.000000 0.001608
890.000000 0.001550
891.000000 0.001504
892.000000 0.001486
893.000000 0.001448
894.000000 0.001408
895.000000 0.001386
896.000000 0.001386
897.000000 0.001381
898.000000 0.001360
899.000000 0.001323
900.000000 0.001260
901.000000 0.001215
902.000000 0.001205
903.000000 0.001205
904.000000 0.001207
905.000000 0.001184
906.000000 0.001131
907.000000 0.001091
908.000000 0.001075
909.000000 0.001079
910.000000 0.001052
911.000000 0.001006
912.000000 0.001000
913.000000 0.000963
914.000000 0.000936
915.000000 0.000938
916.000000 0.000925
917.000000 0.000901
918.000000 0.000867
919.000000 0.000810
920.000000 0.000747
921.000000 0.000720
922.000000 0.000702
923.000000 0.000681
924.000000 0.000644
925.000000 0.000608
926.000000 0.000592
927.000000 0.000564
928.000000 0.000511
929.000000 0.000381
930.000000 0.000316
931.000000 0.000381
932.000000 0.000412
933.000000 0.000413
934.000000 0.000408
935.000000 0.000365
936.000000 0.000356
937.000000 0.000390
938.000000 0.000408
939.000000 0.000455
940.000000 0.000509
941.000000 0.000515
942.000000 0.000486
943.000000 0.000487
944.000000 0.000490
945.000000 0.000424
946.000000 0.000343
947.000000 0.000294
948.000000 0.000265
949.000000 0.000215
950.000000 0.000157
