315.000000 0.093090
316.000000 0.093826
317.000000 0.093753
318.000000 0.094575
319.000000 0.096235
320.000000 0.097157
321.000000 0.097324
322.000000 0.097219
323.000000 0.097454
324.000000 0.098225
325.000000 0.099256
326.000000 0.100298
327.000000 0.100846
328.000000 0.101423
329.000000 0.101661
330.000000 0.101598
331.000000 0.101420
332.000000 0.101238
333.000000 0.101860
334.000000 0.102939
335.000000 0.103212
336.000000 0.103341
337.000000 0.103639
338.000000 0.103391
339.000000 0.103512
340.000000 0.103837
341.000000 0.104142
342.000000 0.104535
343.000000 0.104880
344.000000 0.105253
345.000000 0.105534
346.000000 0.105654
347.000000 0.105811
348.000000 0.105759
349.000000 0.105523
350.000000 0.105605
351.000000 0.105904
352.000000 0.106322
353.000000 0.106710
354.000000 0.106873
355.000000 0.107151
356.000000 0.107618
357.000000 0.108031
358.000000 0.108332
359.000000 0.108895
360.000000 0.109813
361.000000 0.110616
362.000000 0.111209
363.000000 0.112026
364.000000 0.113027
365.000000 0.113921
366.000000 0.114770
367.000000 0.115780
368.000000 0.116887
369.000000 0.118125
370.000000 0.119377
371.000000 0.120858
372.000000 0.122558
373.000000 0.124365
374.000000 0.126267
375.000000 0.128032
376.000000 0.130056
377.000000 0.131997
378.000000 0.133846
379.000000 0.135974
380.000000 0.138637
381.000000 0.141397
382.000000 0.143993
383.000000 0.146426
384.000000 0.148563
385.000000 0.151009
386.000000 0.153682
387.000000 0.156306
388.000000 0.158638
389.000000 0.160909
390.000000 0.163023
391.000000 0.165311
392.000000 0.167968
393.000000 0.170367
394.000000 0.172674
395.000000 0.175041
396.000000 0.177533
397.000000 0.180162
398.000000 0.182926
399.000000 0.185437
400.000000 0.187890
401.000000 0.190655
402.000000 0.193520
403.000000 0.196329
404.000000 0.198862
405.000000 0.201523
406.000000 0.204332
407.000000 0.206997
408.000000 0.209769
409.000000 0.212638
410.000000 0.215221
411.000000 0.217915
412.000000 0.220916
413.000000 0.223747
414.000000 0.226529
415.000000 0.229315
416.000000 0.231880
417.000000 0.234333
418.000000 0.236769
419.000000 0.239216
420.000000 0.241807
421.000000 0.244429
422.000000 0.246790
423.000000 0.248961
424.000000 0.250968
425.000000 0.252739
426.000000 0.254401
427.000000 0.255805
428.000000 0.256906
429.000000 0.257825
430.000000 0.258521
431.000000 0.259067
432.000000 0.259521
433.000000 0.259832
434.000000 0.260046
435.000000 0.260024
436.000000 0.259723
437.000000 0.259286
438.000000 0.258734
439.000000 0.258094
440.000000 0.257355
441.000000 0.256526
442.000000 0.255792
443.000000 0.255009
444.000000 0.254107
445.000000 0.253145
446.000000 0.252041
447.000000 0.250857
448.000000 0.249467
449.000000 0.248074
450.000000 0.246830
451.000000 0.245232
452.000000 0.243304
453.000000 0.241421
454.000000 0.239418
455.000000 0.237171
456.000000 0.234670
457.000000 0.231933
458.000000 0.229141
459.000000 0.226154
460.000000 0.223006
461.000000 0.219833
462.000000 0.216423
463.000000 0.212806
464.000000 0.209013
465.000000 0.205140
466.000000 0.201513
467.000000 0.197894
468.000000 0.194157
469.000000 0.190380
470.000000 0.186669
471.000000 0.183129
472.000000 0.179570
473.000000 0.176191
474.000000 0.172970
475.000000 0.169886
476.000000 0.167149
477.000000 0.164454
478.000000 0.161894
479.000000 0.159567
480.000000 0.157449
481.000000 0.155535
482.000000 0.153788
483.000000 0.152289
484.000000 0.150927
485.000000 0.149745
486.000000 0.148733
487.000000 0.147851
488.000000 0.147112
489.000000 0.146413
490.000000 0.145998
491.000000 0.145837
492.000000 0.145598
493.000000 0.145541
494.000000 0.145415
495.000000 0.145314
496.000000 0.145429
497.000000 0.145706
498.000000 0.145914
499.000000 0.146371
500.000000 0.147253
501.000000 0.147715
502.000000 0.148275
503.000000 0.148864
504.000000 0.149235
505.000000 0.149884
506.000000 0.150921
507.000000 0.151867
508.000000 0.152299
509.000000 0.152911
510.000000 0.153880
511.000000 0.154379
512.000000 0.154609
513.000000 0.155358
514.000000 0.156368
515.000000 0.157321
516.000000 0.158135
517.000000 0.158626
518.000000 0.159297
519.000000 0.160210
520.000000 0.161006
521.000000 0.161978
522.000000 0.162976
523.000000 0.164096
524.000000 0.165223
525.000000 0.166230
526.000000 0.167199
527.000000 0.167934
528.000000 0.168917
529.000000 0.169943
530.000000 0.170631
531.000000 0.171260
532.000000 0.171821
533.000000 0.172231
534.000000 0.172949
535.000000 0.173901
536.000000 0.174774
537.000000 0.175687
538.000000 0.176569
539.000000 0.177294
540.000000 0.177580
541.000000 0.178025
542.000000 0.178920
543.000000 0.179810
544.000000 0.180602
545.000000 0.181106
546.000000 0.181347
547.000000 0.181333
548.000000 0.181397
549.000000 0.181590
550.000000 0.181809
551.000000 0.182131
552.000000 0.182234
553.000000 0.182144
554.000000 0.182015
555.000000 0.181776
556.000000 0.181368
557.000000 0.181076
558.000000 0.180926
559.000000 0.180593
560.000000 0.180260
561.000000 0.179963
562.000000 0.179669
563.000000 0.179360
564.000000 0.178743
565.000000 0.178060
566.000000 0.177416
567.000000 0.176720
568.000000 0.176066
569.000000 0.175535
570.000000 0.175024
571.000000 0.174324
572.000000 0.173453
573.000000 0.172603
574.000000 0.171772
575.000000 0.171088
576.000000 0.170535
577.000000 0.169929
578.000000 0.169190
579.000000 0.168301
580.000000 0.167447
581.000000 0.166653
582.000000 0.165860
583.000000 0.164987
584.000000 0.163995
585.000000 0.162887
586.000000 0.161713
587.000000 0.160521
588.000000 0.159314
589.000000 0.158240
590.000000 0.157172
591.000000 0.155948
592.000000 0.154705
593.000000 0.153390
594.000000 0.152021
595.000000 0.150551
596.000000 0.148972
597.000000 0.147561
598.000000 0.146237
599.000000 0.144732
600.000000 0.143300
601.000000 0.141983
602.000000 0.140534
603.000000 0.138956
604.000000 0.137315
605.000000 0.135790
606.000000 0.134474
607.000000 0.133114
608.000000 0.131673
609.000000 0.130236
610.000000 0.128814
611.000000 0.127579
612.000000 0.126440
613.000000 0.125324
614.000000 0.124240
615.000000 0.123234
616.000000 0.122414
617.000000 0.121680
618.000000 0.120968
619.000000 0.120346
620.000000 0.119876
621.000000 0.119534
622.000000 0.119281
623.000000 0.119092
624.000000 0.119001
625.000000 0.119080
626.000000 0.119313
627.000000 0.119659
628.000000 0.120069
629.000000 0.120497
630.000000 0.121044
631.000000 0.121764
632.000000 0.122559
633.000000 0.123419
634.000000 0.124298
635.000000 0.125193
636.000000 0.126169
637.000000 0.127184
638.000000 0.128142
639.000000 0.129069
640.000000 0.130023
641.000000 0.130887
642.000000 0.131619
643.000000 0.132290
644.000000 0.132920
645.000000 0.133385
646.000000 0.133714
647.000000 0.133986
648.000000 0.134118
649.000000 0.134168
650.000000 0.134132
651.000000 0.134027
652.000000 0.133852
653.000000 0.133543
654.000000 0.133226
655.000000 0.132970
656.000000 0.132799
657.000000 0.132737
658.000000 0.132669
659.000000 0.132580
660.000000 0.132520
661.000000 0.132537
662.000000 0.132632
663.000000 0.132820
664.000000 0.133123
665.000000 0.133448
666.000000 0.133887
667.000000 0.134459
668.000000 0.135107
669.000000 0.135763
670.000000 0.136431
671.000000 0.137215
672.000000 0.138073
673.000000 0.138915
674.000000 0.139704
675.000000 0.140495
676.000000 0.141331
677.000000 0.142181
678.000000 0.143004
679.000000 0.143762
680.000000 0.144454
681.000000 0.145076
682.000000 0.145705
683.000000 0.146315
684.000000 0.146858
685.000000 0.147391
686.000000 0.147928
687.000000 0.148456
688.000000 0.148938
689.000000 0.149415
690.000000 0.149862
691.000000 0.150317
692.000000 0.150813
693.000000 0.151383
694.000000 0.152030
695.000000 0.152772
696.000000 0.153587
697.000000 0.154452
698.000000 0.155503
699.000000 0.156753
700.000000 0.158180
701.000000 0.159766
702.000000 0.161431
703.000000 0.163188
704.000000 0.165193
705.000000 0.167496
706.000000 0.170051
707.000000 0.172816
708.000000 0.175789
709.000000 0.178938
710.000000 0.182156
711.000000 0.185475
712.000000 0.188985
713.000000 0.192666
714.000000 0.196520
715.000000 0.200521
716.000000 0.204598
717.000000 0.208701
718.000000 0.212748
719.000000 0.216580
720.000000 0.220334
721.000000 0.224184
722.000000 0.227978
723.000000 0.231694
724.000000 0.235339
725.000000 0.238758
726.000000 0.241899
727.000000 0.244876
728.000000 0.247708
729.000000 0.250382
730.000000 0.252920
731.000000 0.255166
732.000000 0.257158
733.000000 0.258989
734.000000 0.260603
735.000000 0.262057
736.000000 0.263354
737.000000 0.264509
738.000000 0.265508
739.000000 0.266285
740.000000 0.266881
741.000000 0.267286
742.000000 0.267458
743.000000 0.267411
744.000000 0.267190
745.000000 0.266819
746.000000 0.266178
747.000000 0.265181
748.000000 0.263895
749.000000 0.262341
750.000000 0.260463
751.000000 0.258256
752.000000 0.255774
753.000000 0.253008
754.000000 0.249871
755.000000 0.246390
756.000000 0.242581
757.000000 0.238412
758.000000 0.233936
759.000000 0.229124
760.000000 0.224008
761.000000 0.218653
762.000000 0.213064
763.000000 0.207230
764.000000 0.201150
765.000000 0.194828
766.000000 0.188246
767.000000 0.181567
768.000000 0.174911
769.000000 0.168254
770.000000 0.161563
771.000000 0.154873
772.000000 0.148300
773.000000 0.141843
774.000000 0.135440
775.000000 0.129191
776.000000 0.122788
777.000000 0.116331
778.000000 0.110376
779.000000 0.104855
780.000000 0.099647
781.000000 0.094643
782.000000 0.089840
783.000000 0.085279
784.000000 0.080846
785.000000 0.076603
786.000000 0.072660
787.000000 0.068985
788.000000 0.065398
789.000000 0.061999
790.000000 0.058904
791.000000 0.055952
792.000000 0.053155
793.000000 0.050585
794.000000 0.048178
795.000000 0.045871
796.000000 0.043655
797.000000 0.041520
798.000000 0.039529
799.000000 0.037693
800.000000 0.035956
801.000000 0.034296
802.000000 0.032729
803.000000 0.031261
804.000000 0.029795
805.000000 0.028341
806.000000 0.027021
807.000000 0.025805
808.000000 0.024590
809.000000 0.023385
810.000000 0.022253
811.000000 0.021194
812.000000 0.020226
813.000000 0.019307
814.000000 0.018340
815.000000 0.017421
816.000000 0.016596
817.000000 0.015804
818.000000 0.015071
819.000000 0.014377
820.000000 0.013723
821.000000 0.013090
822.000000 0.012476
823.000000 0.011954
824.000000 0.011488
825.000000 0.010995
826.000000 0.010499
827.000000 0.010035
828.000000 0.009629
829.000000 0.009247
830.000000 0.008858
831.000000 0.008540
832.000000 0.008267
833.000000 0.007987
834.000000 0.007743
835.000000 0.007533
836.000000 0.007301
837.000000 0.007086
838.000000 0.006909
839.000000 0.006718
840.000000 0.006500
841.000000 0.006285
842.000000 0.006116
843.000000 0.005957
844.000000 0.005791
845.000000 0.005633
846.000000 0.005497
847.000000 0.005379
848.000000 0.005219
849.000000 0.005038
850.000000 0.004901
851.000000 0.004787
852.000000 0.004672
853.000000 0.004543
854.000000 0.004413
855.000000 0.004302
856.000000 0.004215
857.000000 0.004106
858.000000 0.004002
859.000000 0.003929
860.000000 0.003833
861.000000 0.003729
862.000000 0.003622
863.000000 0.003499
864.000000 0.003379
865.000000 0.003262
866.000000 0.003126
867.000000 0.003017
868.000000 0.002976
869.000000 0.002926
870.000000 0.002795
871.000000 0.002663
872.000000 0.002554
873.000000 0.002458
874.000000 0.002439
875.000000 0.002442
876.000000 0.002383
877.000000 0.002277
878.000000 0.002187
879.000000 0.002096
880.000000 0.002013
881.000000 0.001936
882.000000 0.001851
883.000000 0.001790
884.000000 0.001759
885.000000 0.001714
886.000000 0.001645
887.000000 0.001583
888.000000 0.001548
889.000000 0.001546
890.000000 0.001558
891.000000 0.001526
892.000000 0.001454
893.000000 0.001396
894.000000 0.001380
895.000000 0.001365
896.000000 0.001329
897.000000 0.001322
898.000000 0.001285
899.000000 0.001210
900.000000 0.001162
901.000000 0.001136
902.000000 0.001104
903.000000 0.001083
904.000000 0.001106
905.000000 0.001107
906.000000 0.001062
907.000000 0.001046
908.000000 0.001032
909.000000 0.001007
910.000000 0.000971
911.000000 0.000920
912.000000 0.000897
913.000000 0.000872
914.000000 0.000875
915.000000 0.000881
916.000000 0.000835
917.000000 0.000800
918.000000 0.000775
919.000000 0.000716
920.000000 0.000662
921.000000 0.000628
922.000000 0.000579
923.000000 0.000539
924.000000 0.000514
925.000000 0.000489
926.000000 0.000472
927.000000 0.000469
928.000000 0.000458
929.000000 0.000360
930.000000 0.000299
931.000000 0.000351
932.000000 0.000382
933.000000 0.000394
934.000000 0.000412
935.000000 0.000416
936.000000 0.000404
937.000000 0.000383
938.000000 0.000370
939.000000 0.000390
940.000000 0.000427
941.000000 0.000430
942.000000 0.000411
943.000000 0.000407
944.000000 0.000405
945.000000 0.000390
946.000000 0.000332
947.000000 0.000249
948.000000 0.000192
949.000000 0.000158
950.000000 0.000138
