315.000000 0.092860
316.000000 0.094819
317.000000 0.095881
318.000000 0.097048
319.000000 0.097805
320.000000 0.097385
321.000000 0.097290
322.000000 0.097289
323.000000 0.097694
324.000000 0.099024
325.000000 0.100563
326.000000 0.101586
327.000000 0.101417
328.000000 0.101365
329.000000 0.101695
330.000000 0.102349
331.000000 0.102901
332.000000 0.103164
333.000000 0.103870
334.000000 0.104837
335.000000 0.105227
336.000000 0.105450
337.000000 0.106165
338.000000 0.106456
339.000000 0.106646
340.000000 0.106857
341.000000 0.107185
342.000000 0.107477
343.000000 0.107455
344.000000 0.107549
345.000000 0.107411
346.000000 0.107339
347.000000 0.107515
348.000000 0.107624
349.000000 0.108001
350.000000 0.108528
351.000000 0.108761
352.000000 0.108978
353.000000 0.109212
354.000000 0.109292
355.000000 0.109559
356.000000 0.110151
357.000000 0.110660
358.000000 0.111046
359.000000 0.111541
360.000000 0.112285
361.000000 0.113067
362.000000 0.113779
363.000000 0.114642
364.000000 0.115642
365.000000 0.116613
366.000000 0.117436
367.000000 0.118296
368.000000 0.119448
369.000000 0.120879
370.000000 0.121966
371.000000 0.123292
372.000000 0.125582
373.000000 0.127741
374.000000 0.128939
375.000000 0.130254
376.000000 0.132283
377.000000 0.134330
378.000000 0.136463
379.000000 0.138697
380.000000 0.141292
381.000000 0.143856
382.000000 0.146252
383.000000 0.148720
384.000000 0.151376
385.000000 0.154246
386.000000 0.156918
387.000000 0.159576
388.000000 0.162206
389.000000 0.164687
390.000000 0.166681
391.000000 0.168849
392.000000 0.171635
393.000000 0.174017
394.000000 0.176115
395.000000 0.178683
396.000000 0.181587
397.000000 0.184579
398.000000 0.187686
399.000000 0.190599
400.000000 0.193320
401.000000 0.196205
402.000000 0.199148
403.000000 0.201971
404.000000 0.204791
405.000000 0.208028
406.000000 0.211338
407.000000 0.214166
408.000000 0.216841
409.000000 0.219770
410.000000 0.222645
411.000000 0.225472
412.000000 0.228359
413.000000 0.231107
414.000000 0.234032
415.000000 0.236874
416.000000 0.239464
417.000000 0.242203
418.000000 0.244978
419.000000 0.247673
420.000000 0.250505
421.000000 0.253262
422.000000 0.255692
423.000000 0.257901
424.000000 0.259882
425.000000 0.261676
426.000000 0.263418
427.000000 0.264883
428.000000 0.265952
429.000000 0.266959
430.000000 0.267833
431.000000 0.268445
432.000000 0.268955
433.000000 0.269351
434.000000 0.269621
435.000000 0.269618
436.000000 0.269377
437.000000 0.269021
438.000000 0.268557
439.000000 0.267959
440.000000 0.267261
441.000000 0.266456
442.000000 0.265634
443.000000 0.264826
444.000000 0.263912
445.000000 0.262884
446.000000 0.261762
447.000000 0.260642
448.000000 0.259238
449.000000 0.257744
450.000000 0.256362
451.000000 0.254649
452.000000 0.252722
453.000000 0.250786
454.000000 0.248680
455.000000 0.246386
456.000000 0.243868
457.000000 0.241049
458.000000 0.238136
459.000000 0.235140
460.000000 0.232032
461.000000 0.228795
462.000000 0.225178
463.000000 0.221359
464.000000 0.217527
465.000000 0.213568
466.000000 0.209710
467.000000 0.205855
468.000000 0.202009
469.000000 0.198162
470.000000 0.194326
471.000000 0.190730
472.000000 0.187127
473.000000 0.183613
474.000000 0.180226
475.000000 0.177001
476.000000 0.174134
477.000000 0.171310
478.000000 0.168616
479.000000 0.166205
480.000000 0.163955
481.000000 0.161922
482.000000 0.160111
483.000000 0.158476
484.000000 0.156945
485.000000 0.155641
486.000000 0.154557
487.000000 0.153598
488.000000 0.152770
489.000000 0.151950
490.000000 0.151084
491.000000 0.150734
492.000000 0.150834
493.000000 0.150841
494.000000 0.150640
495.000000 0.150579
496.000000 0.150718
497.000000 0.150753
498.000000 0.150952
499.000000 0.151441
500.000000 0.151907
501.000000 0.152474
502.000000 0.153461
503.000000 0.154177
504.000000 0.154682
505.000000 0.155156
506.000000 0.155573
507.000000 0.156416
508.000000 0.157259
509.000000 0.158005
510.000000 0.158753
511.000000 0.159092
512.000000 0.159409
513.000000 0.160342
514.000000 0.161533
515.000000 0.162540
516.000000 0.163265
517.000000 0.163684
518.000000 0.164196
519.000000 0.164838
520.000000 0.165609
521.000000 0.166945
522.000000 0.168283
523.000000 0.169309
524.000000 0.170281
525.000000 0.171049
526.000000 0.171779
527.000000 0.172456
528.000000 0.173260
529.000000 0.174179
530.000000 0.174821
531.000000 0.175512
532.000000 0.176143
533.000000 0.176419
534.000000 0.177117
535.000000 0.178097
536.000000 0.178997
537.000000 0.179658
538.000000 0.180230
539.000000 0.181321
540.000000 0.182220
541.000000 0.182899
542.000000 0.183512
543.000000 0.184145
544.000000 0.184843
545.000000 0.185363
546.000000 0.185831
547.000000 0.185907
548.000000 0.185789
549.000000 0.185866
550.000000 0.186020
551.000000 0.186155
552.000000 0.186248
553.000000 0.186271
554.000000 0.186160
555.000000 0.185884
556.000000 0.185448
557.000000 0.184996
558.000000 0.184696
559.000000 0.184305
560.000000 0.183828
561.000000 0.183441
562.000000 0.183172
563.000000 0.182863
564.000000 0.182292
565.000000 0.181581
566.000000 0.180777
567.000000 0.180065
568.000000 0.179450
569.000000 0.178733
570.000000 0.177969
571.000000 0.177184
572.000000 0.176308
573.000000 0.175459
574.000000 0.174714
575.000000 0.174101
576.000000 0.173506
577.000000 0.172640
578.000000 0.171656
579.000000 0.170653
580.000000 0.169709
581.000000 0.168801
582.000000 0.167876
583.000000 0.166910
584.000000 0.165824
585.000000 0.164701
586.000000 0.163479
587.000000 0.162255
588.000000 0.161071
589.000000 0.159848
590.000000 0.158513
591.000000 0.157003
592.000000 0.155490
593.000000 0.153934
594.000000 0.152437
595.000000 0.150894
596.000000 0.149192
597.000000 0.147563
598.000000 0.146056
599.000000 0.144529
600.000000 0.142935
601.000000 0.141316
602.000000 0.139674
603.000000 0.138020
604.000000 0.136327
605.000000 0.134589
606.000000 0.132951
607.000000 0.131384
608.000000 0.129784
609.000000 0.128158
610.000000 0.126533
611.000000 0.125033
612.000000 0.123612
613.000000 0.122333
614.000000 0.121132
615.000000 0.119954
616.000000 0.118952
617.000000 0.117992
618.000000 0.117049
619.000000 0.116259
620.000000 0.115600
621.000000 0.115050
622.000000 0.114616
623.000000 0.114316
624.000000 0.114173
625.000000 0.114146
626.000000 0.114169
627.000000 0.114276
628.000000 0.114501
629.000000 0.114788
630.000000 0.115209
631.000000 0.115752
632.000000 0.116303
633.000000 0.116948
634.000000 0.117676
635.000000 0.118409
636.000000 0.119176
637.000000 0.119934
638.000000 0.120622
639.000000 0.121296
640.000000 0.121986
641.000000 0.122559
642.000000 0.123039
643.000000 0.123454
644.000000 0.123768
645.000000 0.123941
646.000000 0.123974
647.000000 0.123909
648.000000 0.123712
649.000000 0.123421
650.000000 0.123018
651.000000 0.122537
652.000000 0.121957
653.000000 0.121359
654.000000 0.120782
655.000000 0.120158
656.000000 0.119538
657.000000 0.118997
658.000000 0.118495
659.000000 0.118018
660.000000 0.117569
661.000000 0.117177
662.000000 0.116881
663.000000 0.116655
664.000000 0.116532
665.000000 0.116514
666.000000 0.116606
667.000000 0.116782
668.000000 0.117020
669.000000 0.117332
670.000000 0.117678
671.000000 0.118064
672.000000 0.118520
673.000000 0.118994
674.000000 0.119457
675.000000 0.119973
676.000000 0.120531
677.000000 0.121078
678.000000 0.121636
679.000000 0.122128
680.000000 0.122559
681.000000 0.122983
682.000000 0.123425
683.000000 0.123884
684.000000 0.124325
685.000000 0.124689
686.000000 0.125064
687.000000 0.125487
688.000000 0.125801
689.000000 0.126100
690.000000 0.126415
691.000000 0.126749
692.000000 0.127153
693.000000 0.127610
694.000000 0.128140
695.000000 0.128748
696.000000 0.129371
697.000000 0.130071
698.000000 0.130935
699.000000 0.131931
700.000000 0.133089
701.000000 0.134388
702.000000 0.135726
703.000000 0.137160
704.000000 0.138793
705.000000 0.140622
706.000000 0.142647
707.000000 0.144871
708.000000 0.147355
709.000000 0.149974
710.000000 0.152547
711.000000 0.155228
712.000000 0.158105
713.000000 0.161101
714.000000 0.164251
715.000000 0.167539
716.000000 0.170931
717.000000 0.174518
718.000000 0.177952
719.000000 0.181003
720.000000 0.184087
721.000000 0.187275
722.000000 0.190385
723.000000 0.193421
724.000000 0.196393
725.000000 0.199249
726.000000 0.201919
727.000000 0.204420
728.000000 0.206769
729.000000 0.208779
730.000000 0.210794
731.000000 0.212803
732.000000 0.214483
733.000000 0.216003
734.000000 0.217377
735.000000 0.218622
736.000000 0.219707
737.000000 0.220624
738.000000 0.221367
739.000000 0.221951
740.000000 0.222443
741.000000 0.222795
742.000000 0.222914
743.000000 0.222844
744.000000 0.222629
745.000000 0.222234
746.000000 0.221598
747.000000 0.220719
748.000000 0.219650
749.000000 0.218363
750.000000 0.216763
751.000000 0.214889
752.000000 0.212817
753.000000 0.210522
754.000000 0.207978
755.000000 0.205088
756.000000 0.201882
757.000000 0.198463
758.000000 0.194788
759.000000 0.190812
760.000000 0.186621
761.000000 0.182229
762.000000 0.177586
763.000000 0.172795
764.000000 0.167856
765.000000 0.162713
766.000000 0.157381
767.000000 0.151946
768.000000 0.146522
769.000000 0.141144
770.000000 0.135729
771.000000 0.130232
772.000000 0.124785
773.000000 0.119503
774.000000 0.114334
775.000000 0.109262
776.000000 0.104064
777.000000 0.098847
778.000000 0.094027
779.000000 0.089522
780.000000 0.085241
781.000000 0.081150
782.000000 0.077212
783.000000 0.073439
784.000000 0.069858
785.000000 0.066466
786.000000 0.063363
787.000000 0.060488
788.000000 0.057554
789.000000 0.054707
790.000000 0.052127
791.000000 0.049704
792.000000 0.047412
793.000000 0.045304
794.000000 0.043317
795.000000 0.041374
796.000000 0.039475
797.000000 0.037615
798.000000 0.035888
799.000000 0.034320
800.000000 0.032853
801.000000 0.031448
802.000000 0.030056
803.000000 0.028719
804.000000 0.027421
805.000000 0.026103
806.000000 0.024877
807.000000 0.023758
808.000000 0.022682
809.000000 0.021652
810.000000 0.020649
811.000000 0.019691
812.000000 0.018808
813.000000 0.017977
814.000000 0.017147
815.000000 0.016401
816.000000 0.015685
817.000000 0.014885
818.000000 0.014101
819.000000 0.013414
820.000000 0.012845
821.000000 0.012297
822.000000 0.011712
823.000000 0.011222
824.000000 0.010779
825.000000 0.010288
826.000000 0.009810
827.000000 0.009389
828.000000 0.009049
829.000000 0.008762
830.000000 0.008425
831.000000 0.008076
832.000000 0.007782
833.000000 0.007520
834.000000 0.007281
835.000000 0.007056
836.000000 0.006889
837.000000 0.006738
838.000000 0.006528
839.000000 0.006301
840.000000 0.006104
841.000000 0.005903
842.000000 0.005699
843.000000 0.005547
844.000000 0.005413
845.000000 0.005256
846.000000 0.005124
847.000000 0.005026
848.000000 0.004916
849.000000 0.004797
850.000000 0.004678
851.000000 0.004577
852.000000 0.004496
853.000000 0.004378
854.000000 0.004234
855.000000 0.004114
856.000000 0.004035
857.000000 0.003978
858.000000 0.003939
859.000000 0.003846
860.000000 0.003683
861.000000 0.003569
862.000000 0.003484
863.000000 0.003361
864.000000 0.003236
865.000000 0.003117
866.000000 0.003005
867.000000 0.002942
868.000000 0.002904
869.000000 0.002846
870.000000 0.002727
871.000000 0.002596
872.000000 0.002481
873.000000 0.002395
874.000000 0.002383
875.000000 0.002379
876.000000 0.002309
877.000000 0.002211
878.000000 0.002134
879.000000 0.002016
880.000000 0.001907
881.000000 0.001845
882.000000 0.001762
883.000000 0.001701
884.000000 0.001681
885.000000 0.001644
886.000000 0.001577
887.000000 0.001509
888.000000 0.001471
889.000000 0.001444
890.000000 0.001393
891.000000 0.001342
892.000000 0.001295
893.000000 0.001257
894.000000 0.001246
895.000000 0.001224
896.000000 0.001198
897.000000 0.001186
898.000000 0.001200
899.000000 0.001260
900.000000 0.001249
901.000000 0.001129
902.000000 0.001048
903.000000 0.001013
904.000000 0.001009
905.000000 0.001031
906.000000 0.000988
907.000000 0.000953
908.000000 0.000949
909.000000 0.000950
910.000000 0.000934
911.000000 0.000854
912.000000 0.000801
913.000000 0.000775
914.000000 0.000768
915.000000 0.000797
916.000000 0.000814
917.000000 0.000803
918.000000 0.000755
919.000000 0.000677
920.000000 0.000596
921.000000 0.000544
922.000000 0.000511
923.000000 0.000489
924.000000 0.000463
925.000000 0.000448
926.000000 0.000427
927.000000 0.000419
928.000000 0.000428
929.000000 0.000348
930.000000 0.000298
931.000000 0.000333
932.000000 0.000334
933.000000 0.000331
934.000000 0.000318
935.000000 0.000299
936.000000 0.000327
937.000000 0.000354
938.000000 0.000356
939.000000 0.000355
940.000000 0.000364
941.000000 0.000356
942.000000 0.000344
943.000000 0.000331
944.000000 0.000317
945.000000 0.000290
946.000000 0.000236
947.000000 0.000193
948.000000 0.000186
949.000000 0.000136
950.000000 0.000059
