315.000000 0.094621
316.000000 0.095658
317.000000 0.096001
318.000000 0.097159
319.000000 0.098537
320.000000 0.098828
321.000000 0.099323
322.000000 0.099698
323.000000 0.100164
324.000000 0.101120
325.000000 0.101980
326.000000 0.102965
327.000000 0.103860
328.000000 0.104515
329.000000 0.104648
330.000000 0.104456
331.000000 0.104227
332.000000 0.103977
333.000000 0.104021
334.000000 0.104939
335.000000 0.105704
336.000000 0.105985
337.000000 0.106489
338.000000 0.106587
339.000000 0.106710
340.000000 0.107051
341.000000 0.107545
342.000000 0.107855
343.000000 0.107872
344.000000 0.108134
345.000000 0.108481
346.000000 0.108712
347.000000 0.108961
348.000000 0.109261
349.000000 0.109593
350.000000 0.109999
351.000000 0.110309
352.000000 0.110344
353.000000 0.110398
354.000000 0.110497
355.000000 0.110763
356.000000 0.111261
357.000000 0.111614
358.000000 0.111891
359.000000 0.112298
360.000000 0.112912
361.000000 0.113620
362.000000 0.114429
363.000000 0.115376
364.000000 0.116477
365.000000 0.117409
366.000000 0.118159
367.000000 0.119229
368.000000 0.120581
369.000000 0.121944
370.000000 0.122658
371.000000 0.123582
372.000000 0.125170
373.000000 0.126732
374.000000 0.128397
375.000000 0.130249
376.000000 0.132173
377.000000 0.134109
378.000000 0.136276
379.000000 0.138649
380.000000 0.141605
381.000000 0.144554
382.000000 0.147094
383.000000 0.149481
384.000000 0.151831
385.000000 0.154502
386.000000 0.157515
387.000000 0.160624
388.000000 0.163480
389.000000 0.166026
390.000000 0.168352
391.000000 0.170886
392.000000 0.173570
393.000000 0.176006
394.000000 0.178408
395.000000 0.181029
396.000000 0.183832
397.000000 0.186771
398.000000 0.189867
399.000000 0.192879
400.000000 0.195792
401.000000 0.198782
402.000000 0.201936
403.000000 0.205050
404.000000 0.207807
405.000000 0.210925
406.000000 0.214248
407.000000 0.217215
408.000000 0.220015
409.000000 0.222822
410.000000 0.225458
411.000000 0.228103
412.000000 0.231139
413.000000 0.234074
414.000000 0.236979
415.000000 0.239982
416.000000 0.242669
417.000000 0.245302
418.000000 0.248121
419.000000 0.251027
420.000000 0.253883
421.000000 0.256510
422.000000 0.258900
423.000000 0.261101
424.000000 0.263174
425.000000 0.265049
426.000000 0.266734
427.000000 0.268228
428.000000 0.269471
429.000000 0.270549
430.000000 0.271390
431.000000 0.272089
432.000000 0.272717
433.000000 0.273214
434.000000 0.273615
435.000000 0.273620
436.000000 0.273332
437.000000 0.272950
438.000000 0.272360
439.000000 0.271744
440.000000 0.271132
441.000000 0.270457
442.000000 0.269756
443.000000 0.268869
444.000000 0.267844
445.000000 0.266821
446.000000 0.265706
447.000000 0.264579
448.000000 0.263275
449.000000 0.261850
450.000000 0.260465
451.000000 0.258743
452.000000 0.256823
453.000000 0.254976
454.000000 0.252878
455.000000 0.250496
456.000000 0.247940
457.000000 0.245096
458.000000 0.242125
459.000000 0.238980
460.000000 0.235705
461.000000 0.232383
462.000000 0.228795
463.000000 0.225043
464.000000 0.221149
465.000000 0.217180
466.000000 0.213369
467.000000 0.209487
468.000000 0.205540
469.000000 0.201594
470.000000 0.197666
471.000000 0.193885
472.000000 0.190118
473.000000 0.186571
474.000000 0.183215
475.000000 0.179947
476.000000 0.176980
477.000000 0.174120
478.000000 0.171408
479.000000 0.168929
480.000000 0.166687
481.000000 0.164678
482.000000 0.162850
483.000000 0.161181
484.000000 0.159629
485.000000 0.158296
486.000000 0.157163
487.000000 0.156185
488.000000 0.155356
489.000000 0.154384
490.000000 0.153580
491.000000 0.153235
492.000000 0.152996
493.000000 0.152975
494.000000 0.152959
495.000000 0.152973
496.000000 0.153094
497.000000 0.153372
498.000000 0.153699
499.000000 0.153987
500.000000 0.154325
501.000000 0.154403
502.000000 0.154738
503.000000 0.155316
504.000000 0.155722
505.000000 0.156222
506.000000 0.156962
507.000000 0.157738
508.000000 0.158330
509.000000 0.158890
510.000000 0.159563
511.000000 0.160081
512.000000 0.160527
513.000000 0.161363
514.000000 0.162454
515.000000 0.163435
516.000000 0.164311
517.000000 0.164961
518.000000 0.165461
519.000000 0.165963
520.000000 0.166516
521.000000 0.167514
522.000000 0.168549
523.000000 0.169523
524.000000 0.170483
525.000000 0.171455
526.000000 0.172561
527.000000 0.173494
528.000000 0.174549
529.000000 0.175557
530.000000 0.176321
531.000000 0.176904
532.000000 0.177461
533.000000 0.178092
534.000000 0.178657
535.000000 0.179312
536.000000 0.180124
537.000000 0.180810
538.000000 0.181583
539.000000 0.182471
540.000000 0.183168
541.000000 0.183904
542.000000 0.184444
543.000000 0.184870
544.000000 0.185464
545.000000 0.185827
546.000000 0.186093
547.000000 0.186376
548.000000 0.186404
549.000000 0.186422
550.000000 0.186700
551.000000 0.187027
552.000000 0.187095
553.000000 0.187058
554.000000 0.187042
555.000000 0.186873
556.000000 0.186445
557.000000 0.186039
558.000000 0.185779
559.000000 0.185369
560.000000 0.184929
561.000000 0.184504
562.000000 0.184057
563.000000 0.183677
564.000000 0.183162
565.000000 0.182442
566.000000 0.181702
567.000000 0.181024
568.000000 0.180148
569.000000 0.179272
570.000000 0.178674
571.000000 0.177964
572.000000 0.177051
573.000000 0.176202
574.000000 0.175253
575.000000 0.174336
576.000000 0.173492
577.000000 0.172660
578.000000 0.171823
579.000000 0.170819
580.000000 0.169869
581.000000 0.168807
582.000000 0.167721
583.000000 0.166749
584.000000 0.165666
585.000000 0.164469
586.000000 0.163233
587.000000 0.161959
588.000000 0.160689
589.000000 0.159466
590.000000 0.158182
591.000000 0.156843
592.000000 0.155537
593.000000 0.154035
594.000000 0.152420
595.000000 0.150815
596.000000 0.149094
597.000000 0.147417
598.000000 0.145851
599.000000 0.144186
600.000000 0.142464
601.000000 0.140688
602.000000 0.138907
603.000000 0.137200
604.000000 0.135418
605.000000 0.133661
606.000000 0.132013
607.000000 0.130317
608.000000 0.128536
609.000000 0.126869
610.000000 0.125252
611.000000 0.123738
612.000000 0.122295
613.000000 0.120908
614.000000 0.119640
615.000000 0.118400
616.000000 0.117349
617.000000 0.116386
618.000000 0.115433
619.000000 0.114576
620.000000 0.113806
621.000000 0.113171
622.000000 0.112692
623.000000 0.112332
624.000000 0.112086
625.000000 0.111934
626.000000 0.111871
627.000000 0.111960
628.000000 0.112190
629.000000 0.112369
630.000000 0.112648
631.000000 0.113088
632.000000 0.113592
633.000000 0.114196
634.000000 0.114773
635.000000 0.115367
636.000000 0.116074
637.000000 0.116774
638.000000 0.117360
639.000000 0.117976
640.000000 0.118557
641.000000 0.118991
642.000000 0.119316
643.000000 0.119553
644.000000 0.119736
645.000000 0.119842
646.000000 0.119786
647.000000 0.119529
648.000000 0.119161
649.000000 0.118785
650.000000 0.118306
651.000000 0.117683
652.000000 0.116940
653.000000 0.116146
654.000000 0.115355
655.000000 0.114503
656.000000 0.113716
657.000000 0.113135
658.000000 0.112530
659.000000 0.111797
660.000000 0.111090
661.000000 0.110541
662.000000 0.110120
663.000000 0.109744
664.000000 0.109449
665.000000 0.109228
666.000000 0.109137
667.000000 0.109177
668.000000 0.109303
669.000000 0.109430
670.000000 0.109546
671.000000 0.109748
672.000000 0.110026
673.000000 0.110354
674.000000 0.110737
675.000000 0.111128
676.000000 0.111529
677.000000 0.111958
678.000000 0.112371
679.000000 0.112764
680.000000 0.113181
681.000000 0.113568
682.000000 0.113900
683.000000 0.114230
684.000000 0.114593
685.000000 0.114918
686.000000 0.115194
687.000000 0.115543
688.000000 0.115873
689.000000 0.116177
690.000000 0.116449
691.000000 0.116678
692.000000 0.117027
693.000000 0.117467
694.000000 0.117914
695.000000 0.118453
696.000000 0.119045
697.000000 0.119669
698.000000 0.120407
699.000000 0.121263
700.000000 0.122261
701.000000 0.123396
702.000000 0.124598
703.000000 0.125912
704.000000 0.127544
705.000000 0.129499
706.000000 0.131359
707.000000 0.133170
708.000000 0.135266
709.000000 0.137526
710.000000 0.139849
711.000000 0.142277
712.000000 0.144843
713.000000 0.147575
714.000000 0.150525
715.000000 0.153548
716.000000 0.156624
717.000000 0.159731
718.000000 0.162761
719.000000 0.165608
720.000000 0.168369
721.000000 0.171240
722.000000 0.174079
723.000000 0.176850
724.000000 0.179558
725.000000 0.182110
726.000000 0.184481
727.000000 0.186764
728.000000 0.188952
729.000000 0.190993
730.000000 0.192911
731.000000 0.194554
732.000000 0.195969
733.000000 0.197303
734.000000 0.198537
735.000000 0.199672
736.000000 0.200661
737.000000 0.201515
738.000000 0.202207
739.000000 0.202739
740.000000 0.203167
741.000000 0.203447
742.000000 0.203551
743.000000 0.203499
744.000000 0.203279
745.000000 0.202871
746.000000 0.202239
747.000000 0.201403
748.000000 0.200431
749.000000 0.199265
750.000000 0.197843
751.000000 0.196187
752.000000 0.194292
753.000000 0.192165
754.000000 0.189804
755.000000 0.187194
756.000000 0.184309
757.000000 0.181172
758.000000 0.177836
759.000000 0.174239
760.000000 0.170413
761.000000 0.166426
762.000000 0.162258
763.000000 0.157841
764.000000 0.153277
765.000000 0.148654
766.000000 0.143895
767.000000 0.139057
768.000000 0.134184
769.000000 0.129300
770.000000 0.124400
771.000000 0.119512
772.000000 0.114690
773.000000 0.109908
774.000000 0.105188
775.000000 0.100646
776.000000 0.096025
777.000000 0.091339
778.000000 0.086952
779.000000 0.082845
780.000000 0.078963
781.000000 0.075297
782.000000 0.071783
783.000000 0.068421
784.000000 0.065216
785.000000 0.062119
786.000000 0.059209
787.000000 0.056474
788.000000 0.053797
789.000000 0.051253
790.000000 0.048898
791.000000 0.046736
792.000000 0.044715
793.000000 0.042826
794.000000 0.041008
795.000000 0.039205
796.000000 0.037487
797.000000 0.035847
798.000000 0.034316
799.000000 0.032830
800.000000 0.031377
801.000000 0.030043
802.000000 0.028753
803.000000 0.027477
804.000000 0.026264
805.000000 0.025090
806.000000 0.024046
807.000000 0.023101
808.000000 0.022053
809.000000 0.020954
810.000000 0.019939
811.000000 0.019058
812.000000 0.018187
813.000000 0.017335
814.000000 0.016533
815.000000 0.015788
816.000000 0.015085
817.000000 0.014337
818.000000 0.013649
819.000000 0.013040
820.000000 0.012498
821.000000 0.011983
822.000000 0.011435
823.000000 0.010975
824.000000 0.010559
825.000000 0.010095
826.000000 0.009646
827.000000 0.009217
828.000000 0.008839
829.000000 0.008515
830.000000 0.008170
831.000000 0.007825
832.000000 0.007559
833.000000 0.007388
834.000000 0.007237
835.000000 0.007052
836.000000 0.006859
837.000000 0.006688
838.000000 0.006513
839.000000 0.006310
840.000000 0.006075
841.000000 0.005816
842.000000 0.005625
843.000000 0.005511
844.000000 0.005394
845.000000 0.005217
846.000000 0.005055
847.000000 0.004989
848.000000 0.004893
849.000000 0.004747
850.000000 0.004611
851.000000 0.004450
852.000000 0.004323
853.000000 0.004212
854.000000 0.004085
855.000000 0.003995
856.000000 0.003930
857.000000 0.003854
858.000000 0.003781
859.000000 0.003690
860.000000 0.003570
861.000000 0.003479
862.000000 0.003392
863.000000 0.003277
864.000000 0.003126
865.000000 0.002960
866.000000 0.002844
867.000000 0.002746
868.000000 0.002673
869.000000 0.002610
870.000000 0.002517
871.000000 0.002423
872.000000 0.002342
873.000000 0.002299
874.000000 0.002292
875.000000 0.002250
876.000000 0.002173
877.000000 0.002077
878.000000 0.001960
879.000000 0.001839
880.000000 0.001770
881.000000 0.001738
882.000000 0.001690
883.000000 0.001644
884.000000 0.001613
885.000000 0.001562
886.000000 0.001479
887.000000 0.001420
888.000000 0.001378
889.000000 0.001341
890.000000 0.001297
891.000000 0.001244
892.000000 0.001205
893.000000 0.001179
894.000000 0.001164
895.000000 0.001157
896.000000 0.001148
897.000000 0.001138
898.000000 0.001105
899.000000 0.001057
900.000000 0.001012
901.000000 0.000989
902.000000 0.000979
903.000000 0.000967
904.000000 0.000967
905.000000 0.000956
906.000000 0.000902
907.000000 0.000854
908.000000 0.000822
909.000000 0.000818
910.000000 0.000802
911.000000 0.000742
912.000000 0.000712
913.000000 0.000689
914.000000 0.000699
915.000000 0.000723
916.000000 0.000733
917.000000 0.000711
918.000000 0.000641
919.000000 0.000574
920.000000 0.000527
921.000000 0.000506
922.000000 0.000492
923.000000 0.000475
924.000000 0.000465
925.000000 0.000443
926.000000 0.000405
927.000000 0.000368
928.000000 0.000317
929.000000 0.000194
930.000000 0.000129
931.000000 0.000158
932.000000 0.000165
933.000000 0.000199
934.000000 0.000215
935.000000 0.000172
936.000000 0.000143
937.000000 0.000147
938.000000 0.000166
939.000000 0.000197
940.000000 0.000191
941.000000 0.000164
942.000000 0.000159
943.000000 0.000156
944.000000 0.000140
945.000000 0.000115
946.000000 0.000079
947.000000 0.000054
948.000000 0.000023
949.000000 -0.000031
950.000000 -0.000071
