315.000000 0.096915
316.000000 0.098245
317.000000 0.098349
318.000000 0.098600
319.000000 0.099276
320.000000 0.099492
321.000000 0.099668
322.000000 0.099789
323.000000 0.099859
324.000000 0.101006
325.000000 0.102238
326.000000 0.103143
327.000000 0.103760
328.000000 0.104449
329.000000 0.104959
330.000000 0.105380
331.000000 0.105767
332.000000 0.105744
333.000000 0.106177
334.000000 0.106989
335.000000 0.107308
336.000000 0.107702
337.000000 0.108538
338.000000 0.108758
339.000000 0.108700
340.000000 0.108948
341.000000 0.109167
342.000000 0.109216
343.000000 0.109232
344.000000 0.109376
345.000000 0.109655
346.000000 0.109624
347.000000 0.109458
348.000000 0.109684
349.000000 0.110108
350.000000 0.110567
351.000000 0.111060
352.000000 0.111443
353.000000 0.111703
354.000000 0.111920
355.000000 0.112296
356.000000 0.112877
357.000000 0.113418
358.000000 0.113858
359.000000 0.114344
360.000000 0.114991
361.000000 0.115571
362.000000 0.116158
363.000000 0.117036
364.000000 0.118070
365.000000 0.119160
366.000000 0.120155
367.000000 0.121130
368.000000 0.122322
369.000000 0.123661
370.000000 0.124988
371.000000 0.126271
372.000000 0.128050
373.000000 0.130168
374.000000 0.131573
375.000000 0.132979
376.000000 0.134847
377.000000 0.136827
378.000000 0.139106
379.000000 0.141309
380.000000 0.143739
381.000000 0.146519
382.000000 0.148961
383.000000 0.151181
384.000000 0.153789
385.000000 0.156505
386.000000 0.159515
387.000000 0.162800
388.000000 0.165816
389.000000 0.168477
390.000000 0.170343
391.000000 0.172483
392.000000 0.175340
393.000000 0.178070
394.000000 0.180598
395.000000 0.183289
396.000000 0.186199
397.000000 0.189288
398.000000 0.192646
399.000000 0.195833
400.000000 0.198810
401.000000 0.201873
402.000000 0.205052
403.000000 0.208081
404.000000 0.210750
405.000000 0.213708
406.000000 0.216964
407.000000 0.219945
408.000000 0.222928
409.000000 0.225934
410.000000 0.228701
411.000000 0.231637
412.000000 0.234975
413.000000 0.238236
414.000000 0.241410
415.000000 0.244552
416.000000 0.247310
417.000000 0.249848
418.000000 0.252486
419.000000 0.255124
420.000000 0.257801
421.000000 0.260463
422.000000 0.262966
423.000000 0.265243
424.000000 0.267168
425.000000 0.268930
426.000000 0.270560
427.000000 0.272143
428.000000 0.273603
429.000000 0.274696
430.000000 0.275624
431.000000 0.276393
432.000000 0.276885
433.000000 0.277180
434.000000 0.277430
435.000000 0.277485
436.000000 0.277234
437.000000 0.276791
438.000000 0.276245
439.000000 0.275666
440.000000 0.275011
441.000000 0.274276
442.000000 0.273482
443.000000 0.272688
444.000000 0.271903
445.000000 0.270942
446.000000 0.269715
447.000000 0.268393
448.000000 0.266949
449.000000 0.265488
450.000000 0.264141
451.000000 0.262450
452.000000 0.260526
453.000000 0.258614
454.000000 0.256463
455.000000 0.254150
456.000000 0.251604
457.000000 0.248708
458.000000 0.245751
459.000000 0.242635
460.000000 0.239320
461.000000 0.235918
462.000000 0.232255
463.000000 0.228466
464.000000 0.224544
465.000000 0.220401
466.000000 0.216483
467.000000 0.212659
468.000000 0.208685
469.000000 0.204640
470.000000 0.200641
471.000000 0.196824
472.000000 0.193054
473.000000 0.189472
474.000000 0.186047
475.000000 0.182772
476.000000 0.179823
477.000000 0.176907
478.000000 0.174129
479.000000 0.171660
480.000000 0.169419
481.000000 0.167381
482.000000 0.165495
483.000000 0.163809
484.000000 0.162233
485.000000 0.160801
486.000000 0.159563
487.000000 0.158509
488.000000 0.157663
489.000000 0.157099
490.000000 0.156653
491.000000 0.156280
492.000000 0.155972
493.000000 0.155661
494.000000 0.155310
495.000000 0.155329
496.000000 0.155416
497.000000 0.155473
498.000000 0.155480
499.000000 0.155526
500.000000 0.156025
501.000000 0.156375
502.000000 0.156995
503.000000 0.157680
504.000000 0.158212
505.000000 0.158786
506.000000 0.159506
507.000000 0.160420
508.000000 0.160983
509.000000 0.161477
510.000000 0.162211
511.000000 0.162618
512.000000 0.162893
513.000000 0.163583
514.000000 0.164417
515.000000 0.165246
516.000000 0.165993
517.000000 0.166634
518.000000 0.167372
519.000000 0.168149
520.000000 0.168931
521.000000 0.169907
522.000000 0.170732
523.000000 0.171566
524.000000 0.172718
525.000000 0.173798
526.000000 0.174856
527.000000 0.175756
528.000000 0.176502
529.000000 0.177167
530.000000 0.177690
531.000000 0.178306
532.000000 0.178998
533.000000 0.179692
534.000000 0.180494
535.000000 0.181392
536.000000 0.182171
537.000000 0.182744
538.000000 0.183332
539.000000 0.184035
540.000000 0.184461
541.000000 0.185057
542.000000 0.185885
543.000000 0.186698
544.000000 0.187472
545.000000 0.187801
546.000000 0.187916
547.000000 0.187949
548.000000 0.187952
549.000000 0.187868
550.000000 0.187878
551.000000 0.188115
552.000000 0.188158
553.000000 0.188163
554.000000 0.188172
555.000000 0.187911
556.000000 0.187485
557.000000 0.187177
558.000000 0.186941
559.000000 0.186618
560.000000 0.186170
561.000000 0.185647
562.000000 0.185152
563.000000 0.184616
564.000000 0.183842
565.000000 0.182940
566.000000 0.182200
567.000000 0.181559
568.000000 0.180837
569.000000 0.180114
570.000000 0.179446
571.000000 0.178677
572.000000 0.177842
573.000000 0.176962
574.000000 0.175976
575.000000 0.175112
576.000000 0.174223
577.000000 0.173322
578.000000 0.172584
579.000000 0.171647
580.000000 0.170736
581.000000 0.169811
582.000000 0.168729
583.000000 0.167709
584.000000 0.166584
585.000000 0.165430
586.000000 0.164204
587.000000 0.162814
588.000000 0.161372
589.000000 0.160012
590.000000 0.158633
591.000000 0.157100
592.000000 0.155635
593.000000 0.154101
594.000000 0.152469
595.000000 0.150720
596.000000 0.148878
597.000000 0.147113
598.000000 0.145463
599.000000 0.143745
600.000000 0.141911
601.000000 0.140105
602.000000 0.138372
603.000000 0.136698
604.000000 0.134875
605.000000 0.133047
606.000000 0.131409
607.000000 0.129760
608.000000 0.127939
609.000000 0.126125
610.000000 0.124386
611.000000 0.122757
612.000000 0.121272
613.000000 0.119948
614.000000 0.118712
615.000000 0.117424
616.000000 0.116285
617.000000 0.115257
618.000000 0.114243
619.000000 0.113325
620.000000 0.112500
621.000000 0.111765
622.000000 0.111212
623.000000 0.110762
624.000000 0.110378
625.000000 0.110142
626.000000 0.110035
627.000000 0.110041
628.000000 0.110131
629.000000 0.110280
630.000000 0.110567
631.000000 0.110996
632.000000 0.111461
633.000000 0.111969
634.000000 0.112491
635.000000 0.113018
636.000000 0.113640
637.000000 0.114238
638.000000 0.114751
639.000000 0.115296
640.000000 0.115756
641.000000 0.116079
642.000000 0.116306
643.000000 0.116466
644.000000 0.116580
645.000000 0.116567
646.000000 0.116433
647.000000 0.116143
648.000000 0.115656
649.000000 0.115077
650.000000 0.114390
651.000000 0.113606
652.000000 0.112719
653.000000 0.111805
654.000000 0.110912
655.000000 0.110027
656.000000 0.109212
657.000000 0.108460
658.000000 0.107614
659.000000 0.106722
660.000000 0.105919
661.000000 0.105239
662.000000 0.104666
663.000000 0.104102
664.000000 0.103612
665.000000 0.103253
666.000000 0.103040
667.000000 0.102898
668.000000 0.102821
669.000000 0.102823
670.000000 0.102875
671.000000 0.103023
672.000000 0.103247
673.000000 0.103442
674.000000 0.103623
675.000000 0.103858
676.000000 0.104129
677.000000 0.104480
678.000000 0.104860
679.000000 0.105168
680.000000 0.105483
681.000000 0.105753
682.000000 0.105965
683.000000 0.106240
684.000000 0.106546
685.000000 0.106812
686.000000 0.107043
687.000000 0.107323
688.000000 0.107597
689.000000 0.107878
690.000000 0.108153
691.000000 0.108394
692.000000 0.108691
693.000000 0.109050
694.000000 0.109495
695.000000 0.109999
696.000000 0.110464
697.000000 0.110957
698.000000 0.111621
699.000000 0.112446
700.000000 0.113378
701.000000 0.114426
702.000000 0.115534
703.000000 0.116750
704.000000 0.118108
705.000000 0.119598
706.000000 0.121284
707.000000 0.123146
708.000000 0.125177
709.000000 0.127295
710.000000 0.129417
711.000000 0.131653
712.000000 0.134054
713.000000 0.136566
714.000000 0.139210
715.000000 0.141924
716.000000 0.144718
717.000000 0.147525
718.000000 0.150270
719.000000 0.152933
720.000000 0.155545
721.000000 0.158197
722.000000 0.160839
723.000000 0.163427
724.000000 0.165913
725.000000 0.168246
726.000000 0.170400
727.000000 0.172444
728.000000 0.174406
729.000000 0.176289
730.000000 0.178056
731.000000 0.179567
732.000000 0.180927
733.000000 0.182200
734.000000 0.183358
735.000000 0.184417
736.000000 0.185286
737.000000 0.186022
738.000000 0.186649
739.000000 0.187156
740.000000 0.187569
741.000000 0.187833
742.000000 0.187913
743.000000 0.187807
744.000000 0.187578
745.000000 0.187238
746.000000 0.186709
747.000000 0.185920
748.000000 0.184947
749.000000 0.183837
750.000000 0.182519
751.000000 0.180934
752.000000 0.179144
753.000000 0.177143
754.000000 0.174907
755.000000 0.172479
756.000000 0.169862
757.000000 0.167049
758.000000 0.164024
759.000000 0.160727
760.000000 0.157209
761.000000 0.153527
762.000000 0.149692
763.000000 0.145770
764.000000 0.141700
765.000000 0.137470
766.000000 0.133123
767.000000 0.128697
768.000000 0.124224
769.000000 0.119706
770.000000 0.115190
771.000000 0.110740
772.000000 0.106335
773.000000 0.101968
774.000000 0.097679
775.000000 0.093559
776.000000 0.089348
777.000000 0.085049
778.000000 0.081063
779.000000 0.077395
780.000000 0.073946
781.000000 0.070623
782.000000 0.067411
783.000000 0.064324
784.000000 0.061337
785.000000 0.058537
786.000000 0.055935
787.000000 0.053469
788.000000 0.051003
789.000000 0.048633
790.000000 0.046476
791.000000 0.044492
792.000000 0.042664
793.000000 0.040915
794.000000 0.039187
795.000000 0.037506
796.000000 0.035914
797.000000 0.034350
798.000000 0.032872
799.000000 0.031512
800.000000 0.030218
801.000000 0.028957
802.000000 0.027726
803.000000 0.026558
804.000000 0.025447
805.000000 0.024336
806.000000 0.023281
807.000000 0.022326
808.000000 0.021369
809.000000 0.020433
810.000000 0.019535
811.000000 0.018661
812.000000 0.017859
813.000000 0.017075
814.000000 0.016233
815.000000 0.015461
816.000000 0.014742
817.000000 0.014026
818.000000 0.013379
819.000000 0.012790
820.000000 0.012234
821.000000 0.011655
822.000000 0.011061
823.000000 0.010596
824.000000 0.010203
825.000000 0.009783
826.000000 0.009378
827.000000 0.009005
828.000000 0.008689
829.000000 0.008368
830.000000 0.008034
831.000000 0.007753
832.000000 0.007501
833.000000 0.007230
834.000000 0.006963
835.000000 0.006743
836.000000 0.006574
837.000000 0.006413
838.000000 0.006243
839.000000 0.006049
840.000000 0.005849
841.000000 0.005688
842.000000 0.005528
843.000000 0.005365
844.000000 0.005226
845.000000 0.005079
846.000000 0.004920
847.000000 0.004819
848.000000 0.004700
849.000000 0.004542
850.000000 0.004433
851.000000 0.004353
852.000000 0.004314
853.000000 0.004289
854.000000 0.004191
855.000000 0.004063
856.000000 0.004000
857.000000 0.003931
858.000000 0.003817
859.000000 0.003689
860.000000 0.003517
861.000000 0.003392
862.000000 0.003332
863.000000 0.003238
864.000000 0.003132
865.000000 0.003031
866.000000 0.002906
867.000000 0.002773
868.000000 0.002709
869.000000 0.002678
870.000000 0.002594
871.000000 0.002482
872.000000 0.002353
873.000000 0.002262
874.000000 0.002258
875.000000 0.002261
876.000000 0.002200
877.000000 0.002069
878.000000 0.001951
879.000000 0.001864
880.000000 0.001793
881.000000 0.001723
882.000000 0.001674
883.000000 0.001624
884.000000 0.001547
885.000000 0.001489
886.000000 0.001434
887.000000 0.001361
888.000000 0.001308
889.000000 0.001281
890.000000 0.001248
891.000000 0.001218
892.000000 0.001202
893.000000 0.001174
894.000000 0.001165
895.000000 0.001169
896.000000 0.001163
897.000000 0.001165
898.000000 0.001124
899.000000 0.001063
900.000000 0.001036
901.000000 0.001029
902.000000 0.001027
903.000000 0.001008
904.000000 0.000999
905.000000 0.000990
906.000000 0.000950
907.000000 0.000927
908.000000 0.000928
909.000000 0.000924
910.000000 0.000886
911.000000 0.000866
912.000000 0.001006
913.000000 0.001174
914.000000 0.001136
915.000000 0.000977
916.000000 0.000847
917.000000 0.000767
918.000000 0.000688
919.000000 0.000622
920.000000 0.000555
921.000000 0.000486
922.000000 0.000431
923.000000 0.000394
924.000000 0.000369
925.000000 0.000340
926.000000 0.000351
927.000000 0.000366
928.000000 0.000353
929.000000 0.000274
930.000000 0.000198
931.000000 0.000182
932.000000 0.000162
933.000000 0.000146
934.000000 0.000126
935.000000 0.000103
936.000000 0.000100
937.000000 0.000099
938.000000 0.000099
939.000000 0.000106
940.000000 0.000123
941.000000 0.000129
942.000000 0.000123
943.000000 0.000123
944.000000 0.000113
945.000000 0.000083
946.000000 0.000046
947.000000 0.000015
948.000000 -0.000010
949.000000 -0.000039
950.000000 -0.000064
