315.000000 0.096696
316.000000 0.097736
317.000000 0.097592
318.000000 0.098281
319.000000 0.099259
320.000000 0.099510
321.000000 0.100112
322.000000 0.100824
323.000000 0.101224
324.000000 0.101973
325.000000 0.103360
326.000000 0.104667
327.000000 0.105321
328.000000 0.105880
329.000000 0.105949
330.000000 0.105645
331.000000 0.105485
332.000000 0.105655
333.000000 0.106511
334.000000 0.107603
335.000000 0.108090
336.000000 0.108310
337.000000 0.108723
338.000000 0.108813
339.000000 0.109155
340.000000 0.109803
341.000000 0.110280
342.000000 0.110861
343.000000 0.111186
344.000000 0.110973
345.000000 0.110584
346.000000 0.110500
347.000000 0.111061
348.000000 0.111557
349.000000 0.111570
350.000000 0.111671
351.000000 0.112004
352.000000 0.112440
353.000000 0.112805
354.000000 0.113067
355.000000 0.113399
356.000000 0.113856
357.000000 0.114241
358.000000 0.114728
359.000000 0.115373
360.000000 0.115974
361.000000 0.116612
362.000000 0.117458
363.000000 0.118321
364.000000 0.119240
365.000000 0.120216
366.000000 0.121117
367.000000 0.122088
368.000000 0.123247
369.000000 0.124552
370.000000 0.125548
371.000000 0.126909
372.000000 0.128980
373.000000 0.131178
374.000000 0.133124
375.000000 0.134664
376.000000 0.136328
377.000000 0.138330
378.000000 0.140808
379.000000 0.143083
380.000000 0.145289
381.000000 0.147735
382.000000 0.150208
383.000000 0.152712
384.000000 0.155097
385.000000 0.157743
386.000000 0.160616
387.000000 0.163465
388.000000 0.166292
389.000000 0.168754
390.000000 0.170728
391.000000 0.173152
392.000000 0.176332
393.000000 0.179575
394.000000 0.182331
395.000000 0.185175
396.000000 0.188261
397.000000 0.191321
398.000000 0.194542
399.000000 0.197638
400.000000 0.200686
401.000000 0.203744
402.000000 0.206860
403.000000 0.209967
404.000000 0.212788
405.000000 0.215794
406.000000 0.219135
407.000000 0.222377
408.000000 0.225590
409.000000 0.228669
410.000000 0.231454
411.000000 0.234262
412.000000 0.237242
413.000000 0.240350
414.000000 0.243514
415.000000 0.246649
416.000000 0.249440
417.000000 0.252115
418.000000 0.254942
419.000000 0.257770
420.000000 0.260655
421.000000 0.263494
422.000000 0.266284
423.000000 0.268996
424.000000 0.271024
425.000000 0.272623
426.000000 0.274297
427.000000 0.275609
428.000000 0.276680
429.000000 0.277747
430.000000 0.278603
431.000000 0.279287
432.000000 0.279944
433.000000 0.280392
434.000000 0.280609
435.000000 0.280622
436.000000 0.280353
437.000000 0.279996
438.000000 0.279606
439.000000 0.279036
440.000000 0.278253
441.000000 0.277423
442.000000 0.276675
443.000000 0.275859
444.000000 0.274940
445.000000 0.273949
446.000000 0.272850
447.000000 0.271678
448.000000 0.270252
449.000000 0.268788
450.000000 0.267402
451.000000 0.265656
452.000000 0.263656
453.000000 0.261655
454.000000 0.259476
455.000000 0.257152
456.000000 0.254628
457.000000 0.251782
458.000000 0.248834
459.000000 0.245710
460.000000 0.242412
461.000000 0.239025
462.000000 0.235376
463.000000 0.231515
464.000000 0.227429
465.000000 0.223231
466.000000 0.219268
467.000000 0.215305
468.000000 0.211335
469.000000 0.207386
470.000000 0.203427
471.000000 0.199608
472.000000 0.195798
473.000000 0.192179
474.000000 0.188698
475.000000 0.185321
476.000000 0.182298
477.000000 0.179395
478.000000 0.176588
479.000000 0.173996
480.000000 0.171703
481.000000 0.169663
482.000000 0.167746
483.000000 0.166022
484.000000 0.164428
485.000000 0.163033
486.000000 0.161850
487.000000 0.160716
488.000000 0.159681
489.000000 0.159056
490.000000 0.158670
491.000000 0.158235
492.000000 0.157901
493.000000 0.157443
494.000000 0.156928
495.000000 0.157024
496.000000 0.157316
497.000000 0.157343
498.000000 0.157476
499.000000 0.157898
500.000000 0.158339
501.000000 0.158699
502.000000 0.159371
503.000000 0.159979
504.000000 0.160265
505.000000 0.160660
506.000000 0.161178
507.000000 0.161872
508.000000 0.162545
509.000000 0.163110
510.000000 0.163670
511.000000 0.164014
512.000000 0.164268
513.000000 0.165056
514.000000 0.166161
515.000000 0.167016
516.000000 0.167666
517.000000 0.168172
518.000000 0.168685
519.000000 0.169126
520.000000 0.169658
521.000000 0.170694
522.000000 0.171760
523.000000 0.172661
524.000000 0.173615
525.000000 0.174645
526.000000 0.175717
527.000000 0.176571
528.000000 0.177407
529.000000 0.178124
530.000000 0.178713
531.000000 0.179332
532.000000 0.179785
533.000000 0.180261
534.000000 0.180933
535.000000 0.181795
536.000000 0.182730
537.000000 0.183389
538.000000 0.184194
539.000000 0.185233
540.000000 0.185850
541.000000 0.186654
542.000000 0.187830
543.000000 0.188424
544.000000 0.188435
545.000000 0.188375
546.000000 0.188425
547.000000 0.188824
548.000000 0.189247
549.000000 0.189381
550.000000 0.189497
551.000000 0.189515
552.000000 0.189447
553.000000 0.189291
554.000000 0.188946
555.000000 0.188515
556.000000 0.188083
557.000000 0.187745
558.000000 0.187537
559.000000 0.187246
560.000000 0.186775
561.000000 0.186184
562.000000 0.185707
563.000000 0.185248
564.000000 0.184507
565.000000 0.183606
566.000000 0.182780
567.000000 0.182068
568.000000 0.181393
569.000000 0.180737
570.000000 0.180015
571.000000 0.179190
572.000000 0.178281
573.000000 0.177253
574.000000 0.176337
575.000000 0.175527
576.000000 0.174620
577.000000 0.173778
578.000000 0.172815
579.000000 0.171667
580.000000 0.170646
581.000000 0.169616
582.000000 0.168539
583.000000 0.167498
584.000000 0.166251
585.000000 0.164954
586.000000 0.163723
587.000000 0.162376
588.000000 0.160954
589.000000 0.159591
590.000000 0.158149
591.000000 0.156526
592.000000 0.155003
593.000000 0.153469
594.000000 0.151887
595.000000 0.150197
596.000000 0.148421
597.000000 0.146743
598.000000 0.145052
599.000000 0.143257
600.000000 0.141512
601.000000 0.139821
602.000000 0.138061
603.000000 0.136248
604.000000 0.134309
605.000000 0.132462
606.000000 0.130806
607.000000 0.129126
608.000000 0.127344
609.000000 0.125489
610.000000 0.123681
611.000000 0.122066
612.000000 0.120516
613.000000 0.119056
614.000000 0.117751
615.000000 0.116454
616.000000 0.115243
617.000000 0.114091
618.000000 0.112943
619.000000 0.111984
620.000000 0.111187
621.000000 0.110486
622.000000 0.109884
623.000000 0.109375
624.000000 0.108997
625.000000 0.108738
626.000000 0.108572
627.000000 0.108502
628.000000 0.108499
629.000000 0.108576
630.000000 0.108769
631.000000 0.109074
632.000000 0.109468
633.000000 0.109922
634.000000 0.110391
635.000000 0.110906
636.000000 0.111536
637.000000 0.112147
638.000000 0.112567
639.000000 0.112946
640.000000 0.113347
641.000000 0.113608
642.000000 0.113763
643.000000 0.113827
644.000000 0.113806
645.000000 0.113688
646.000000 0.113414
647.000000 0.112950
648.000000 0.112356
649.000000 0.111717
650.000000 0.110980
651.000000 0.110142
652.000000 0.109164
653.000000 0.108114
654.000000 0.107074
655.000000 0.106067
656.000000 0.105102
657.000000 0.104216
658.000000 0.103292
659.000000 0.102287
660.000000 0.101341
661.000000 0.100500
662.000000 0.099775
663.000000 0.099079
664.000000 0.098485
665.000000 0.098035
666.000000 0.097685
667.000000 0.097425
668.000000 0.097250
669.000000 0.097157
670.000000 0.097111
671.000000 0.097094
672.000000 0.097139
673.000000 0.097260
674.000000 0.097439
675.000000 0.097626
676.000000 0.097840
677.000000 0.098087
678.000000 0.098350
679.000000 0.098627
680.000000 0.098866
681.000000 0.099030
682.000000 0.099220
683.000000 0.099457
684.000000 0.099713
685.000000 0.099951
686.000000 0.100144
687.000000 0.100369
688.000000 0.100572
689.000000 0.100793
690.000000 0.101026
691.000000 0.101263
692.000000 0.101537
693.000000 0.101860
694.000000 0.102236
695.000000 0.102670
696.000000 0.103118
697.000000 0.103625
698.000000 0.104257
699.000000 0.104995
700.000000 0.105848
701.000000 0.106841
702.000000 0.107896
703.000000 0.108979
704.000000 0.110222
705.000000 0.111608
706.000000 0.113133
707.000000 0.114801
708.000000 0.116634
709.000000 0.118560
710.000000 0.120501
711.000000 0.122561
712.000000 0.124788
713.000000 0.127132
714.000000 0.129583
715.000000 0.132110
716.000000 0.134698
717.000000 0.137334
718.000000 0.139952
719.000000 0.142419
720.000000 0.144782
721.000000 0.147213
722.000000 0.149627
723.000000 0.151902
724.000000 0.154128
725.000000 0.156317
726.000000 0.158370
727.000000 0.160301
728.000000 0.162085
729.000000 0.163752
730.000000 0.165357
731.000000 0.166783
732.000000 0.168062
733.000000 0.169240
734.000000 0.170302
735.000000 0.171289
736.000000 0.172161
737.000000 0.172911
738.000000 0.173514
739.000000 0.173953
740.000000 0.174303
741.000000 0.174501
742.000000 0.174540
743.000000 0.174485
744.000000 0.174281
745.000000 0.173887
746.000000 0.173291
747.000000 0.172511
748.000000 0.171592
749.000000 0.170557
750.000000 0.169323
751.000000 0.167849
752.000000 0.166178
753.000000 0.164334
754.000000 0.162316
755.000000 0.160082
756.000000 0.157678
757.000000 0.155107
758.000000 0.152257
759.000000 0.149141
760.000000 0.145887
761.000000 0.142499
762.000000 0.138959
763.000000 0.135326
764.000000 0.131601
765.000000 0.127738
766.000000 0.123764
767.000000 0.119723
768.000000 0.115627
769.000000 0.111532
770.000000 0.107439
771.000000 0.103335
772.000000 0.099234
773.000000 0.095218
774.000000 0.091299
775.000000 0.087525
776.000000 0.083689
777.000000 0.079770
778.000000 0.076115
779.000000 0.072700
780.000000 0.069487
781.000000 0.066453
782.000000 0.063563
783.000000 0.060784
784.000000 0.058068
785.000000 0.055428
786.000000 0.052949
787.000000 0.050704
788.000000 0.048515
789.000000 0.046413
790.000000 0.044502
791.000000 0.042672
792.000000 0.040875
793.000000 0.039175
794.000000 0.037568
795.000000 0.036005
796.000000 0.034511
797.000000 0.033090
798.000000 0.031772
799.000000 0.030485
800.000000 0.029269
801.000000 0.028143
802.000000 0.026993
803.000000 0.025844
804.000000 0.024744
805.000000 0.023681
806.000000 0.022684
807.000000 0.021762
808.000000 0.020844
809.000000 0.019942
810.000000 0.019097
811.000000 0.018263
812.000000 0.017438
813.000000 0.016648
814.000000 0.015858
815.000000 0.015135
816.000000 0.014492
817.000000 0.013835
818.000000 0.013147
819.000000 0.012523
820.000000 0.011985
821.000000 0.011452
822.000000 0.010934
823.000000 0.010517
824.000000 0.010133
825.000000 0.009690
826.000000 0.009253
827.000000 0.008854
828.000000 0.008495
829.000000 0.008189
830.000000 0.007895
831.000000 0.007607
832.000000 0.007339
833.000000 0.007099
834.000000 0.006867
835.000000 0.006675
836.000000 0.006527
837.000000 0.006327
838.000000 0.006119
839.000000 0.005937
840.000000 0.005750
841.000000 0.005569
842.000000 0.005430
843.000000 0.005320
844.000000 0.005196
845.000000 0.005037
846.000000 0.004894
847.000000 0.004821
848.000000 0.004714
849.000000 0.004582
850.000000 0.004485
851.000000 0.004362
852.000000 0.004260
853.000000 0.004184
854.000000 0.004085
855.000000 0.003988
856.000000 0.003941
857.000000 0.003863
858.000000 0.003773
859.000000 0.003672
860.000000 0.003484
861.000000 0.003316
862.000000 0.003211
863.000000 0.003140
864.000000 0.003052
865.000000 0.002911
866.000000 0.002768
867.000000 0.002697
868.000000 0.002670
869.000000 0.002612
870.000000 0.002515
871.000000 0.002422
872.000000 0.002314
873.000000 0.002220
874.000000 0.002202
875.000000 0.002196
876.000000 0.002138
877.000000 0.002031
878.000000 0.001910
879.000000 0.001809
880.000000 0.001734
881.000000 0.001646
882.000000 0.001557
883.000000 0.001535
884.000000 0.001545
885.000000 0.001510
886.000000 0.001434
887.000000 0.001359
888.000000 0.001310
889.000000 0.001293
890.000000 0.001269
891.000000 0.001218
892.000000 0.001170
893.000000 0.001150
894.000000 0.001142
895.000000 0.001106
896.000000 0.001084
897.000000 0.001091
898.000000 0.001062
899.000000 0.001017
900.000000 0.000999
901.000000 0.000983
902.000000 0.000964
903.000000 0.000954
904.000000 0.000961
905.000000 0.000951
906.000000 0.000904
907.000000 0.000880
908.000000 0.000871
909.000000 0.000854
910.000000 0.000805
911.000000 0.000743
912.000000 0.000729
913.000000 0.000707
914.000000 0.000694
915.000000 0.000706
916.000000 0.000664
917.000000 0.000636
918.000000 0.000615
919.000000 0.000566
920.000000 0.000613
921.000000 0.000622
922.000000 0.000499
923.000000 0.000411
924.000000 0.000382
925.000000 0.000371
926.000000 0.000355
927.000000 0.000329
928.000000 0.000297
929.000000 0.000191
930.000000 0.000128
931.000000 0.000189
932.000000 0.000216
933.000000 0.000206
934.000000 0.000185
935.000000 0.000159
936.000000 0.000154
937.000000 0.000169
938.000000 0.000178
939.000000 0.000184
940.000000 0.000176
941.000000 0.000162
942.000000 0.000171
943.000000 0.000194
944.000000 0.000198
945.000000 0.000167
946.000000 0.000119
947.000000 0.000092
948.000000 0.000079
949.000000 0.000039
950.000000 -0.000001
