315.000000 0.057269
316.000000 0.056863
317.000000 0.055437
318.000000 0.054359
319.000000 0.053727
320.000000 0.052768
321.000000 0.052195
322.000000 0.051842
323.000000 0.051748
324.000000 0.052276
325.000000 0.052650
326.000000 0.053143
327.000000 0.053226
328.000000 0.053293
329.000000 0.053177
330.000000 0.052720
331.000000 0.052132
332.000000 0.051595
333.000000 0.051746
334.000000 0.052620
335.000000 0.053359
336.000000 0.053728
337.000000 0.054342
338.000000 0.054717
339.000000 0.054997
340.000000 0.055594
341.000000 0.056350
342.000000 0.056979
343.000000 0.057514
344.000000 0.058073
345.000000 0.058513
346.000000 0.058957
347.000000 0.059428
348.000000 0.060103
349.000000 0.060970
350.000000 0.061815
351.000000 0.062584
352.000000 0.063238
353.000000 0.063755
354.000000 0.064084
355.000000 0.064480
356.000000 0.065028
357.000000 0.065481
358.000000 0.065902
359.000000 0.066571
360.000000 0.067619
361.000000 0.068745
362.000000 0.069720
363.000000 0.070909
364.000000 0.072255
365.000000 0.073344
366.000000 0.074300
367.000000 0.075077
368.000000 0.075593
369.000000 0.075886
370.000000 0.075661
371.000000 0.075349
372.000000 0.075585
373.000000 0.076292
374.000000 0.076212
375.000000 0.075640
376.000000 0.075974
377.000000 0.076525
378.000000 0.076947
379.000000 0.077685
380.000000 0.079075
381.000000 0.080580
382.000000 0.081796
383.000000 0.082796
384.000000 0.083946
385.000000 0.085238
386.000000 0.086318
387.000000 0.086965
388.000000 0.087058
389.000000 0.087103
390.000000 0.086746
391.000000 0.086124
392.000000 0.085523
393.000000 0.084892
394.000000 0.084289
395.000000 0.083520
396.000000 0.082729
397.000000 0.082242
398.000000 0.081965
399.000000 0.081521
400.000000 0.081184
401.000000 0.080807
402.000000 0.080425
403.000000 0.080194
404.000000 0.079906
405.000000 0.079812
406.000000 0.079795
407.000000 0.079687
408.000000 0.079552
409.000000 0.079452
410.000000 0.079193
411.000000 0.078980
412.000000 0.079160
413.000000 0.079348
414.000000 0.079224
415.000000 0.079082
416.000000 0.078936
417.000000 0.078766
418.000000 0.078770
419.000000 0.078859
420.000000 0.078828
421.000000 0.078719
422.000000 0.078668
423.000000 0.078606
424.000000 0.078397
425.000000 0.078110
426.000000 0.077559
427.000000 0.076655
428.000000 0.075636
429.000000 0.074521
430.000000 0.073334
431.000000 0.072011
432.000000 0.070620
433.000000 0.069194
434.000000 0.067776
435.000000 0.066172
436.000000 0.064378
437.000000 0.062609
438.000000 0.060833
439.000000 0.059187
440.000000 0.057550
441.000000 0.055944
442.000000 0.054498
443.000000 0.053128
444.000000 0.051858
445.000000 0.050569
446.000000 0.049319
447.000000 0.048304
448.000000 0.047253
449.000000 0.046317
450.000000 0.045659
451.000000 0.044850
452.000000 0.044013
453.000000 0.043342
454.000000 0.042714
455.000000 0.042107
456.000000 0.041511
457.000000 0.040896
458.000000 0.040370
459.000000 0.039853
460.000000 0.039251
461.000000 0.038658
462.000000 0.038116
463.000000 0.037597
464.000000 0.037041
465.000000 0.036409
466.000000 0.035770
467.000000 0.035159
468.000000 0.034562
469.000000 0.033988
470.000000 0.033473
471.000000 0.032933
472.000000 0.032273
473.000000 0.031689
474.000000 0.031144
475.000000 0.030593
476.000000 0.030176
477.000000 0.029753
478.000000 0.029366
479.000000 0.029054
480.000000 0.028751
481.000000 0.028507
482.000000 0.028269
483.000000 0.028018
484.000000 0.027767
485.000000 0.027584
486.000000 0.027493
487.000000 0.027430
488.000000 0.027367
489.000000 0.027115
490.000000 0.027054
491.000000 0.027275
492.000000 0.027519
493.000000 0.027781
494.000000 0.027680
495.000000 0.027517
496.000000 0.027455
497.000000 0.027356
498.000000 0.027413
499.000000 0.027697
500.000000 0.028047
501.000000 0.028168
502.000000 0.028607
503.000000 0.029071
504.000000 0.029253
505.000000 0.029586
506.000000 0.029953
507.000000 0.030366
508.000000 0.030602
509.000000 0.030699
510.000000 0.030856
511.000000 0.030855
512.000000 0.030816
513.000000 0.031263
514.000000 0.031903
515.000000 0.032347
516.000000 0.032509
517.000000 0.032506
518.000000 0.032636
519.000000 0.032975
520.000000 0.033364
521.000000 0.034024
522.000000 0.034789
523.000000 0.035458
524.000000 0.036117
525.000000 0.036780
526.000000 0.037330
527.000000 0.037482
528.000000 0.037802
529.000000 0.038067
530.000000 0.038142
531.000000 0.038427
532.000000 0.039011
533.000000 0.039616
534.000000 0.040187
535.000000 0.040948
536.000000 0.041678
537.000000 0.042303
538.000000 0.043086
539.000000 0.043906
540.000000 0.044528
541.000000 0.045386
542.000000 0.046335
543.000000 0.047124
544.000000 0.047920
545.000000 0.048746
546.000000 0.049364
547.000000 0.049884
548.000000 0.050516
549.000000 0.051248
550.000000 0.052147
551.000000 0.053085
552.000000 0.053835
553.000000 0.054571
554.000000 0.055472
555.000000 0.056208
556.000000 0.056749
557.000000 0.057462
558.000000 0.058480
559.000000 0.059389
560.000000 0.060242
561.000000 0.061231
562.000000 0.062195
563.000000 0.063099
564.000000 0.063933
565.000000 0.064746
566.000000 0.065677
567.000000 0.066804
568.000000 0.067963
569.000000 0.069188
570.000000 0.070311
571.000000 0.071383
572.000000 0.072624
573.000000 0.073890
574.000000 0.075159
575.000000 0.076431
576.000000 0.077859
577.000000 0.079421
578.000000 0.081041
579.000000 0.082653
580.000000 0.084438
581.000000 0.086429
582.000000 0.088277
583.000000 0.090090
584.000000 0.091961
585.000000 0.093940
586.000000 0.096019
587.000000 0.098022
588.000000 0.100016
589.000000 0.102103
590.000000 0.104251
591.000000 0.106446
592.000000 0.108728
593.000000 0.110984
594.000000 0.113101
595.000000 0.115174
596.000000 0.117513
597.000000 0.120032
598.000000 0.122616
599.000000 0.125184
600.000000 0.127732
601.000000 0.130410
602.000000 0.132979
603.000000 0.135467
604.000000 0.138104
605.000000 0.140757
606.000000 0.143638
607.000000 0.146681
608.000000 0.149466
609.000000 0.152292
610.000000 0.155360
611.000000 0.158442
612.000000 0.161535
613.000000 0.164733
614.000000 0.167997
615.000000 0.171470
616.000000 0.174964
617.000000 0.178427
618.000000 0.182084
619.000000 0.185702
620.000000 0.189304
621.000000 0.193191
622.000000 0.197169
623.000000 0.201162
624.000000 0.205358
625.000000 0.209571
626.000000 0.213848
627.000000 0.218401
628.000000 0.222980
629.000000 0.227621
630.000000 0.232590
631.000000 0.237832
632.000000 0.243046
633.000000 0.248319
634.000000 0.253839
635.000000 0.259361
636.000000 0.265073
637.000000 0.271121
638.000000 0.277112
639.000000 0.283143
640.000000 0.289456
641.000000 0.295943
642.000000 0.302209
643.000000 0.308466
644.000000 0.315204
645.000000 0.321795
646.000000 0.328393
647.000000 0.335409
648.000000 0.342558
649.000000 0.349594
650.000000 0.356667
651.000000 0.364091
652.000000 0.371755
653.000000 0.379296
654.000000 0.386839
655.000000 0.394758
656.000000 0.402945
657.000000 0.411018
658.000000 0.419158
659.000000 0.427778
660.000000 0.436613
661.000000 0.445269
662.000000 0.453950
663.000000 0.463090
664.000000 0.472498
665.000000 0.481659
666.000000 0.490680
667.000000 0.499856
668.000000 0.508998
669.000000 0.517773
670.000000 0.526296
671.000000 0.534976
672.000000 0.543636
673.000000 0.552098
674.000000 0.559890
675.000000 0.567361
676.000000 0.574912
677.000000 0.582241
678.000000 0.589319
679.000000 0.595761
680.000000 0.601730
681.000000 0.607534
682.000000 0.613074
683.000000 0.618339
684.000000 0.623141
685.000000 0.627545
686.000000 0.631801
687.000000 0.635906
688.000000 0.639778
689.000000 0.643493
690.000000 0.646978
691.000000 0.650357
692.000000 0.653932
693.000000 0.657742
694.000000 0.661797
695.000000 0.666135
696.000000 0.670646
697.000000 0.675540
698.000000 0.681191
699.000000 0.687566
700.000000 0.694562
701.000000 0.702258
702.000000 0.710481
703.000000 0.719452
704.000000 0.729637
705.000000 0.740912
706.000000 0.753161
707.000000 0.766317
708.000000 0.780599
709.000000 0.796065
710.000000 0.812002
711.000000 0.828694
712.000000 0.846891
713.000000 0.866158
714.000000 0.886411
715.000000 0.907564
716.000000 0.929541
717.000000 0.952293
718.000000 0.975589
719.000000 0.998380
720.000000 1.021013
721.000000 1.044667
722.000000 1.068778
723.000000 1.092987
724.000000 1.117099
725.000000 1.140868
726.000000 1.164146
727.000000 1.187132
728.000000 1.209818
729.000000 1.232028
730.000000 1.253669
731.000000 1.273508
732.000000 1.292204
733.000000 1.311003
734.000000 1.329203
735.000000 1.346603
736.000000 1.362904
737.000000 1.378113
738.000000 1.392056
739.000000 1.404616
740.000000 1.415951
741.000000 1.425786
742.000000 1.433813
743.000000 1.439946
744.000000 1.444226
745.000000 1.446663
746.000000 1.447129
747.000000 1.445537
748.000000 1.441768
749.000000 1.435786
750.000000 1.427494
751.000000 1.416727
752.000000 1.403341
753.000000 1.387286
754.000000 1.369058
755.000000 1.348655
756.000000 1.325795
757.000000 1.300522
758.000000 1.273194
759.000000 1.243820
760.000000 1.212542
761.000000 1.179650
762.000000 1.145204
763.000000 1.109414
764.000000 1.072255
765.000000 1.033488
766.000000 0.993689
767.000000 0.953578
768.000000 0.913681
769.000000 0.873880
770.000000 0.833993
771.000000 0.794525
772.000000 0.755585
773.000000 0.717286
774.000000 0.679569
775.000000 0.642701
776.000000 0.604644
777.000000 0.566957
778.000000 0.532514
779.000000 0.500337
780.000000 0.469756
781.000000 0.440529
782.000000 0.412748
783.000000 0.386358
784.000000 0.361233
785.000000 0.337420
786.000000 0.314984
787.000000 0.293858
788.000000 0.273372
789.000000 0.254057
790.000000 0.236691
791.000000 0.220705
792.000000 0.205768
793.000000 0.191877
794.000000 0.178969
795.000000 0.166961
796.000000 0.155638
797.000000 0.144728
798.000000 0.134591
799.000000 0.125467
800.000000 0.117115
801.000000 0.109390
802.000000 0.102154
803.000000 0.095390
804.000000 0.088945
805.000000 0.082889
806.000000 0.077426
807.000000 0.072465
808.000000 0.067872
809.000000 0.063516
810.000000 0.059268
811.000000 0.055249
812.000000 0.051685
813.000000 0.048437
814.000000 0.045350
815.000000 0.042493
816.000000 0.039777
817.000000 0.037205
818.000000 0.034917
819.000000 0.032867
820.000000 0.030996
821.000000 0.029177
822.000000 0.027434
823.000000 0.025871
824.000000 0.024424
825.000000 0.023021
826.000000 0.021714
827.000000 0.020558
828.000000 0.019522
829.000000 0.018589
830.000000 0.017672
831.000000 0.016758
832.000000 0.015898
833.000000 0.015171
834.000000 0.014549
835.000000 0.013947
836.000000 0.013378
837.000000 0.012850
838.000000 0.012353
839.000000 0.011830
840.000000 0.011340
841.000000 0.010868
842.000000 0.010410
843.000000 0.010058
844.000000 0.009762
845.000000 0.009448
846.000000 0.009136
847.000000 0.008885
848.000000 0.008619
849.000000 0.008331
850.000000 0.008085
851.000000 0.007870
852.000000 0.007681
853.000000 0.007451
854.000000 0.007207
855.000000 0.006976
856.000000 0.006766
857.000000 0.006569
858.000000 0.006426
859.000000 0.006281
860.000000 0.006046
861.000000 0.005809
862.000000 0.005630
863.000000 0.005472
864.000000 0.005312
865.000000 0.005156
866.000000 0.004963
867.000000 0.004797
868.000000 0.004699
869.000000 0.004603
870.000000 0.004494
871.000000 0.004368
872.000000 0.004194
873.000000 0.004029
874.000000 0.003972
875.000000 0.003962
876.000000 0.003877
877.000000 0.003722
878.000000 0.003568
879.000000 0.003414
880.000000 0.003284
881.000000 0.003191
882.000000 0.003076
883.000000 0.002996
884.000000 0.002968
885.000000 0.002907
886.000000 0.002816
887.000000 0.002706
888.000000 0.002630
889.000000 0.002593
890.000000 0.002525
891.000000 0.002451
892.000000 0.002384
893.000000 0.002334
894.000000 0.002332
895.000000 0.002304
896.000000 0.002245
897.000000 0.002226
898.000000 0.002188
899.000000 0.002122
900.000000 0.002067
901.000000 0.002015
902.000000 0.001982
903.000000 0.001966
904.000000 0.001960
905.000000 0.001957
906.000000 0.001922
907.000000 0.001896
908.000000 0.001896
909.000000 0.001885
910.000000 0.001829
911.000000 0.001752
912.000000 0.001700
913.000000 0.001686
914.000000 0.001706
915.000000 0.001704
916.000000 0.001671
917.000000 0.001633
918.000000 0.001573
919.000000 0.001501
920.000000 0.001449
921.000000 0.001412
922.000000 0.001362
923.000000 0.001312
924.000000 0.001278
925.000000 0.001246
926.000000 0.001228
927.000000 0.001219
928.000000 0.001206
929.000000 0.001130
930.000000 0.001076
931.000000 0.001090
932.000000 0.001072
933.000000 0.001067
934.000000 0.001100
935.000000 0.001109
936.000000 0.001093
937.000000 0.001092
938.000000 0.001127
939.000000 0.001184
940.000000 0.001193
941.000000 0.001166
942.000000 0.001132
943.000000 0.001109
944.000000 0.001125
945.000000 0.001122
946.000000 0.001095
947.000000 0.001054
948.000000 0.001004
949.000000 0.000969
950.000000 0.000949
