315.000000 0.092814
316.000000 0.093793
317.000000 0.094151
318.000000 0.095262
319.000000 0.097205
320.000000 0.098055
321.000000 0.098551
322.000000 0.099161
323.000000 0.099672
324.000000 0.100789
325.000000 0.102199
326.000000 0.103517
327.000000 0.104369
328.000000 0.105080
329.000000 0.105417
330.000000 0.105565
331.000000 0.105625
332.000000 0.105517
333.000000 0.106059
334.000000 0.106992
335.000000 0.107447
336.000000 0.107860
337.000000 0.108388
338.000000 0.108787
339.000000 0.109424
340.000000 0.109743
341.000000 0.110041
342.000000 0.110471
343.000000 0.110454
344.000000 0.110403
345.000000 0.110600
346.000000 0.110638
347.000000 0.110794
348.000000 0.110976
349.000000 0.111152
350.000000 0.111680
351.000000 0.112129
352.000000 0.112767
353.000000 0.113452
354.000000 0.113725
355.000000 0.114048
356.000000 0.114527
357.000000 0.114860
358.000000 0.115148
359.000000 0.115655
360.000000 0.116313
361.000000 0.117072
362.000000 0.118039
363.000000 0.119000
364.000000 0.119923
365.000000 0.120889
366.000000 0.121864
367.000000 0.122954
368.000000 0.124226
369.000000 0.125588
370.000000 0.126276
371.000000 0.126741
372.000000 0.128047
373.000000 0.130087
374.000000 0.131870
375.000000 0.133292
376.000000 0.135095
377.000000 0.137321
378.000000 0.139807
379.000000 0.142164
380.000000 0.144870
381.000000 0.147579
382.000000 0.150174
383.000000 0.153011
384.000000 0.155701
385.000000 0.158476
386.000000 0.161518
387.000000 0.164611
388.000000 0.167526
389.000000 0.170277
390.000000 0.172658
391.000000 0.175163
392.000000 0.178057
393.000000 0.180862
394.000000 0.183414
395.000000 0.186181
396.000000 0.189310
397.000000 0.192796
398.000000 0.196459
399.000000 0.199625
400.000000 0.202540
401.000000 0.205675
402.000000 0.209028
403.000000 0.212121
404.000000 0.214935
405.000000 0.218204
406.000000 0.221631
407.000000 0.224817
408.000000 0.228074
409.000000 0.231228
410.000000 0.234164
411.000000 0.237081
412.000000 0.240022
413.000000 0.243029
414.000000 0.246161
415.000000 0.249252
416.000000 0.252068
417.000000 0.254844
418.000000 0.257679
419.000000 0.260400
420.000000 0.263158
421.000000 0.265878
422.000000 0.268491
423.000000 0.271041
424.000000 0.273284
425.000000 0.275171
426.000000 0.276883
427.000000 0.278370
428.000000 0.279586
429.000000 0.280667
430.000000 0.281572
431.000000 0.282374
432.000000 0.283105
433.000000 0.283542
434.000000 0.283773
435.000000 0.283782
436.000000 0.283541
437.000000 0.283148
438.000000 0.282670
439.000000 0.282202
440.000000 0.281609
441.000000 0.280896
442.000000 0.280181
443.000000 0.279405
444.000000 0.278486
445.000000 0.277408
446.000000 0.276251
447.000000 0.275068
448.000000 0.273601
449.000000 0.272085
450.000000 0.270735
451.000000 0.269023
452.000000 0.266985
453.000000 0.264942
454.000000 0.262776
455.000000 0.260418
456.000000 0.257825
457.000000 0.254904
458.000000 0.251892
459.000000 0.248757
460.000000 0.245413
461.000000 0.241969
462.000000 0.238202
463.000000 0.234226
464.000000 0.230207
465.000000 0.226142
466.000000 0.222219
467.000000 0.218231
468.000000 0.214177
469.000000 0.210127
470.000000 0.206101
471.000000 0.202253
472.000000 0.198388
473.000000 0.194737
474.000000 0.191244
475.000000 0.187813
476.000000 0.184743
477.000000 0.181764
478.000000 0.178906
479.000000 0.176286
480.000000 0.173919
481.000000 0.171764
482.000000 0.169770
483.000000 0.167986
484.000000 0.166388
485.000000 0.165027
486.000000 0.163768
487.000000 0.162632
488.000000 0.161736
489.000000 0.160622
490.000000 0.159441
491.000000 0.158626
492.000000 0.158326
493.000000 0.158308
494.000000 0.158094
495.000000 0.158016
496.000000 0.158175
497.000000 0.158263
498.000000 0.158134
499.000000 0.158355
500.000000 0.158856
501.000000 0.159239
502.000000 0.159750
503.000000 0.159923
504.000000 0.160073
505.000000 0.160909
506.000000 0.161912
507.000000 0.162805
508.000000 0.163405
509.000000 0.163853
510.000000 0.164306
511.000000 0.164502
512.000000 0.164622
513.000000 0.165334
514.000000 0.166382
515.000000 0.167233
516.000000 0.167904
517.000000 0.168320
518.000000 0.168827
519.000000 0.169537
520.000000 0.170304
521.000000 0.171132
522.000000 0.171907
523.000000 0.172736
524.000000 0.173727
525.000000 0.174712
526.000000 0.175732
527.000000 0.176606
528.000000 0.177300
529.000000 0.177860
530.000000 0.178347
531.000000 0.178918
532.000000 0.179495
533.000000 0.180038
534.000000 0.180814
535.000000 0.181582
536.000000 0.182312
537.000000 0.183081
538.000000 0.183763
539.000000 0.184549
540.000000 0.185020
541.000000 0.185533
542.000000 0.186276
543.000000 0.186953
544.000000 0.187698
545.000000 0.188194
546.000000 0.188370
547.000000 0.188387
548.000000 0.188547
549.000000 0.188781
550.000000 0.188908
551.000000 0.189014
552.000000 0.188961
553.000000 0.188891
554.000000 0.188897
555.000000 0.188645
556.000000 0.188200
557.000000 0.187898
558.000000 0.187680
559.000000 0.187341
560.000000 0.186799
561.000000 0.186172
562.000000 0.185636
563.000000 0.185175
564.000000 0.184573
565.000000 0.183839
566.000000 0.183105
567.000000 0.182363
568.000000 0.181691
569.000000 0.180907
570.000000 0.179967
571.000000 0.179011
572.000000 0.177959
573.000000 0.177026
574.000000 0.176287
575.000000 0.175581
576.000000 0.174874
577.000000 0.174034
578.000000 0.173047
579.000000 0.171974
580.000000 0.170919
581.000000 0.169711
582.000000 0.168451
583.000000 0.167307
584.000000 0.166132
585.000000 0.164986
586.000000 0.163755
587.000000 0.162443
588.000000 0.161050
589.000000 0.159617
590.000000 0.158036
591.000000 0.156257
592.000000 0.154589
593.000000 0.152918
594.000000 0.151216
595.000000 0.149548
596.000000 0.147819
597.000000 0.146120
598.000000 0.144397
599.000000 0.142561
600.000000 0.140751
601.000000 0.138943
602.000000 0.137144
603.000000 0.135343
604.000000 0.133413
605.000000 0.131558
606.000000 0.129846
607.000000 0.128031
608.000000 0.126112
609.000000 0.124238
610.000000 0.122403
611.000000 0.120703
612.000000 0.119101
613.000000 0.117641
614.000000 0.116266
615.000000 0.114827
616.000000 0.113558
617.000000 0.112408
618.000000 0.111246
619.000000 0.110175
620.000000 0.109206
621.000000 0.108435
622.000000 0.107874
623.000000 0.107367
624.000000 0.106902
625.000000 0.106538
626.000000 0.106306
627.000000 0.106208
628.000000 0.106222
629.000000 0.106304
630.000000 0.106490
631.000000 0.106801
632.000000 0.107178
633.000000 0.107624
634.000000 0.108045
635.000000 0.108476
636.000000 0.108958
637.000000 0.109389
638.000000 0.109778
639.000000 0.110223
640.000000 0.110618
641.000000 0.110781
642.000000 0.110827
643.000000 0.110823
644.000000 0.110739
645.000000 0.110559
646.000000 0.110202
647.000000 0.109607
648.000000 0.108896
649.000000 0.108171
650.000000 0.107310
651.000000 0.106315
652.000000 0.105189
653.000000 0.104013
654.000000 0.102851
655.000000 0.101658
656.000000 0.100486
657.000000 0.099439
658.000000 0.098431
659.000000 0.097361
660.000000 0.096281
661.000000 0.095312
662.000000 0.094506
663.000000 0.093736
664.000000 0.093004
665.000000 0.092383
666.000000 0.091897
667.000000 0.091486
668.000000 0.091174
669.000000 0.090973
670.000000 0.090811
671.000000 0.090711
672.000000 0.090681
673.000000 0.090656
674.000000 0.090661
675.000000 0.090752
676.000000 0.090928
677.000000 0.091121
678.000000 0.091306
679.000000 0.091473
680.000000 0.091625
681.000000 0.091776
682.000000 0.091954
683.000000 0.092139
684.000000 0.092360
685.000000 0.092573
686.000000 0.092711
687.000000 0.092846
688.000000 0.092974
689.000000 0.093156
690.000000 0.093358
691.000000 0.093568
692.000000 0.093840
693.000000 0.094119
694.000000 0.094406
695.000000 0.094754
696.000000 0.095150
697.000000 0.095598
698.000000 0.096168
699.000000 0.096848
700.000000 0.097641
701.000000 0.098523
702.000000 0.099431
703.000000 0.100412
704.000000 0.101514
705.000000 0.102760
706.000000 0.104155
707.000000 0.105675
708.000000 0.107346
709.000000 0.109120
710.000000 0.110879
711.000000 0.112742
712.000000 0.114753
713.000000 0.116853
714.000000 0.119079
715.000000 0.121353
716.000000 0.123682
717.000000 0.126030
718.000000 0.128354
719.000000 0.130596
720.000000 0.132793
721.000000 0.135003
722.000000 0.137174
723.000000 0.139296
724.000000 0.141391
725.000000 0.143423
726.000000 0.145311
727.000000 0.147058
728.000000 0.148694
729.000000 0.150266
730.000000 0.151711
731.000000 0.152939
732.000000 0.154051
733.000000 0.155130
734.000000 0.156110
735.000000 0.156982
736.000000 0.157759
737.000000 0.158396
738.000000 0.158877
739.000000 0.159267
740.000000 0.159603
741.000000 0.159795
742.000000 0.159879
743.000000 0.159839
744.000000 0.159608
745.000000 0.159267
746.000000 0.158775
747.000000 0.158081
748.000000 0.157343
749.000000 0.156506
750.000000 0.155270
751.000000 0.153729
752.000000 0.152104
753.000000 0.150419
754.000000 0.148579
755.000000 0.146522
756.000000 0.144273
757.000000 0.141840
758.000000 0.139234
759.000000 0.136413
760.000000 0.133454
761.000000 0.130377
762.000000 0.127151
763.000000 0.123849
764.000000 0.120475
765.000000 0.116999
766.000000 0.113405
767.000000 0.109741
768.000000 0.106092
769.000000 0.102413
770.000000 0.098630
771.000000 0.094877
772.000000 0.091214
773.000000 0.087622
774.000000 0.084068
775.000000 0.080587
776.000000 0.077106
777.000000 0.073606
778.000000 0.070332
779.000000 0.067322
780.000000 0.064511
781.000000 0.061796
782.000000 0.059141
783.000000 0.056608
784.000000 0.054165
785.000000 0.051846
786.000000 0.049704
787.000000 0.047670
788.000000 0.045668
789.000000 0.043744
790.000000 0.041955
791.000000 0.040240
792.000000 0.038611
793.000000 0.037130
794.000000 0.035664
795.000000 0.034215
796.000000 0.032831
797.000000 0.031503
798.000000 0.030304
799.000000 0.029145
800.000000 0.027975
801.000000 0.026825
802.000000 0.025663
803.000000 0.024580
804.000000 0.023568
805.000000 0.022571
806.000000 0.021632
807.000000 0.020758
808.000000 0.019906
809.000000 0.019052
810.000000 0.018216
811.000000 0.017412
812.000000 0.016671
813.000000 0.015952
814.000000 0.015187
815.000000 0.014474
816.000000 0.013803
817.000000 0.013138
818.000000 0.012544
819.000000 0.011994
820.000000 0.011489
821.000000 0.011002
822.000000 0.010499
823.000000 0.010063
824.000000 0.009659
825.000000 0.009245
826.000000 0.008900
827.000000 0.008560
828.000000 0.008184
829.000000 0.007838
830.000000 0.007519
831.000000 0.007248
832.000000 0.006991
833.000000 0.006764
834.000000 0.006586
835.000000 0.006478
836.000000 0.006354
837.000000 0.006157
838.000000 0.005979
839.000000 0.005811
840.000000 0.005625
841.000000 0.005415
842.000000 0.005233
843.000000 0.005102
844.000000 0.005011
845.000000 0.004883
846.000000 0.004740
847.000000 0.004686
848.000000 0.004602
849.000000 0.004414
850.000000 0.004265
851.000000 0.004171
852.000000 0.004090
853.000000 0.003985
854.000000 0.003855
855.000000 0.003722
856.000000 0.003615
857.000000 0.003515
858.000000 0.003424
859.000000 0.003376
860.000000 0.003318
861.000000 0.003232
862.000000 0.003134
863.000000 0.003012
864.000000 0.002904
865.000000 0.002799
866.000000 0.002658
867.000000 0.002528
868.000000 0.002442
869.000000 0.002399
870.000000 0.002348
871.000000 0.002275
872.000000 0.002155
873.000000 0.002066
874.000000 0.002105
875.000000 0.002143
876.000000 0.002065
877.000000 0.001952
878.000000 0.001855
879.000000 0.001742
880.000000 0.001622
881.000000 0.001522
882.000000 0.001437
883.000000 0.001375
884.000000 0.001344
885.000000 0.001296
886.000000 0.001219
887.000000 0.001142
888.000000 0.001107
889.000000 0.001107
890.000000 0.001080
891.000000 0.001056
892.000000 0.001028
893.000000 0.000983
894.000000 0.000950
895.000000 0.000913
896.000000 0.000896
897.000000 0.000915
898.000000 0.000918
899.000000 0.000878
900.000000 0.000844
901.000000 0.000824
902.000000 0.000810
903.000000 0.000786
904.000000 0.000792
905.000000 0.000821
906.000000 0.000795
907.000000 0.000767
908.000000 0.000751
909.000000 0.000728
910.000000 0.000695
911.000000 0.000654
912.000000 0.000618
913.000000 0.000588
914.000000 0.000590
915.000000 0.000583
916.000000 0.000579
917.000000 0.000592
918.000000 0.000557
919.000000 0.000501
920.000000 0.000455
921.000000 0.000396
922.000000 0.000346
923.000000 0.000324
924.000000 0.000272
925.000000 0.000222
926.000000 0.000209
927.000000 0.000196
928.000000 0.000169
929.000000 0.000071
930.000000 0.000091
931.000000 0.000241
932.000000 0.000229
933.000000 0.000132
934.000000 0.000102
935.000000 0.000067
936.000000 0.000016
937.000000 -0.000002
938.000000 0.000005
939.000000 0.000004
940.000000 0.000004
941.000000 -0.000003
942.000000 -0.000001
943.000000 0.000016
944.000000 -0.000001
945.000000 -0.000054
946.000000 -0.000081
947.000000 -0.000069
948.000000 -0.000078
949.000000 -0.000132
950.000000 -0.000186
