315.000000 0.096905
316.000000 0.098719
317.000000 0.099345
318.000000 0.100464
319.000000 0.101920
320.000000 0.102553
321.000000 0.103242
322.000000 0.104120
323.000000 0.104902
324.000000 0.105673
325.000000 0.106684
326.000000 0.107921
327.000000 0.108449
328.000000 0.108899
329.000000 0.109600
330.000000 0.109832
331.000000 0.109430
332.000000 0.109140
333.000000 0.109612
334.000000 0.110478
335.000000 0.110780
336.000000 0.111365
337.000000 0.112184
338.000000 0.112571
339.000000 0.113129
340.000000 0.113549
341.000000 0.113939
342.000000 0.114180
343.000000 0.114340
344.000000 0.114425
345.000000 0.114376
346.000000 0.114420
347.000000 0.114564
348.000000 0.114929
349.000000 0.115250
350.000000 0.115465
351.000000 0.115794
352.000000 0.116140
353.000000 0.116527
354.000000 0.116737
355.000000 0.117028
356.000000 0.117697
357.000000 0.118273
358.000000 0.118781
359.000000 0.119374
360.000000 0.120081
361.000000 0.120908
362.000000 0.121834
363.000000 0.122889
364.000000 0.123833
365.000000 0.124688
366.000000 0.125667
367.000000 0.126951
368.000000 0.128371
369.000000 0.129733
370.000000 0.130304
371.000000 0.131347
372.000000 0.133295
373.000000 0.135128
374.000000 0.136832
375.000000 0.138374
376.000000 0.140584
377.000000 0.143283
378.000000 0.145998
379.000000 0.148313
380.000000 0.150548
381.000000 0.152803
382.000000 0.155151
383.000000 0.157949
384.000000 0.160922
385.000000 0.163963
386.000000 0.166994
387.000000 0.170262
388.000000 0.173364
389.000000 0.175942
390.000000 0.178077
391.000000 0.180559
392.000000 0.183606
393.000000 0.186539
394.000000 0.189346
395.000000 0.192320
396.000000 0.195440
397.000000 0.198805
398.000000 0.202435
399.000000 0.205876
400.000000 0.209278
401.000000 0.212714
402.000000 0.216031
403.000000 0.219246
404.000000 0.222306
405.000000 0.225494
406.000000 0.228987
407.000000 0.232376
408.000000 0.235607
409.000000 0.238724
410.000000 0.241762
411.000000 0.244826
412.000000 0.247988
413.000000 0.251068
414.000000 0.254139
415.000000 0.257305
416.000000 0.260012
417.000000 0.262720
418.000000 0.265674
419.000000 0.268429
420.000000 0.271160
421.000000 0.273838
422.000000 0.276363
423.000000 0.278758
424.000000 0.281003
425.000000 0.283039
426.000000 0.284870
427.000000 0.286506
428.000000 0.287861
429.000000 0.288955
430.000000 0.289847
431.000000 0.290571
432.000000 0.291223
433.000000 0.291638
434.000000 0.291803
435.000000 0.291727
436.000000 0.291431
437.000000 0.291017
438.000000 0.290534
439.000000 0.289993
440.000000 0.289265
441.000000 0.288443
442.000000 0.287724
443.000000 0.286920
444.000000 0.285975
445.000000 0.284985
446.000000 0.283847
447.000000 0.282715
448.000000 0.281351
449.000000 0.279874
450.000000 0.278534
451.000000 0.276830
452.000000 0.274757
453.000000 0.272692
454.000000 0.270526
455.000000 0.268158
456.000000 0.265530
457.000000 0.262596
458.000000 0.259555
459.000000 0.256328
460.000000 0.252863
461.000000 0.249342
462.000000 0.245608
463.000000 0.241659
464.000000 0.237563
465.000000 0.233303
466.000000 0.229250
467.000000 0.225280
468.000000 0.221251
469.000000 0.217163
470.000000 0.213132
471.000000 0.209243
472.000000 0.205252
473.000000 0.201389
474.000000 0.197693
475.000000 0.194201
476.000000 0.191098
477.000000 0.188044
478.000000 0.185066
479.000000 0.182291
480.000000 0.179790
481.000000 0.177499
482.000000 0.175380
483.000000 0.173508
484.000000 0.171747
485.000000 0.170201
486.000000 0.168830
487.000000 0.167567
488.000000 0.166477
489.000000 0.165396
490.000000 0.164551
491.000000 0.163833
492.000000 0.163119
493.000000 0.162818
494.000000 0.162574
495.000000 0.162448
496.000000 0.162653
497.000000 0.162856
498.000000 0.162810
499.000000 0.162869
500.000000 0.163001
501.000000 0.162908
502.000000 0.163305
503.000000 0.163847
504.000000 0.164051
505.000000 0.164261
506.000000 0.164423
507.000000 0.164644
508.000000 0.165033
509.000000 0.165629
510.000000 0.166173
511.000000 0.166379
512.000000 0.166554
513.000000 0.167137
514.000000 0.168143
515.000000 0.169130
516.000000 0.169660
517.000000 0.170145
518.000000 0.170630
519.000000 0.170738
520.000000 0.171102
521.000000 0.172025
522.000000 0.172818
523.000000 0.173510
524.000000 0.174348
525.000000 0.175225
526.000000 0.176280
527.000000 0.177206
528.000000 0.178061
529.000000 0.178839
530.000000 0.179442
531.000000 0.179934
532.000000 0.180386
533.000000 0.180853
534.000000 0.181491
535.000000 0.182290
536.000000 0.183003
537.000000 0.183811
538.000000 0.184654
539.000000 0.185457
540.000000 0.186205
541.000000 0.186932
542.000000 0.187359
543.000000 0.187647
544.000000 0.188177
545.000000 0.188406
546.000000 0.188354
547.000000 0.188294
548.000000 0.188284
549.000000 0.188379
550.000000 0.188537
551.000000 0.188650
552.000000 0.188612
553.000000 0.188533
554.000000 0.188512
555.000000 0.188393
556.000000 0.187966
557.000000 0.187509
558.000000 0.187225
559.000000 0.186913
560.000000 0.186483
561.000000 0.185895
562.000000 0.185305
563.000000 0.184834
564.000000 0.184164
565.000000 0.183339
566.000000 0.182543
567.000000 0.181756
568.000000 0.180985
569.000000 0.180199
570.000000 0.179316
571.000000 0.178364
572.000000 0.177395
573.000000 0.176439
574.000000 0.175356
575.000000 0.174411
576.000000 0.173558
577.000000 0.172649
578.000000 0.171854
579.000000 0.170907
580.000000 0.169882
581.000000 0.168820
582.000000 0.167653
583.000000 0.166408
584.000000 0.165093
585.000000 0.163729
586.000000 0.162332
587.000000 0.160979
588.000000 0.159570
589.000000 0.158155
590.000000 0.156664
591.000000 0.154881
592.000000 0.153135
593.000000 0.151432
594.000000 0.149710
595.000000 0.147967
596.000000 0.146129
597.000000 0.144321
598.000000 0.142591
599.000000 0.140764
600.000000 0.138911
601.000000 0.137019
602.000000 0.135021
603.000000 0.133093
604.000000 0.131152
605.000000 0.129286
606.000000 0.127472
607.000000 0.125482
608.000000 0.123437
609.000000 0.121504
610.000000 0.119652
611.000000 0.117923
612.000000 0.116235
613.000000 0.114620
614.000000 0.113104
615.000000 0.111596
616.000000 0.110256
617.000000 0.109078
618.000000 0.107964
619.000000 0.106880
620.000000 0.105809
621.000000 0.104870
622.000000 0.104102
623.000000 0.103489
624.000000 0.102980
625.000000 0.102586
626.000000 0.102352
627.000000 0.102179
628.000000 0.102061
629.000000 0.102028
630.000000 0.102170
631.000000 0.102422
632.000000 0.102663
633.000000 0.102943
634.000000 0.103261
635.000000 0.103661
636.000000 0.104106
637.000000 0.104450
638.000000 0.104681
639.000000 0.104922
640.000000 0.105088
641.000000 0.105048
642.000000 0.104933
643.000000 0.104807
644.000000 0.104570
645.000000 0.104159
646.000000 0.103619
647.000000 0.102945
648.000000 0.102074
649.000000 0.101107
650.000000 0.100045
651.000000 0.098798
652.000000 0.097400
653.000000 0.096006
654.000000 0.094607
655.000000 0.093144
656.000000 0.091708
657.000000 0.090387
658.000000 0.089095
659.000000 0.087765
660.000000 0.086436
661.000000 0.085200
662.000000 0.084082
663.000000 0.082996
664.000000 0.082010
665.000000 0.081190
666.000000 0.080467
667.000000 0.079806
668.000000 0.079244
669.000000 0.078758
670.000000 0.078352
671.000000 0.078015
672.000000 0.077734
673.000000 0.077488
674.000000 0.077303
675.000000 0.077190
676.000000 0.077127
677.000000 0.077097
678.000000 0.077111
679.000000 0.077105
680.000000 0.077082
681.000000 0.077071
682.000000 0.077129
683.000000 0.077235
684.000000 0.077328
685.000000 0.077406
686.000000 0.077453
687.000000 0.077560
688.000000 0.077650
689.000000 0.077752
690.000000 0.077857
691.000000 0.077940
692.000000 0.078064
693.000000 0.078249
694.000000 0.078517
695.000000 0.078808
696.000000 0.079078
697.000000 0.079413
698.000000 0.079875
699.000000 0.080387
700.000000 0.080981
701.000000 0.081680
702.000000 0.082378
703.000000 0.083115
704.000000 0.084018
705.000000 0.085054
706.000000 0.086164
707.000000 0.087344
708.000000 0.088649
709.000000 0.090043
710.000000 0.091443
711.000000 0.092917
712.000000 0.094499
713.000000 0.096157
714.000000 0.097892
715.000000 0.099677
716.000000 0.101524
717.000000 0.103361
718.000000 0.105199
719.000000 0.106986
720.000000 0.108717
721.000000 0.110525
722.000000 0.112288
723.000000 0.113958
724.000000 0.115642
725.000000 0.117271
726.000000 0.118735
727.000000 0.120154
728.000000 0.121501
729.000000 0.122737
730.000000 0.123908
731.000000 0.124961
732.000000 0.125892
733.000000 0.126749
734.000000 0.127532
735.000000 0.128219
736.000000 0.128804
737.000000 0.129312
738.000000 0.129734
739.000000 0.130045
740.000000 0.130267
741.000000 0.130380
742.000000 0.130396
743.000000 0.130296
744.000000 0.130093
745.000000 0.129785
746.000000 0.129290
747.000000 0.128647
748.000000 0.127959
749.000000 0.127153
750.000000 0.126144
751.000000 0.125004
752.000000 0.123746
753.000000 0.122328
754.000000 0.120756
755.000000 0.119056
756.000000 0.117240
757.000000 0.115299
758.000000 0.113255
759.000000 0.111057
760.000000 0.108745
761.000000 0.106301
762.000000 0.103757
763.000000 0.101183
764.000000 0.098489
765.000000 0.095728
766.000000 0.092954
767.000000 0.090087
768.000000 0.087162
769.000000 0.084265
770.000000 0.081360
771.000000 0.078435
772.000000 0.075498
773.000000 0.072684
774.000000 0.070002
775.000000 0.067417
776.000000 0.064783
777.000000 0.062058
778.000000 0.059467
779.000000 0.057100
780.000000 0.054940
781.000000 0.052828
782.000000 0.050766
783.000000 0.048817
784.000000 0.046936
785.000000 0.045107
786.000000 0.043402
787.000000 0.041802
788.000000 0.040195
789.000000 0.038679
790.000000 0.037315
791.000000 0.036028
792.000000 0.034713
793.000000 0.033440
794.000000 0.032267
795.000000 0.031152
796.000000 0.029998
797.000000 0.028835
798.000000 0.027793
799.000000 0.026784
800.000000 0.025814
801.000000 0.024846
802.000000 0.023839
803.000000 0.022915
804.000000 0.022040
805.000000 0.021129
806.000000 0.020268
807.000000 0.019497
808.000000 0.018704
809.000000 0.017882
810.000000 0.017127
811.000000 0.016474
812.000000 0.015819
813.000000 0.015144
814.000000 0.014472
815.000000 0.013845
816.000000 0.013283
817.000000 0.012679
818.000000 0.012066
819.000000 0.011487
820.000000 0.010968
821.000000 0.010504
822.000000 0.010038
823.000000 0.009635
824.000000 0.009279
825.000000 0.008900
826.000000 0.008505
827.000000 0.008124
828.000000 0.007796
829.000000 0.007515
830.000000 0.007263
831.000000 0.007024
832.000000 0.006818
833.000000 0.006635
834.000000 0.006441
835.000000 0.006263
836.000000 0.006119
837.000000 0.005990
838.000000 0.005851
839.000000 0.005666
840.000000 0.005469
841.000000 0.005281
842.000000 0.005112
843.000000 0.004986
844.000000 0.004869
845.000000 0.004702
846.000000 0.004594
847.000000 0.004567
848.000000 0.004464
849.000000 0.004313
850.000000 0.004181
851.000000 0.004075
852.000000 0.003991
853.000000 0.003911
854.000000 0.003834
855.000000 0.003748
856.000000 0.003647
857.000000 0.003508
858.000000 0.003428
859.000000 0.003369
860.000000 0.003234
861.000000 0.003139
862.000000 0.003089
863.000000 0.003016
864.000000 0.002894
865.000000 0.002769
866.000000 0.002665
867.000000 0.002552
868.000000 0.002479
869.000000 0.002436
870.000000 0.002332
871.000000 0.002229
872.000000 0.002136
873.000000 0.002066
874.000000 0.002070
875.000000 0.002070
876.000000 0.002021
877.000000 0.001901
878.000000 0.001753
879.000000 0.001627
880.000000 0.001540
881.000000 0.001495
882.000000 0.001454
883.000000 0.001402
884.000000 0.001383
885.000000 0.001365
886.000000 0.001326
887.000000 0.001276
888.000000 0.001238
889.000000 0.001227
890.000000 0.001187
891.000000 0.001142
892.000000 0.001097
893.000000 0.001062
894.000000 0.001053
895.000000 0.001038
896.000000 0.001038
897.000000 0.001047
898.000000 0.000987
899.000000 0.000891
900.000000 0.000836
901.000000 0.000814
902.000000 0.000800
903.000000 0.000773
904.000000 0.000751
905.000000 0.000723
906.000000 0.000698
907.000000 0.000699
908.000000 0.000702
909.000000 0.000707
910.000000 0.000657
911.000000 0.000590
912.000000 0.000556
913.000000 0.000518
914.000000 0.000499
915.000000 0.000490
916.000000 0.000494
917.000000 0.000495
918.000000 0.000481
919.000000 0.000430
920.000000 0.000362
921.000000 0.000311
922.000000 0.000275
923.000000 0.000260
924.000000 0.000230
925.000000 0.000198
926.000000 0.000176
927.000000 0.000157
928.000000 0.000127
929.000000 0.000016
930.000000 -0.000041
931.000000 -0.000007
932.000000 -0.000005
933.000000 0.000003
934.000000 0.000007
935.000000 -0.000024
936.000000 -0.000033
937.000000 -0.000017
938.000000 0.000016
939.000000 0.000062
940.000000 0.000065
941.000000 0.000027
942.000000 0.000012
943.000000 0.000015
944.000000 -0.000012
945.000000 -0.000067
946.000000 -0.000124
947.000000 -0.000160
948.000000 -0.000192
949.000000 -0.000225
950.000000 -0.000245
