315.000000 0.107686
316.000000 0.107349
317.000000 0.107027
318.000000 0.107224
319.000000 0.107894
320.000000 0.108983
321.000000 0.109668
322.000000 0.110251
323.000000 0.111173
324.000000 0.111922
325.000000 0.112999
326.000000 0.114109
327.000000 0.114242
328.000000 0.114478
329.000000 0.115636
330.000000 0.117104
331.000000 0.118375
332.000000 0.118937
333.000000 0.119116
334.000000 0.119676
335.000000 0.120300
336.000000 0.120856
337.000000 0.121452
338.000000 0.121760
339.000000 0.122189
340.000000 0.122681
341.000000 0.123193
342.000000 0.123746
343.000000 0.124326
344.000000 0.124973
345.000000 0.125469
346.000000 0.126141
347.000000 0.126897
348.000000 0.127496
349.000000 0.128299
350.000000 0.129244
351.000000 0.129942
352.000000 0.130636
353.000000 0.131560
354.000000 0.132512
355.000000 0.133534
356.000000 0.134419
357.000000 0.135218
358.000000 0.136280
359.000000 0.137525
360.000000 0.138811
361.000000 0.140091
362.000000 0.141383
363.000000 0.142718
364.000000 0.144067
365.000000 0.145526
366.000000 0.147179
367.000000 0.148967
368.000000 0.150827
369.000000 0.152644
370.000000 0.154072
371.000000 0.155903
372.000000 0.158246
373.000000 0.160555
374.000000 0.163174
375.000000 0.165719
376.000000 0.168262
377.000000 0.170942
378.000000 0.173486
379.000000 0.176083
380.000000 0.178962
381.000000 0.182160
382.000000 0.185350
383.000000 0.188170
384.000000 0.191184
385.000000 0.194614
386.000000 0.198120
387.000000 0.201390
388.000000 0.204365
389.000000 0.207440
390.000000 0.210814
391.000000 0.214190
392.000000 0.217275
393.000000 0.220653
394.000000 0.224004
395.000000 0.227045
396.000000 0.230243
397.000000 0.233425
398.000000 0.236821
399.000000 0.240184
400.000000 0.243274
401.000000 0.246548
402.000000 0.249892
403.000000 0.253110
404.000000 0.256218
405.000000 0.259440
406.000000 0.262630
407.000000 0.265632
408.000000 0.268815
409.000000 0.271808
410.000000 0.274077
411.000000 0.276467
412.000000 0.279265
413.000000 0.281962
414.000000 0.284723
415.000000 0.287401
416.000000 0.289894
417.000000 0.292286
418.000000 0.294477
419.000000 0.296528
420.000000 0.298555
421.000000 0.300408
422.000000 0.302193
423.000000 0.303830
424.000000 0.305205
425.000000 0.306271
426.000000 0.307289
427.000000 0.308384
428.000000 0.309161
429.000000 0.309483
430.000000 0.309505
431.000000 0.309567
432.000000 0.309573
433.000000 0.309322
434.000000 0.308879
435.000000 0.308461
436.000000 0.307988
437.000000 0.307230
438.000000 0.306344
439.000000 0.305470
440.000000 0.304449
441.000000 0.303308
442.000000 0.302185
443.000000 0.301042
444.000000 0.299852
445.000000 0.298517
446.000000 0.297042
447.000000 0.295553
448.000000 0.293896
449.000000 0.292148
450.000000 0.290424
451.000000 0.288561
452.000000 0.286615
453.000000 0.284613
454.000000 0.282436
455.000000 0.280048
456.000000 0.277444
457.000000 0.274687
458.000000 0.271969
459.000000 0.269026
460.000000 0.265837
461.000000 0.262617
462.000000 0.259251
463.000000 0.255689
464.000000 0.251887
465.000000 0.247985
466.000000 0.244249
467.000000 0.240473
468.000000 0.236633
469.000000 0.232756
470.000000 0.228765
471.000000 0.224940
472.000000 0.221239
473.000000 0.217492
474.000000 0.213670
475.000000 0.209920
476.000000 0.206356
477.000000 0.202859
478.000000 0.199585
479.000000 0.196367
480.000000 0.193190
481.000000 0.190197
482.000000 0.187339
483.000000 0.184614
484.000000 0.181902
485.000000 0.179286
486.000000 0.176838
487.000000 0.174578
488.000000 0.172425
489.000000 0.169888
490.000000 0.167438
491.000000 0.165308
492.000000 0.163174
493.000000 0.161234
494.000000 0.159214
495.000000 0.157311
496.000000 0.156070
497.000000 0.155071
498.000000 0.153834
499.000000 0.152587
500.000000 0.151468
501.000000 0.150372
502.000000 0.149445
503.000000 0.148555
504.000000 0.147566
505.000000 0.146772
506.000000 0.146127
507.000000 0.145180
508.000000 0.144065
509.000000 0.143157
510.000000 0.142176
511.000000 0.141309
512.000000 0.140630
513.000000 0.139830
514.000000 0.138954
515.000000 0.138127
516.000000 0.137351
517.000000 0.136626
518.000000 0.136031
519.000000 0.135555
520.000000 0.135014
521.000000 0.134561
522.000000 0.134362
523.000000 0.134125
524.000000 0.133659
525.000000 0.133450
526.000000 0.133555
527.000000 0.133603
528.000000 0.133571
529.000000 0.133342
530.000000 0.133303
531.000000 0.133491
532.000000 0.133586
533.000000 0.133704
534.000000 0.133960
535.000000 0.134081
536.000000 0.134039
537.000000 0.134346
538.000000 0.135058
539.000000 0.135887
540.000000 0.136157
541.000000 0.136014
542.000000 0.136408
543.000000 0.137253
544.000000 0.137868
545.000000 0.138137
546.000000 0.138457
547.000000 0.138729
548.000000 0.139028
549.000000 0.139272
550.000000 0.139373
551.000000 0.139353
552.000000 0.139259
553.000000 0.139148
554.000000 0.138996
555.000000 0.138885
556.000000 0.138752
557.000000 0.138585
558.000000 0.138233
559.000000 0.137806
560.000000 0.137380
561.000000 0.136943
562.000000 0.136503
563.000000 0.136192
564.000000 0.135864
565.000000 0.135412
566.000000 0.134958
567.000000 0.134458
568.000000 0.134060
569.000000 0.133706
570.000000 0.133278
571.000000 0.132745
572.000000 0.132099
573.000000 0.131573
574.000000 0.131134
575.000000 0.130600
576.000000 0.130000
577.000000 0.129614
578.000000 0.129297
579.000000 0.128809
580.000000 0.128239
581.000000 0.127593
582.000000 0.127009
583.000000 0.126450
584.000000 0.125878
585.000000 0.125378
586.000000 0.124730
587.000000 0.123986
588.000000 0.123309
589.000000 0.122691
590.000000 0.122007
591.000000 0.121236
592.000000 0.120453
593.000000 0.119546
594.000000 0.118621
595.000000 0.117817
596.000000 0.116883
597.000000 0.115811
598.000000 0.114765
599.000000 0.113767
600.000000 0.112732
601.000000 0.111559
602.000000 0.110422
603.000000 0.109399
604.000000 0.108295
605.000000 0.107005
606.000000 0.105751
607.000000 0.104660
608.000000 0.103659
609.000000 0.102711
610.000000 0.101768
611.000000 0.100870
612.000000 0.100080
613.000000 0.099358
614.000000 0.098727
615.000000 0.098167
616.000000 0.097714
617.000000 0.097269
618.000000 0.096885
619.000000 0.096697
620.000000 0.096527
621.000000 0.096454
622.000000 0.096588
623.000000 0.096798
624.000000 0.097118
625.000000 0.097561
626.000000 0.098079
627.000000 0.098709
628.000000 0.099378
629.000000 0.100198
630.000000 0.101157
631.000000 0.102136
632.000000 0.103101
633.000000 0.104101
634.000000 0.105142
635.000000 0.106197
636.000000 0.107280
637.000000 0.108272
638.000000 0.109185
639.000000 0.110096
640.000000 0.110870
641.000000 0.111512
642.000000 0.112116
643.000000 0.112603
644.000000 0.112917
645.000000 0.113049
646.000000 0.113009
647.000000 0.112752
648.000000 0.112319
649.000000 0.111838
650.000000 0.111238
651.000000 0.110472
652.000000 0.109638
653.000000 0.108777
654.000000 0.107873
655.000000 0.106920
656.000000 0.105964
657.000000 0.105041
658.000000 0.104117
659.000000 0.103159
660.000000 0.102263
661.000000 0.101528
662.000000 0.100847
663.000000 0.100212
664.000000 0.099657
665.000000 0.099167
666.000000 0.098843
667.000000 0.098590
668.000000 0.098449
669.000000 0.098375
670.000000 0.098321
671.000000 0.098373
672.000000 0.098511
673.000000 0.098720
674.000000 0.098927
675.000000 0.099134
676.000000 0.099396
677.000000 0.099656
678.000000 0.099930
679.000000 0.100251
680.000000 0.100546
681.000000 0.100849
682.000000 0.101120
683.000000 0.101382
684.000000 0.101679
685.000000 0.101936
686.000000 0.102158
687.000000 0.102399
688.000000 0.102636
689.000000 0.102847
690.000000 0.103068
691.000000 0.103362
692.000000 0.103701
693.000000 0.104047
694.000000 0.104425
695.000000 0.104839
696.000000 0.105312
697.000000 0.105879
698.000000 0.106582
699.000000 0.107397
700.000000 0.108271
701.000000 0.109248
702.000000 0.110366
703.000000 0.111612
704.000000 0.112970
705.000000 0.114478
706.000000 0.116083
707.000000 0.117747
708.000000 0.119564
709.000000 0.121630
710.000000 0.123770
711.000000 0.125890
712.000000 0.128164
713.000000 0.130573
714.000000 0.133068
715.000000 0.135611
716.000000 0.138187
717.000000 0.140821
718.000000 0.143441
719.000000 0.145937
720.000000 0.148344
721.000000 0.150742
722.000000 0.153122
723.000000 0.155434
724.000000 0.157659
725.000000 0.159762
726.000000 0.161773
727.000000 0.163662
728.000000 0.165398
729.000000 0.166995
730.000000 0.168406
731.000000 0.169693
732.000000 0.170896
733.000000 0.172000
734.000000 0.173013
735.000000 0.173878
736.000000 0.174561
737.000000 0.175101
738.000000 0.175527
739.000000 0.175775
740.000000 0.175887
741.000000 0.175957
742.000000 0.175913
743.000000 0.175711
744.000000 0.175375
745.000000 0.174882
746.000000 0.174306
747.000000 0.173603
748.000000 0.172616
749.000000 0.171462
750.000000 0.170184
751.000000 0.168712
752.000000 0.166937
753.000000 0.165059
754.000000 0.163091
755.000000 0.160808
756.000000 0.158337
757.000000 0.155712
758.000000 0.152880
759.000000 0.149797
760.000000 0.146521
761.000000 0.143134
762.000000 0.139577
763.000000 0.135879
764.000000 0.132067
765.000000 0.128110
766.000000 0.124090
767.000000 0.119985
768.000000 0.115882
769.000000 0.111825
770.000000 0.107723
771.000000 0.103597
772.000000 0.099482
773.000000 0.095493
774.000000 0.091642
775.000000 0.087828
776.000000 0.083868
777.000000 0.079890
778.000000 0.076141
779.000000 0.072668
780.000000 0.069451
781.000000 0.066350
782.000000 0.063384
783.000000 0.060565
784.000000 0.057852
785.000000 0.055265
786.000000 0.052788
787.000000 0.050380
788.000000 0.048071
789.000000 0.045931
790.000000 0.043938
791.000000 0.042091
792.000000 0.040387
793.000000 0.038717
794.000000 0.037100
795.000000 0.035582
796.000000 0.034126
797.000000 0.032641
798.000000 0.031157
799.000000 0.029785
800.000000 0.028542
801.000000 0.027385
802.000000 0.026235
803.000000 0.025091
804.000000 0.023951
805.000000 0.022882
806.000000 0.021885
807.000000 0.020937
808.000000 0.020064
809.000000 0.019192
810.000000 0.018321
811.000000 0.017442
812.000000 0.016584
813.000000 0.015773
814.000000 0.015023
815.000000 0.014343
816.000000 0.013674
817.000000 0.013025
818.000000 0.012435
819.000000 0.011898
820.000000 0.011385
821.000000 0.010841
822.000000 0.010300
823.000000 0.009821
824.000000 0.009370
825.000000 0.008945
826.000000 0.008586
827.000000 0.008260
828.000000 0.007923
829.000000 0.007629
830.000000 0.007369
831.000000 0.007107
832.000000 0.006884
833.000000 0.006672
834.000000 0.006422
835.000000 0.006179
836.000000 0.005956
837.000000 0.005813
838.000000 0.005645
839.000000 0.005388
840.000000 0.005206
841.000000 0.005089
842.000000 0.004970
843.000000 0.004862
844.000000 0.004758
845.000000 0.004645
846.000000 0.004529
847.000000 0.004464
848.000000 0.004377
849.000000 0.004226
850.000000 0.004107
851.000000 0.003988
852.000000 0.003856
853.000000 0.003721
854.000000 0.003588
855.000000 0.003484
856.000000 0.003369
857.000000 0.003258
858.000000 0.003136
859.000000 0.003051
860.000000 0.002990
861.000000 0.002887
862.000000 0.002781
863.000000 0.002653
864.000000 0.002546
865.000000 0.002483
866.000000 0.002434
867.000000 0.002375
868.000000 0.002293
869.000000 0.002196
870.000000 0.002092
871.000000 0.002008
872.000000 0.001937
873.000000 0.001867
874.000000 0.001807
875.000000 0.001753
876.000000 0.001677
877.000000 0.001565
878.000000 0.001473
879.000000 0.001422
880.000000 0.001363
881.000000 0.001312
882.000000 0.001312
883.000000 0.001347
884.000000 0.001350
885.000000 0.001290
886.000000 0.001225
887.000000 0.001159
888.000000 0.001077
889.000000 0.000997
890.000000 0.000930
891.000000 0.000877
892.000000 0.000830
893.000000 0.000804
894.000000 0.000792
895.000000 0.000772
896.000000 0.000768
897.000000 0.000752
898.000000 0.000710
899.000000 0.000671
900.000000 0.000649
901.000000 0.000676
902.000000 0.000693
903.000000 0.000648
904.000000 0.000647
905.000000 0.000668
906.000000 0.000682
907.000000 0.000695
908.000000 0.000683
909.000000 0.000688
910.000000 0.000677
911.000000 0.000634
912.000000 0.000575
913.000000 0.000550
914.000000 0.000558
915.000000 0.000577
916.000000 0.000589
917.000000 0.000554
918.000000 0.000487
919.000000 0.000448
920.000000 0.000468
921.000000 0.000458
922.000000 0.000431
923.000000 0.000412
924.000000 0.000378
925.000000 0.000353
926.000000 0.000333
927.000000 0.000334
928.000000 0.000330
929.000000 0.000307
930.000000 0.000300
931.000000 0.000282
932.000000 0.000240
933.000000 0.000217
934.000000 0.000209
935.000000 0.000187
936.000000 0.000199
937.000000 0.000229
938.000000 0.000213
939.000000 0.000217
940.000000 0.000240
941.000000 0.000261
942.000000 0.000325
943.000000 0.000366
944.000000 0.000352
945.000000 0.000336
946.000000 0.000340
947.000000 0.000333
948.000000 0.000312
949.000000 0.000289
950.000000 0.000271
