315.000000 0.164811
316.000000 0.166085
317.000000 0.167403
318.000000 0.168674
319.000000 0.170322
320.000000 0.172321
321.000000 0.173984
322.000000 0.174998
323.000000 0.176845
324.000000 0.179204
325.000000 0.180759
326.000000 0.181875
327.000000 0.183135
328.000000 0.184937
329.000000 0.187039
330.000000 0.188555
331.000000 0.190013
332.000000 0.191784
333.000000 0.193629
334.000000 0.195549
335.000000 0.197588
336.000000 0.199740
337.000000 0.201632
338.000000 0.203145
339.000000 0.204394
340.000000 0.205977
341.000000 0.207645
342.000000 0.209054
343.000000 0.210465
344.000000 0.211537
345.000000 0.212406
346.000000 0.213125
347.000000 0.213344
348.000000 0.213347
349.000000 0.213297
350.000000 0.213360
351.000000 0.213074
352.000000 0.212223
353.000000 0.211132
354.000000 0.210033
355.000000 0.208997
356.000000 0.207652
357.000000 0.206010
358.000000 0.204409
359.000000 0.203024
360.000000 0.201659
361.000000 0.200394
362.000000 0.199312
363.000000 0.198072
364.000000 0.196759
365.000000 0.195715
366.000000 0.194863
367.000000 0.193880
368.000000 0.192809
369.000000 0.191917
370.000000 0.190870
371.000000 0.189604
372.000000 0.188461
373.000000 0.187569
374.000000 0.186733
375.000000 0.185752
376.000000 0.185068
377.000000 0.184299
378.000000 0.183606
379.000000 0.183391
380.000000 0.182929
381.000000 0.182133
382.000000 0.181260
383.000000 0.180371
384.000000 0.179656
385.000000 0.179542
386.000000 0.179669
387.000000 0.179768
388.000000 0.180116
389.000000 0.180740
390.000000 0.181399
391.000000 0.181985
392.000000 0.182796
393.000000 0.183688
394.000000 0.184675
395.000000 0.185908
396.000000 0.187260
397.000000 0.188838
398.000000 0.190461
399.000000 0.192052
400.000000 0.193707
401.000000 0.195455
402.000000 0.197266
403.000000 0.199067
404.000000 0.200724
405.000000 0.202517
406.000000 0.204555
407.000000 0.206374
408.000000 0.208109
409.000000 0.209795
410.000000 0.211419
411.000000 0.212963
412.000000 0.214627
413.000000 0.216448
414.000000 0.218153
415.000000 0.219668
416.000000 0.221271
417.000000 0.223256
418.000000 0.225187
419.000000 0.227105
420.000000 0.229393
421.000000 0.231847
422.000000 0.234331
423.000000 0.237059
424.000000 0.239963
425.000000 0.242684
426.000000 0.245323
427.000000 0.247885
428.000000 0.250093
429.000000 0.251908
430.000000 0.253192
431.000000 0.253756
432.000000 0.253629
433.000000 0.252924
434.000000 0.251515
435.000000 0.249249
436.000000 0.246192
437.000000 0.242469
438.000000 0.238424
439.000000 0.234280
440.000000 0.229870
441.000000 0.225374
442.000000 0.221023
443.000000 0.216484
444.000000 0.211898
445.000000 0.207510
446.000000 0.202963
447.000000 0.198493
448.000000 0.194075
449.000000 0.189689
450.000000 0.185617
451.000000 0.181493
452.000000 0.177471
453.000000 0.173844
454.000000 0.170132
455.000000 0.166534
456.000000 0.163162
457.000000 0.159844
458.000000 0.156812
459.000000 0.153867
460.000000 0.151145
461.000000 0.148724
462.000000 0.146264
463.000000 0.143873
464.000000 0.141620
465.000000 0.139499
466.000000 0.137674
467.000000 0.135970
468.000000 0.134294
469.000000 0.132721
470.000000 0.131300
471.000000 0.130044
472.000000 0.128800
473.000000 0.127597
474.000000 0.126465
475.000000 0.125451
476.000000 0.124579
477.000000 0.123758
478.000000 0.122989
479.000000 0.122311
480.000000 0.121784
481.000000 0.121241
482.000000 0.120759
483.000000 0.120491
484.000000 0.120287
485.000000 0.120139
486.000000 0.120103
487.000000 0.120100
488.000000 0.120229
489.000000 0.120572
490.000000 0.120923
491.000000 0.121417
492.000000 0.121808
493.000000 0.122262
494.000000 0.123140
495.000000 0.124112
496.000000 0.125121
497.000000 0.126145
498.000000 0.127263
499.000000 0.128658
500.000000 0.130402
501.000000 0.132262
502.000000 0.134333
503.000000 0.136772
504.000000 0.139574
505.000000 0.142166
506.000000 0.144699
507.000000 0.147835
508.000000 0.150855
509.000000 0.153930
510.000000 0.157222
511.000000 0.160768
512.000000 0.164835
513.000000 0.168939
514.000000 0.172857
515.000000 0.176588
516.000000 0.180168
517.000000 0.183779
518.000000 0.187423
519.000000 0.190827
520.000000 0.193983
521.000000 0.196995
522.000000 0.199860
523.000000 0.202345
524.000000 0.204381
525.000000 0.206013
526.000000 0.207469
527.000000 0.208739
528.000000 0.209589
529.000000 0.210613
530.000000 0.211777
531.000000 0.212610
532.000000 0.213059
533.000000 0.213545
534.000000 0.214493
535.000000 0.215576
536.000000 0.216725
537.000000 0.218220
538.000000 0.220249
539.000000 0.222990
540.000000 0.226437
541.000000 0.230180
542.000000 0.234583
543.000000 0.240000
544.000000 0.246158
545.000000 0.252782
546.000000 0.259679
547.000000 0.267641
548.000000 0.276502
549.000000 0.285418
550.000000 0.294322
551.000000 0.303233
552.000000 0.312243
553.000000 0.321015
554.000000 0.328964
555.000000 0.336274
556.000000 0.342961
557.000000 0.348671
558.000000 0.353513
559.000000 0.356993
560.000000 0.359039
561.000000 0.359616
562.000000 0.358481
563.000000 0.355898
564.000000 0.351809
565.000000 0.346319
566.000000 0.339287
567.000000 0.330546
568.000000 0.320956
569.000000 0.310568
570.000000 0.299519
571.000000 0.287809
572.000000 0.275857
573.000000 0.263750
574.000000 0.251142
575.000000 0.239221
576.000000 0.227878
577.000000 0.216987
578.000000 0.206546
579.000000 0.196509
580.000000 0.187153
581.000000 0.178236
582.000000 0.170033
583.000000 0.162637
584.000000 0.156169
585.000000 0.150300
586.000000 0.144774
587.000000 0.140048
588.000000 0.135970
589.000000 0.132350
590.000000 0.129222
591.000000 0.126395
592.000000 0.123947
593.000000 0.121766
594.000000 0.119796
595.000000 0.118134
596.000000 0.116862
597.000000 0.115891
598.000000 0.114991
599.000000 0.114233
600.000000 0.113701
601.000000 0.113307
602.000000 0.113044
603.000000 0.112962
604.000000 0.112856
605.000000 0.112858
606.000000 0.113047
607.000000 0.113358
608.000000 0.113720
609.000000 0.114139
610.000000 0.114740
611.000000 0.115529
612.000000 0.116432
613.000000 0.117403
614.000000 0.118530
615.000000 0.119878
616.000000 0.121375
617.000000 0.123033
618.000000 0.124937
619.000000 0.126957
620.000000 0.129192
621.000000 0.131660
622.000000 0.134235
623.000000 0.136984
624.000000 0.140078
625.000000 0.143370
626.000000 0.146763
627.000000 0.150508
628.000000 0.154465
629.000000 0.158608
630.000000 0.163105
631.000000 0.167818
632.000000 0.172508
633.000000 0.177367
634.000000 0.182608
635.000000 0.187836
636.000000 0.193173
637.000000 0.198834
638.000000 0.204387
639.000000 0.209948
640.000000 0.215688
641.000000 0.221542
642.000000 0.227154
643.000000 0.232536
644.000000 0.238081
645.000000 0.243411
646.000000 0.248553
647.000000 0.253780
648.000000 0.258943
649.000000 0.263729
650.000000 0.268252
651.000000 0.272705
652.000000 0.276986
653.000000 0.280870
654.000000 0.284379
655.000000 0.287764
656.000000 0.291050
657.000000 0.294066
658.000000 0.296839
659.000000 0.299546
660.000000 0.302168
661.000000 0.304665
662.000000 0.307080
663.000000 0.309530
664.000000 0.312014
665.000000 0.314458
666.000000 0.316950
667.000000 0.319631
668.000000 0.322499
669.000000 0.325508
670.000000 0.328823
671.000000 0.332606
672.000000 0.336758
673.000000 0.341318
674.000000 0.345976
675.000000 0.351041
676.000000 0.356985
677.000000 0.363574
678.000000 0.370721
679.000000 0.378124
680.000000 0.386069
681.000000 0.394874
682.000000 0.404340
683.000000 0.414577
684.000000 0.425285
685.000000 0.436565
686.000000 0.448920
687.000000 0.462145
688.000000 0.475949
689.000000 0.490301
690.000000 0.504637
691.000000 0.519240
692.000000 0.534814
693.000000 0.550964
694.000000 0.567472
695.000000 0.584265
696.000000 0.600432
697.000000 0.616201
698.000000 0.632391
699.000000 0.648579
700.000000 0.664491
701.000000 0.679951
702.000000 0.694437
703.000000 0.708024
704.000000 0.721213
705.000000 0.733481
706.000000 0.744584
707.000000 0.754478
708.000000 0.763017
709.000000 0.770133
710.000000 0.775539
711.000000 0.779181
712.000000 0.781349
713.000000 0.782057
714.000000 0.781117
715.000000 0.778474
716.000000 0.774171
717.000000 0.768158
718.000000 0.760473
719.000000 0.751636
720.000000 0.741614
721.000000 0.730071
722.000000 0.717161
723.000000 0.703008
724.000000 0.687811
725.000000 0.671878
726.000000 0.655449
727.000000 0.638423
728.000000 0.620601
729.000000 0.602121
730.000000 0.583316
731.000000 0.565489
732.000000 0.548007
733.000000 0.529698
734.000000 0.511151
735.000000 0.492543
736.000000 0.473978
737.000000 0.455571
738.000000 0.437252
739.000000 0.419088
740.000000 0.401292
741.000000 0.383961
742.000000 0.367121
743.000000 0.350718
744.000000 0.334736
745.000000 0.319116
746.000000 0.303937
747.000000 0.289254
748.000000 0.275047
749.000000 0.261329
750.000000 0.248081
751.000000 0.235290
752.000000 0.222943
753.000000 0.210991
754.000000 0.199486
755.000000 0.188404
756.000000 0.177773
757.000000 0.167717
758.000000 0.158157
759.000000 0.148909
760.000000 0.140083
761.000000 0.131750
762.000000 0.123789
763.000000 0.116185
764.000000 0.108957
765.000000 0.102116
766.000000 0.095591
767.000000 0.089409
768.000000 0.083672
769.000000 0.078306
770.000000 0.073225
771.000000 0.068446
772.000000 0.063990
773.000000 0.059818
774.000000 0.055884
775.000000 0.052220
776.000000 0.048615
777.000000 0.045146
778.000000 0.042123
779.000000 0.039493
780.000000 0.037089
781.000000 0.034823
782.000000 0.032691
783.000000 0.030693
784.000000 0.028843
785.000000 0.027176
786.000000 0.025664
787.000000 0.024297
788.000000 0.023024
789.000000 0.021858
790.000000 0.020859
791.000000 0.019947
792.000000 0.019109
793.000000 0.018361
794.000000 0.017636
795.000000 0.016972
796.000000 0.016361
797.000000 0.015816
798.000000 0.015360
799.000000 0.014967
800.000000 0.014649
801.000000 0.014292
802.000000 0.013946
803.000000 0.013676
804.000000 0.013460
805.000000 0.013296
806.000000 0.013136
807.000000 0.012976
808.000000 0.012835
809.000000 0.012683
810.000000 0.012511
811.000000 0.012378
812.000000 0.012270
813.000000 0.012166
814.000000 0.012067
815.000000 0.011954
816.000000 0.011838
817.000000 0.011698
818.000000 0.011540
819.000000 0.011377
820.000000 0.011232
821.000000 0.011100
822.000000 0.010961
823.000000 0.010784
824.000000 0.010579
825.000000 0.010412
826.000000 0.010268
827.000000 0.010132
828.000000 0.009971
829.000000 0.009773
830.000000 0.009529
831.000000 0.009265
832.000000 0.009080
833.000000 0.008920
834.000000 0.008735
835.000000 0.008488
836.000000 0.008191
837.000000 0.007932
838.000000 0.007722
839.000000 0.007538
840.000000 0.007308
841.000000 0.007060
842.000000 0.006855
843.000000 0.006638
844.000000 0.006386
845.000000 0.006137
846.000000 0.005938
847.000000 0.005758
848.000000 0.005565
849.000000 0.005360
850.000000 0.005138
851.000000 0.004930
852.000000 0.004727
853.000000 0.004504
854.000000 0.004283
855.000000 0.004119
856.000000 0.003970
857.000000 0.003817
858.000000 0.003679
859.000000 0.003543
860.000000 0.003378
861.000000 0.003180
862.000000 0.003014
863.000000 0.002911
864.000000 0.002833
865.000000 0.002708
866.000000 0.002527
867.000000 0.002365
868.000000 0.002234
869.000000 0.002102
870.000000 0.001996
871.000000 0.001967
872.000000 0.001964
873.000000 0.001867
874.000000 0.001751
875.000000 0.001692
876.000000 0.001593
877.000000 0.001494
878.000000 0.001443
879.000000 0.001389
880.000000 0.001310
881.000000 0.001242
882.000000 0.001206
883.000000 0.001125
884.000000 0.001029
885.000000 0.000960
886.000000 0.000902
887.000000 0.000853
888.000000 0.000798
889.000000 0.000733
890.000000 0.000686
891.000000 0.000663
892.000000 0.000624
893.000000 0.000581
894.000000 0.000547
895.000000 0.000507
896.000000 0.000499
897.000000 0.000511
898.000000 0.000480
899.000000 0.000460
900.000000 0.000464
