315.000000 0.183608
316.000000 0.185075
317.000000 0.186749
318.000000 0.188085
319.000000 0.188891
320.000000 0.190431
321.000000 0.192739
322.000000 0.195016
323.000000 0.196963
324.000000 0.198726
325.000000 0.200388
326.000000 0.202160
327.000000 0.204636
328.000000 0.207152
329.000000 0.208853
330.000000 0.210420
331.000000 0.212312
332.000000 0.214245
333.000000 0.216044
334.000000 0.217548
335.000000 0.218932
336.000000 0.220266
337.000000 0.221649
338.000000 0.223130
339.000000 0.224506
340.000000 0.225837
341.000000 0.227282
342.000000 0.228808
343.000000 0.230220
344.000000 0.231424
345.000000 0.232156
346.000000 0.232549
347.000000 0.233006
348.000000 0.233432
349.000000 0.233446
350.000000 0.233021
351.000000 0.232449
352.000000 0.231722
353.000000 0.230786
354.000000 0.229821
355.000000 0.228639
356.000000 0.227320
357.000000 0.225779
358.000000 0.224039
359.000000 0.222630
360.000000 0.221361
361.000000 0.220280
362.000000 0.219359
363.000000 0.218164
364.000000 0.216989
365.000000 0.215975
366.000000 0.214899
367.000000 0.213776
368.000000 0.212801
369.000000 0.211924
370.000000 0.210913
371.000000 0.209866
372.000000 0.209174
373.000000 0.208573
374.000000 0.208026
375.000000 0.207652
376.000000 0.206791
377.000000 0.205706
378.000000 0.204798
379.000000 0.204100
380.000000 0.203509
381.000000 0.203100
382.000000 0.202690
383.000000 0.202158
384.000000 0.201828
385.000000 0.201544
386.000000 0.201553
387.000000 0.201852
388.000000 0.202203
389.000000 0.202674
390.000000 0.203335
391.000000 0.204324
392.000000 0.205470
393.000000 0.206604
394.000000 0.207681
395.000000 0.208948
396.000000 0.210371
397.000000 0.211766
398.000000 0.213498
399.000000 0.215228
400.000000 0.216762
401.000000 0.218516
402.000000 0.220287
403.000000 0.221863
404.000000 0.223474
405.000000 0.225311
406.000000 0.227187
407.000000 0.228932
408.000000 0.230802
409.000000 0.232630
410.000000 0.234106
411.000000 0.235426
412.000000 0.236834
413.000000 0.238352
414.000000 0.239868
415.000000 0.241331
416.000000 0.242937
417.000000 0.244527
418.000000 0.245997
419.000000 0.247609
420.000000 0.249310
421.000000 0.251012
422.000000 0.252702
423.000000 0.254420
424.000000 0.256311
425.000000 0.258115
426.000000 0.259726
427.000000 0.261101
428.000000 0.262023
429.000000 0.262786
430.000000 0.263488
431.000000 0.263900
432.000000 0.263675
433.000000 0.262727
434.000000 0.261384
435.000000 0.259588
436.000000 0.257421
437.000000 0.255059
438.000000 0.252316
439.000000 0.249163
440.000000 0.245873
441.000000 0.242590
442.000000 0.239285
443.000000 0.235770
444.000000 0.232052
445.000000 0.228356
446.000000 0.224436
447.000000 0.220430
448.000000 0.216337
449.000000 0.212106
450.000000 0.208038
451.000000 0.203845
452.000000 0.199570
453.000000 0.195532
454.000000 0.191460
455.000000 0.187403
456.000000 0.183427
457.000000 0.179456
458.000000 0.175704
459.000000 0.171940
460.000000 0.168280
461.000000 0.164917
462.000000 0.161547
463.000000 0.158327
464.000000 0.155162
465.000000 0.152088
466.000000 0.149409
467.000000 0.146847
468.000000 0.144273
469.000000 0.141743
470.000000 0.139338
471.000000 0.137230
472.000000 0.135288
473.000000 0.133444
474.000000 0.131673
475.000000 0.129952
476.000000 0.128479
477.000000 0.127101
478.000000 0.125723
479.000000 0.124446
480.000000 0.123319
481.000000 0.122284
482.000000 0.121406
483.000000 0.120725
484.000000 0.120053
485.000000 0.119470
486.000000 0.119054
487.000000 0.118780
488.000000 0.118627
489.000000 0.118488
490.000000 0.118430
491.000000 0.118624
492.000000 0.118905
493.000000 0.119161
494.000000 0.119909
495.000000 0.120685
496.000000 0.121308
497.000000 0.122317
498.000000 0.123613
499.000000 0.124793
500.000000 0.126022
501.000000 0.127659
502.000000 0.129324
503.000000 0.131024
504.000000 0.132846
505.000000 0.134829
506.000000 0.137171
507.000000 0.139757
508.000000 0.142177
509.000000 0.144617
510.000000 0.147381
511.000000 0.150488
512.000000 0.153746
513.000000 0.157031
514.000000 0.160492
515.000000 0.164109
516.000000 0.167497
517.000000 0.170405
518.000000 0.173147
519.000000 0.175968
520.000000 0.178643
521.000000 0.181338
522.000000 0.183992
523.000000 0.186254
524.000000 0.188366
525.000000 0.190097
526.000000 0.191363
527.000000 0.192510
528.000000 0.193531
529.000000 0.194369
530.000000 0.195391
531.000000 0.196276
532.000000 0.196836
533.000000 0.197402
534.000000 0.197952
535.000000 0.198729
536.000000 0.199771
537.000000 0.200998
538.000000 0.202796
539.000000 0.204684
540.000000 0.206810
541.000000 0.209856
542.000000 0.213373
543.000000 0.217697
544.000000 0.222780
545.000000 0.228488
546.000000 0.234797
547.000000 0.241605
548.000000 0.248736
549.000000 0.256054
550.000000 0.263516
551.000000 0.270956
552.000000 0.278397
553.000000 0.285715
554.000000 0.292894
555.000000 0.299478
556.000000 0.305188
557.000000 0.310171
558.000000 0.314563
559.000000 0.317844
560.000000 0.319989
561.000000 0.320957
562.000000 0.320390
563.000000 0.318624
564.000000 0.315584
565.000000 0.311245
566.000000 0.305757
567.000000 0.298907
568.000000 0.291212
569.000000 0.282661
570.000000 0.273519
571.000000 0.263896
572.000000 0.253881
573.000000 0.243418
574.000000 0.232258
575.000000 0.221772
576.000000 0.211909
577.000000 0.202203
578.000000 0.192808
579.000000 0.183802
580.000000 0.175152
581.000000 0.166625
582.000000 0.158704
583.000000 0.151573
584.000000 0.145339
585.000000 0.139623
586.000000 0.134055
587.000000 0.129121
588.000000 0.124793
589.000000 0.120874
590.000000 0.117237
591.000000 0.113822
592.000000 0.110892
593.000000 0.108272
594.000000 0.106034
595.000000 0.104065
596.000000 0.102139
597.000000 0.100450
598.000000 0.099030
599.000000 0.097759
600.000000 0.096553
601.000000 0.095574
602.000000 0.094775
603.000000 0.094033
604.000000 0.093327
605.000000 0.092754
606.000000 0.092396
607.000000 0.092216
608.000000 0.092157
609.000000 0.092100
610.000000 0.092199
611.000000 0.092433
612.000000 0.092712
613.000000 0.093119
614.000000 0.093628
615.000000 0.094296
616.000000 0.094988
617.000000 0.095794
618.000000 0.096909
619.000000 0.098065
620.000000 0.099252
621.000000 0.100720
622.000000 0.102326
623.000000 0.104022
624.000000 0.105966
625.000000 0.108003
626.000000 0.110188
627.000000 0.112646
628.000000 0.115109
629.000000 0.117709
630.000000 0.120627
631.000000 0.123722
632.000000 0.126738
633.000000 0.129833
634.000000 0.133203
635.000000 0.136498
636.000000 0.139800
637.000000 0.143271
638.000000 0.146699
639.000000 0.150177
640.000000 0.153789
641.000000 0.157427
642.000000 0.160830
643.000000 0.164129
644.000000 0.167549
645.000000 0.170813
646.000000 0.173954
647.000000 0.177113
648.000000 0.180201
649.000000 0.183015
650.000000 0.185638
651.000000 0.188232
652.000000 0.190749
653.000000 0.193090
654.000000 0.195314
655.000000 0.197430
656.000000 0.199408
657.000000 0.201262
658.000000 0.203087
659.000000 0.204921
660.000000 0.206713
661.000000 0.208437
662.000000 0.210116
663.000000 0.211907
664.000000 0.213828
665.000000 0.215668
666.000000 0.217454
667.000000 0.219507
668.000000 0.221779
669.000000 0.224091
670.000000 0.226586
671.000000 0.229420
672.000000 0.232549
673.000000 0.236010
674.000000 0.239534
675.000000 0.243300
676.000000 0.247558
677.000000 0.252233
678.000000 0.257346
679.000000 0.262563
680.000000 0.268031
681.000000 0.274072
682.000000 0.280661
683.000000 0.287762
684.000000 0.294969
685.000000 0.302461
686.000000 0.310628
687.000000 0.319261
688.000000 0.328261
689.000000 0.337555
690.000000 0.346763
691.000000 0.356092
692.000000 0.365860
693.000000 0.375792
694.000000 0.385834
695.000000 0.395913
696.000000 0.405546
697.000000 0.414901
698.000000 0.424369
699.000000 0.433743
700.000000 0.442832
701.000000 0.451416
702.000000 0.459163
703.000000 0.466209
704.000000 0.472932
705.000000 0.479087
706.000000 0.484449
707.000000 0.488972
708.000000 0.492594
709.000000 0.495239
710.000000 0.497006
711.000000 0.497852
712.000000 0.497715
713.000000 0.496643
714.000000 0.494718
715.000000 0.491996
716.000000 0.488362
717.000000 0.483746
718.000000 0.478270
719.000000 0.472348
720.000000 0.465864
721.000000 0.458465
722.000000 0.450291
723.000000 0.441553
724.000000 0.432377
725.000000 0.422856
726.000000 0.413018
727.000000 0.402905
728.000000 0.392527
729.000000 0.381820
730.000000 0.370881
731.000000 0.360454
732.000000 0.350170
733.000000 0.339377
734.000000 0.328412
735.000000 0.317312
736.000000 0.306141
737.000000 0.294966
738.000000 0.283905
739.000000 0.272922
740.000000 0.261987
741.000000 0.251226
742.000000 0.240712
743.000000 0.230456
744.000000 0.220439
745.000000 0.210591
746.000000 0.200895
747.000000 0.191424
748.000000 0.182217
749.000000 0.173274
750.000000 0.164680
751.000000 0.156410
752.000000 0.148338
753.000000 0.140513
754.000000 0.133009
755.000000 0.125761
756.000000 0.118775
757.000000 0.112120
758.000000 0.105809
759.000000 0.099812
760.000000 0.094074
761.000000 0.088584
762.000000 0.083391
763.000000 0.078499
764.000000 0.073840
765.000000 0.069332
766.000000 0.065041
767.000000 0.061065
768.000000 0.057399
769.000000 0.053983
770.000000 0.050747
771.000000 0.047752
772.000000 0.044947
773.000000 0.042276
774.000000 0.039841
775.000000 0.037606
776.000000 0.035397
777.000000 0.033296
778.000000 0.031378
779.000000 0.029626
780.000000 0.028077
781.000000 0.026667
782.000000 0.025442
783.000000 0.024263
784.000000 0.023039
785.000000 0.021911
786.000000 0.020914
787.000000 0.020070
788.000000 0.019314
789.000000 0.018615
790.000000 0.017979
791.000000 0.017413
792.000000 0.016957
793.000000 0.016522
794.000000 0.016095
795.000000 0.015784
796.000000 0.015490
797.000000 0.015177
798.000000 0.014930
799.000000 0.014751
800.000000 0.014573
801.000000 0.014420
802.000000 0.014271
803.000000 0.014065
804.000000 0.013937
805.000000 0.013847
806.000000 0.013737
807.000000 0.013662
808.000000 0.013588
809.000000 0.013480
810.000000 0.013401
811.000000 0.013388
812.000000 0.013367
813.000000 0.013290
814.000000 0.013208
815.000000 0.013171
816.000000 0.013122
817.000000 0.013029
818.000000 0.012952
819.000000 0.012895
820.000000 0.012783
821.000000 0.012623
822.000000 0.012497
823.000000 0.012402
824.000000 0.012334
825.000000 0.012235
826.000000 0.012111
827.000000 0.011968
828.000000 0.011814
829.000000 0.011654
830.000000 0.011466
831.000000 0.011309
832.000000 0.011160
833.000000 0.011008
834.000000 0.010858
835.000000 0.010690
836.000000 0.010527
837.000000 0.010358
838.000000 0.010198
839.000000 0.010040
840.000000 0.009812
841.000000 0.009559
842.000000 0.009337
843.000000 0.009098
844.000000 0.008867
845.000000 0.008698
846.000000 0.008555
847.000000 0.008383
848.000000 0.008150
849.000000 0.007909
850.000000 0.007720
851.000000 0.007509
852.000000 0.007274
853.000000 0.007111
854.000000 0.007008
855.000000 0.006892
856.000000 0.006736
857.000000 0.006546
858.000000 0.006365
859.000000 0.006218
860.000000 0.006111
861.000000 0.005981
862.000000 0.005826
863.000000 0.005686
864.000000 0.005535
865.000000 0.005355
866.000000 0.005162
867.000000 0.005059
868.000000 0.005000
869.000000 0.004924
870.000000 0.004860
871.000000 0.004763
872.000000 0.004675
873.000000 0.004624
874.000000 0.004539
875.000000 0.004448
876.000000 0.004353
877.000000 0.004254
878.000000 0.004150
879.000000 0.004055
880.000000 0.004006
881.000000 0.003968
882.000000 0.003892
883.000000 0.003797
884.000000 0.003724
885.000000 0.003642
886.000000 0.003570
887.000000 0.003537
888.000000 0.003497
889.000000 0.003425
890.000000 0.003376
891.000000 0.003330
892.000000 0.003271
893.000000 0.003249
894.000000 0.003219
895.000000 0.003160
896.000000 0.003121
897.000000 0.003115
898.000000 0.003105
899.000000 0.003098
900.000000 0.003104
