315.000000 0.098361
316.000000 0.099509
317.000000 0.099933
318.000000 0.100705
319.000000 0.101529
320.000000 0.101933
321.000000 0.102424
322.000000 0.103147
323.000000 0.103812
324.000000 0.104834
325.000000 0.106250
326.000000 0.107702
327.000000 0.108417
328.000000 0.108611
329.000000 0.108143
330.000000 0.107494
331.000000 0.107324
332.000000 0.107384
333.000000 0.107944
334.000000 0.108854
335.000000 0.109314
336.000000 0.109961
337.000000 0.111076
338.000000 0.111598
339.000000 0.111929
340.000000 0.112131
341.000000 0.112445
342.000000 0.112782
343.000000 0.113070
344.000000 0.113486
345.000000 0.113879
346.000000 0.114197
347.000000 0.114525
348.000000 0.114744
349.000000 0.114955
350.000000 0.115436
351.000000 0.115880
352.000000 0.116301
353.000000 0.116745
354.000000 0.117098
355.000000 0.117551
356.000000 0.118119
357.000000 0.118729
358.000000 0.119402
359.000000 0.120127
360.000000 0.120976
361.000000 0.121826
362.000000 0.122864
363.000000 0.123963
364.000000 0.125203
365.000000 0.126478
366.000000 0.127491
367.000000 0.128630
368.000000 0.130035
369.000000 0.131472
370.000000 0.132566
371.000000 0.134323
372.000000 0.136724
373.000000 0.138846
374.000000 0.140880
375.000000 0.142915
376.000000 0.144804
377.000000 0.146896
378.000000 0.149363
379.000000 0.151427
380.000000 0.153960
381.000000 0.157111
382.000000 0.160119
383.000000 0.162829
384.000000 0.165512
385.000000 0.168580
386.000000 0.171786
387.000000 0.175044
388.000000 0.178049
389.000000 0.180532
390.000000 0.182650
391.000000 0.185324
392.000000 0.188278
393.000000 0.190868
394.000000 0.193580
395.000000 0.196386
396.000000 0.199365
397.000000 0.202507
398.000000 0.205614
399.000000 0.208765
400.000000 0.211911
401.000000 0.215034
402.000000 0.218184
403.000000 0.221176
404.000000 0.223911
405.000000 0.226946
406.000000 0.230212
407.000000 0.233316
408.000000 0.236425
409.000000 0.239494
410.000000 0.242271
411.000000 0.245138
412.000000 0.248322
413.000000 0.251390
414.000000 0.254474
415.000000 0.257478
416.000000 0.260026
417.000000 0.262590
418.000000 0.265238
419.000000 0.267701
420.000000 0.270227
421.000000 0.272787
422.000000 0.275102
423.000000 0.277232
424.000000 0.279081
425.000000 0.280644
426.000000 0.282139
427.000000 0.283504
428.000000 0.284581
429.000000 0.285342
430.000000 0.285961
431.000000 0.286415
432.000000 0.286759
433.000000 0.286928
434.000000 0.286996
435.000000 0.286843
436.000000 0.286437
437.000000 0.285974
438.000000 0.285460
439.000000 0.284951
440.000000 0.284225
441.000000 0.283342
442.000000 0.282513
443.000000 0.281593
444.000000 0.280579
445.000000 0.279592
446.000000 0.278534
447.000000 0.277376
448.000000 0.275928
449.000000 0.274457
450.000000 0.273136
451.000000 0.271434
452.000000 0.269459
453.000000 0.267455
454.000000 0.265302
455.000000 0.263064
456.000000 0.260685
457.000000 0.258014
458.000000 0.255219
459.000000 0.252220
460.000000 0.249017
461.000000 0.245773
462.000000 0.242262
463.000000 0.238608
464.000000 0.234826
465.000000 0.230892
466.000000 0.227124
467.000000 0.223327
468.000000 0.219502
469.000000 0.215674
470.000000 0.211888
471.000000 0.208248
472.000000 0.204522
473.000000 0.200887
474.000000 0.197438
475.000000 0.194131
476.000000 0.191045
477.000000 0.188003
478.000000 0.185100
479.000000 0.182401
480.000000 0.179876
481.000000 0.177512
482.000000 0.175296
483.000000 0.173307
484.000000 0.171399
485.000000 0.169661
486.000000 0.168156
487.000000 0.166746
488.000000 0.165457
489.000000 0.164246
490.000000 0.163082
491.000000 0.161888
492.000000 0.161060
493.000000 0.160451
494.000000 0.159644
495.000000 0.159133
496.000000 0.158827
497.000000 0.158341
498.000000 0.157693
499.000000 0.157418
500.000000 0.157508
501.000000 0.157483
502.000000 0.157455
503.000000 0.157422
504.000000 0.157256
505.000000 0.157217
506.000000 0.157377
507.000000 0.157469
508.000000 0.157461
509.000000 0.157506
510.000000 0.157585
511.000000 0.157543
512.000000 0.157434
513.000000 0.157674
514.000000 0.158171
515.000000 0.158619
516.000000 0.158771
517.000000 0.158646
518.000000 0.158660
519.000000 0.158704
520.000000 0.158931
521.000000 0.159499
522.000000 0.160133
523.000000 0.160759
524.000000 0.161284
525.000000 0.161846
526.000000 0.162582
527.000000 0.163060
528.000000 0.163597
529.000000 0.164207
530.000000 0.164432
531.000000 0.164669
532.000000 0.164972
533.000000 0.165199
534.000000 0.165743
535.000000 0.166439
536.000000 0.166935
537.000000 0.167243
538.000000 0.167569
539.000000 0.168286
540.000000 0.169188
541.000000 0.169836
542.000000 0.170234
543.000000 0.170678
544.000000 0.171154
545.000000 0.171389
546.000000 0.171631
547.000000 0.171869
548.000000 0.172045
549.000000 0.172268
550.000000 0.172396
551.000000 0.172379
552.000000 0.172163
553.000000 0.171942
554.000000 0.171733
555.000000 0.171470
556.000000 0.171197
557.000000 0.170929
558.000000 0.170724
559.000000 0.170506
560.000000 0.170130
561.000000 0.169570
562.000000 0.169086
563.000000 0.168677
564.000000 0.168115
565.000000 0.167517
566.000000 0.166906
567.000000 0.166320
568.000000 0.165619
569.000000 0.164857
570.000000 0.164222
571.000000 0.163567
572.000000 0.162806
573.000000 0.162065
574.000000 0.161251
575.000000 0.160499
576.000000 0.159846
577.000000 0.159063
578.000000 0.158360
579.000000 0.157585
580.000000 0.156772
581.000000 0.156044
582.000000 0.155166
583.000000 0.154239
584.000000 0.153337
585.000000 0.152392
586.000000 0.151311
587.000000 0.150217
588.000000 0.149139
589.000000 0.147945
590.000000 0.146649
591.000000 0.145325
592.000000 0.144104
593.000000 0.142757
594.000000 0.141400
595.000000 0.140046
596.000000 0.138536
597.000000 0.137057
598.000000 0.135599
599.000000 0.134066
600.000000 0.132544
601.000000 0.131035
602.000000 0.129543
603.000000 0.128121
604.000000 0.126612
605.000000 0.125058
606.000000 0.123644
607.000000 0.122210
608.000000 0.120674
609.000000 0.119155
610.000000 0.117697
611.000000 0.116452
612.000000 0.115271
613.000000 0.114058
614.000000 0.112985
615.000000 0.111995
616.000000 0.111101
617.000000 0.110280
618.000000 0.109419
619.000000 0.108642
620.000000 0.108071
621.000000 0.107682
622.000000 0.107376
623.000000 0.107117
624.000000 0.106971
625.000000 0.106921
626.000000 0.106963
627.000000 0.107132
628.000000 0.107434
629.000000 0.107792
630.000000 0.108281
631.000000 0.108885
632.000000 0.109487
633.000000 0.110132
634.000000 0.110821
635.000000 0.111575
636.000000 0.112373
637.000000 0.113181
638.000000 0.113923
639.000000 0.114612
640.000000 0.115228
641.000000 0.115721
642.000000 0.116112
643.000000 0.116392
644.000000 0.116647
645.000000 0.116768
646.000000 0.116712
647.000000 0.116501
648.000000 0.116151
649.000000 0.115731
650.000000 0.115189
651.000000 0.114600
652.000000 0.113911
653.000000 0.113130
654.000000 0.112349
655.000000 0.111554
656.000000 0.110741
657.000000 0.110005
658.000000 0.109265
659.000000 0.108510
660.000000 0.107802
661.000000 0.107209
662.000000 0.106730
663.000000 0.106281
664.000000 0.105972
665.000000 0.105725
666.000000 0.105549
667.000000 0.105478
668.000000 0.105498
669.000000 0.105604
670.000000 0.105717
671.000000 0.105914
672.000000 0.106211
673.000000 0.106487
674.000000 0.106746
675.000000 0.107057
676.000000 0.107416
677.000000 0.107788
678.000000 0.108184
679.000000 0.108551
680.000000 0.108886
681.000000 0.109201
682.000000 0.109535
683.000000 0.109869
684.000000 0.110193
685.000000 0.110522
686.000000 0.110814
687.000000 0.111104
688.000000 0.111354
689.000000 0.111653
690.000000 0.111968
691.000000 0.112260
692.000000 0.112595
693.000000 0.112977
694.000000 0.113415
695.000000 0.113935
696.000000 0.114495
697.000000 0.115088
698.000000 0.115807
699.000000 0.116648
700.000000 0.117617
701.000000 0.118709
702.000000 0.119884
703.000000 0.121183
704.000000 0.122664
705.000000 0.124306
706.000000 0.126085
707.000000 0.128012
708.000000 0.130130
709.000000 0.132392
710.000000 0.134667
711.000000 0.137020
712.000000 0.139518
713.000000 0.142140
714.000000 0.144907
715.000000 0.147721
716.000000 0.150606
717.000000 0.153509
718.000000 0.156345
719.000000 0.159079
720.000000 0.161748
721.000000 0.164437
722.000000 0.167082
723.000000 0.169644
724.000000 0.172104
725.000000 0.174454
726.000000 0.176668
727.000000 0.178713
728.000000 0.180642
729.000000 0.182456
730.000000 0.184130
731.000000 0.185584
732.000000 0.186808
733.000000 0.187954
734.000000 0.188984
735.000000 0.189892
736.000000 0.190684
737.000000 0.191344
738.000000 0.191865
739.000000 0.192240
740.000000 0.192536
741.000000 0.192694
742.000000 0.192676
743.000000 0.192527
744.000000 0.192248
745.000000 0.191807
746.000000 0.191175
747.000000 0.190344
748.000000 0.189359
749.000000 0.188195
750.000000 0.186793
751.000000 0.185150
752.000000 0.183340
753.000000 0.181354
754.000000 0.179151
755.000000 0.176655
756.000000 0.173890
757.000000 0.170969
758.000000 0.167827
759.000000 0.164483
760.000000 0.160983
761.000000 0.157310
762.000000 0.153411
763.000000 0.149336
764.000000 0.145122
765.000000 0.140778
766.000000 0.136318
767.000000 0.131748
768.000000 0.127087
769.000000 0.122453
770.000000 0.117866
771.000000 0.113257
772.000000 0.108705
773.000000 0.104241
774.000000 0.099819
775.000000 0.095500
776.000000 0.091104
777.000000 0.086672
778.000000 0.082534
779.000000 0.078700
780.000000 0.075129
781.000000 0.071682
782.000000 0.068314
783.000000 0.065160
784.000000 0.062180
785.000000 0.059291
786.000000 0.056533
787.000000 0.053871
788.000000 0.051250
789.000000 0.048794
790.000000 0.046625
791.000000 0.044591
792.000000 0.042627
793.000000 0.040786
794.000000 0.038995
795.000000 0.037278
796.000000 0.035663
797.000000 0.034073
798.000000 0.032587
799.000000 0.031193
800.000000 0.029847
801.000000 0.028570
802.000000 0.027263
803.000000 0.025994
804.000000 0.024847
805.000000 0.023761
806.000000 0.022678
807.000000 0.021659
808.000000 0.020713
809.000000 0.019750
810.000000 0.018786
811.000000 0.017900
812.000000 0.017087
813.000000 0.016267
814.000000 0.015448
815.000000 0.014714
816.000000 0.014018
817.000000 0.013303
818.000000 0.012641
819.000000 0.012050
820.000000 0.011522
821.000000 0.011008
822.000000 0.010479
823.000000 0.010048
824.000000 0.009656
825.000000 0.009211
826.000000 0.008712
827.000000 0.008191
828.000000 0.007838
829.000000 0.007580
830.000000 0.007270
831.000000 0.007005
832.000000 0.006765
833.000000 0.006503
834.000000 0.006232
835.000000 0.005993
836.000000 0.005824
837.000000 0.005678
838.000000 0.005491
839.000000 0.005303
840.000000 0.005093
841.000000 0.004896
842.000000 0.004757
843.000000 0.004612
844.000000 0.004486
845.000000 0.004343
846.000000 0.004179
847.000000 0.004070
848.000000 0.003985
849.000000 0.003849
850.000000 0.003711
851.000000 0.003637
852.000000 0.003592
853.000000 0.003511
854.000000 0.003372
855.000000 0.003234
856.000000 0.003140
857.000000 0.003030
858.000000 0.002916
859.000000 0.002829
860.000000 0.002721
861.000000 0.002617
862.000000 0.002511
863.000000 0.002401
864.000000 0.002310
865.000000 0.002187
866.000000 0.002058
867.000000 0.001973
868.000000 0.001919
869.000000 0.001848
870.000000 0.001736
871.000000 0.001625
872.000000 0.001501
873.000000 0.001396
874.000000 0.001390
875.000000 0.001410
876.000000 0.001356
877.000000 0.001235
878.000000 0.001105
879.000000 0.001000
880.000000 0.000923
881.000000 0.000876
882.000000 0.000826
883.000000 0.000760
884.000000 0.000695
885.000000 0.000620
886.000000 0.000565
887.000000 0.000517
888.000000 0.000483
889.000000 0.000464
890.000000 0.000422
891.000000 0.000393
892.000000 0.000379
893.000000 0.000341
894.000000 0.000308
895.000000 0.000296
896.000000 0.000282
897.000000 0.000258
898.000000 0.000211
899.000000 0.000162
900.000000 0.000132
901.000000 0.000095
902.000000 0.000059
903.000000 0.000028
904.000000 0.000041
905.000000 0.000044
906.000000 -0.000004
907.000000 -0.000028
908.000000 -0.000021
909.000000 -0.000013
910.000000 -0.000070
911.000000 -0.000125
912.000000 -0.000135
913.000000 -0.000155
914.000000 -0.000168
915.000000 -0.000175
916.000000 -0.000185
917.000000 -0.000219
918.000000 -0.000254
919.000000 -0.000299
920.000000 -0.000373
921.000000 -0.000414
922.000000 -0.000438
923.000000 -0.000478
924.000000 -0.000492
925.000000 -0.000472
926.000000 -0.000481
927.000000 -0.000513
928.000000 -0.000543
929.000000 -0.000647
930.000000 -0.000702
931.000000 -0.000652
932.000000 -0.000647
933.000000 -0.000676
934.000000 -0.000710
935.000000 -0.000734
936.000000 -0.000718
937.000000 -0.000682
938.000000 -0.000653
939.000000 -0.000652
940.000000 -0.000660
941.000000 -0.000669
942.000000 -0.000689
943.000000 -0.000694
944.000000 -0.000711
945.000000 -0.000771
946.000000 -0.000836
947.000000 -0.000858
948.000000 -0.000871
949.000000 -0.000900
950.000000 -0.000917
