315.000000 0.094531
316.000000 0.096438
317.000000 0.097350
318.000000 0.098431
319.000000 0.099127
320.000000 0.099187
321.000000 0.100027
322.000000 0.100649
323.000000 0.101155
324.000000 0.102186
325.000000 0.103059
326.000000 0.104174
327.000000 0.105159
328.000000 0.106235
329.000000 0.106632
330.000000 0.106596
331.000000 0.106662
332.000000 0.106973
333.000000 0.107747
334.000000 0.108826
335.000000 0.109344
336.000000 0.109439
337.000000 0.109890
338.000000 0.110256
339.000000 0.110786
340.000000 0.111116
341.000000 0.111362
342.000000 0.111605
343.000000 0.111726
344.000000 0.112077
345.000000 0.112440
346.000000 0.112712
347.000000 0.113182
348.000000 0.113572
349.000000 0.113783
350.000000 0.114348
351.000000 0.114954
352.000000 0.115450
353.000000 0.115957
354.000000 0.116413
355.000000 0.116846
356.000000 0.117361
357.000000 0.117907
358.000000 0.118472
359.000000 0.119108
360.000000 0.119820
361.000000 0.120755
362.000000 0.121789
363.000000 0.122860
364.000000 0.124088
365.000000 0.125259
366.000000 0.126428
367.000000 0.127805
368.000000 0.129349
369.000000 0.130967
370.000000 0.132214
371.000000 0.133644
372.000000 0.135698
373.000000 0.137720
374.000000 0.139371
375.000000 0.140994
376.000000 0.143305
377.000000 0.145843
378.000000 0.148150
379.000000 0.150964
380.000000 0.154309
381.000000 0.157646
382.000000 0.160532
383.000000 0.162953
384.000000 0.165506
385.000000 0.168550
386.000000 0.171875
387.000000 0.174855
388.000000 0.177405
389.000000 0.179809
390.000000 0.182247
391.000000 0.185044
392.000000 0.187974
393.000000 0.190689
394.000000 0.193413
395.000000 0.196208
396.000000 0.199103
397.000000 0.202399
398.000000 0.205729
399.000000 0.208780
400.000000 0.211836
401.000000 0.214914
402.000000 0.218109
403.000000 0.221106
404.000000 0.223788
405.000000 0.226866
406.000000 0.230110
407.000000 0.233021
408.000000 0.236012
409.000000 0.239036
410.000000 0.241727
411.000000 0.244488
412.000000 0.247433
413.000000 0.250271
414.000000 0.253269
415.000000 0.256361
416.000000 0.259129
417.000000 0.261701
418.000000 0.264161
419.000000 0.266579
420.000000 0.269063
421.000000 0.271361
422.000000 0.273481
423.000000 0.275582
424.000000 0.277412
425.000000 0.278984
426.000000 0.280412
427.000000 0.281624
428.000000 0.282608
429.000000 0.283386
430.000000 0.283972
431.000000 0.284287
432.000000 0.284557
433.000000 0.284764
434.000000 0.284820
435.000000 0.284684
436.000000 0.284321
437.000000 0.283833
438.000000 0.283236
439.000000 0.282559
440.000000 0.281747
441.000000 0.280817
442.000000 0.279915
443.000000 0.279023
444.000000 0.278102
445.000000 0.277098
446.000000 0.275899
447.000000 0.274680
448.000000 0.273288
449.000000 0.271858
450.000000 0.270542
451.000000 0.268823
452.000000 0.266923
453.000000 0.265089
454.000000 0.263020
455.000000 0.260746
456.000000 0.258308
457.000000 0.255647
458.000000 0.252900
459.000000 0.249984
460.000000 0.246921
461.000000 0.243788
462.000000 0.240345
463.000000 0.236739
464.000000 0.233078
465.000000 0.229253
466.000000 0.225546
467.000000 0.221811
468.000000 0.218015
469.000000 0.214255
470.000000 0.210542
471.000000 0.206923
472.000000 0.203247
473.000000 0.199725
474.000000 0.196329
475.000000 0.193022
476.000000 0.190009
477.000000 0.187021
478.000000 0.184044
479.000000 0.181256
480.000000 0.178752
481.000000 0.176485
482.000000 0.174339
483.000000 0.172351
484.000000 0.170489
485.000000 0.168780
486.000000 0.167208
487.000000 0.165743
488.000000 0.164408
489.000000 0.163219
490.000000 0.162171
491.000000 0.161348
492.000000 0.160476
493.000000 0.159508
494.000000 0.158606
495.000000 0.157906
496.000000 0.157522
497.000000 0.157000
498.000000 0.156399
499.000000 0.156241
500.000000 0.156293
501.000000 0.156115
502.000000 0.156190
503.000000 0.156240
504.000000 0.155870
505.000000 0.155620
506.000000 0.155643
507.000000 0.155716
508.000000 0.155621
509.000000 0.155673
510.000000 0.155868
511.000000 0.155633
512.000000 0.155177
513.000000 0.155098
514.000000 0.155394
515.000000 0.155708
516.000000 0.155695
517.000000 0.155765
518.000000 0.155831
519.000000 0.155806
520.000000 0.156081
521.000000 0.156491
522.000000 0.156685
523.000000 0.156862
524.000000 0.157290
525.000000 0.157865
526.000000 0.158546
527.000000 0.159127
528.000000 0.159651
529.000000 0.160109
530.000000 0.160489
531.000000 0.160707
532.000000 0.160837
533.000000 0.161118
534.000000 0.161677
535.000000 0.162268
536.000000 0.162701
537.000000 0.163206
538.000000 0.163743
539.000000 0.164343
540.000000 0.164650
541.000000 0.164810
542.000000 0.165192
543.000000 0.165704
544.000000 0.166209
545.000000 0.166497
546.000000 0.166735
547.000000 0.166971
548.000000 0.167112
549.000000 0.167027
550.000000 0.167025
551.000000 0.167237
552.000000 0.167299
553.000000 0.167331
554.000000 0.167358
555.000000 0.167211
556.000000 0.166952
557.000000 0.166627
558.000000 0.166372
559.000000 0.166083
560.000000 0.165691
561.000000 0.165253
562.000000 0.164941
563.000000 0.164705
564.000000 0.164214
565.000000 0.163648
566.000000 0.163086
567.000000 0.162480
568.000000 0.161951
569.000000 0.161450
570.000000 0.160870
571.000000 0.160185
572.000000 0.159411
573.000000 0.158606
574.000000 0.157840
575.000000 0.157122
576.000000 0.156471
577.000000 0.155898
578.000000 0.155204
579.000000 0.154345
580.000000 0.153497
581.000000 0.152644
582.000000 0.151846
583.000000 0.151158
584.000000 0.150317
585.000000 0.149371
586.000000 0.148337
587.000000 0.147196
588.000000 0.146112
589.000000 0.145076
590.000000 0.143936
591.000000 0.142735
592.000000 0.141677
593.000000 0.140476
594.000000 0.139151
595.000000 0.137851
596.000000 0.136420
597.000000 0.135007
598.000000 0.133716
599.000000 0.132283
600.000000 0.130881
601.000000 0.129542
602.000000 0.128081
603.000000 0.126680
604.000000 0.125218
605.000000 0.123721
606.000000 0.122364
607.000000 0.121086
608.000000 0.119765
609.000000 0.118363
610.000000 0.116934
611.000000 0.115672
612.000000 0.114546
613.000000 0.113513
614.000000 0.112523
615.000000 0.111517
616.000000 0.110687
617.000000 0.110004
618.000000 0.109372
619.000000 0.108816
620.000000 0.108339
621.000000 0.107993
622.000000 0.107795
623.000000 0.107655
624.000000 0.107642
625.000000 0.107781
626.000000 0.107961
627.000000 0.108220
628.000000 0.108590
629.000000 0.109056
630.000000 0.109681
631.000000 0.110403
632.000000 0.111151
633.000000 0.111953
634.000000 0.112746
635.000000 0.113579
636.000000 0.114516
637.000000 0.115391
638.000000 0.116139
639.000000 0.116931
640.000000 0.117717
641.000000 0.118312
642.000000 0.118799
643.000000 0.119233
644.000000 0.119627
645.000000 0.119881
646.000000 0.119965
647.000000 0.119866
648.000000 0.119634
649.000000 0.119345
650.000000 0.118936
651.000000 0.118479
652.000000 0.117894
653.000000 0.117210
654.000000 0.116531
655.000000 0.115875
656.000000 0.115276
657.000000 0.114769
658.000000 0.114245
659.000000 0.113651
660.000000 0.113075
661.000000 0.112617
662.000000 0.112292
663.000000 0.112018
664.000000 0.111828
665.000000 0.111723
666.000000 0.111700
667.000000 0.111777
668.000000 0.111932
669.000000 0.112141
670.000000 0.112389
671.000000 0.112696
672.000000 0.113057
673.000000 0.113453
674.000000 0.113883
675.000000 0.114323
676.000000 0.114799
677.000000 0.115274
678.000000 0.115770
679.000000 0.116241
680.000000 0.116671
681.000000 0.117104
682.000000 0.117526
683.000000 0.117910
684.000000 0.118281
685.000000 0.118647
686.000000 0.119002
687.000000 0.119389
688.000000 0.119698
689.000000 0.120011
690.000000 0.120338
691.000000 0.120642
692.000000 0.121034
693.000000 0.121472
694.000000 0.121995
695.000000 0.122602
696.000000 0.123212
697.000000 0.123896
698.000000 0.124688
699.000000 0.125616
700.000000 0.126732
701.000000 0.127971
702.000000 0.129226
703.000000 0.130608
704.000000 0.132224
705.000000 0.134028
706.000000 0.135945
707.000000 0.138035
708.000000 0.140380
709.000000 0.142816
710.000000 0.145254
711.000000 0.147825
712.000000 0.150563
713.000000 0.153409
714.000000 0.156385
715.000000 0.159451
716.000000 0.162607
717.000000 0.165772
718.000000 0.168874
719.000000 0.171802
720.000000 0.174639
721.000000 0.177538
722.000000 0.180420
723.000000 0.183220
724.000000 0.185902
725.000000 0.188434
726.000000 0.190785
727.000000 0.193000
728.000000 0.195037
729.000000 0.196928
730.000000 0.198703
731.000000 0.200236
732.000000 0.201551
733.000000 0.202769
734.000000 0.203901
735.000000 0.204944
736.000000 0.205799
737.000000 0.206470
738.000000 0.207047
739.000000 0.207469
740.000000 0.207752
741.000000 0.207913
742.000000 0.207886
743.000000 0.207692
744.000000 0.207364
745.000000 0.206868
746.000000 0.206166
747.000000 0.205284
748.000000 0.204254
749.000000 0.203020
750.000000 0.201496
751.000000 0.199751
752.000000 0.197828
753.000000 0.195632
754.000000 0.193216
755.000000 0.190547
756.000000 0.187609
757.000000 0.184466
758.000000 0.181056
759.000000 0.177386
760.000000 0.173532
761.000000 0.169497
762.000000 0.165224
763.000000 0.160785
764.000000 0.156228
765.000000 0.151526
766.000000 0.146658
767.000000 0.141677
768.000000 0.136695
769.000000 0.131661
770.000000 0.126567
771.000000 0.121479
772.000000 0.116479
773.000000 0.111596
774.000000 0.106802
775.000000 0.102157
776.000000 0.097415
777.000000 0.092569
778.000000 0.088003
779.000000 0.083804
780.000000 0.079846
781.000000 0.076029
782.000000 0.072411
783.000000 0.068997
784.000000 0.065703
785.000000 0.062526
786.000000 0.059485
787.000000 0.056626
788.000000 0.053872
789.000000 0.051260
790.000000 0.048879
791.000000 0.046682
792.000000 0.044595
793.000000 0.042582
794.000000 0.040634
795.000000 0.038762
796.000000 0.036981
797.000000 0.035279
798.000000 0.033751
799.000000 0.032304
800.000000 0.030895
801.000000 0.029532
802.000000 0.028175
803.000000 0.026884
804.000000 0.025619
805.000000 0.024365
806.000000 0.023198
807.000000 0.022168
808.000000 0.021175
809.000000 0.020183
810.000000 0.019223
811.000000 0.018301
812.000000 0.017446
813.000000 0.016646
814.000000 0.015864
815.000000 0.015116
816.000000 0.014390
817.000000 0.013688
818.000000 0.013051
819.000000 0.012429
820.000000 0.011820
821.000000 0.011239
822.000000 0.010665
823.000000 0.010112
824.000000 0.009645
825.000000 0.009231
826.000000 0.008827
827.000000 0.008440
828.000000 0.008053
829.000000 0.007689
830.000000 0.007325
831.000000 0.007020
832.000000 0.006780
833.000000 0.006528
834.000000 0.006287
835.000000 0.006109
836.000000 0.005933
837.000000 0.005719
838.000000 0.005549
839.000000 0.005396
840.000000 0.005225
841.000000 0.005061
842.000000 0.004893
843.000000 0.004723
844.000000 0.004545
845.000000 0.004337
846.000000 0.004137
847.000000 0.004017
848.000000 0.003928
849.000000 0.003792
850.000000 0.003665
851.000000 0.003551
852.000000 0.003439
853.000000 0.003371
854.000000 0.003280
855.000000 0.003171
856.000000 0.003093
857.000000 0.002982
858.000000 0.002890
859.000000 0.002827
860.000000 0.002738
861.000000 0.002614
862.000000 0.002501
863.000000 0.002408
864.000000 0.002283
865.000000 0.002142
866.000000 0.002016
867.000000 0.001913
868.000000 0.001857
869.000000 0.001833
870.000000 0.001759
871.000000 0.001654
872.000000 0.001552
873.000000 0.001470
874.000000 0.001444
875.000000 0.001427
876.000000 0.001382
877.000000 0.001272
878.000000 0.001157
879.000000 0.001020
880.000000 0.000887
881.000000 0.000809
882.000000 0.000742
883.000000 0.000691
884.000000 0.000652
885.000000 0.000616
886.000000 0.000562
887.000000 0.000490
888.000000 0.000455
889.000000 0.000463
890.000000 0.000424
891.000000 0.000344
892.000000 0.000286
893.000000 0.000237
894.000000 0.000237
895.000000 0.000248
896.000000 0.000245
897.000000 0.000228
898.000000 0.000168
899.000000 0.000128
900.000000 0.000103
901.000000 0.000092
902.000000 0.000093
903.000000 0.000077
904.000000 0.000081
905.000000 0.000072
906.000000 0.000025
907.000000 -0.000008
908.000000 -0.000039
909.000000 -0.000066
910.000000 -0.000096
911.000000 -0.000100
912.000000 -0.000111
913.000000 -0.000154
914.000000 -0.000163
915.000000 -0.000170
916.000000 -0.000202
917.000000 -0.000217
918.000000 -0.000251
919.000000 -0.000324
920.000000 -0.000369
921.000000 -0.000396
922.000000 -0.000430
923.000000 -0.000461
924.000000 -0.000486
925.000000 -0.000513
926.000000 -0.000547
927.000000 -0.000573
928.000000 -0.000615
929.000000 -0.000730
930.000000 -0.000767
931.000000 -0.000732
932.000000 -0.000730
933.000000 -0.000730
934.000000 -0.000745
935.000000 -0.000753
936.000000 -0.000765
937.000000 -0.000751
938.000000 -0.000734
939.000000 -0.000732
940.000000 -0.000731
941.000000 -0.000769
942.000000 -0.000780
943.000000 -0.000750
944.000000 -0.000750
945.000000 -0.000786
946.000000 -0.000844
947.000000 -0.000898
948.000000 -0.000910
949.000000 -0.000908
950.000000 -0.000917
