315.000000 0.091659
316.000000 0.094328
317.000000 0.095057
318.000000 0.095957
319.000000 0.096972
320.000000 0.097081
321.000000 0.097831
322.000000 0.098419
323.000000 0.098828
324.000000 0.100218
325.000000 0.101806
326.000000 0.103021
327.000000 0.103379
328.000000 0.103778
329.000000 0.104207
330.000000 0.104401
331.000000 0.104379
332.000000 0.104205
333.000000 0.104718
334.000000 0.105947
335.000000 0.106644
336.000000 0.106832
337.000000 0.107511
338.000000 0.108033
339.000000 0.108488
340.000000 0.109247
341.000000 0.109846
342.000000 0.110066
343.000000 0.110226
344.000000 0.110482
345.000000 0.110649
346.000000 0.110915
347.000000 0.111342
348.000000 0.111744
349.000000 0.112224
350.000000 0.112719
351.000000 0.113498
352.000000 0.114236
353.000000 0.114649
354.000000 0.115138
355.000000 0.115712
356.000000 0.116415
357.000000 0.117095
358.000000 0.117793
359.000000 0.118674
360.000000 0.119652
361.000000 0.120518
362.000000 0.121454
363.000000 0.122587
364.000000 0.123879
365.000000 0.125239
366.000000 0.126488
367.000000 0.127882
368.000000 0.129562
369.000000 0.131251
370.000000 0.132451
371.000000 0.133770
372.000000 0.135756
373.000000 0.137839
374.000000 0.139693
375.000000 0.141841
376.000000 0.144449
377.000000 0.147050
378.000000 0.149863
379.000000 0.152545
380.000000 0.155036
381.000000 0.157781
382.000000 0.160469
383.000000 0.163092
384.000000 0.166034
385.000000 0.169227
386.000000 0.172241
387.000000 0.175140
388.000000 0.177901
389.000000 0.180473
390.000000 0.182888
391.000000 0.185553
392.000000 0.188443
393.000000 0.190981
394.000000 0.193447
395.000000 0.196066
396.000000 0.198895
397.000000 0.201863
398.000000 0.204760
399.000000 0.207678
400.000000 0.210733
401.000000 0.213908
402.000000 0.216971
403.000000 0.219846
404.000000 0.222667
405.000000 0.225722
406.000000 0.228845
407.000000 0.231735
408.000000 0.234582
409.000000 0.237414
410.000000 0.240020
411.000000 0.242675
412.000000 0.245636
413.000000 0.248527
414.000000 0.251232
415.000000 0.253869
416.000000 0.256526
417.000000 0.259275
418.000000 0.261811
419.000000 0.264142
420.000000 0.266387
421.000000 0.268619
422.000000 0.270663
423.000000 0.272481
424.000000 0.274229
425.000000 0.275663
426.000000 0.276967
427.000000 0.278117
428.000000 0.278954
429.000000 0.279534
430.000000 0.280029
431.000000 0.280462
432.000000 0.280681
433.000000 0.280759
434.000000 0.280725
435.000000 0.280347
436.000000 0.279781
437.000000 0.279236
438.000000 0.278626
439.000000 0.277868
440.000000 0.277042
441.000000 0.276126
442.000000 0.275201
443.000000 0.274280
444.000000 0.273238
445.000000 0.272151
446.000000 0.270979
447.000000 0.269792
448.000000 0.268354
449.000000 0.266872
450.000000 0.265550
451.000000 0.263907
452.000000 0.262055
453.000000 0.260226
454.000000 0.258275
455.000000 0.256129
456.000000 0.253771
457.000000 0.251174
458.000000 0.248492
459.000000 0.245700
460.000000 0.242754
461.000000 0.239759
462.000000 0.236448
463.000000 0.232942
464.000000 0.229457
465.000000 0.225856
466.000000 0.222359
467.000000 0.218851
468.000000 0.215273
469.000000 0.211588
470.000000 0.207908
471.000000 0.204394
472.000000 0.200819
473.000000 0.197411
474.000000 0.194063
475.000000 0.190750
476.000000 0.187790
477.000000 0.184868
478.000000 0.182027
479.000000 0.179359
480.000000 0.176866
481.000000 0.174581
482.000000 0.172421
483.000000 0.170410
484.000000 0.168417
485.000000 0.166584
486.000000 0.164927
487.000000 0.163342
488.000000 0.161878
489.000000 0.160454
490.000000 0.159191
491.000000 0.158135
492.000000 0.157216
493.000000 0.156406
494.000000 0.155481
495.000000 0.154799
496.000000 0.154157
497.000000 0.153287
498.000000 0.152737
499.000000 0.152513
500.000000 0.152291
501.000000 0.151889
502.000000 0.151612
503.000000 0.151359
504.000000 0.150992
505.000000 0.150620
506.000000 0.150236
507.000000 0.150071
508.000000 0.149932
509.000000 0.149731
510.000000 0.149562
511.000000 0.149126
512.000000 0.148707
513.000000 0.148883
514.000000 0.149103
515.000000 0.148911
516.000000 0.148693
517.000000 0.148630
518.000000 0.148476
519.000000 0.148301
520.000000 0.148338
521.000000 0.148676
522.000000 0.148993
523.000000 0.149262
524.000000 0.149613
525.000000 0.149806
526.000000 0.150246
527.000000 0.150625
528.000000 0.150941
529.000000 0.151385
530.000000 0.151587
531.000000 0.151593
532.000000 0.151647
533.000000 0.152107
534.000000 0.152815
535.000000 0.153348
536.000000 0.153986
537.000000 0.154634
538.000000 0.155176
539.000000 0.155921
540.000000 0.156457
541.000000 0.156910
542.000000 0.157244
543.000000 0.157452
544.000000 0.157795
545.000000 0.158018
546.000000 0.158057
547.000000 0.158094
548.000000 0.158265
549.000000 0.158393
550.000000 0.158673
551.000000 0.158993
552.000000 0.158942
553.000000 0.158780
554.000000 0.158738
555.000000 0.158717
556.000000 0.158600
557.000000 0.158483
558.000000 0.158404
559.000000 0.158233
560.000000 0.157906
561.000000 0.157486
562.000000 0.157019
563.000000 0.156559
564.000000 0.155986
565.000000 0.155387
566.000000 0.154914
567.000000 0.154459
568.000000 0.154057
569.000000 0.153612
570.000000 0.153071
571.000000 0.152524
572.000000 0.151850
573.000000 0.151154
574.000000 0.150572
575.000000 0.150060
576.000000 0.149506
577.000000 0.148972
578.000000 0.148453
579.000000 0.147773
580.000000 0.147138
581.000000 0.146445
582.000000 0.145719
583.000000 0.145033
584.000000 0.144196
585.000000 0.143390
586.000000 0.142608
587.000000 0.141807
588.000000 0.141014
589.000000 0.140248
590.000000 0.139309
591.000000 0.138222
592.000000 0.137274
593.000000 0.136206
594.000000 0.135066
595.000000 0.133899
596.000000 0.132607
597.000000 0.131362
598.000000 0.130264
599.000000 0.129108
600.000000 0.127851
601.000000 0.126688
602.000000 0.125524
603.000000 0.124282
604.000000 0.123043
605.000000 0.121783
606.000000 0.120672
607.000000 0.119574
608.000000 0.118294
609.000000 0.117088
610.000000 0.116000
611.000000 0.115004
612.000000 0.114038
613.000000 0.113128
614.000000 0.112413
615.000000 0.111763
616.000000 0.111130
617.000000 0.110563
618.000000 0.110026
619.000000 0.109637
620.000000 0.109361
621.000000 0.109182
622.000000 0.109166
623.000000 0.109211
624.000000 0.109331
625.000000 0.109590
626.000000 0.109967
627.000000 0.110478
628.000000 0.111051
629.000000 0.111698
630.000000 0.112525
631.000000 0.113426
632.000000 0.114308
633.000000 0.115307
634.000000 0.116407
635.000000 0.117465
636.000000 0.118522
637.000000 0.119578
638.000000 0.120591
639.000000 0.121608
640.000000 0.122571
641.000000 0.123400
642.000000 0.124111
643.000000 0.124760
644.000000 0.125375
645.000000 0.125852
646.000000 0.126143
647.000000 0.126304
648.000000 0.126338
649.000000 0.126287
650.000000 0.126178
651.000000 0.125986
652.000000 0.125669
653.000000 0.125288
654.000000 0.124902
655.000000 0.124487
656.000000 0.124129
657.000000 0.123859
658.000000 0.123592
659.000000 0.123346
660.000000 0.123119
661.000000 0.122979
662.000000 0.122914
663.000000 0.122922
664.000000 0.123045
665.000000 0.123216
666.000000 0.123469
667.000000 0.123818
668.000000 0.124265
669.000000 0.124738
670.000000 0.125233
671.000000 0.125829
672.000000 0.126462
673.000000 0.127095
674.000000 0.127710
675.000000 0.128336
676.000000 0.129026
677.000000 0.129741
678.000000 0.130446
679.000000 0.131095
680.000000 0.131669
681.000000 0.132143
682.000000 0.132643
683.000000 0.133183
684.000000 0.133735
685.000000 0.134299
686.000000 0.134765
687.000000 0.135177
688.000000 0.135554
689.000000 0.135922
690.000000 0.136286
691.000000 0.136666
692.000000 0.137123
693.000000 0.137629
694.000000 0.138252
695.000000 0.139012
696.000000 0.139775
697.000000 0.140568
698.000000 0.141496
699.000000 0.142577
700.000000 0.143817
701.000000 0.145208
702.000000 0.146697
703.000000 0.148320
704.000000 0.150189
705.000000 0.152288
706.000000 0.154569
707.000000 0.157042
708.000000 0.159708
709.000000 0.162518
710.000000 0.165376
711.000000 0.168335
712.000000 0.171485
713.000000 0.174799
714.000000 0.178287
715.000000 0.181860
716.000000 0.185510
717.000000 0.189144
718.000000 0.192691
719.000000 0.196087
720.000000 0.199438
721.000000 0.202857
722.000000 0.206168
723.000000 0.209320
724.000000 0.212339
725.000000 0.215199
726.000000 0.217861
727.000000 0.220369
728.000000 0.222712
729.000000 0.224878
730.000000 0.226860
731.000000 0.228583
732.000000 0.230072
733.000000 0.231422
734.000000 0.232656
735.000000 0.233770
736.000000 0.234726
737.000000 0.235489
738.000000 0.236066
739.000000 0.236487
740.000000 0.236807
741.000000 0.236967
742.000000 0.236913
743.000000 0.236690
744.000000 0.236344
745.000000 0.235843
746.000000 0.235070
747.000000 0.234038
748.000000 0.232818
749.000000 0.231421
750.000000 0.229701
751.000000 0.227675
752.000000 0.225468
753.000000 0.223037
754.000000 0.220354
755.000000 0.217328
756.000000 0.213931
757.000000 0.210283
758.000000 0.206403
759.000000 0.202233
760.000000 0.197773
761.000000 0.193063
762.000000 0.188170
763.000000 0.183080
764.000000 0.177776
765.000000 0.172271
766.000000 0.166617
767.000000 0.160860
768.000000 0.155083
769.000000 0.149309
770.000000 0.143454
771.000000 0.137634
772.000000 0.131913
773.000000 0.126248
774.000000 0.120635
775.000000 0.115161
776.000000 0.109563
777.000000 0.103938
778.000000 0.098746
779.000000 0.093905
780.000000 0.089289
781.000000 0.084849
782.000000 0.080651
783.000000 0.076657
784.000000 0.072752
785.000000 0.069015
786.000000 0.065517
787.000000 0.062239
788.000000 0.059013
789.000000 0.055961
790.000000 0.053241
791.000000 0.050694
792.000000 0.048247
793.000000 0.045925
794.000000 0.043734
795.000000 0.041663
796.000000 0.039692
797.000000 0.037749
798.000000 0.035929
799.000000 0.034294
800.000000 0.032759
801.000000 0.031272
802.000000 0.029837
803.000000 0.028448
804.000000 0.027111
805.000000 0.025808
806.000000 0.024546
807.000000 0.023402
808.000000 0.022346
809.000000 0.021308
810.000000 0.020270
811.000000 0.019277
812.000000 0.018339
813.000000 0.017438
814.000000 0.016558
815.000000 0.015737
816.000000 0.014940
817.000000 0.014162
818.000000 0.013450
819.000000 0.012816
820.000000 0.012268
821.000000 0.011710
822.000000 0.011135
823.000000 0.010650
824.000000 0.010206
825.000000 0.009683
826.000000 0.009179
827.000000 0.008749
828.000000 0.008385
829.000000 0.008048
830.000000 0.007660
831.000000 0.007321
832.000000 0.007059
833.000000 0.006816
834.000000 0.006580
835.000000 0.006349
836.000000 0.006158
837.000000 0.005956
838.000000 0.005720
839.000000 0.005498
840.000000 0.005283
841.000000 0.005085
842.000000 0.004898
843.000000 0.004731
844.000000 0.004601
845.000000 0.004452
846.000000 0.004278
847.000000 0.004140
848.000000 0.004021
849.000000 0.003876
850.000000 0.003747
851.000000 0.003653
852.000000 0.003593
853.000000 0.003511
854.000000 0.003379
855.000000 0.003235
856.000000 0.003128
857.000000 0.003032
858.000000 0.002878
859.000000 0.002795
860.000000 0.002738
861.000000 0.002641
862.000000 0.002558
863.000000 0.002463
864.000000 0.002360
865.000000 0.002233
866.000000 0.002109
867.000000 0.002024
868.000000 0.001968
869.000000 0.001905
870.000000 0.001793
871.000000 0.001689
872.000000 0.001589
873.000000 0.001482
874.000000 0.001429
875.000000 0.001413
876.000000 0.001391
877.000000 0.001288
878.000000 0.001153
879.000000 0.001032
880.000000 0.000930
881.000000 0.000856
882.000000 0.000792
883.000000 0.000758
884.000000 0.000739
885.000000 0.000679
886.000000 0.000590
887.000000 0.000530
888.000000 0.000497
889.000000 0.000474
890.000000 0.000457
891.000000 0.000427
892.000000 0.000372
893.000000 0.000308
894.000000 0.000246
895.000000 0.000175
896.000000 0.000135
897.000000 0.000153
898.000000 0.000151
899.000000 0.000105
900.000000 0.000068
901.000000 0.000036
902.000000 0.000026
903.000000 0.000021
904.000000 0.000018
905.000000 0.000006
906.000000 -0.000039
907.000000 -0.000062
908.000000 -0.000065
909.000000 -0.000049
910.000000 -0.000065
911.000000 -0.000101
912.000000 -0.000141
913.000000 -0.000209
914.000000 -0.000221
915.000000 -0.000190
916.000000 -0.000190
917.000000 -0.000211
918.000000 -0.000273
919.000000 -0.000332
920.000000 -0.000365
921.000000 -0.000409
922.000000 -0.000460
923.000000 -0.000495
924.000000 -0.000520
925.000000 -0.000541
926.000000 -0.000557
927.000000 -0.000578
928.000000 -0.000590
929.000000 -0.000691
930.000000 -0.000761
931.000000 -0.000751
932.000000 -0.000768
933.000000 -0.000764
934.000000 -0.000757
935.000000 -0.000784
936.000000 -0.000790
937.000000 -0.000761
938.000000 -0.000762
939.000000 -0.000767
940.000000 -0.000756
941.000000 -0.000757
942.000000 -0.000777
943.000000 -0.000797
944.000000 -0.000815
945.000000 -0.000836
946.000000 -0.000857
947.000000 -0.000880
948.000000 -0.000916
949.000000 -0.000948
950.000000 -0.000957
