315.000000 0.096688
316.000000 0.097806
317.000000 0.097610
318.000000 0.098372
319.000000 0.099631
320.000000 0.099520
321.000000 0.099350
322.000000 0.099442
323.000000 0.099663
324.000000 0.100895
325.000000 0.102373
326.000000 0.103554
327.000000 0.104061
328.000000 0.104289
329.000000 0.104365
330.000000 0.104588
331.000000 0.104567
332.000000 0.104232
333.000000 0.104988
334.000000 0.106211
335.000000 0.106667
336.000000 0.107003
337.000000 0.107707
338.000000 0.108129
339.000000 0.108495
340.000000 0.109002
341.000000 0.109323
342.000000 0.109620
343.000000 0.109956
344.000000 0.110348
345.000000 0.110733
346.000000 0.110941
347.000000 0.111328
348.000000 0.111962
349.000000 0.112577
350.000000 0.113021
351.000000 0.113534
352.000000 0.113970
353.000000 0.114414
354.000000 0.115054
355.000000 0.115737
356.000000 0.116523
357.000000 0.117233
358.000000 0.117846
359.000000 0.118603
360.000000 0.119619
361.000000 0.120666
362.000000 0.121752
363.000000 0.122933
364.000000 0.124159
365.000000 0.125337
366.000000 0.126532
367.000000 0.128029
368.000000 0.129656
369.000000 0.131329
370.000000 0.133098
371.000000 0.135003
372.000000 0.137051
373.000000 0.138766
374.000000 0.140192
375.000000 0.141895
376.000000 0.144004
377.000000 0.146299
378.000000 0.149088
379.000000 0.151957
380.000000 0.154553
381.000000 0.157179
382.000000 0.160120
383.000000 0.163259
384.000000 0.166345
385.000000 0.169807
386.000000 0.173311
387.000000 0.176277
388.000000 0.179039
389.000000 0.181928
390.000000 0.184542
391.000000 0.187046
392.000000 0.189644
393.000000 0.192075
394.000000 0.194645
395.000000 0.197339
396.000000 0.200009
397.000000 0.202942
398.000000 0.205977
399.000000 0.208915
400.000000 0.211686
401.000000 0.214407
402.000000 0.217364
403.000000 0.220338
404.000000 0.223044
405.000000 0.225965
406.000000 0.229022
407.000000 0.231795
408.000000 0.234554
409.000000 0.237312
410.000000 0.240073
411.000000 0.242840
412.000000 0.245617
413.000000 0.248472
414.000000 0.251212
415.000000 0.253806
416.000000 0.256133
417.000000 0.258436
418.000000 0.260800
419.000000 0.263069
420.000000 0.265440
421.000000 0.267693
422.000000 0.269766
423.000000 0.271750
424.000000 0.273423
425.000000 0.274732
426.000000 0.275897
427.000000 0.276923
428.000000 0.277682
429.000000 0.278316
430.000000 0.278818
431.000000 0.279142
432.000000 0.279327
433.000000 0.279350
434.000000 0.279254
435.000000 0.278918
436.000000 0.278383
437.000000 0.277763
438.000000 0.277116
439.000000 0.276431
440.000000 0.275625
441.000000 0.274715
442.000000 0.273796
443.000000 0.272783
444.000000 0.271701
445.000000 0.270636
446.000000 0.269430
447.000000 0.268129
448.000000 0.266635
449.000000 0.265181
450.000000 0.263880
451.000000 0.262223
452.000000 0.260356
453.000000 0.258607
454.000000 0.256755
455.000000 0.254702
456.000000 0.252396
457.000000 0.249831
458.000000 0.247182
459.000000 0.244357
460.000000 0.241406
461.000000 0.238423
462.000000 0.235194
463.000000 0.231812
464.000000 0.228325
465.000000 0.224739
466.000000 0.221318
467.000000 0.217863
468.000000 0.214355
469.000000 0.210735
470.000000 0.207081
471.000000 0.203619
472.000000 0.200085
473.000000 0.196625
474.000000 0.193324
475.000000 0.190112
476.000000 0.187183
477.000000 0.184282
478.000000 0.181420
479.000000 0.178755
480.000000 0.176286
481.000000 0.173949
482.000000 0.171731
483.000000 0.169744
484.000000 0.167805
485.000000 0.166011
486.000000 0.164343
487.000000 0.162727
488.000000 0.161239
489.000000 0.159893
490.000000 0.158718
491.000000 0.157797
492.000000 0.156976
493.000000 0.156023
494.000000 0.155036
495.000000 0.154437
496.000000 0.153931
497.000000 0.153205
498.000000 0.152482
499.000000 0.151947
500.000000 0.151467
501.000000 0.150895
502.000000 0.150722
503.000000 0.150458
504.000000 0.149935
505.000000 0.149581
506.000000 0.149421
507.000000 0.149416
508.000000 0.149266
509.000000 0.149079
510.000000 0.148966
511.000000 0.148568
512.000000 0.147985
513.000000 0.147815
514.000000 0.147968
515.000000 0.147740
516.000000 0.147264
517.000000 0.146984
518.000000 0.146821
519.000000 0.146651
520.000000 0.146552
521.000000 0.146676
522.000000 0.146851
523.000000 0.147099
524.000000 0.147452
525.000000 0.147764
526.000000 0.148160
527.000000 0.148370
528.000000 0.148717
529.000000 0.149311
530.000000 0.149600
531.000000 0.149741
532.000000 0.149822
533.000000 0.150091
534.000000 0.150770
535.000000 0.151449
536.000000 0.152072
537.000000 0.152424
538.000000 0.152788
539.000000 0.153504
540.000000 0.153838
541.000000 0.154226
542.000000 0.154690
543.000000 0.155099
544.000000 0.155807
545.000000 0.156154
546.000000 0.156325
547.000000 0.156504
548.000000 0.156550
549.000000 0.156590
550.000000 0.156514
551.000000 0.156435
552.000000 0.156362
553.000000 0.156312
554.000000 0.156326
555.000000 0.156301
556.000000 0.156120
557.000000 0.156007
558.000000 0.155984
559.000000 0.155814
560.000000 0.155518
561.000000 0.155155
562.000000 0.154802
563.000000 0.154351
564.000000 0.153794
565.000000 0.153303
566.000000 0.152783
567.000000 0.152229
568.000000 0.151686
569.000000 0.151098
570.000000 0.150640
571.000000 0.150110
572.000000 0.149448
573.000000 0.148953
574.000000 0.148404
575.000000 0.147867
576.000000 0.147487
577.000000 0.147102
578.000000 0.146526
579.000000 0.145855
580.000000 0.145378
581.000000 0.144816
582.000000 0.144117
583.000000 0.143510
584.000000 0.142864
585.000000 0.142153
586.000000 0.141359
587.000000 0.140446
588.000000 0.139624
589.000000 0.138941
590.000000 0.138127
591.000000 0.137161
592.000000 0.136230
593.000000 0.135313
594.000000 0.134397
595.000000 0.133257
596.000000 0.131933
597.000000 0.130790
598.000000 0.129766
599.000000 0.128672
600.000000 0.127491
601.000000 0.126334
602.000000 0.125169
603.000000 0.123947
604.000000 0.122764
605.000000 0.121594
606.000000 0.120488
607.000000 0.119454
608.000000 0.118330
609.000000 0.117181
610.000000 0.116110
611.000000 0.115184
612.000000 0.114314
613.000000 0.113511
614.000000 0.112814
615.000000 0.112132
616.000000 0.111546
617.000000 0.111047
618.000000 0.110620
619.000000 0.110256
620.000000 0.109966
621.000000 0.109868
622.000000 0.109951
623.000000 0.110136
624.000000 0.110386
625.000000 0.110747
626.000000 0.111225
627.000000 0.111781
628.000000 0.112384
629.000000 0.113040
630.000000 0.113835
631.000000 0.114816
632.000000 0.115869
633.000000 0.116914
634.000000 0.118011
635.000000 0.119136
636.000000 0.120293
637.000000 0.121473
638.000000 0.122559
639.000000 0.123597
640.000000 0.124635
641.000000 0.125552
642.000000 0.126352
643.000000 0.127123
644.000000 0.127858
645.000000 0.128406
646.000000 0.128780
647.000000 0.129052
648.000000 0.129193
649.000000 0.129261
650.000000 0.129193
651.000000 0.129059
652.000000 0.128840
653.000000 0.128550
654.000000 0.128317
655.000000 0.128071
656.000000 0.127823
657.000000 0.127678
658.000000 0.127545
659.000000 0.127363
660.000000 0.127206
661.000000 0.127153
662.000000 0.127227
663.000000 0.127347
664.000000 0.127524
665.000000 0.127761
666.000000 0.128113
667.000000 0.128583
668.000000 0.129123
669.000000 0.129735
670.000000 0.130371
671.000000 0.131038
672.000000 0.131770
673.000000 0.132499
674.000000 0.133177
675.000000 0.133878
676.000000 0.134621
677.000000 0.135369
678.000000 0.136133
679.000000 0.136824
680.000000 0.137391
681.000000 0.137942
682.000000 0.138540
683.000000 0.139146
684.000000 0.139719
685.000000 0.140215
686.000000 0.140722
687.000000 0.141238
688.000000 0.141670
689.000000 0.142118
690.000000 0.142562
691.000000 0.142958
692.000000 0.143410
693.000000 0.143981
694.000000 0.144621
695.000000 0.145337
696.000000 0.146161
697.000000 0.147005
698.000000 0.147971
699.000000 0.149158
700.000000 0.150518
701.000000 0.152017
702.000000 0.153583
703.000000 0.155324
704.000000 0.157320
705.000000 0.159506
706.000000 0.161888
707.000000 0.164491
708.000000 0.167317
709.000000 0.170271
710.000000 0.173258
711.000000 0.176385
712.000000 0.179719
713.000000 0.183194
714.000000 0.186812
715.000000 0.190517
716.000000 0.194288
717.000000 0.198102
718.000000 0.201843
719.000000 0.205392
720.000000 0.208864
721.000000 0.212368
722.000000 0.215770
723.000000 0.219046
724.000000 0.222228
725.000000 0.225246
726.000000 0.228022
727.000000 0.230614
728.000000 0.233043
729.000000 0.235316
730.000000 0.237425
731.000000 0.239221
732.000000 0.240752
733.000000 0.242164
734.000000 0.243449
735.000000 0.244590
736.000000 0.245527
737.000000 0.246301
738.000000 0.246948
739.000000 0.247389
740.000000 0.247649
741.000000 0.247784
742.000000 0.247747
743.000000 0.247532
744.000000 0.247116
745.000000 0.246494
746.000000 0.245676
747.000000 0.244630
748.000000 0.243403
749.000000 0.241942
750.000000 0.240187
751.000000 0.238145
752.000000 0.235793
753.000000 0.233192
754.000000 0.230315
755.000000 0.227144
756.000000 0.223673
757.000000 0.219926
758.000000 0.215921
759.000000 0.211534
760.000000 0.206841
761.000000 0.201908
762.000000 0.196758
763.000000 0.191423
764.000000 0.185885
765.000000 0.180126
766.000000 0.174173
767.000000 0.168119
768.000000 0.162038
769.000000 0.155916
770.000000 0.149776
771.000000 0.143705
772.000000 0.137687
773.000000 0.131750
774.000000 0.125871
775.000000 0.120117
776.000000 0.114196
777.000000 0.108209
778.000000 0.102709
779.000000 0.097631
780.000000 0.092798
781.000000 0.088169
782.000000 0.083736
783.000000 0.079499
784.000000 0.075471
785.000000 0.071602
786.000000 0.067920
787.000000 0.064473
788.000000 0.061117
789.000000 0.057920
790.000000 0.055051
791.000000 0.052404
792.000000 0.049845
793.000000 0.047423
794.000000 0.045167
795.000000 0.043035
796.000000 0.040994
797.000000 0.038990
798.000000 0.037110
799.000000 0.035349
800.000000 0.033682
801.000000 0.032102
802.000000 0.030555
803.000000 0.029099
804.000000 0.027706
805.000000 0.026362
806.000000 0.025110
807.000000 0.023929
808.000000 0.022793
809.000000 0.021707
810.000000 0.020692
811.000000 0.019717
812.000000 0.018767
813.000000 0.017817
814.000000 0.016886
815.000000 0.016098
816.000000 0.015352
817.000000 0.014568
818.000000 0.013868
819.000000 0.013214
820.000000 0.012596
821.000000 0.011962
822.000000 0.011329
823.000000 0.010847
824.000000 0.010390
825.000000 0.009924
826.000000 0.009519
827.000000 0.009092
828.000000 0.008679
829.000000 0.008329
830.000000 0.007945
831.000000 0.007572
832.000000 0.007274
833.000000 0.006997
834.000000 0.006733
835.000000 0.006499
836.000000 0.006287
837.000000 0.006098
838.000000 0.005890
839.000000 0.005662
840.000000 0.005450
841.000000 0.005233
842.000000 0.005062
843.000000 0.004931
844.000000 0.004794
845.000000 0.004642
846.000000 0.004499
847.000000 0.004406
848.000000 0.004283
849.000000 0.004111
850.000000 0.004001
851.000000 0.003931
852.000000 0.003849
853.000000 0.003726
854.000000 0.003582
855.000000 0.003459
856.000000 0.003351
857.000000 0.003239
858.000000 0.003138
859.000000 0.003041
860.000000 0.002907
861.000000 0.002785
862.000000 0.002680
863.000000 0.002549
864.000000 0.002438
865.000000 0.002327
866.000000 0.002201
867.000000 0.002097
868.000000 0.002040
869.000000 0.001992
870.000000 0.001907
871.000000 0.001804
872.000000 0.001693
873.000000 0.001618
874.000000 0.001610
875.000000 0.001582
876.000000 0.001476
877.000000 0.001332
878.000000 0.001227
879.000000 0.001124
880.000000 0.001017
881.000000 0.000917
882.000000 0.000828
883.000000 0.000793
884.000000 0.000789
885.000000 0.000765
886.000000 0.000710
887.000000 0.000641
888.000000 0.000581
889.000000 0.000550
890.000000 0.000507
891.000000 0.000446
892.000000 0.000392
893.000000 0.000349
894.000000 0.000320
895.000000 0.000306
896.000000 0.000304
897.000000 0.000313
898.000000 0.000279
899.000000 0.000241
900.000000 0.000217
901.000000 0.000189
902.000000 0.000171
903.000000 0.000164
904.000000 0.000179
905.000000 0.000170
906.000000 0.000129
907.000000 0.000104
908.000000 0.000078
909.000000 0.000049
910.000000 0.000005
911.000000 -0.000055
912.000000 -0.000088
913.000000 -0.000126
914.000000 -0.000113
915.000000 -0.000082
916.000000 -0.000096
917.000000 -0.000100
918.000000 -0.000140
919.000000 -0.000201
920.000000 -0.000237
921.000000 -0.000280
922.000000 -0.000329
923.000000 -0.000358
924.000000 -0.000385
925.000000 -0.000416
926.000000 -0.000459
927.000000 -0.000513
928.000000 -0.000545
929.000000 -0.000626
930.000000 -0.000659
931.000000 -0.000630
932.000000 -0.000652
933.000000 -0.000679
934.000000 -0.000691
935.000000 -0.000719
936.000000 -0.000729
937.000000 -0.000727
938.000000 -0.000754
939.000000 -0.000758
940.000000 -0.000738
941.000000 -0.000741
942.000000 -0.000753
943.000000 -0.000740
944.000000 -0.000741
945.000000 -0.000777
946.000000 -0.000808
947.000000 -0.000842
948.000000 -0.000884
949.000000 -0.000925
950.000000 -0.000962
