315.000000 0.094820
316.000000 0.096316
317.000000 0.096231
318.000000 0.096857
319.000000 0.098142
320.000000 0.098556
321.000000 0.098466
322.000000 0.098139
323.000000 0.098344
324.000000 0.099708
325.000000 0.101210
326.000000 0.102458
327.000000 0.103257
328.000000 0.103971
329.000000 0.104118
330.000000 0.104191
331.000000 0.104420
332.000000 0.104528
333.000000 0.105053
334.000000 0.106208
335.000000 0.107009
336.000000 0.107661
337.000000 0.108522
338.000000 0.108780
339.000000 0.109083
340.000000 0.109518
341.000000 0.110214
342.000000 0.110845
343.000000 0.110901
344.000000 0.110979
345.000000 0.111451
346.000000 0.111995
347.000000 0.112461
348.000000 0.112877
349.000000 0.113197
350.000000 0.113676
351.000000 0.114381
352.000000 0.114958
353.000000 0.115303
354.000000 0.115580
355.000000 0.116105
356.000000 0.116885
357.000000 0.117646
358.000000 0.118310
359.000000 0.119038
360.000000 0.120015
361.000000 0.121167
362.000000 0.122329
363.000000 0.123500
364.000000 0.124765
365.000000 0.126044
366.000000 0.127302
367.000000 0.128675
368.000000 0.130312
369.000000 0.132073
370.000000 0.133838
371.000000 0.135882
372.000000 0.137981
373.000000 0.139936
374.000000 0.141656
375.000000 0.143557
376.000000 0.146081
377.000000 0.148397
378.000000 0.150879
379.000000 0.153681
380.000000 0.156630
381.000000 0.159796
382.000000 0.162839
383.000000 0.165761
384.000000 0.168758
385.000000 0.171859
386.000000 0.174863
387.000000 0.177682
388.000000 0.180426
389.000000 0.183145
390.000000 0.185484
391.000000 0.188025
392.000000 0.190838
393.000000 0.193326
394.000000 0.195723
395.000000 0.198229
396.000000 0.200975
397.000000 0.203964
398.000000 0.207081
399.000000 0.209982
400.000000 0.212859
401.000000 0.215824
402.000000 0.218623
403.000000 0.221423
404.000000 0.224035
405.000000 0.226869
406.000000 0.229867
407.000000 0.232486
408.000000 0.235144
409.000000 0.237918
410.000000 0.240482
411.000000 0.243063
412.000000 0.245895
413.000000 0.248700
414.000000 0.251225
415.000000 0.253849
416.000000 0.256338
417.000000 0.258687
418.000000 0.261130
419.000000 0.263412
420.000000 0.265692
421.000000 0.267955
422.000000 0.269969
423.000000 0.271629
424.000000 0.272988
425.000000 0.274169
426.000000 0.275296
427.000000 0.276207
428.000000 0.276819
429.000000 0.277370
430.000000 0.277691
431.000000 0.277772
432.000000 0.277887
433.000000 0.277781
434.000000 0.277546
435.000000 0.277210
436.000000 0.276601
437.000000 0.275804
438.000000 0.275066
439.000000 0.274334
440.000000 0.273463
441.000000 0.272551
442.000000 0.271546
443.000000 0.270473
444.000000 0.269430
445.000000 0.268365
446.000000 0.267240
447.000000 0.266137
448.000000 0.264686
449.000000 0.263163
450.000000 0.261859
451.000000 0.260222
452.000000 0.258428
453.000000 0.256707
454.000000 0.254787
455.000000 0.252700
456.000000 0.250451
457.000000 0.247892
458.000000 0.245291
459.000000 0.242653
460.000000 0.239823
461.000000 0.236863
462.000000 0.233687
463.000000 0.230434
464.000000 0.227081
465.000000 0.223568
466.000000 0.220260
467.000000 0.216946
468.000000 0.213526
469.000000 0.210037
470.000000 0.206508
471.000000 0.203114
472.000000 0.199640
473.000000 0.196274
474.000000 0.193030
475.000000 0.189863
476.000000 0.186927
477.000000 0.184003
478.000000 0.181158
479.000000 0.178501
480.000000 0.176033
481.000000 0.173685
482.000000 0.171433
483.000000 0.169332
484.000000 0.167307
485.000000 0.165467
486.000000 0.163737
487.000000 0.162044
488.000000 0.160505
489.000000 0.159269
490.000000 0.158320
491.000000 0.157451
492.000000 0.156600
493.000000 0.155988
494.000000 0.154972
495.000000 0.153849
496.000000 0.152969
497.000000 0.152126
498.000000 0.151454
499.000000 0.150889
500.000000 0.150428
501.000000 0.149915
502.000000 0.149569
503.000000 0.148777
504.000000 0.147824
505.000000 0.147353
506.000000 0.147055
507.000000 0.146852
508.000000 0.146682
509.000000 0.146398
510.000000 0.146127
511.000000 0.145662
512.000000 0.144944
513.000000 0.144463
514.000000 0.144158
515.000000 0.143947
516.000000 0.143813
517.000000 0.143527
518.000000 0.143141
519.000000 0.142725
520.000000 0.142590
521.000000 0.142749
522.000000 0.142871
523.000000 0.143236
524.000000 0.143469
525.000000 0.143468
526.000000 0.143629
527.000000 0.143829
528.000000 0.144414
529.000000 0.144950
530.000000 0.145009
531.000000 0.144989
532.000000 0.145108
533.000000 0.145411
534.000000 0.145738
535.000000 0.146267
536.000000 0.147072
537.000000 0.147551
538.000000 0.147637
539.000000 0.148019
540.000000 0.148390
541.000000 0.148704
542.000000 0.149295
543.000000 0.149964
544.000000 0.150456
545.000000 0.150598
546.000000 0.150759
547.000000 0.151029
548.000000 0.151376
549.000000 0.151676
550.000000 0.151692
551.000000 0.151626
552.000000 0.151609
553.000000 0.151623
554.000000 0.151598
555.000000 0.151542
556.000000 0.151408
557.000000 0.151187
558.000000 0.150975
559.000000 0.150658
560.000000 0.150297
561.000000 0.149949
562.000000 0.149700
563.000000 0.149506
564.000000 0.149118
565.000000 0.148614
566.000000 0.147973
567.000000 0.147390
568.000000 0.147039
569.000000 0.146779
570.000000 0.146465
571.000000 0.145989
572.000000 0.145342
573.000000 0.144711
574.000000 0.144105
575.000000 0.143646
576.000000 0.143296
577.000000 0.142963
578.000000 0.142626
579.000000 0.142029
580.000000 0.141479
581.000000 0.140975
582.000000 0.140422
583.000000 0.139951
584.000000 0.139412
585.000000 0.138732
586.000000 0.137977
587.000000 0.137266
588.000000 0.136508
589.000000 0.135811
590.000000 0.135174
591.000000 0.134345
592.000000 0.133515
593.000000 0.132680
594.000000 0.131775
595.000000 0.130778
596.000000 0.129696
597.000000 0.128676
598.000000 0.127710
599.000000 0.126680
600.000000 0.125709
601.000000 0.124706
602.000000 0.123671
603.000000 0.122759
604.000000 0.121847
605.000000 0.120854
606.000000 0.119892
607.000000 0.118937
608.000000 0.117886
609.000000 0.116839
610.000000 0.115871
611.000000 0.115008
612.000000 0.114249
613.000000 0.113628
614.000000 0.113081
615.000000 0.112569
616.000000 0.112165
617.000000 0.111857
618.000000 0.111586
619.000000 0.111403
620.000000 0.111351
621.000000 0.111427
622.000000 0.111599
623.000000 0.111868
624.000000 0.112213
625.000000 0.112682
626.000000 0.113310
627.000000 0.114006
628.000000 0.114747
629.000000 0.115576
630.000000 0.116582
631.000000 0.117723
632.000000 0.118878
633.000000 0.120069
634.000000 0.121286
635.000000 0.122542
636.000000 0.123898
637.000000 0.125239
638.000000 0.126466
639.000000 0.127713
640.000000 0.128908
641.000000 0.129977
642.000000 0.130999
643.000000 0.131928
644.000000 0.132844
645.000000 0.133624
646.000000 0.134207
647.000000 0.134695
648.000000 0.135042
649.000000 0.135286
650.000000 0.135464
651.000000 0.135610
652.000000 0.135697
653.000000 0.135639
654.000000 0.135522
655.000000 0.135442
656.000000 0.135413
657.000000 0.135491
658.000000 0.135570
659.000000 0.135623
660.000000 0.135693
661.000000 0.135819
662.000000 0.136078
663.000000 0.136461
664.000000 0.136958
665.000000 0.137518
666.000000 0.138119
667.000000 0.138788
668.000000 0.139526
669.000000 0.140307
670.000000 0.141094
671.000000 0.141933
672.000000 0.142847
673.000000 0.143773
674.000000 0.144646
675.000000 0.145528
676.000000 0.146451
677.000000 0.147396
678.000000 0.148326
679.000000 0.149149
680.000000 0.149928
681.000000 0.150650
682.000000 0.151384
683.000000 0.152112
684.000000 0.152773
685.000000 0.153351
686.000000 0.153868
687.000000 0.154405
688.000000 0.154904
689.000000 0.155412
690.000000 0.155921
691.000000 0.156446
692.000000 0.157021
693.000000 0.157629
694.000000 0.158334
695.000000 0.159172
696.000000 0.160037
697.000000 0.160956
698.000000 0.162052
699.000000 0.163341
700.000000 0.164829
701.000000 0.166497
702.000000 0.168249
703.000000 0.170167
704.000000 0.172373
705.000000 0.174817
706.000000 0.177452
707.000000 0.180293
708.000000 0.183424
709.000000 0.186751
710.000000 0.190118
711.000000 0.193619
712.000000 0.197316
713.000000 0.201188
714.000000 0.205222
715.000000 0.209328
716.000000 0.213524
717.000000 0.217735
718.000000 0.221856
719.000000 0.225765
720.000000 0.229549
721.000000 0.233350
722.000000 0.237124
723.000000 0.240795
724.000000 0.244281
725.000000 0.247574
726.000000 0.250648
727.000000 0.253509
728.000000 0.256152
729.000000 0.258610
730.000000 0.260877
731.000000 0.262849
732.000000 0.264578
733.000000 0.266130
734.000000 0.267506
735.000000 0.268732
736.000000 0.269759
737.000000 0.270584
738.000000 0.271247
739.000000 0.271724
740.000000 0.272008
741.000000 0.272133
742.000000 0.272119
743.000000 0.271878
744.000000 0.271438
745.000000 0.270843
746.000000 0.269964
747.000000 0.268796
748.000000 0.267425
749.000000 0.265812
750.000000 0.263891
751.000000 0.261658
752.000000 0.259111
753.000000 0.256296
754.000000 0.253178
755.000000 0.249680
756.000000 0.245853
757.000000 0.241707
758.000000 0.237214
759.000000 0.232384
760.000000 0.227290
761.000000 0.221839
762.000000 0.216093
763.000000 0.210179
764.000000 0.204007
765.000000 0.197652
766.000000 0.191108
767.000000 0.184390
768.000000 0.177646
769.000000 0.170873
770.000000 0.164034
771.000000 0.157215
772.000000 0.150495
773.000000 0.143870
774.000000 0.137324
775.000000 0.130963
776.000000 0.124430
777.000000 0.117825
778.000000 0.111719
779.000000 0.106075
780.000000 0.100736
781.000000 0.095546
782.000000 0.090582
783.000000 0.085895
784.000000 0.081391
785.000000 0.077102
786.000000 0.073090
787.000000 0.069308
788.000000 0.065562
789.000000 0.062033
790.000000 0.058837
791.000000 0.055846
792.000000 0.053036
793.000000 0.050424
794.000000 0.047961
795.000000 0.045593
796.000000 0.043347
797.000000 0.041192
798.000000 0.039181
799.000000 0.037318
800.000000 0.035545
801.000000 0.033826
802.000000 0.032170
803.000000 0.030639
804.000000 0.029147
805.000000 0.027659
806.000000 0.026304
807.000000 0.025076
808.000000 0.023884
809.000000 0.022725
810.000000 0.021565
811.000000 0.020455
812.000000 0.019453
813.000000 0.018516
814.000000 0.017613
815.000000 0.016769
816.000000 0.015933
817.000000 0.015114
818.000000 0.014346
819.000000 0.013634
820.000000 0.013016
821.000000 0.012412
822.000000 0.011809
823.000000 0.011270
824.000000 0.010783
825.000000 0.010258
826.000000 0.009740
827.000000 0.009271
828.000000 0.008835
829.000000 0.008461
830.000000 0.008090
831.000000 0.007765
832.000000 0.007472
833.000000 0.007212
834.000000 0.007003
835.000000 0.006750
836.000000 0.006505
837.000000 0.006293
838.000000 0.006081
839.000000 0.005868
840.000000 0.005606
841.000000 0.005340
842.000000 0.005142
843.000000 0.004986
844.000000 0.004822
845.000000 0.004620
846.000000 0.004444
847.000000 0.004352
848.000000 0.004241
849.000000 0.004063
850.000000 0.003934
851.000000 0.003861
852.000000 0.003846
853.000000 0.003772
854.000000 0.003604
855.000000 0.003475
856.000000 0.003418
857.000000 0.003313
858.000000 0.003186
859.000000 0.003093
860.000000 0.002953
861.000000 0.002817
862.000000 0.002725
863.000000 0.002651
864.000000 0.002540
865.000000 0.002378
866.000000 0.002228
867.000000 0.002115
868.000000 0.002063
869.000000 0.002028
870.000000 0.001919
871.000000 0.001802
872.000000 0.001688
873.000000 0.001581
874.000000 0.001553
875.000000 0.001545
876.000000 0.001470
877.000000 0.001349
878.000000 0.001230
879.000000 0.001107
880.000000 0.001011
881.000000 0.000950
882.000000 0.000909
883.000000 0.000885
884.000000 0.000847
885.000000 0.000769
886.000000 0.000683
887.000000 0.000630
888.000000 0.000609
889.000000 0.000575
890.000000 0.000510
891.000000 0.000450
892.000000 0.000412
893.000000 0.000379
894.000000 0.000350
895.000000 0.000348
896.000000 0.000343
897.000000 0.000333
898.000000 0.000293
899.000000 0.000224
900.000000 0.000181
901.000000 0.000157
902.000000 0.000134
903.000000 0.000134
904.000000 0.000163
905.000000 0.000148
906.000000 0.000088
907.000000 0.000043
908.000000 0.000021
909.000000 0.000024
910.000000 -0.000009
911.000000 -0.000074
912.000000 -0.000111
913.000000 -0.000133
914.000000 -0.000142
915.000000 -0.000154
916.000000 -0.000184
917.000000 -0.000193
918.000000 -0.000224
919.000000 -0.000301
920.000000 -0.000371
921.000000 -0.000433
922.000000 -0.000464
923.000000 -0.000460
924.000000 -0.000477
925.000000 -0.000521
926.000000 -0.000536
927.000000 -0.000525
928.000000 -0.000554
929.000000 -0.000685
930.000000 -0.000746
931.000000 -0.000697
932.000000 -0.000694
933.000000 -0.000708
934.000000 -0.000719
935.000000 -0.000734
936.000000 -0.000731
937.000000 -0.000728
938.000000 -0.000728
939.000000 -0.000710
940.000000 -0.000721
941.000000 -0.000762
942.000000 -0.000766
943.000000 -0.000741
944.000000 -0.000749
945.000000 -0.000794
946.000000 -0.000848
947.000000 -0.000908
948.000000 -0.000951
949.000000 -0.000976
950.000000 -0.000997
