315.000000 0.091274
316.000000 0.092859
317.000000 0.093563
318.000000 0.094581
319.000000 0.095469
320.000000 0.095853
321.000000 0.096343
322.000000 0.096670
323.000000 0.097097
324.000000 0.098312
325.000000 0.099767
326.000000 0.100852
327.000000 0.101271
328.000000 0.101933
329.000000 0.102555
330.000000 0.102935
331.000000 0.103250
332.000000 0.103431
333.000000 0.103814
334.000000 0.104705
335.000000 0.105317
336.000000 0.105613
337.000000 0.106327
338.000000 0.107052
339.000000 0.107419
340.000000 0.107720
341.000000 0.108350
342.000000 0.108911
343.000000 0.109380
344.000000 0.109618
345.000000 0.109739
346.000000 0.110305
347.000000 0.110877
348.000000 0.111235
349.000000 0.111704
350.000000 0.112248
351.000000 0.112731
352.000000 0.113378
353.000000 0.114122
354.000000 0.114658
355.000000 0.115269
356.000000 0.115879
357.000000 0.116395
358.000000 0.117077
359.000000 0.117923
360.000000 0.118895
361.000000 0.120028
362.000000 0.121404
363.000000 0.122809
364.000000 0.124102
365.000000 0.125321
366.000000 0.126607
367.000000 0.128150
368.000000 0.129858
369.000000 0.131588
370.000000 0.132609
371.000000 0.133691
372.000000 0.135731
373.000000 0.138407
374.000000 0.140583
375.000000 0.142439
376.000000 0.144965
377.000000 0.147534
378.000000 0.150258
379.000000 0.153019
380.000000 0.155903
381.000000 0.158986
382.000000 0.161966
383.000000 0.164702
384.000000 0.167503
385.000000 0.170469
386.000000 0.173758
387.000000 0.177074
388.000000 0.179929
389.000000 0.182603
390.000000 0.184904
391.000000 0.187351
392.000000 0.190036
393.000000 0.192517
394.000000 0.194990
395.000000 0.197517
396.000000 0.200286
397.000000 0.203144
398.000000 0.205967
399.000000 0.208726
400.000000 0.211483
401.000000 0.214355
402.000000 0.217243
403.000000 0.220018
404.000000 0.222576
405.000000 0.225419
406.000000 0.228433
407.000000 0.231189
408.000000 0.233890
409.000000 0.236641
410.000000 0.239145
411.000000 0.241488
412.000000 0.244046
413.000000 0.246653
414.000000 0.249187
415.000000 0.251766
416.000000 0.254123
417.000000 0.256307
418.000000 0.258607
419.000000 0.260836
420.000000 0.262915
421.000000 0.264925
422.000000 0.266844
423.000000 0.268647
424.000000 0.270154
425.000000 0.271404
426.000000 0.272675
427.000000 0.273690
428.000000 0.274268
429.000000 0.274617
430.000000 0.274910
431.000000 0.275165
432.000000 0.275253
433.000000 0.275123
434.000000 0.274910
435.000000 0.274450
436.000000 0.273748
437.000000 0.273065
438.000000 0.272286
439.000000 0.271418
440.000000 0.270482
441.000000 0.269487
442.000000 0.268486
443.000000 0.267443
444.000000 0.266381
445.000000 0.265299
446.000000 0.264150
447.000000 0.263002
448.000000 0.261559
449.000000 0.260049
450.000000 0.258758
451.000000 0.257176
452.000000 0.255369
453.000000 0.253604
454.000000 0.251721
455.000000 0.249650
456.000000 0.247453
457.000000 0.245069
458.000000 0.242578
459.000000 0.239933
460.000000 0.237170
461.000000 0.234330
462.000000 0.231211
463.000000 0.227997
464.000000 0.224733
465.000000 0.221318
466.000000 0.217969
467.000000 0.214607
468.000000 0.211230
469.000000 0.207843
470.000000 0.204414
471.000000 0.201091
472.000000 0.197723
473.000000 0.194416
474.000000 0.191163
475.000000 0.188044
476.000000 0.185217
477.000000 0.182331
478.000000 0.179474
479.000000 0.176776
480.000000 0.174258
481.000000 0.171907
482.000000 0.169694
483.000000 0.167678
484.000000 0.165710
485.000000 0.163841
486.000000 0.162090
487.000000 0.160399
488.000000 0.158781
489.000000 0.157195
490.000000 0.155798
491.000000 0.154633
492.000000 0.153797
493.000000 0.152934
494.000000 0.151769
495.000000 0.150808
496.000000 0.150078
497.000000 0.149433
498.000000 0.148708
499.000000 0.148004
500.000000 0.147428
501.000000 0.146800
502.000000 0.146289
503.000000 0.145805
504.000000 0.145343
505.000000 0.144973
506.000000 0.144554
507.000000 0.144119
508.000000 0.143659
509.000000 0.143319
510.000000 0.142964
511.000000 0.142372
512.000000 0.141592
513.000000 0.141161
514.000000 0.140793
515.000000 0.140279
516.000000 0.139972
517.000000 0.139656
518.000000 0.139347
519.000000 0.138899
520.000000 0.138540
521.000000 0.138561
522.000000 0.138586
523.000000 0.138764
524.000000 0.139100
525.000000 0.139294
526.000000 0.139612
527.000000 0.139664
528.000000 0.139717
529.000000 0.139890
530.000000 0.139854
531.000000 0.140018
532.000000 0.140158
533.000000 0.140223
534.000000 0.140697
535.000000 0.141318
536.000000 0.141766
537.000000 0.142087
538.000000 0.142610
539.000000 0.143320
540.000000 0.143534
541.000000 0.143877
542.000000 0.144404
543.000000 0.144549
544.000000 0.145059
545.000000 0.145609
546.000000 0.145759
547.000000 0.146064
548.000000 0.146447
549.000000 0.146677
550.000000 0.147010
551.000000 0.147354
552.000000 0.147360
553.000000 0.147248
554.000000 0.147149
555.000000 0.147053
556.000000 0.146837
557.000000 0.146522
558.000000 0.146325
559.000000 0.146067
560.000000 0.145656
561.000000 0.145306
562.000000 0.145144
563.000000 0.144992
564.000000 0.144601
565.000000 0.144035
566.000000 0.143564
567.000000 0.143207
568.000000 0.142858
569.000000 0.142504
570.000000 0.142115
571.000000 0.141714
572.000000 0.141265
573.000000 0.140888
574.000000 0.140497
575.000000 0.140176
576.000000 0.139883
577.000000 0.139342
578.000000 0.138760
579.000000 0.138204
580.000000 0.137692
581.000000 0.137290
582.000000 0.136992
583.000000 0.136662
584.000000 0.136102
585.000000 0.135447
586.000000 0.134871
587.000000 0.134279
588.000000 0.133666
589.000000 0.133075
590.000000 0.132440
591.000000 0.131618
592.000000 0.130830
593.000000 0.130102
594.000000 0.129343
595.000000 0.128497
596.000000 0.127607
597.000000 0.126839
598.000000 0.126022
599.000000 0.125105
600.000000 0.124136
601.000000 0.123103
602.000000 0.122089
603.000000 0.121128
604.000000 0.120132
605.000000 0.119175
606.000000 0.118344
607.000000 0.117531
608.000000 0.116648
609.000000 0.115745
610.000000 0.114952
611.000000 0.114254
612.000000 0.113573
613.000000 0.113009
614.000000 0.112614
615.000000 0.112316
616.000000 0.112037
617.000000 0.111760
618.000000 0.111617
619.000000 0.111536
620.000000 0.111469
621.000000 0.111611
622.000000 0.111903
623.000000 0.112254
624.000000 0.112723
625.000000 0.113275
626.000000 0.113882
627.000000 0.114655
628.000000 0.115526
629.000000 0.116456
630.000000 0.117573
631.000000 0.118849
632.000000 0.120159
633.000000 0.121473
634.000000 0.122816
635.000000 0.124166
636.000000 0.125592
637.000000 0.127048
638.000000 0.128388
639.000000 0.129715
640.000000 0.131053
641.000000 0.132263
642.000000 0.133316
643.000000 0.134341
644.000000 0.135381
645.000000 0.136263
646.000000 0.136987
647.000000 0.137630
648.000000 0.138138
649.000000 0.138529
650.000000 0.138812
651.000000 0.139034
652.000000 0.139182
653.000000 0.139248
654.000000 0.139340
655.000000 0.139441
656.000000 0.139560
657.000000 0.139784
658.000000 0.139991
659.000000 0.140188
660.000000 0.140467
661.000000 0.140781
662.000000 0.141170
663.000000 0.141680
664.000000 0.142259
665.000000 0.142903
666.000000 0.143673
667.000000 0.144508
668.000000 0.145377
669.000000 0.146291
670.000000 0.147238
671.000000 0.148274
672.000000 0.149335
673.000000 0.150348
674.000000 0.151312
675.000000 0.152305
676.000000 0.153346
677.000000 0.154358
678.000000 0.155377
679.000000 0.156302
680.000000 0.157114
681.000000 0.157879
682.000000 0.158653
683.000000 0.159426
684.000000 0.160152
685.000000 0.160816
686.000000 0.161430
687.000000 0.162047
688.000000 0.162611
689.000000 0.163158
690.000000 0.163679
691.000000 0.164194
692.000000 0.164824
693.000000 0.165559
694.000000 0.166360
695.000000 0.167240
696.000000 0.168167
697.000000 0.169173
698.000000 0.170344
699.000000 0.171724
700.000000 0.173315
701.000000 0.175066
702.000000 0.176888
703.000000 0.178874
704.000000 0.181210
705.000000 0.183853
706.000000 0.186703
707.000000 0.189788
708.000000 0.193106
709.000000 0.196623
710.000000 0.200195
711.000000 0.203833
712.000000 0.207692
713.000000 0.211797
714.000000 0.216097
715.000000 0.220418
716.000000 0.224822
717.000000 0.229265
718.000000 0.233627
719.000000 0.237783
720.000000 0.241819
721.000000 0.245900
722.000000 0.249902
723.000000 0.253766
724.000000 0.257424
725.000000 0.260849
726.000000 0.264025
727.000000 0.266987
728.000000 0.269796
729.000000 0.272398
730.000000 0.274725
731.000000 0.276720
732.000000 0.278489
733.000000 0.280131
734.000000 0.281585
735.000000 0.282872
736.000000 0.283984
737.000000 0.284876
738.000000 0.285557
739.000000 0.286056
740.000000 0.286379
741.000000 0.286523
742.000000 0.286463
743.000000 0.286170
744.000000 0.285684
745.000000 0.285029
746.000000 0.284123
747.000000 0.282949
748.000000 0.281526
749.000000 0.279807
750.000000 0.277783
751.000000 0.275460
752.000000 0.272809
753.000000 0.269822
754.000000 0.266482
755.000000 0.262773
756.000000 0.258684
757.000000 0.254336
758.000000 0.249689
759.000000 0.244630
760.000000 0.239232
761.000000 0.233498
762.000000 0.227490
763.000000 0.221240
764.000000 0.214729
765.000000 0.207926
766.000000 0.200969
767.000000 0.193897
768.000000 0.186698
769.000000 0.179496
770.000000 0.172280
771.000000 0.165119
772.000000 0.158028
773.000000 0.150970
774.000000 0.144022
775.000000 0.137293
776.000000 0.130346
777.000000 0.123351
778.000000 0.116900
779.000000 0.110874
780.000000 0.105192
781.000000 0.099783
782.000000 0.094623
783.000000 0.089690
784.000000 0.084961
785.000000 0.080423
786.000000 0.076115
787.000000 0.072052
788.000000 0.068085
789.000000 0.064335
790.000000 0.060957
791.000000 0.057862
792.000000 0.054909
793.000000 0.052143
794.000000 0.049567
795.000000 0.047061
796.000000 0.044666
797.000000 0.042365
798.000000 0.040211
799.000000 0.038223
800.000000 0.036373
801.000000 0.034655
802.000000 0.032942
803.000000 0.031295
804.000000 0.029726
805.000000 0.028175
806.000000 0.026744
807.000000 0.025453
808.000000 0.024200
809.000000 0.022997
810.000000 0.021852
811.000000 0.020732
812.000000 0.019707
813.000000 0.018723
814.000000 0.017750
815.000000 0.016846
816.000000 0.016001
817.000000 0.015217
818.000000 0.014480
819.000000 0.013800
820.000000 0.013162
821.000000 0.012527
822.000000 0.011910
823.000000 0.011362
824.000000 0.010821
825.000000 0.010284
826.000000 0.009828
827.000000 0.009373
828.000000 0.008939
829.000000 0.008572
830.000000 0.008193
831.000000 0.007820
832.000000 0.007484
833.000000 0.007188
834.000000 0.006934
835.000000 0.006729
836.000000 0.006558
837.000000 0.006375
838.000000 0.006143
839.000000 0.005889
840.000000 0.005657
841.000000 0.005523
842.000000 0.005356
843.000000 0.005096
844.000000 0.004903
845.000000 0.004691
846.000000 0.004507
847.000000 0.004426
848.000000 0.004309
849.000000 0.004132
850.000000 0.003980
851.000000 0.003861
852.000000 0.003774
853.000000 0.003688
854.000000 0.003548
855.000000 0.003387
856.000000 0.003310
857.000000 0.003217
858.000000 0.003118
859.000000 0.003037
860.000000 0.002903
861.000000 0.002810
862.000000 0.002723
863.000000 0.002614
864.000000 0.002495
865.000000 0.002338
866.000000 0.002198
867.000000 0.002079
868.000000 0.001975
869.000000 0.001892
870.000000 0.001794
871.000000 0.001705
872.000000 0.001595
873.000000 0.001504
874.000000 0.001483
875.000000 0.001458
876.000000 0.001407
877.000000 0.001304
878.000000 0.001196
879.000000 0.001093
880.000000 0.001002
881.000000 0.000928
882.000000 0.000855
883.000000 0.000826
884.000000 0.000791
885.000000 0.000767
886.000000 0.000725
887.000000 0.000656
888.000000 0.000616
889.000000 0.000604
890.000000 0.000574
891.000000 0.000507
892.000000 0.000423
893.000000 0.000338
894.000000 0.000334
895.000000 0.000351
896.000000 0.000343
897.000000 0.000348
898.000000 0.000307
899.000000 0.000263
900.000000 0.000227
901.000000 0.000166
902.000000 0.000121
903.000000 0.000083
904.000000 0.000056
905.000000 0.000046
906.000000 0.000028
907.000000 0.000018
908.000000 0.000023
909.000000 0.000014
910.000000 -0.000010
911.000000 -0.000036
912.000000 -0.000060
913.000000 -0.000108
914.000000 -0.000121
915.000000 -0.000122
916.000000 -0.000163
917.000000 -0.000172
918.000000 -0.000194
919.000000 -0.000256
920.000000 -0.000338
921.000000 -0.000421
922.000000 -0.000462
923.000000 -0.000477
924.000000 -0.000488
925.000000 -0.000503
926.000000 -0.000547
927.000000 -0.000590
928.000000 -0.000620
929.000000 -0.000717
930.000000 -0.000761
931.000000 -0.000721
932.000000 -0.000731
933.000000 -0.000743
934.000000 -0.000734
935.000000 -0.000754
936.000000 -0.000773
937.000000 -0.000761
938.000000 -0.000757
939.000000 -0.000749
940.000000 -0.000747
941.000000 -0.000755
942.000000 -0.000764
943.000000 -0.000773
944.000000 -0.000782
945.000000 -0.000804
946.000000 -0.000855
947.000000 -0.000902
948.000000 -0.000943
949.000000 -0.000997
950.000000 -0.001033
