315.000000 0.090815
316.000000 0.093286
317.000000 0.093799
318.000000 0.094114
319.000000 0.094788
320.000000 0.094808
321.000000 0.094822
322.000000 0.094536
323.000000 0.094904
324.000000 0.096495
325.000000 0.097992
326.000000 0.099105
327.000000 0.099670
328.000000 0.100147
329.000000 0.100344
330.000000 0.100568
331.000000 0.100871
332.000000 0.101099
333.000000 0.101971
334.000000 0.102717
335.000000 0.102802
336.000000 0.103418
337.000000 0.104487
338.000000 0.105226
339.000000 0.105884
340.000000 0.106423
341.000000 0.106785
342.000000 0.107076
343.000000 0.107403
344.000000 0.107758
345.000000 0.108210
346.000000 0.108610
347.000000 0.109273
348.000000 0.110038
349.000000 0.110443
350.000000 0.111125
351.000000 0.111941
352.000000 0.112586
353.000000 0.113138
354.000000 0.113631
355.000000 0.114327
356.000000 0.115159
357.000000 0.115931
358.000000 0.116673
359.000000 0.117437
360.000000 0.118448
361.000000 0.119575
362.000000 0.120659
363.000000 0.121895
364.000000 0.123295
365.000000 0.124694
366.000000 0.126033
367.000000 0.127557
368.000000 0.129354
369.000000 0.131152
370.000000 0.132931
371.000000 0.134818
372.000000 0.136605
373.000000 0.138276
374.000000 0.140121
375.000000 0.142331
376.000000 0.144887
377.000000 0.147716
378.000000 0.150701
379.000000 0.153425
380.000000 0.156150
381.000000 0.159368
382.000000 0.162667
383.000000 0.165574
384.000000 0.168482
385.000000 0.171679
386.000000 0.174753
387.000000 0.177596
388.000000 0.180398
389.000000 0.183238
390.000000 0.185718
391.000000 0.187907
392.000000 0.190353
393.000000 0.192822
394.000000 0.195193
395.000000 0.197698
396.000000 0.200184
397.000000 0.202751
398.000000 0.205580
399.000000 0.208361
400.000000 0.210979
401.000000 0.213681
402.000000 0.216606
403.000000 0.219343
404.000000 0.221653
405.000000 0.224184
406.000000 0.227054
407.000000 0.229795
408.000000 0.232429
409.000000 0.234899
410.000000 0.237253
411.000000 0.239705
412.000000 0.242249
413.000000 0.244786
414.000000 0.247279
415.000000 0.249689
416.000000 0.251855
417.000000 0.254012
418.000000 0.256197
419.000000 0.258188
420.000000 0.260189
421.000000 0.262364
422.000000 0.264389
423.000000 0.266105
424.000000 0.267302
425.000000 0.268188
426.000000 0.269105
427.000000 0.269937
428.000000 0.270522
429.000000 0.270963
430.000000 0.271391
431.000000 0.271554
432.000000 0.271484
433.000000 0.271223
434.000000 0.270942
435.000000 0.270470
436.000000 0.269753
437.000000 0.269021
438.000000 0.268245
439.000000 0.267404
440.000000 0.266449
441.000000 0.265450
442.000000 0.264407
443.000000 0.263278
444.000000 0.262118
445.000000 0.260916
446.000000 0.259695
447.000000 0.258546
448.000000 0.257204
449.000000 0.255832
450.000000 0.254514
451.000000 0.252892
452.000000 0.251084
453.000000 0.249296
454.000000 0.247424
455.000000 0.245394
456.000000 0.243281
457.000000 0.240998
458.000000 0.238598
459.000000 0.236065
460.000000 0.233424
461.000000 0.230726
462.000000 0.227756
463.000000 0.224654
464.000000 0.221418
465.000000 0.218057
466.000000 0.214846
467.000000 0.211616
468.000000 0.208311
469.000000 0.204899
470.000000 0.201495
471.000000 0.198294
472.000000 0.195130
473.000000 0.192015
474.000000 0.188883
475.000000 0.185821
476.000000 0.182997
477.000000 0.180106
478.000000 0.177329
479.000000 0.174715
480.000000 0.172196
481.000000 0.169883
482.000000 0.167691
483.000000 0.165575
484.000000 0.163481
485.000000 0.161527
486.000000 0.159705
487.000000 0.157984
488.000000 0.156422
489.000000 0.154878
490.000000 0.153498
491.000000 0.152432
492.000000 0.151340
493.000000 0.150165
494.000000 0.148804
495.000000 0.147673
496.000000 0.146866
497.000000 0.145891
498.000000 0.144730
499.000000 0.143858
500.000000 0.143224
501.000000 0.142537
502.000000 0.142056
503.000000 0.141407
504.000000 0.140594
505.000000 0.139787
506.000000 0.139045
507.000000 0.138332
508.000000 0.137485
509.000000 0.136832
510.000000 0.136387
511.000000 0.135608
512.000000 0.134676
513.000000 0.134256
514.000000 0.134208
515.000000 0.134059
516.000000 0.133762
517.000000 0.133458
518.000000 0.133053
519.000000 0.132604
520.000000 0.132291
521.000000 0.132253
522.000000 0.132125
523.000000 0.132041
524.000000 0.132066
525.000000 0.132220
526.000000 0.132505
527.000000 0.132390
528.000000 0.132593
529.000000 0.132922
530.000000 0.132832
531.000000 0.132766
532.000000 0.132948
533.000000 0.133284
534.000000 0.133693
535.000000 0.134108
536.000000 0.134228
537.000000 0.134431
538.000000 0.134930
539.000000 0.135389
540.000000 0.135664
541.000000 0.136017
542.000000 0.136526
543.000000 0.137048
544.000000 0.137522
545.000000 0.137891
546.000000 0.138285
547.000000 0.138525
548.000000 0.138579
549.000000 0.138634
550.000000 0.138906
551.000000 0.139203
552.000000 0.139206
553.000000 0.139227
554.000000 0.139321
555.000000 0.139324
556.000000 0.139269
557.000000 0.139125
558.000000 0.139015
559.000000 0.138838
560.000000 0.138584
561.000000 0.138395
562.000000 0.138363
563.000000 0.138320
564.000000 0.137988
565.000000 0.137554
566.000000 0.137138
567.000000 0.136833
568.000000 0.136491
569.000000 0.136077
570.000000 0.135832
571.000000 0.135577
572.000000 0.135146
573.000000 0.134661
574.000000 0.134261
575.000000 0.133928
576.000000 0.133682
577.000000 0.133503
578.000000 0.133147
579.000000 0.132699
580.000000 0.132453
581.000000 0.132227
582.000000 0.131919
583.000000 0.131568
584.000000 0.131086
585.000000 0.130667
586.000000 0.130265
587.000000 0.129780
588.000000 0.129260
589.000000 0.128688
590.000000 0.128034
591.000000 0.127353
592.000000 0.126876
593.000000 0.126405
594.000000 0.125724
595.000000 0.124874
596.000000 0.124059
597.000000 0.123357
598.000000 0.122649
599.000000 0.121924
600.000000 0.121282
601.000000 0.120563
602.000000 0.119727
603.000000 0.118992
604.000000 0.118203
605.000000 0.117395
606.000000 0.116752
607.000000 0.116161
608.000000 0.115398
609.000000 0.114658
610.000000 0.114068
611.000000 0.113536
612.000000 0.113058
613.000000 0.112640
614.000000 0.112323
615.000000 0.112136
616.000000 0.112055
617.000000 0.112029
618.000000 0.112034
619.000000 0.112029
620.000000 0.112120
621.000000 0.112424
622.000000 0.112885
623.000000 0.113406
624.000000 0.114077
625.000000 0.114860
626.000000 0.115737
627.000000 0.116714
628.000000 0.117697
629.000000 0.118742
630.000000 0.119964
631.000000 0.121343
632.000000 0.122685
633.000000 0.124091
634.000000 0.125636
635.000000 0.127185
636.000000 0.128778
637.000000 0.130407
638.000000 0.131909
639.000000 0.133379
640.000000 0.134915
641.000000 0.136376
642.000000 0.137695
643.000000 0.138884
644.000000 0.140088
645.000000 0.141149
646.000000 0.142030
647.000000 0.142835
648.000000 0.143536
649.000000 0.144161
650.000000 0.144699
651.000000 0.145198
652.000000 0.145594
653.000000 0.145907
654.000000 0.146217
655.000000 0.146524
656.000000 0.146887
657.000000 0.147378
658.000000 0.147878
659.000000 0.148373
660.000000 0.148877
661.000000 0.149411
662.000000 0.150070
663.000000 0.150828
664.000000 0.151680
665.000000 0.152550
666.000000 0.153493
667.000000 0.154521
668.000000 0.155610
669.000000 0.156709
670.000000 0.157831
671.000000 0.159061
672.000000 0.160310
673.000000 0.161571
674.000000 0.162791
675.000000 0.163992
676.000000 0.165217
677.000000 0.166405
678.000000 0.167561
679.000000 0.168626
680.000000 0.169608
681.000000 0.170505
682.000000 0.171362
683.000000 0.172204
684.000000 0.173023
685.000000 0.173781
686.000000 0.174478
687.000000 0.175183
688.000000 0.175815
689.000000 0.176428
690.000000 0.177034
691.000000 0.177614
692.000000 0.178270
693.000000 0.179037
694.000000 0.179864
695.000000 0.180789
696.000000 0.181823
697.000000 0.182954
698.000000 0.184288
699.000000 0.185810
700.000000 0.187529
701.000000 0.189475
702.000000 0.191525
703.000000 0.193745
704.000000 0.196288
705.000000 0.199115
706.000000 0.202170
707.000000 0.205468
708.000000 0.209087
709.000000 0.212917
710.000000 0.216743
711.000000 0.220713
712.000000 0.224971
713.000000 0.229446
714.000000 0.234096
715.000000 0.238830
716.000000 0.243656
717.000000 0.248505
718.000000 0.253271
719.000000 0.257812
720.000000 0.262220
721.000000 0.266659
722.000000 0.271011
723.000000 0.275189
724.000000 0.279164
725.000000 0.282880
726.000000 0.286308
727.000000 0.289549
728.000000 0.292602
729.000000 0.295408
730.000000 0.297955
731.000000 0.300103
732.000000 0.301951
733.000000 0.303685
734.000000 0.305224
735.000000 0.306604
736.000000 0.307771
737.000000 0.308665
738.000000 0.309377
739.000000 0.309941
740.000000 0.310310
741.000000 0.310450
742.000000 0.310387
743.000000 0.310123
744.000000 0.309656
745.000000 0.308945
746.000000 0.307916
747.000000 0.306618
748.000000 0.305103
749.000000 0.303290
750.000000 0.301107
751.000000 0.298560
752.000000 0.295653
753.000000 0.292413
754.000000 0.288846
755.000000 0.284855
756.000000 0.280471
757.000000 0.275733
758.000000 0.270577
759.000000 0.264978
760.000000 0.259053
761.000000 0.252847
762.000000 0.246350
763.000000 0.239563
764.000000 0.232444
765.000000 0.225014
766.000000 0.217384
767.000000 0.209638
768.000000 0.201819
769.000000 0.193952
770.000000 0.186042
771.000000 0.178198
772.000000 0.170458
773.000000 0.162826
774.000000 0.155311
775.000000 0.147958
776.000000 0.140403
777.000000 0.132804
778.000000 0.125763
779.000000 0.119190
780.000000 0.112963
781.000000 0.106993
782.000000 0.101231
783.000000 0.095784
784.000000 0.090607
785.000000 0.085638
786.000000 0.080975
787.000000 0.076583
788.000000 0.072284
789.000000 0.068247
790.000000 0.064579
791.000000 0.061175
792.000000 0.057982
793.000000 0.054977
794.000000 0.052151
795.000000 0.049473
796.000000 0.046910
797.000000 0.044385
798.000000 0.042055
799.000000 0.039956
800.000000 0.037974
801.000000 0.036105
802.000000 0.034302
803.000000 0.032597
804.000000 0.030941
805.000000 0.029351
806.000000 0.027867
807.000000 0.026484
808.000000 0.025205
809.000000 0.023944
810.000000 0.022731
811.000000 0.021595
812.000000 0.020529
813.000000 0.019465
814.000000 0.018414
815.000000 0.017536
816.000000 0.016675
817.000000 0.015747
818.000000 0.014918
819.000000 0.014200
820.000000 0.013580
821.000000 0.012933
822.000000 0.012249
823.000000 0.011658
824.000000 0.011100
825.000000 0.010573
826.000000 0.010086
827.000000 0.009579
828.000000 0.009119
829.000000 0.008748
830.000000 0.008376
831.000000 0.008024
832.000000 0.007707
833.000000 0.007411
834.000000 0.007118
835.000000 0.006867
836.000000 0.006641
837.000000 0.006408
838.000000 0.006190
839.000000 0.005977
840.000000 0.005761
841.000000 0.005544
842.000000 0.005359
843.000000 0.005205
844.000000 0.005039
845.000000 0.004851
846.000000 0.004698
847.000000 0.004597
848.000000 0.004470
849.000000 0.004324
850.000000 0.004207
851.000000 0.004083
852.000000 0.003987
853.000000 0.003859
854.000000 0.003701
855.000000 0.003576
856.000000 0.003460
857.000000 0.003327
858.000000 0.003206
859.000000 0.003132
860.000000 0.003025
861.000000 0.002912
862.000000 0.002822
863.000000 0.002706
864.000000 0.002581
865.000000 0.002443
866.000000 0.002301
867.000000 0.002165
868.000000 0.002049
869.000000 0.001954
870.000000 0.001846
871.000000 0.001733
872.000000 0.001595
873.000000 0.001490
874.000000 0.001463
875.000000 0.001468
876.000000 0.001427
877.000000 0.001319
878.000000 0.001198
879.000000 0.001077
880.000000 0.000966
881.000000 0.000889
882.000000 0.000839
883.000000 0.000779
884.000000 0.000728
885.000000 0.000694
886.000000 0.000661
887.000000 0.000608
888.000000 0.000564
889.000000 0.000547
890.000000 0.000453
891.000000 0.000350
892.000000 0.000291
893.000000 0.000258
894.000000 0.000275
895.000000 0.000275
896.000000 0.000274
897.000000 0.000266
898.000000 0.000216
899.000000 0.000167
900.000000 0.000140
901.000000 0.000128
902.000000 0.000115
903.000000 0.000088
904.000000 0.000064
905.000000 0.000031
906.000000 -0.000019
907.000000 -0.000029
908.000000 -0.000057
909.000000 -0.000108
910.000000 -0.000149
911.000000 -0.000188
912.000000 -0.000202
913.000000 -0.000237
914.000000 -0.000267
915.000000 -0.000275
916.000000 -0.000284
917.000000 -0.000277
918.000000 -0.000279
919.000000 -0.000325
920.000000 -0.000386
921.000000 -0.000438
922.000000 -0.000480
923.000000 -0.000513
924.000000 -0.000542
925.000000 -0.000553
926.000000 -0.000574
927.000000 -0.000605
928.000000 -0.000641
929.000000 -0.000756
930.000000 -0.000820
931.000000 -0.000781
932.000000 -0.000747
933.000000 -0.000744
934.000000 -0.000785
935.000000 -0.000827
936.000000 -0.000832
937.000000 -0.000809
938.000000 -0.000798
939.000000 -0.000789
940.000000 -0.000778
941.000000 -0.000810
942.000000 -0.000850
943.000000 -0.000859
944.000000 -0.000890
945.000000 -0.000947
946.000000 -0.000980
947.000000 -0.000996
948.000000 -0.001005
949.000000 -0.001042
950.000000 -0.001095
