315.000000 0.101471
316.000000 0.102669
317.000000 0.102503
318.000000 0.102989
319.000000 0.104048
320.000000 0.104131
321.000000 0.104060
322.000000 0.104317
323.000000 0.105165
324.000000 0.106845
325.000000 0.108023
326.000000 0.108635
327.000000 0.109177
328.000000 0.109850
329.000000 0.109978
330.000000 0.109855
331.000000 0.109848
332.000000 0.110411
333.000000 0.111402
334.000000 0.112111
335.000000 0.112396
336.000000 0.112573
337.000000 0.113140
338.000000 0.113762
339.000000 0.114253
340.000000 0.114597
341.000000 0.115088
342.000000 0.115393
343.000000 0.115353
344.000000 0.115581
345.000000 0.116023
346.000000 0.116204
347.000000 0.116343
348.000000 0.116563
349.000000 0.116869
350.000000 0.117257
351.000000 0.117724
352.000000 0.118046
353.000000 0.118323
354.000000 0.118693
355.000000 0.119044
356.000000 0.119609
357.000000 0.120270
358.000000 0.120854
359.000000 0.121367
360.000000 0.121940
361.000000 0.122592
362.000000 0.123301
363.000000 0.124286
364.000000 0.125506
365.000000 0.126613
366.000000 0.127615
367.000000 0.128827
368.000000 0.130340
369.000000 0.131788
370.000000 0.133199
371.000000 0.134923
372.000000 0.136834
373.000000 0.138856
374.000000 0.140938
375.000000 0.142961
376.000000 0.144919
377.000000 0.146655
378.000000 0.148685
379.000000 0.151265
380.000000 0.153892
381.000000 0.156426
382.000000 0.159315
383.000000 0.162259
384.000000 0.165049
385.000000 0.167906
386.000000 0.170542
387.000000 0.173487
388.000000 0.176497
389.000000 0.179079
390.000000 0.181427
391.000000 0.184177
392.000000 0.187390
393.000000 0.190306
394.000000 0.193051
395.000000 0.196002
396.000000 0.199183
397.000000 0.202512
398.000000 0.205937
399.000000 0.209130
400.000000 0.212137
401.000000 0.215407
402.000000 0.218765
403.000000 0.221914
404.000000 0.224943
405.000000 0.228212
406.000000 0.231520
407.000000 0.234489
408.000000 0.237599
409.000000 0.240799
410.000000 0.243812
411.000000 0.247016
412.000000 0.250234
413.000000 0.253019
414.000000 0.255752
415.000000 0.258742
416.000000 0.261673
417.000000 0.264630
418.000000 0.267411
419.000000 0.269875
420.000000 0.272412
421.000000 0.275137
422.000000 0.277823
423.000000 0.280216
424.000000 0.282106
425.000000 0.283696
426.000000 0.285294
427.000000 0.286732
428.000000 0.287879
429.000000 0.288855
430.000000 0.289652
431.000000 0.290180
432.000000 0.290705
433.000000 0.291141
434.000000 0.291412
435.000000 0.291399
436.000000 0.291014
437.000000 0.290524
438.000000 0.289987
439.000000 0.289438
440.000000 0.288749
441.000000 0.287872
442.000000 0.287082
443.000000 0.286256
444.000000 0.285307
445.000000 0.284292
446.000000 0.283088
447.000000 0.281839
448.000000 0.280421
449.000000 0.278979
450.000000 0.277645
451.000000 0.275889
452.000000 0.273874
453.000000 0.271920
454.000000 0.269740
455.000000 0.267372
456.000000 0.264811
457.000000 0.261944
458.000000 0.258967
459.000000 0.255801
460.000000 0.252550
461.000000 0.249264
462.000000 0.245652
463.000000 0.241849
464.000000 0.237869
465.000000 0.233766
466.000000 0.229840
467.000000 0.225871
468.000000 0.221932
469.000000 0.218003
470.000000 0.214045
471.000000 0.210226
472.000000 0.206322
473.000000 0.202543
474.000000 0.198954
475.000000 0.195522
476.000000 0.192385
477.000000 0.189334
478.000000 0.186459
479.000000 0.183796
480.000000 0.181360
481.000000 0.179127
482.000000 0.176962
483.000000 0.174948
484.000000 0.173087
485.000000 0.171474
486.000000 0.170021
487.000000 0.168614
488.000000 0.167362
489.000000 0.166187
490.000000 0.165122
491.000000 0.164413
492.000000 0.164001
493.000000 0.163684
494.000000 0.163183
495.000000 0.162737
496.000000 0.162638
497.000000 0.162533
498.000000 0.162253
499.000000 0.162151
500.000000 0.162293
501.000000 0.162407
502.000000 0.162407
503.000000 0.162296
504.000000 0.162289
505.000000 0.162524
506.000000 0.162792
507.000000 0.162961
508.000000 0.163185
509.000000 0.163583
510.000000 0.163876
511.000000 0.163822
512.000000 0.163865
513.000000 0.164482
514.000000 0.165185
515.000000 0.165725
516.000000 0.166168
517.000000 0.166336
518.000000 0.166538
519.000000 0.166831
520.000000 0.167098
521.000000 0.167528
522.000000 0.168101
523.000000 0.168949
524.000000 0.170035
525.000000 0.170946
526.000000 0.171600
527.000000 0.172164
528.000000 0.172995
529.000000 0.173803
530.000000 0.174167
531.000000 0.174294
532.000000 0.174476
533.000000 0.174812
534.000000 0.175466
535.000000 0.176414
536.000000 0.177186
537.000000 0.177677
538.000000 0.178188
539.000000 0.178893
540.000000 0.179192
541.000000 0.179696
542.000000 0.180457
543.000000 0.180887
544.000000 0.181376
545.000000 0.181609
546.000000 0.181566
547.000000 0.181639
548.000000 0.181947
549.000000 0.182085
550.000000 0.182099
551.000000 0.182045
552.000000 0.181911
553.000000 0.181864
554.000000 0.181794
555.000000 0.181572
556.000000 0.181068
557.000000 0.180586
558.000000 0.180294
559.000000 0.179876
560.000000 0.179300
561.000000 0.178673
562.000000 0.178215
563.000000 0.177757
564.000000 0.177020
565.000000 0.176330
566.000000 0.175685
567.000000 0.174978
568.000000 0.174229
569.000000 0.173450
570.000000 0.172825
571.000000 0.172103
572.000000 0.171077
573.000000 0.170100
574.000000 0.169232
575.000000 0.168408
576.000000 0.167687
577.000000 0.166989
578.000000 0.166045
579.000000 0.164967
580.000000 0.164030
581.000000 0.163035
582.000000 0.162015
583.000000 0.160958
584.000000 0.159829
585.000000 0.158699
586.000000 0.157402
587.000000 0.156133
588.000000 0.154945
589.000000 0.153685
590.000000 0.152274
591.000000 0.150779
592.000000 0.149385
593.000000 0.147912
594.000000 0.146378
595.000000 0.144673
596.000000 0.142827
597.000000 0.141038
598.000000 0.139317
599.000000 0.137616
600.000000 0.135964
601.000000 0.134288
602.000000 0.132530
603.000000 0.130823
604.000000 0.129037
605.000000 0.127311
606.000000 0.125736
607.000000 0.124107
608.000000 0.122359
609.000000 0.120603
610.000000 0.118927
611.000000 0.117321
612.000000 0.115756
613.000000 0.114358
614.000000 0.113084
615.000000 0.111868
616.000000 0.110812
617.000000 0.109728
618.000000 0.108631
619.000000 0.107759
620.000000 0.107003
621.000000 0.106283
622.000000 0.105695
623.000000 0.105258
624.000000 0.104923
625.000000 0.104699
626.000000 0.104582
627.000000 0.104554
628.000000 0.104642
629.000000 0.104769
630.000000 0.104995
631.000000 0.105347
632.000000 0.105739
633.000000 0.106224
634.000000 0.106753
635.000000 0.107285
636.000000 0.107882
637.000000 0.108425
638.000000 0.108858
639.000000 0.109309
640.000000 0.109717
641.000000 0.109968
642.000000 0.110102
643.000000 0.110182
644.000000 0.110173
645.000000 0.109966
646.000000 0.109572
647.000000 0.109084
648.000000 0.108487
649.000000 0.107779
650.000000 0.106967
651.000000 0.106034
652.000000 0.104948
653.000000 0.103849
654.000000 0.102770
655.000000 0.101609
656.000000 0.100459
657.000000 0.099432
658.000000 0.098417
659.000000 0.097343
660.000000 0.096309
661.000000 0.095371
662.000000 0.094525
663.000000 0.093724
664.000000 0.093014
665.000000 0.092402
666.000000 0.091903
667.000000 0.091510
668.000000 0.091222
669.000000 0.091026
670.000000 0.090877
671.000000 0.090771
672.000000 0.090719
673.000000 0.090702
674.000000 0.090741
675.000000 0.090862
676.000000 0.091058
677.000000 0.091267
678.000000 0.091455
679.000000 0.091596
680.000000 0.091728
681.000000 0.091853
682.000000 0.092021
683.000000 0.092224
684.000000 0.092412
685.000000 0.092598
686.000000 0.092766
687.000000 0.092966
688.000000 0.093135
689.000000 0.093331
690.000000 0.093531
691.000000 0.093697
692.000000 0.093911
693.000000 0.094210
694.000000 0.094559
695.000000 0.094939
696.000000 0.095376
697.000000 0.095854
698.000000 0.096422
699.000000 0.097115
700.000000 0.097932
701.000000 0.098826
702.000000 0.099750
703.000000 0.100762
704.000000 0.101949
705.000000 0.103292
706.000000 0.104682
707.000000 0.106184
708.000000 0.107864
709.000000 0.109598
710.000000 0.111349
711.000000 0.113231
712.000000 0.115243
713.000000 0.117327
714.000000 0.119542
715.000000 0.121858
716.000000 0.124211
717.000000 0.126563
718.000000 0.128865
719.000000 0.131056
720.000000 0.133229
721.000000 0.135424
722.000000 0.137606
723.000000 0.139727
724.000000 0.141752
725.000000 0.143695
726.000000 0.145525
727.000000 0.147266
728.000000 0.148875
729.000000 0.150364
730.000000 0.151736
731.000000 0.152943
732.000000 0.154068
733.000000 0.155081
734.000000 0.155980
735.000000 0.156803
736.000000 0.157492
737.000000 0.158100
738.000000 0.158544
739.000000 0.158846
740.000000 0.159138
741.000000 0.159298
742.000000 0.159280
743.000000 0.159149
744.000000 0.158905
745.000000 0.158562
746.000000 0.158025
747.000000 0.157274
748.000000 0.156417
749.000000 0.155475
750.000000 0.154339
751.000000 0.152970
752.000000 0.151428
753.000000 0.149766
754.000000 0.147963
755.000000 0.145913
756.000000 0.143669
757.000000 0.141292
758.000000 0.138715
759.000000 0.135938
760.000000 0.133050
761.000000 0.130034
762.000000 0.126858
763.000000 0.123566
764.000000 0.120146
765.000000 0.116607
766.000000 0.112998
767.000000 0.109359
768.000000 0.105735
769.000000 0.102083
770.000000 0.098348
771.000000 0.094597
772.000000 0.090925
773.000000 0.087358
774.000000 0.083863
775.000000 0.080501
776.000000 0.077055
777.000000 0.073509
778.000000 0.070221
779.000000 0.067197
780.000000 0.064330
781.000000 0.061567
782.000000 0.058922
783.000000 0.056387
784.000000 0.053952
785.000000 0.051602
786.000000 0.049341
787.000000 0.047243
788.000000 0.045213
789.000000 0.043295
790.000000 0.041549
791.000000 0.039885
792.000000 0.038278
793.000000 0.036759
794.000000 0.035283
795.000000 0.033830
796.000000 0.032421
797.000000 0.031039
798.000000 0.029767
799.000000 0.028621
800.000000 0.027535
801.000000 0.026450
802.000000 0.025360
803.000000 0.024325
804.000000 0.023312
805.000000 0.022262
806.000000 0.021259
807.000000 0.020361
808.000000 0.019484
809.000000 0.018604
810.000000 0.017734
811.000000 0.016930
812.000000 0.016230
813.000000 0.015476
814.000000 0.014651
815.000000 0.013909
816.000000 0.013252
817.000000 0.012608
818.000000 0.011975
819.000000 0.011387
820.000000 0.010896
821.000000 0.010404
822.000000 0.009927
823.000000 0.009555
824.000000 0.009174
825.000000 0.008750
826.000000 0.008330
827.000000 0.007931
828.000000 0.007577
829.000000 0.007289
830.000000 0.007009
831.000000 0.006726
832.000000 0.006476
833.000000 0.006247
834.000000 0.006029
835.000000 0.005850
836.000000 0.005696
837.000000 0.005526
838.000000 0.005346
839.000000 0.005138
840.000000 0.004912
841.000000 0.004708
842.000000 0.004542
843.000000 0.004413
844.000000 0.004297
845.000000 0.004171
846.000000 0.004033
847.000000 0.003941
848.000000 0.003837
849.000000 0.003678
850.000000 0.003554
851.000000 0.003466
852.000000 0.003395
853.000000 0.003323
854.000000 0.003192
855.000000 0.003055
856.000000 0.002956
857.000000 0.002863
858.000000 0.002807
859.000000 0.002760
860.000000 0.002649
861.000000 0.002529
862.000000 0.002456
863.000000 0.002373
864.000000 0.002294
865.000000 0.002209
866.000000 0.002071
867.000000 0.001929
868.000000 0.001862
869.000000 0.001795
870.000000 0.001672
871.000000 0.001578
872.000000 0.001483
873.000000 0.001380
874.000000 0.001350
875.000000 0.001340
876.000000 0.001276
877.000000 0.001188
878.000000 0.001090
879.000000 0.000994
880.000000 0.000911
881.000000 0.000836
882.000000 0.000753
883.000000 0.000710
884.000000 0.000695
885.000000 0.000656
886.000000 0.000613
887.000000 0.000550
888.000000 0.000484
889.000000 0.000431
890.000000 0.000387
891.000000 0.000348
892.000000 0.000302
893.000000 0.000249
894.000000 0.000227
895.000000 0.000206
896.000000 0.000198
897.000000 0.000222
898.000000 0.000226
899.000000 0.000221
900.000000 0.000185
901.000000 0.000116
902.000000 0.000044
903.000000 -0.000003
904.000000 0.000010
905.000000 0.000027
906.000000 -0.000007
907.000000 -0.000022
908.000000 -0.000025
909.000000 -0.000033
910.000000 -0.000022
911.000000 -0.000028
912.000000 -0.000068
913.000000 -0.000149
914.000000 -0.000202
915.000000 -0.000205
916.000000 -0.000214
917.000000 -0.000247
918.000000 -0.000290
919.000000 -0.000327
920.000000 -0.000361
921.000000 -0.000372
922.000000 -0.000383
923.000000 -0.000420
924.000000 -0.000441
925.000000 -0.000462
926.000000 -0.000505
927.000000 -0.000533
928.000000 -0.000545
929.000000 -0.000634
930.000000 -0.000690
931.000000 -0.000663
932.000000 -0.000669
933.000000 -0.000674
934.000000 -0.000669
935.000000 -0.000692
936.000000 -0.000717
937.000000 -0.000718
938.000000 -0.000732
939.000000 -0.000750
940.000000 -0.000745
941.000000 -0.000737
942.000000 -0.000735
943.000000 -0.000718
944.000000 -0.000714
945.000000 -0.000750
946.000000 -0.000786
947.000000 -0.000819
948.000000 -0.000845
949.000000 -0.000876
950.000000 -0.000916
