315.000000 0.092856
316.000000 0.093461
317.000000 0.092838
318.000000 0.092767
319.000000 0.093535
320.000000 0.093661
321.000000 0.093524
322.000000 0.093340
323.000000 0.093866
324.000000 0.095131
325.000000 0.096145
326.000000 0.097145
327.000000 0.098319
328.000000 0.099603
329.000000 0.100219
330.000000 0.100456
331.000000 0.100590
332.000000 0.100421
333.000000 0.100875
334.000000 0.101774
335.000000 0.102326
336.000000 0.102883
337.000000 0.103607
338.000000 0.104216
339.000000 0.104772
340.000000 0.105173
341.000000 0.105687
342.000000 0.106253
343.000000 0.106485
344.000000 0.106812
345.000000 0.107646
346.000000 0.108090
347.000000 0.108289
348.000000 0.108834
349.000000 0.109410
350.000000 0.110087
351.000000 0.110928
352.000000 0.111784
353.000000 0.112527
354.000000 0.113050
355.000000 0.113781
356.000000 0.114777
357.000000 0.115621
358.000000 0.116449
359.000000 0.117293
360.000000 0.118367
361.000000 0.119505
362.000000 0.120567
363.000000 0.121921
364.000000 0.123500
365.000000 0.125100
366.000000 0.126613
367.000000 0.128137
368.000000 0.129851
369.000000 0.131671
370.000000 0.133069
371.000000 0.134494
372.000000 0.136509
373.000000 0.138782
374.000000 0.140813
375.000000 0.143152
376.000000 0.146055
377.000000 0.148722
378.000000 0.151315
379.000000 0.154076
380.000000 0.157380
381.000000 0.160768
382.000000 0.163881
383.000000 0.166979
384.000000 0.170211
385.000000 0.173410
386.000000 0.176292
387.000000 0.179148
388.000000 0.182128
389.000000 0.184853
390.000000 0.187092
391.000000 0.189403
392.000000 0.191976
393.000000 0.194328
394.000000 0.196421
395.000000 0.198609
396.000000 0.200957
397.000000 0.203630
398.000000 0.206450
399.000000 0.209180
400.000000 0.211683
401.000000 0.214187
402.000000 0.216942
403.000000 0.219429
404.000000 0.221651
405.000000 0.224306
406.000000 0.227177
407.000000 0.229696
408.000000 0.232156
409.000000 0.234604
410.000000 0.236925
411.000000 0.239499
412.000000 0.242284
413.000000 0.244848
414.000000 0.247018
415.000000 0.249053
416.000000 0.251113
417.000000 0.253387
418.000000 0.255496
419.000000 0.257155
420.000000 0.258875
421.000000 0.260652
422.000000 0.262373
423.000000 0.263948
424.000000 0.265167
425.000000 0.266189
426.000000 0.267223
427.000000 0.268054
428.000000 0.268627
429.000000 0.268952
430.000000 0.269002
431.000000 0.268880
432.000000 0.268716
433.000000 0.268510
434.000000 0.268187
435.000000 0.267610
436.000000 0.266941
437.000000 0.266186
438.000000 0.265221
439.000000 0.264198
440.000000 0.263140
441.000000 0.262107
442.000000 0.261162
443.000000 0.260164
444.000000 0.259072
445.000000 0.257895
446.000000 0.256543
447.000000 0.255182
448.000000 0.253678
449.000000 0.252213
450.000000 0.250998
451.000000 0.249532
452.000000 0.247848
453.000000 0.246139
454.000000 0.244310
455.000000 0.242369
456.000000 0.240333
457.000000 0.238106
458.000000 0.235840
459.000000 0.233453
460.000000 0.230848
461.000000 0.228154
462.000000 0.225226
463.000000 0.222167
464.000000 0.219083
465.000000 0.215890
466.000000 0.212791
467.000000 0.209720
468.000000 0.206598
469.000000 0.203393
470.000000 0.200173
471.000000 0.197012
472.000000 0.193756
473.000000 0.190593
474.000000 0.187473
475.000000 0.184385
476.000000 0.181563
477.000000 0.178726
478.000000 0.175905
479.000000 0.173240
480.000000 0.170805
481.000000 0.168556
482.000000 0.166340
483.000000 0.164196
484.000000 0.162095
485.000000 0.160153
486.000000 0.158310
487.000000 0.156504
488.000000 0.154787
489.000000 0.153202
490.000000 0.151773
491.000000 0.150501
492.000000 0.149406
493.000000 0.148350
494.000000 0.146990
495.000000 0.145649
496.000000 0.144513
497.000000 0.143491
498.000000 0.142685
499.000000 0.141678
500.000000 0.140678
501.000000 0.139827
502.000000 0.139229
503.000000 0.138682
504.000000 0.137849
505.000000 0.137091
506.000000 0.136580
507.000000 0.136162
508.000000 0.135499
509.000000 0.134740
510.000000 0.134020
511.000000 0.133000
512.000000 0.131970
513.000000 0.131493
514.000000 0.131073
515.000000 0.130301
516.000000 0.129544
517.000000 0.129046
518.000000 0.128409
519.000000 0.127679
520.000000 0.127314
521.000000 0.127341
522.000000 0.127112
523.000000 0.126879
524.000000 0.127079
525.000000 0.127310
526.000000 0.127393
527.000000 0.127330
528.000000 0.127468
529.000000 0.127569
530.000000 0.127284
531.000000 0.127152
532.000000 0.127284
533.000000 0.127455
534.000000 0.127958
535.000000 0.128526
536.000000 0.128719
537.000000 0.128871
538.000000 0.129559
539.000000 0.130467
540.000000 0.131075
541.000000 0.131576
542.000000 0.132065
543.000000 0.132345
544.000000 0.132444
545.000000 0.132430
546.000000 0.132547
547.000000 0.132877
548.000000 0.133223
549.000000 0.133297
550.000000 0.133345
551.000000 0.133447
552.000000 0.133374
553.000000 0.133350
554.000000 0.133385
555.000000 0.133406
556.000000 0.133356
557.000000 0.133234
558.000000 0.133050
559.000000 0.132849
560.000000 0.132643
561.000000 0.132480
562.000000 0.132536
563.000000 0.132522
564.000000 0.132200
565.000000 0.131890
566.000000 0.131592
567.000000 0.131314
568.000000 0.131043
569.000000 0.130845
570.000000 0.130698
571.000000 0.130422
572.000000 0.130089
573.000000 0.129729
574.000000 0.129358
575.000000 0.129078
576.000000 0.128882
577.000000 0.128847
578.000000 0.128734
579.000000 0.128326
580.000000 0.127997
581.000000 0.127754
582.000000 0.127456
583.000000 0.127140
584.000000 0.126818
585.000000 0.126528
586.000000 0.126209
587.000000 0.125785
588.000000 0.125338
589.000000 0.125007
590.000000 0.124595
591.000000 0.124103
592.000000 0.123755
593.000000 0.123295
594.000000 0.122768
595.000000 0.122178
596.000000 0.121472
597.000000 0.120898
598.000000 0.120414
599.000000 0.119816
600.000000 0.119219
601.000000 0.118676
602.000000 0.118056
603.000000 0.117411
604.000000 0.116856
605.000000 0.116294
606.000000 0.115785
607.000000 0.115311
608.000000 0.114728
609.000000 0.114167
610.000000 0.113678
611.000000 0.113317
612.000000 0.113017
613.000000 0.112759
614.000000 0.112586
615.000000 0.112498
616.000000 0.112521
617.000000 0.112634
618.000000 0.112828
619.000000 0.113085
620.000000 0.113423
621.000000 0.113951
622.000000 0.114572
623.000000 0.115212
624.000000 0.115974
625.000000 0.116831
626.000000 0.117789
627.000000 0.118881
628.000000 0.120074
629.000000 0.121319
630.000000 0.122755
631.000000 0.124378
632.000000 0.125959
633.000000 0.127553
634.000000 0.129210
635.000000 0.130864
636.000000 0.132662
637.000000 0.134538
638.000000 0.136263
639.000000 0.137917
640.000000 0.139570
641.000000 0.141131
642.000000 0.142591
643.000000 0.144007
644.000000 0.145406
645.000000 0.146671
646.000000 0.147798
647.000000 0.148801
648.000000 0.149687
649.000000 0.150510
650.000000 0.151240
651.000000 0.151959
652.000000 0.152651
653.000000 0.153256
654.000000 0.153815
655.000000 0.154402
656.000000 0.155024
657.000000 0.155700
658.000000 0.156382
659.000000 0.157092
660.000000 0.157861
661.000000 0.158668
662.000000 0.159558
663.000000 0.160539
664.000000 0.161650
665.000000 0.162837
666.000000 0.164067
667.000000 0.165378
668.000000 0.166745
669.000000 0.168069
670.000000 0.169409
671.000000 0.170857
672.000000 0.172323
673.000000 0.173753
674.000000 0.175104
675.000000 0.176435
676.000000 0.177795
677.000000 0.179135
678.000000 0.180447
679.000000 0.181630
680.000000 0.182713
681.000000 0.183783
682.000000 0.184816
683.000000 0.185773
684.000000 0.186641
685.000000 0.187471
686.000000 0.188280
687.000000 0.189069
688.000000 0.189794
689.000000 0.190510
690.000000 0.191195
691.000000 0.191860
692.000000 0.192586
693.000000 0.193401
694.000000 0.194333
695.000000 0.195387
696.000000 0.196520
697.000000 0.197744
698.000000 0.199161
699.000000 0.200787
700.000000 0.202662
701.000000 0.204767
702.000000 0.206989
703.000000 0.209434
704.000000 0.212234
705.000000 0.215329
706.000000 0.218699
707.000000 0.222347
708.000000 0.226265
709.000000 0.230384
710.000000 0.234602
711.000000 0.239016
712.000000 0.243710
713.000000 0.248614
714.000000 0.253654
715.000000 0.258764
716.000000 0.263966
717.000000 0.269230
718.000000 0.274459
719.000000 0.279399
720.000000 0.284159
721.000000 0.288975
722.000000 0.293693
723.000000 0.298212
724.000000 0.302566
725.000000 0.306646
726.000000 0.310358
727.000000 0.313841
728.000000 0.317103
729.000000 0.320088
730.000000 0.322818
731.000000 0.325167
732.000000 0.327153
733.000000 0.328965
734.000000 0.330595
735.000000 0.332043
736.000000 0.333307
737.000000 0.334332
738.000000 0.335092
739.000000 0.335632
740.000000 0.335979
741.000000 0.336134
742.000000 0.336081
743.000000 0.335790
744.000000 0.335254
745.000000 0.334454
746.000000 0.333368
747.000000 0.332037
748.000000 0.330424
749.000000 0.328410
750.000000 0.326058
751.000000 0.323365
752.000000 0.320313
753.000000 0.316848
754.000000 0.312919
755.000000 0.308573
756.000000 0.303822
757.000000 0.298677
758.000000 0.293123
759.000000 0.287112
760.000000 0.280679
761.000000 0.273879
762.000000 0.266763
763.000000 0.259312
764.000000 0.251551
765.000000 0.243477
766.000000 0.235141
767.000000 0.226719
768.000000 0.218205
769.000000 0.209657
770.000000 0.201093
771.000000 0.192545
772.000000 0.184055
773.000000 0.175690
774.000000 0.167458
775.000000 0.159427
776.000000 0.151205
777.000000 0.142904
778.000000 0.135204
779.000000 0.128042
780.000000 0.121283
781.000000 0.114784
782.000000 0.108549
783.000000 0.102631
784.000000 0.096963
785.000000 0.091545
786.000000 0.086437
787.000000 0.081656
788.000000 0.077008
789.000000 0.072572
790.000000 0.068588
791.000000 0.064929
792.000000 0.061447
793.000000 0.058180
794.000000 0.055111
795.000000 0.052201
796.000000 0.049461
797.000000 0.046817
798.000000 0.044345
799.000000 0.042056
800.000000 0.039896
801.000000 0.037868
802.000000 0.035971
803.000000 0.034190
804.000000 0.032406
805.000000 0.030656
806.000000 0.029058
807.000000 0.027641
808.000000 0.026285
809.000000 0.024962
810.000000 0.023679
811.000000 0.022473
812.000000 0.021380
813.000000 0.020347
814.000000 0.019302
815.000000 0.018307
816.000000 0.017413
817.000000 0.016558
818.000000 0.015741
819.000000 0.014942
820.000000 0.014192
821.000000 0.013464
822.000000 0.012785
823.000000 0.012212
824.000000 0.011673
825.000000 0.011130
826.000000 0.010592
827.000000 0.010088
828.000000 0.009621
829.000000 0.009154
830.000000 0.008716
831.000000 0.008351
832.000000 0.008037
833.000000 0.007749
834.000000 0.007464
835.000000 0.007179
836.000000 0.006906
837.000000 0.006685
838.000000 0.006505
839.000000 0.006260
840.000000 0.005999
841.000000 0.005774
842.000000 0.005572
843.000000 0.005407
844.000000 0.005244
845.000000 0.005037
846.000000 0.004840
847.000000 0.004742
848.000000 0.004646
849.000000 0.004467
850.000000 0.004300
851.000000 0.004184
852.000000 0.004075
853.000000 0.003929
854.000000 0.003761
855.000000 0.003609
856.000000 0.003520
857.000000 0.003452
858.000000 0.003377
859.000000 0.003276
860.000000 0.003137
861.000000 0.003035
862.000000 0.002930
863.000000 0.002835
864.000000 0.002738
865.000000 0.002573
866.000000 0.002396
867.000000 0.002254
868.000000 0.002165
869.000000 0.002097
870.000000 0.001993
871.000000 0.001886
872.000000 0.001778
873.000000 0.001675
874.000000 0.001626
875.000000 0.001599
876.000000 0.001535
877.000000 0.001414
878.000000 0.001287
879.000000 0.001164
880.000000 0.001049
881.000000 0.000965
882.000000 0.000919
883.000000 0.000894
884.000000 0.000851
885.000000 0.000797
886.000000 0.000733
887.000000 0.000630
888.000000 0.000523
889.000000 0.000483
890.000000 0.000447
891.000000 0.000399
892.000000 0.000361
893.000000 0.000313
894.000000 0.000265
895.000000 0.000231
896.000000 0.000228
897.000000 0.000229
898.000000 0.000201
899.000000 0.000168
900.000000 0.000153
901.000000 0.000136
902.000000 0.000116
903.000000 0.000099
904.000000 0.000090
905.000000 0.000077
906.000000 0.000025
907.000000 -0.000028
908.000000 -0.000058
909.000000 -0.000056
910.000000 -0.000065
911.000000 -0.000104
912.000000 -0.000136
913.000000 -0.000163
914.000000 -0.000175
915.000000 -0.000192
916.000000 -0.000217
917.000000 -0.000237
918.000000 -0.000284
919.000000 -0.000359
920.000000 -0.000424
921.000000 -0.000489
922.000000 -0.000541
923.000000 -0.000550
924.000000 -0.000578
925.000000 -0.000636
926.000000 -0.000641
927.000000 -0.000649
928.000000 -0.000689
929.000000 -0.000810
930.000000 -0.000899
931.000000 -0.000865
932.000000 -0.000861
933.000000 -0.000869
934.000000 -0.000871
935.000000 -0.000893
936.000000 -0.000883
937.000000 -0.000852
938.000000 -0.000835
939.000000 -0.000828
940.000000 -0.000826
941.000000 -0.000829
942.000000 -0.000843
943.000000 -0.000853
944.000000 -0.000876
945.000000 -0.000930
946.000000 -0.000976
947.000000 -0.001008
948.000000 -0.001032
949.000000 -0.001057
950.000000 -0.001084
