315.000000 0.091259
316.000000 0.093054
317.000000 0.092862
318.000000 0.093625
319.000000 0.094634
320.000000 0.094217
321.000000 0.094435
322.000000 0.095002
323.000000 0.095660
324.000000 0.096742
325.000000 0.098032
326.000000 0.099416
327.000000 0.100093
328.000000 0.100633
329.000000 0.100755
330.000000 0.100829
331.000000 0.101321
332.000000 0.101268
333.000000 0.101832
334.000000 0.103206
335.000000 0.104171
336.000000 0.104546
337.000000 0.104931
338.000000 0.105343
339.000000 0.105826
340.000000 0.106344
341.000000 0.106714
342.000000 0.106943
343.000000 0.107257
344.000000 0.107543
345.000000 0.107805
346.000000 0.108383
347.000000 0.109063
348.000000 0.109599
349.000000 0.110198
350.000000 0.111011
351.000000 0.111672
352.000000 0.112166
353.000000 0.112755
354.000000 0.113388
355.000000 0.114273
356.000000 0.115244
357.000000 0.116088
358.000000 0.117057
359.000000 0.118016
360.000000 0.119175
361.000000 0.120514
362.000000 0.121712
363.000000 0.123015
364.000000 0.124458
365.000000 0.125789
366.000000 0.127096
367.000000 0.128637
368.000000 0.130457
369.000000 0.132326
370.000000 0.134853
371.000000 0.137748
372.000000 0.139749
373.000000 0.141605
374.000000 0.143541
375.000000 0.145707
376.000000 0.148244
377.000000 0.150838
378.000000 0.153760
379.000000 0.156494
380.000000 0.159403
381.000000 0.162653
382.000000 0.165473
383.000000 0.168153
384.000000 0.171072
385.000000 0.174344
386.000000 0.177771
387.000000 0.180864
388.000000 0.183458
389.000000 0.185834
390.000000 0.187966
391.000000 0.190218
392.000000 0.192646
393.000000 0.194778
394.000000 0.196871
395.000000 0.199199
396.000000 0.201674
397.000000 0.204226
398.000000 0.206868
399.000000 0.209365
400.000000 0.211968
401.000000 0.214801
402.000000 0.217502
403.000000 0.219844
404.000000 0.221999
405.000000 0.224445
406.000000 0.227094
407.000000 0.229654
408.000000 0.232214
409.000000 0.234698
410.000000 0.236902
411.000000 0.239150
412.000000 0.241640
413.000000 0.244014
414.000000 0.246310
415.000000 0.248669
416.000000 0.250743
417.000000 0.252622
418.000000 0.254591
419.000000 0.256504
420.000000 0.258393
421.000000 0.260104
422.000000 0.261553
423.000000 0.262868
424.000000 0.263991
425.000000 0.264956
426.000000 0.265838
427.000000 0.266601
428.000000 0.267074
429.000000 0.267355
430.000000 0.267583
431.000000 0.267675
432.000000 0.267582
433.000000 0.267277
434.000000 0.266875
435.000000 0.266235
436.000000 0.265406
437.000000 0.264554
438.000000 0.263618
439.000000 0.262635
440.000000 0.261565
441.000000 0.260425
442.000000 0.259303
443.000000 0.258145
444.000000 0.257013
445.000000 0.255916
446.000000 0.254743
447.000000 0.253491
448.000000 0.252055
449.000000 0.250634
450.000000 0.249382
451.000000 0.247862
452.000000 0.246174
453.000000 0.244520
454.000000 0.242757
455.000000 0.240882
456.000000 0.238824
457.000000 0.236574
458.000000 0.234283
459.000000 0.231882
460.000000 0.229303
461.000000 0.226688
462.000000 0.223857
463.000000 0.220871
464.000000 0.217842
465.000000 0.214717
466.000000 0.211687
467.000000 0.208596
468.000000 0.205475
469.000000 0.202331
470.000000 0.199175
471.000000 0.196085
472.000000 0.192838
473.000000 0.189721
474.000000 0.186716
475.000000 0.183704
476.000000 0.180938
477.000000 0.178152
478.000000 0.175372
479.000000 0.172756
480.000000 0.170323
481.000000 0.168022
482.000000 0.165671
483.000000 0.163406
484.000000 0.161266
485.000000 0.159294
486.000000 0.157395
487.000000 0.155583
488.000000 0.153921
489.000000 0.152280
490.000000 0.150892
491.000000 0.149820
492.000000 0.148793
493.000000 0.147491
494.000000 0.145991
495.000000 0.144783
496.000000 0.143730
497.000000 0.142853
498.000000 0.141816
499.000000 0.140904
500.000000 0.140379
501.000000 0.139540
502.000000 0.138812
503.000000 0.138280
504.000000 0.137570
505.000000 0.136781
506.000000 0.135921
507.000000 0.135213
508.000000 0.134577
509.000000 0.133730
510.000000 0.132956
511.000000 0.132012
512.000000 0.130920
513.000000 0.130104
514.000000 0.129341
515.000000 0.128497
516.000000 0.127761
517.000000 0.127380
518.000000 0.127206
519.000000 0.126716
520.000000 0.126025
521.000000 0.125720
522.000000 0.125548
523.000000 0.125340
524.000000 0.125166
525.000000 0.125236
526.000000 0.125309
527.000000 0.124899
528.000000 0.124839
529.000000 0.125123
530.000000 0.125259
531.000000 0.125336
532.000000 0.125201
533.000000 0.125064
534.000000 0.125292
535.000000 0.125766
536.000000 0.126392
537.000000 0.126663
538.000000 0.126625
539.000000 0.127046
540.000000 0.127555
541.000000 0.128282
542.000000 0.129085
543.000000 0.129594
544.000000 0.129928
545.000000 0.130038
546.000000 0.130182
547.000000 0.130155
548.000000 0.130170
549.000000 0.130293
550.000000 0.130397
551.000000 0.130608
552.000000 0.130738
553.000000 0.130698
554.000000 0.130625
555.000000 0.130639
556.000000 0.130469
557.000000 0.130286
558.000000 0.130354
559.000000 0.130323
560.000000 0.130156
561.000000 0.130083
562.000000 0.130108
563.000000 0.129993
564.000000 0.129645
565.000000 0.129287
566.000000 0.129025
567.000000 0.128844
568.000000 0.128659
569.000000 0.128454
570.000000 0.128278
571.000000 0.127993
572.000000 0.127738
573.000000 0.127559
574.000000 0.127186
575.000000 0.126863
576.000000 0.126775
577.000000 0.126694
578.000000 0.126518
579.000000 0.126174
580.000000 0.125778
581.000000 0.125558
582.000000 0.125452
583.000000 0.125349
584.000000 0.125143
585.000000 0.124923
586.000000 0.124649
587.000000 0.124286
588.000000 0.123933
589.000000 0.123535
590.000000 0.123115
591.000000 0.122712
592.000000 0.122416
593.000000 0.122051
594.000000 0.121612
595.000000 0.121104
596.000000 0.120527
597.000000 0.119976
598.000000 0.119423
599.000000 0.118959
600.000000 0.118524
601.000000 0.118019
602.000000 0.117511
603.000000 0.116971
604.000000 0.116328
605.000000 0.115773
606.000000 0.115398
607.000000 0.115037
608.000000 0.114540
609.000000 0.113960
610.000000 0.113494
611.000000 0.113185
612.000000 0.112968
613.000000 0.112834
614.000000 0.112810
615.000000 0.112859
616.000000 0.113003
617.000000 0.113226
618.000000 0.113445
619.000000 0.113688
620.000000 0.114054
621.000000 0.114620
622.000000 0.115255
623.000000 0.115938
624.000000 0.116827
625.000000 0.117818
626.000000 0.118871
627.000000 0.120050
628.000000 0.121320
629.000000 0.122653
630.000000 0.124120
631.000000 0.125694
632.000000 0.127330
633.000000 0.129053
634.000000 0.130832
635.000000 0.132628
636.000000 0.134462
637.000000 0.136351
638.000000 0.138111
639.000000 0.139874
640.000000 0.141688
641.000000 0.143379
642.000000 0.144924
643.000000 0.146407
644.000000 0.147929
645.000000 0.149282
646.000000 0.150465
647.000000 0.151566
648.000000 0.152572
649.000000 0.153544
650.000000 0.154435
651.000000 0.155240
652.000000 0.155965
653.000000 0.156601
654.000000 0.157226
655.000000 0.157864
656.000000 0.158569
657.000000 0.159354
658.000000 0.160138
659.000000 0.160974
660.000000 0.161861
661.000000 0.162822
662.000000 0.163882
663.000000 0.164979
664.000000 0.166181
665.000000 0.167420
666.000000 0.168700
667.000000 0.170079
668.000000 0.171532
669.000000 0.173012
670.000000 0.174464
671.000000 0.175971
672.000000 0.177536
673.000000 0.179045
674.000000 0.180412
675.000000 0.181811
676.000000 0.183327
677.000000 0.184804
678.000000 0.186168
679.000000 0.187390
680.000000 0.188548
681.000000 0.189655
682.000000 0.190750
683.000000 0.191801
684.000000 0.192758
685.000000 0.193651
686.000000 0.194463
687.000000 0.195262
688.000000 0.195989
689.000000 0.196716
690.000000 0.197449
691.000000 0.198164
692.000000 0.198969
693.000000 0.199859
694.000000 0.200822
695.000000 0.201876
696.000000 0.203004
697.000000 0.204262
698.000000 0.205731
699.000000 0.207437
700.000000 0.209417
701.000000 0.211617
702.000000 0.213934
703.000000 0.216468
704.000000 0.219379
705.000000 0.222632
706.000000 0.226151
707.000000 0.229930
708.000000 0.233983
709.000000 0.238257
710.000000 0.242591
711.000000 0.247063
712.000000 0.251873
713.000000 0.256936
714.000000 0.262162
715.000000 0.267478
716.000000 0.272888
717.000000 0.278340
718.000000 0.283742
719.000000 0.288866
720.000000 0.293768
721.000000 0.298711
722.000000 0.303559
723.000000 0.308225
724.000000 0.312721
725.000000 0.316966
726.000000 0.320890
727.000000 0.324529
728.000000 0.327861
729.000000 0.330907
730.000000 0.333709
731.000000 0.336091
732.000000 0.338127
733.000000 0.340046
734.000000 0.341811
735.000000 0.343350
736.000000 0.344627
737.000000 0.345670
738.000000 0.346444
739.000000 0.346984
740.000000 0.347354
741.000000 0.347470
742.000000 0.347399
743.000000 0.347153
744.000000 0.346632
745.000000 0.345851
746.000000 0.344735
747.000000 0.343282
748.000000 0.341571
749.000000 0.339550
750.000000 0.337112
751.000000 0.334254
752.000000 0.331024
753.000000 0.327422
754.000000 0.323428
755.000000 0.319002
756.000000 0.314095
757.000000 0.308724
758.000000 0.302949
759.000000 0.296749
760.000000 0.290113
761.000000 0.283049
762.000000 0.275619
763.000000 0.267887
764.000000 0.259883
765.000000 0.251586
766.000000 0.243015
767.000000 0.234280
768.000000 0.225493
769.000000 0.216678
770.000000 0.207771
771.000000 0.198867
772.000000 0.190091
773.000000 0.181445
774.000000 0.172932
775.000000 0.164609
776.000000 0.156005
777.000000 0.147327
778.000000 0.139303
779.000000 0.131867
780.000000 0.124851
781.000000 0.118126
782.000000 0.111737
783.000000 0.105615
784.000000 0.099712
785.000000 0.094100
786.000000 0.088819
787.000000 0.083885
788.000000 0.079047
789.000000 0.074450
790.000000 0.070358
791.000000 0.066610
792.000000 0.063033
793.000000 0.059650
794.000000 0.056500
795.000000 0.053518
796.000000 0.050675
797.000000 0.047924
798.000000 0.045345
799.000000 0.042978
800.000000 0.040798
801.000000 0.038746
802.000000 0.036773
803.000000 0.034928
804.000000 0.033140
805.000000 0.031378
806.000000 0.029734
807.000000 0.028269
808.000000 0.026902
809.000000 0.025532
810.000000 0.024189
811.000000 0.022910
812.000000 0.021734
813.000000 0.020631
814.000000 0.019580
815.000000 0.018598
816.000000 0.017657
817.000000 0.016783
818.000000 0.015936
819.000000 0.015126
820.000000 0.014400
821.000000 0.013667
822.000000 0.012939
823.000000 0.012324
824.000000 0.011773
825.000000 0.011185
826.000000 0.010616
827.000000 0.010107
828.000000 0.009662
829.000000 0.009273
830.000000 0.008880
831.000000 0.008515
832.000000 0.008163
833.000000 0.007859
834.000000 0.007594
835.000000 0.007322
836.000000 0.007051
837.000000 0.006783
838.000000 0.006560
839.000000 0.006335
840.000000 0.006094
841.000000 0.005887
842.000000 0.005707
843.000000 0.005530
844.000000 0.005348
845.000000 0.005150
846.000000 0.004964
847.000000 0.004828
848.000000 0.004691
849.000000 0.004525
850.000000 0.004374
851.000000 0.004225
852.000000 0.004093
853.000000 0.003987
854.000000 0.003851
855.000000 0.003695
856.000000 0.003587
857.000000 0.003489
858.000000 0.003394
859.000000 0.003291
860.000000 0.003157
861.000000 0.003023
862.000000 0.002903
863.000000 0.002795
864.000000 0.002631
865.000000 0.002456
866.000000 0.002321
867.000000 0.002223
868.000000 0.002191
869.000000 0.002173
870.000000 0.002108
871.000000 0.002011
872.000000 0.001896
873.000000 0.001810
874.000000 0.001782
875.000000 0.001757
876.000000 0.001661
877.000000 0.001497
878.000000 0.001355
879.000000 0.001238
880.000000 0.001137
881.000000 0.001052
882.000000 0.000971
883.000000 0.000918
884.000000 0.000900
885.000000 0.000844
886.000000 0.000735
887.000000 0.000649
888.000000 0.000626
889.000000 0.000618
890.000000 0.000579
891.000000 0.000519
892.000000 0.000441
893.000000 0.000357
894.000000 0.000312
895.000000 0.000290
896.000000 0.000290
897.000000 0.000325
898.000000 0.000283
899.000000 0.000227
900.000000 0.000222
901.000000 0.000212
902.000000 0.000187
903.000000 0.000151
904.000000 0.000160
905.000000 0.000154
906.000000 0.000096
907.000000 0.000055
908.000000 0.000038
909.000000 0.000033
910.000000 -0.000002
911.000000 -0.000072
912.000000 -0.000112
913.000000 -0.000165
914.000000 -0.000207
915.000000 -0.000216
916.000000 -0.000245
917.000000 -0.000268
918.000000 -0.000298
919.000000 -0.000359
920.000000 -0.000434
921.000000 -0.000463
922.000000 -0.000481
923.000000 -0.000529
924.000000 -0.000561
925.000000 -0.000585
926.000000 -0.000624
927.000000 -0.000645
928.000000 -0.000656
929.000000 -0.000738
930.000000 -0.000773
931.000000 -0.000729
932.000000 -0.000726
933.000000 -0.000734
934.000000 -0.000734
935.000000 -0.000758
936.000000 -0.000778
937.000000 -0.000754
938.000000 -0.000751
939.000000 -0.000767
940.000000 -0.000764
941.000000 -0.000777
942.000000 -0.000779
943.000000 -0.000778
944.000000 -0.000817
945.000000 -0.000868
946.000000 -0.000922
947.000000 -0.000970
948.000000 -0.001000
949.000000 -0.001037
950.000000 -0.001071
