315.000000 0.093638
316.000000 0.094514
317.000000 0.094719
318.000000 0.095203
319.000000 0.096038
320.000000 0.096232
321.000000 0.096430
322.000000 0.096043
323.000000 0.095791
324.000000 0.096814
325.000000 0.098354
326.000000 0.099706
327.000000 0.100419
328.000000 0.100835
329.000000 0.101027
330.000000 0.101455
331.000000 0.101795
332.000000 0.101516
333.000000 0.101602
334.000000 0.102487
335.000000 0.103290
336.000000 0.104026
337.000000 0.104672
338.000000 0.104682
339.000000 0.104969
340.000000 0.105547
341.000000 0.105748
342.000000 0.105810
343.000000 0.106350
344.000000 0.107148
345.000000 0.107861
346.000000 0.108486
347.000000 0.109070
348.000000 0.109646
349.000000 0.110238
350.000000 0.110983
351.000000 0.111575
352.000000 0.111948
353.000000 0.112391
354.000000 0.113012
355.000000 0.113980
356.000000 0.114907
357.000000 0.115593
358.000000 0.116455
359.000000 0.117543
360.000000 0.118718
361.000000 0.119860
362.000000 0.121119
363.000000 0.122573
364.000000 0.124105
365.000000 0.125615
366.000000 0.127052
367.000000 0.128580
368.000000 0.130350
369.000000 0.132216
370.000000 0.134316
371.000000 0.136498
372.000000 0.138483
373.000000 0.140885
374.000000 0.143096
375.000000 0.145238
376.000000 0.147667
377.000000 0.150103
378.000000 0.152846
379.000000 0.155520
380.000000 0.158273
381.000000 0.161322
382.000000 0.164523
383.000000 0.167506
384.000000 0.170560
385.000000 0.173955
386.000000 0.177350
387.000000 0.180529
388.000000 0.183393
389.000000 0.186065
390.000000 0.188238
391.000000 0.190344
392.000000 0.192743
393.000000 0.194986
394.000000 0.197042
395.000000 0.199280
396.000000 0.201832
397.000000 0.204485
398.000000 0.207059
399.000000 0.209482
400.000000 0.211894
401.000000 0.214233
402.000000 0.216673
403.000000 0.219095
404.000000 0.221352
405.000000 0.224038
406.000000 0.226685
407.000000 0.228970
408.000000 0.231520
409.000000 0.234151
410.000000 0.236603
411.000000 0.238774
412.000000 0.240912
413.000000 0.243294
414.000000 0.245589
415.000000 0.247816
416.000000 0.249919
417.000000 0.251904
418.000000 0.253821
419.000000 0.255521
420.000000 0.257273
421.000000 0.259044
422.000000 0.260609
423.000000 0.262033
424.000000 0.263223
425.000000 0.264088
426.000000 0.264713
427.000000 0.265340
428.000000 0.265848
429.000000 0.266027
430.000000 0.265997
431.000000 0.265830
432.000000 0.265615
433.000000 0.265293
434.000000 0.264890
435.000000 0.264279
436.000000 0.263537
437.000000 0.262742
438.000000 0.261821
439.000000 0.260809
440.000000 0.259730
441.000000 0.258622
442.000000 0.257501
443.000000 0.256384
444.000000 0.255300
445.000000 0.254153
446.000000 0.252851
447.000000 0.251585
448.000000 0.250120
449.000000 0.248740
450.000000 0.247572
451.000000 0.246014
452.000000 0.244237
453.000000 0.242495
454.000000 0.240710
455.000000 0.238865
456.000000 0.236850
457.000000 0.234624
458.000000 0.232346
459.000000 0.229978
460.000000 0.227480
461.000000 0.224894
462.000000 0.222099
463.000000 0.219128
464.000000 0.216137
465.000000 0.213169
466.000000 0.210252
467.000000 0.207223
468.000000 0.204130
469.000000 0.201021
470.000000 0.197941
471.000000 0.194890
472.000000 0.191704
473.000000 0.188623
474.000000 0.185609
475.000000 0.182678
476.000000 0.179966
477.000000 0.177181
478.000000 0.174401
479.000000 0.171823
480.000000 0.169377
481.000000 0.167034
482.000000 0.164811
483.000000 0.162671
484.000000 0.160517
485.000000 0.158472
486.000000 0.156495
487.000000 0.154624
488.000000 0.152906
489.000000 0.151613
490.000000 0.150317
491.000000 0.148576
492.000000 0.147111
493.000000 0.146059
494.000000 0.144742
495.000000 0.143531
496.000000 0.142623
497.000000 0.141598
498.000000 0.140508
499.000000 0.139592
500.000000 0.138936
501.000000 0.138012
502.000000 0.137192
503.000000 0.136334
504.000000 0.135282
505.000000 0.134446
506.000000 0.133642
507.000000 0.133006
508.000000 0.132274
509.000000 0.131269
510.000000 0.130343
511.000000 0.129393
512.000000 0.128354
513.000000 0.127572
514.000000 0.126993
515.000000 0.126368
516.000000 0.125800
517.000000 0.125197
518.000000 0.124559
519.000000 0.123893
520.000000 0.123415
521.000000 0.123293
522.000000 0.122983
523.000000 0.122860
524.000000 0.122871
525.000000 0.122555
526.000000 0.122390
527.000000 0.122193
528.000000 0.122127
529.000000 0.122188
530.000000 0.122048
531.000000 0.122081
532.000000 0.122130
533.000000 0.122088
534.000000 0.122419
535.000000 0.122809
536.000000 0.123146
537.000000 0.123545
538.000000 0.123921
539.000000 0.124596
540.000000 0.125159
541.000000 0.125694
542.000000 0.126349
543.000000 0.126796
544.000000 0.127212
545.000000 0.127286
546.000000 0.127232
547.000000 0.127477
548.000000 0.127690
549.000000 0.127632
550.000000 0.127501
551.000000 0.127574
552.000000 0.127558
553.000000 0.127658
554.000000 0.127908
555.000000 0.127869
556.000000 0.127752
557.000000 0.127608
558.000000 0.127547
559.000000 0.127489
560.000000 0.127297
561.000000 0.127144
562.000000 0.127100
563.000000 0.127120
564.000000 0.127027
565.000000 0.126686
566.000000 0.126276
567.000000 0.125944
568.000000 0.125741
569.000000 0.125668
570.000000 0.125576
571.000000 0.125406
572.000000 0.125163
573.000000 0.124946
574.000000 0.124757
575.000000 0.124568
576.000000 0.124470
577.000000 0.124544
578.000000 0.124534
579.000000 0.124245
580.000000 0.123998
581.000000 0.123934
582.000000 0.123793
583.000000 0.123595
584.000000 0.123403
585.000000 0.123080
586.000000 0.122691
587.000000 0.122340
588.000000 0.121978
589.000000 0.121777
590.000000 0.121639
591.000000 0.121349
592.000000 0.121109
593.000000 0.120760
594.000000 0.120401
595.000000 0.119964
596.000000 0.119356
597.000000 0.118844
598.000000 0.118425
599.000000 0.117953
600.000000 0.117501
601.000000 0.117018
602.000000 0.116440
603.000000 0.115958
604.000000 0.115484
605.000000 0.115043
606.000000 0.114707
607.000000 0.114377
608.000000 0.113976
609.000000 0.113586
610.000000 0.113252
611.000000 0.113021
612.000000 0.112889
613.000000 0.112806
614.000000 0.112809
615.000000 0.112954
616.000000 0.113110
617.000000 0.113278
618.000000 0.113607
619.000000 0.114023
620.000000 0.114494
621.000000 0.115074
622.000000 0.115782
623.000000 0.116574
624.000000 0.117514
625.000000 0.118550
626.000000 0.119689
627.000000 0.120972
628.000000 0.122263
629.000000 0.123632
630.000000 0.125174
631.000000 0.126858
632.000000 0.128613
633.000000 0.130413
634.000000 0.132250
635.000000 0.134060
636.000000 0.135941
637.000000 0.137915
638.000000 0.139776
639.000000 0.141618
640.000000 0.143492
641.000000 0.145289
642.000000 0.146940
643.000000 0.148501
644.000000 0.150122
645.000000 0.151563
646.000000 0.152792
647.000000 0.153980
648.000000 0.155101
649.000000 0.156125
650.000000 0.157064
651.000000 0.157981
652.000000 0.158824
653.000000 0.159578
654.000000 0.160335
655.000000 0.161120
656.000000 0.161965
657.000000 0.162865
658.000000 0.163763
659.000000 0.164717
660.000000 0.165715
661.000000 0.166746
662.000000 0.167841
663.000000 0.169073
664.000000 0.170425
665.000000 0.171778
666.000000 0.173215
667.000000 0.174757
668.000000 0.176336
669.000000 0.177891
670.000000 0.179416
671.000000 0.181029
672.000000 0.182680
673.000000 0.184259
674.000000 0.185762
675.000000 0.187285
676.000000 0.188827
677.000000 0.190350
678.000000 0.191824
679.000000 0.193119
680.000000 0.194295
681.000000 0.195396
682.000000 0.196479
683.000000 0.197542
684.000000 0.198556
685.000000 0.199534
686.000000 0.200433
687.000000 0.201277
688.000000 0.202050
689.000000 0.202810
690.000000 0.203527
691.000000 0.204234
692.000000 0.205033
693.000000 0.205952
694.000000 0.206991
695.000000 0.208108
696.000000 0.209296
697.000000 0.210613
698.000000 0.212195
699.000000 0.214022
700.000000 0.216060
701.000000 0.218360
702.000000 0.220770
703.000000 0.223359
704.000000 0.226299
705.000000 0.229558
706.000000 0.233157
707.000000 0.237071
708.000000 0.241250
709.000000 0.245638
710.000000 0.250115
711.000000 0.254800
712.000000 0.259784
713.000000 0.264981
714.000000 0.270404
715.000000 0.275937
716.000000 0.281585
717.000000 0.287268
718.000000 0.292808
719.000000 0.298014
720.000000 0.303072
721.000000 0.308222
722.000000 0.313271
723.000000 0.318130
724.000000 0.322766
725.000000 0.327133
726.000000 0.331135
727.000000 0.334819
728.000000 0.338297
729.000000 0.341514
730.000000 0.344437
731.000000 0.346910
732.000000 0.349014
733.000000 0.351004
734.000000 0.352810
735.000000 0.354362
736.000000 0.355609
737.000000 0.356624
738.000000 0.357462
739.000000 0.358049
740.000000 0.358444
741.000000 0.358605
742.000000 0.358520
743.000000 0.358223
744.000000 0.357675
745.000000 0.356848
746.000000 0.355679
747.000000 0.354215
748.000000 0.352485
749.000000 0.350382
750.000000 0.347836
751.000000 0.344899
752.000000 0.341591
753.000000 0.337870
754.000000 0.333734
755.000000 0.329126
756.000000 0.324031
757.000000 0.318498
758.000000 0.312554
759.000000 0.306101
760.000000 0.299169
761.000000 0.291876
762.000000 0.284272
763.000000 0.276389
764.000000 0.268166
765.000000 0.259570
766.000000 0.250753
767.000000 0.241757
768.000000 0.232602
769.000000 0.223410
770.000000 0.214181
771.000000 0.204937
772.000000 0.195791
773.000000 0.186815
774.000000 0.177979
775.000000 0.169347
776.000000 0.160464
777.000000 0.151572
778.000000 0.143353
779.000000 0.135677
780.000000 0.128420
781.000000 0.121444
782.000000 0.114802
783.000000 0.108523
784.000000 0.102473
785.000000 0.096669
786.000000 0.091249
787.000000 0.086164
788.000000 0.081180
789.000000 0.076447
790.000000 0.072162
791.000000 0.068196
792.000000 0.064443
793.000000 0.060957
794.000000 0.057699
795.000000 0.054598
796.000000 0.051619
797.000000 0.048767
798.000000 0.046141
799.000000 0.043717
800.000000 0.041457
801.000000 0.039327
802.000000 0.037340
803.000000 0.035501
804.000000 0.033662
805.000000 0.031842
806.000000 0.030151
807.000000 0.028587
808.000000 0.027128
809.000000 0.025762
810.000000 0.024463
811.000000 0.023234
812.000000 0.022095
813.000000 0.020996
814.000000 0.019933
815.000000 0.018930
816.000000 0.017965
817.000000 0.016999
818.000000 0.016114
819.000000 0.015348
820.000000 0.014632
821.000000 0.013909
822.000000 0.013151
823.000000 0.012504
824.000000 0.011910
825.000000 0.011262
826.000000 0.010702
827.000000 0.010241
828.000000 0.009822
829.000000 0.009453
830.000000 0.009041
831.000000 0.008623
832.000000 0.008240
833.000000 0.007877
834.000000 0.007557
835.000000 0.007287
836.000000 0.007066
837.000000 0.006846
838.000000 0.006626
839.000000 0.006383
840.000000 0.006126
841.000000 0.005902
842.000000 0.005698
843.000000 0.005501
844.000000 0.005322
845.000000 0.005116
846.000000 0.004915
847.000000 0.004805
848.000000 0.004701
849.000000 0.004554
850.000000 0.004439
851.000000 0.004312
852.000000 0.004192
853.000000 0.004070
854.000000 0.003906
855.000000 0.003730
856.000000 0.003627
857.000000 0.003534
858.000000 0.003408
859.000000 0.003289
860.000000 0.003128
861.000000 0.002989
862.000000 0.002887
863.000000 0.002795
864.000000 0.002689
865.000000 0.002544
866.000000 0.002382
867.000000 0.002228
868.000000 0.002115
869.000000 0.002042
870.000000 0.001931
871.000000 0.001823
872.000000 0.001711
873.000000 0.001614
874.000000 0.001588
875.000000 0.001543
876.000000 0.001453
877.000000 0.001337
878.000000 0.001240
879.000000 0.001137
880.000000 0.001038
881.000000 0.000975
882.000000 0.000912
883.000000 0.000850
884.000000 0.000804
885.000000 0.000750
886.000000 0.000672
887.000000 0.000600
888.000000 0.000561
889.000000 0.000536
890.000000 0.000487
891.000000 0.000440
892.000000 0.000393
893.000000 0.000329
894.000000 0.000290
895.000000 0.000269
896.000000 0.000252
897.000000 0.000265
898.000000 0.000251
899.000000 0.000205
900.000000 0.000151
901.000000 0.000110
902.000000 0.000071
903.000000 0.000022
904.000000 0.000017
905.000000 0.000011
906.000000 -0.000042
907.000000 -0.000092
908.000000 -0.000103
909.000000 -0.000101
910.000000 -0.000139
911.000000 -0.000195
912.000000 -0.000223
913.000000 -0.000255
914.000000 -0.000290
915.000000 -0.000298
916.000000 -0.000317
917.000000 -0.000324
918.000000 -0.000333
919.000000 -0.000384
920.000000 -0.000427
921.000000 -0.000469
922.000000 -0.000508
923.000000 -0.000526
924.000000 -0.000543
925.000000 -0.000572
926.000000 -0.000627
927.000000 -0.000692
928.000000 -0.000755
929.000000 -0.000863
930.000000 -0.000888
931.000000 -0.000812
932.000000 -0.000785
933.000000 -0.000808
934.000000 -0.000856
935.000000 -0.000905
936.000000 -0.000913
937.000000 -0.000890
938.000000 -0.000878
939.000000 -0.000879
940.000000 -0.000875
941.000000 -0.000853
942.000000 -0.000858
943.000000 -0.000899
944.000000 -0.000922
945.000000 -0.000945
946.000000 -0.000987
947.000000 -0.001041
948.000000 -0.001094
949.000000 -0.001118
950.000000 -0.001121
