315.000000 0.090445
316.000000 0.090682
317.000000 0.090464
318.000000 0.091322
319.000000 0.093084
320.000000 0.093336
321.000000 0.092821
322.000000 0.092328
323.000000 0.092430
324.000000 0.094105
325.000000 0.095929
326.000000 0.096832
327.000000 0.097212
328.000000 0.097712
329.000000 0.098262
330.000000 0.098652
331.000000 0.098709
332.000000 0.098687
333.000000 0.099177
334.000000 0.100226
335.000000 0.100997
336.000000 0.101584
337.000000 0.102452
338.000000 0.102937
339.000000 0.103333
340.000000 0.103918
341.000000 0.104714
342.000000 0.105422
343.000000 0.105786
344.000000 0.106362
345.000000 0.107140
346.000000 0.107429
347.000000 0.107688
348.000000 0.108159
349.000000 0.108675
350.000000 0.109336
351.000000 0.110189
352.000000 0.111137
353.000000 0.111919
354.000000 0.112689
355.000000 0.113485
356.000000 0.114351
357.000000 0.115276
358.000000 0.116165
359.000000 0.117107
360.000000 0.118279
361.000000 0.119587
362.000000 0.120834
363.000000 0.122105
364.000000 0.123539
365.000000 0.125040
366.000000 0.126418
367.000000 0.128016
368.000000 0.129906
369.000000 0.131742
370.000000 0.133332
371.000000 0.135348
372.000000 0.138222
373.000000 0.140724
374.000000 0.142241
375.000000 0.144219
376.000000 0.146724
377.000000 0.149212
378.000000 0.152005
379.000000 0.154898
380.000000 0.157983
381.000000 0.161442
382.000000 0.164954
383.000000 0.167987
384.000000 0.171025
385.000000 0.174105
386.000000 0.177258
387.000000 0.180554
388.000000 0.183485
389.000000 0.186079
390.000000 0.188135
391.000000 0.190139
392.000000 0.192386
393.000000 0.194469
394.000000 0.196440
395.000000 0.198579
396.000000 0.201013
397.000000 0.203564
398.000000 0.206149
399.000000 0.208632
400.000000 0.211041
401.000000 0.213515
402.000000 0.216027
403.000000 0.218492
404.000000 0.220861
405.000000 0.223489
406.000000 0.226182
407.000000 0.228579
408.000000 0.230774
409.000000 0.232978
410.000000 0.235214
411.000000 0.237462
412.000000 0.239711
413.000000 0.241961
414.000000 0.244219
415.000000 0.246326
416.000000 0.248307
417.000000 0.250351
418.000000 0.252449
419.000000 0.254390
420.000000 0.256214
421.000000 0.257821
422.000000 0.259406
423.000000 0.260930
424.000000 0.261995
425.000000 0.262722
426.000000 0.263327
427.000000 0.263764
428.000000 0.264059
429.000000 0.264173
430.000000 0.264038
431.000000 0.263807
432.000000 0.263580
433.000000 0.263278
434.000000 0.262904
435.000000 0.262349
436.000000 0.261510
437.000000 0.260529
438.000000 0.259506
439.000000 0.258492
440.000000 0.257420
441.000000 0.256334
442.000000 0.255265
443.000000 0.254123
444.000000 0.253001
445.000000 0.251824
446.000000 0.250488
447.000000 0.249174
448.000000 0.247677
449.000000 0.246187
450.000000 0.244917
451.000000 0.243411
452.000000 0.241771
453.000000 0.240155
454.000000 0.238381
455.000000 0.236544
456.000000 0.234595
457.000000 0.232430
458.000000 0.230214
459.000000 0.227867
460.000000 0.225405
461.000000 0.222913
462.000000 0.220198
463.000000 0.217365
464.000000 0.214488
465.000000 0.211472
466.000000 0.208527
467.000000 0.205579
468.000000 0.202573
469.000000 0.199498
470.000000 0.196424
471.000000 0.193515
472.000000 0.190504
473.000000 0.187481
474.000000 0.184498
475.000000 0.181554
476.000000 0.178794
477.000000 0.175944
478.000000 0.173189
479.000000 0.170627
480.000000 0.168183
481.000000 0.165839
482.000000 0.163526
483.000000 0.161332
484.000000 0.159233
485.000000 0.157248
486.000000 0.155298
487.000000 0.153417
488.000000 0.151650
489.000000 0.149910
490.000000 0.148271
491.000000 0.146692
492.000000 0.145406
493.000000 0.144165
494.000000 0.142618
495.000000 0.141274
496.000000 0.140228
497.000000 0.139273
498.000000 0.137993
499.000000 0.136956
500.000000 0.136260
501.000000 0.135328
502.000000 0.134583
503.000000 0.133733
504.000000 0.132482
505.000000 0.131298
506.000000 0.130471
507.000000 0.129813
508.000000 0.129216
509.000000 0.128384
510.000000 0.127328
511.000000 0.126285
512.000000 0.125156
513.000000 0.124334
514.000000 0.123725
515.000000 0.123103
516.000000 0.122350
517.000000 0.121433
518.000000 0.120571
519.000000 0.119689
520.000000 0.118949
521.000000 0.118552
522.000000 0.118158
523.000000 0.117756
524.000000 0.117713
525.000000 0.118000
526.000000 0.118147
527.000000 0.118012
528.000000 0.118081
529.000000 0.118035
530.000000 0.117547
531.000000 0.117133
532.000000 0.117081
533.000000 0.117400
534.000000 0.118246
535.000000 0.118938
536.000000 0.119089
537.000000 0.118985
538.000000 0.118930
539.000000 0.119482
540.000000 0.120043
541.000000 0.120292
542.000000 0.120629
543.000000 0.121044
544.000000 0.121570
545.000000 0.121929
546.000000 0.122105
547.000000 0.122255
548.000000 0.122471
549.000000 0.122711
550.000000 0.123057
551.000000 0.123310
552.000000 0.123277
553.000000 0.123393
554.000000 0.123585
555.000000 0.123592
556.000000 0.123399
557.000000 0.123240
558.000000 0.123217
559.000000 0.123229
560.000000 0.123228
561.000000 0.123155
562.000000 0.123219
563.000000 0.123160
564.000000 0.122734
565.000000 0.122425
566.000000 0.122135
567.000000 0.121875
568.000000 0.121707
569.000000 0.121613
570.000000 0.121630
571.000000 0.121449
572.000000 0.121152
573.000000 0.121010
574.000000 0.120896
575.000000 0.120870
576.000000 0.120927
577.000000 0.120921
578.000000 0.120832
579.000000 0.120684
580.000000 0.120564
581.000000 0.120429
582.000000 0.120343
583.000000 0.120189
584.000000 0.120005
585.000000 0.119975
586.000000 0.120043
587.000000 0.119921
588.000000 0.119622
589.000000 0.119422
590.000000 0.119153
591.000000 0.118885
592.000000 0.118667
593.000000 0.118358
594.000000 0.118005
595.000000 0.117591
596.000000 0.117183
597.000000 0.116824
598.000000 0.116644
599.000000 0.116357
600.000000 0.116002
601.000000 0.115708
602.000000 0.115316
603.000000 0.114942
604.000000 0.114537
605.000000 0.114090
606.000000 0.113766
607.000000 0.113484
608.000000 0.113104
609.000000 0.112771
610.000000 0.112576
611.000000 0.112487
612.000000 0.112425
613.000000 0.112413
614.000000 0.112473
615.000000 0.112613
616.000000 0.112816
617.000000 0.113164
618.000000 0.113670
619.000000 0.114225
620.000000 0.114829
621.000000 0.115556
622.000000 0.116382
623.000000 0.117293
624.000000 0.118306
625.000000 0.119356
626.000000 0.120519
627.000000 0.121867
628.000000 0.123295
629.000000 0.124777
630.000000 0.126446
631.000000 0.128234
632.000000 0.129995
633.000000 0.131843
634.000000 0.133815
635.000000 0.135750
636.000000 0.137755
637.000000 0.139843
638.000000 0.141792
639.000000 0.143738
640.000000 0.145731
641.000000 0.147630
642.000000 0.149347
643.000000 0.150963
644.000000 0.152677
645.000000 0.154250
646.000000 0.155621
647.000000 0.156988
648.000000 0.158295
649.000000 0.159442
650.000000 0.160430
651.000000 0.161392
652.000000 0.162331
653.000000 0.163246
654.000000 0.164183
655.000000 0.165157
656.000000 0.166161
657.000000 0.167185
658.000000 0.168189
659.000000 0.169283
660.000000 0.170437
661.000000 0.171572
662.000000 0.172797
663.000000 0.174129
664.000000 0.175589
665.000000 0.177070
666.000000 0.178615
667.000000 0.180298
668.000000 0.182055
669.000000 0.183710
670.000000 0.185295
671.000000 0.186984
672.000000 0.188696
673.000000 0.190400
674.000000 0.192011
675.000000 0.193588
676.000000 0.195243
677.000000 0.196887
678.000000 0.198454
679.000000 0.199815
680.000000 0.201074
681.000000 0.202343
682.000000 0.203555
683.000000 0.204672
684.000000 0.205698
685.000000 0.206662
686.000000 0.207585
687.000000 0.208451
688.000000 0.209199
689.000000 0.210007
690.000000 0.210851
691.000000 0.211619
692.000000 0.212435
693.000000 0.213388
694.000000 0.214462
695.000000 0.215671
696.000000 0.216929
697.000000 0.218262
698.000000 0.219864
699.000000 0.221735
700.000000 0.223863
701.000000 0.226231
702.000000 0.228746
703.000000 0.231490
704.000000 0.234626
705.000000 0.238106
706.000000 0.241875
707.000000 0.245954
708.000000 0.250333
709.000000 0.254926
710.000000 0.259598
711.000000 0.264436
712.000000 0.269561
713.000000 0.274970
714.000000 0.280619
715.000000 0.286352
716.000000 0.292201
717.000000 0.298087
718.000000 0.303874
719.000000 0.309378
720.000000 0.314689
721.000000 0.320011
722.000000 0.325215
723.000000 0.330225
724.000000 0.335029
725.000000 0.339568
726.000000 0.343694
727.000000 0.347497
728.000000 0.351072
729.000000 0.354397
730.000000 0.357405
731.000000 0.359932
732.000000 0.362141
733.000000 0.364186
734.000000 0.366041
735.000000 0.367678
736.000000 0.368990
737.000000 0.370032
738.000000 0.370863
739.000000 0.371474
740.000000 0.371879
741.000000 0.372053
742.000000 0.371990
743.000000 0.371659
744.000000 0.371064
745.000000 0.370184
746.000000 0.369006
747.000000 0.367520
748.000000 0.365647
749.000000 0.363400
750.000000 0.360768
751.000000 0.357723
752.000000 0.354322
753.000000 0.350443
754.000000 0.346072
755.000000 0.341305
756.000000 0.336059
757.000000 0.330316
758.000000 0.324090
759.000000 0.317425
760.000000 0.310305
761.000000 0.302743
762.000000 0.294829
763.000000 0.286573
764.000000 0.277980
765.000000 0.269045
766.000000 0.259802
767.000000 0.250387
768.000000 0.240891
769.000000 0.231328
770.000000 0.221701
771.000000 0.212150
772.000000 0.202739
773.000000 0.193431
774.000000 0.184226
775.000000 0.175244
776.000000 0.166016
777.000000 0.156798
778.000000 0.148283
779.000000 0.140264
780.000000 0.132654
781.000000 0.125370
782.000000 0.118460
783.000000 0.111904
784.000000 0.105652
785.000000 0.099691
786.000000 0.094027
787.000000 0.088721
788.000000 0.083536
789.000000 0.078639
790.000000 0.074239
791.000000 0.070082
792.000000 0.066151
793.000000 0.062553
794.000000 0.059185
795.000000 0.055960
796.000000 0.052942
797.000000 0.050021
798.000000 0.047244
799.000000 0.044723
800.000000 0.042369
801.000000 0.040128
802.000000 0.038014
803.000000 0.036029
804.000000 0.034113
805.000000 0.032296
806.000000 0.030654
807.000000 0.029147
808.000000 0.027658
809.000000 0.026190
810.000000 0.024802
811.000000 0.023494
812.000000 0.022292
813.000000 0.021179
814.000000 0.020148
815.000000 0.019155
816.000000 0.018120
817.000000 0.017110
818.000000 0.016208
819.000000 0.015423
820.000000 0.014697
821.000000 0.013967
822.000000 0.013254
823.000000 0.012671
824.000000 0.012103
825.000000 0.011465
826.000000 0.010849
827.000000 0.010247
828.000000 0.009743
829.000000 0.009319
830.000000 0.008894
831.000000 0.008527
832.000000 0.008207
833.000000 0.007888
834.000000 0.007548
835.000000 0.007264
836.000000 0.007054
837.000000 0.006830
838.000000 0.006573
839.000000 0.006302
840.000000 0.006060
841.000000 0.005813
842.000000 0.005589
843.000000 0.005415
844.000000 0.005234
845.000000 0.005027
846.000000 0.004829
847.000000 0.004714
848.000000 0.004609
849.000000 0.004452
850.000000 0.004306
851.000000 0.004154
852.000000 0.004024
853.000000 0.003895
854.000000 0.003745
855.000000 0.003610
856.000000 0.003493
857.000000 0.003377
858.000000 0.003264
859.000000 0.003131
860.000000 0.002976
861.000000 0.002857
862.000000 0.002791
863.000000 0.002737
864.000000 0.002622
865.000000 0.002479
866.000000 0.002320
867.000000 0.002171
868.000000 0.002086
869.000000 0.002020
870.000000 0.001932
871.000000 0.001837
872.000000 0.001734
873.000000 0.001634
874.000000 0.001583
875.000000 0.001558
876.000000 0.001507
877.000000 0.001383
878.000000 0.001225
879.000000 0.001104
880.000000 0.001015
881.000000 0.000932
882.000000 0.000854
883.000000 0.000808
884.000000 0.000762
885.000000 0.000686
886.000000 0.000590
887.000000 0.000496
888.000000 0.000447
889.000000 0.000448
890.000000 0.000413
891.000000 0.000363
892.000000 0.000323
893.000000 0.000266
894.000000 0.000219
895.000000 0.000188
896.000000 0.000177
897.000000 0.000193
898.000000 0.000170
899.000000 0.000112
900.000000 0.000090
901.000000 0.000080
902.000000 0.000042
903.000000 -0.000004
904.000000 -0.000029
905.000000 -0.000061
906.000000 -0.000117
907.000000 -0.000161
908.000000 -0.000161
909.000000 -0.000170
910.000000 -0.000210
911.000000 -0.000248
912.000000 -0.000280
913.000000 -0.000309
914.000000 -0.000326
915.000000 -0.000351
916.000000 -0.000389
917.000000 -0.000415
918.000000 -0.000445
919.000000 -0.000498
920.000000 -0.000549
921.000000 -0.000577
922.000000 -0.000614
923.000000 -0.000640
924.000000 -0.000661
925.000000 -0.000695
926.000000 -0.000715
927.000000 -0.000755
928.000000 -0.000798
929.000000 -0.000922
930.000000 -0.001001
931.000000 -0.000967
932.000000 -0.000961
933.000000 -0.000960
934.000000 -0.000971
935.000000 -0.001008
936.000000 -0.001010
937.000000 -0.000983
938.000000 -0.000989
939.000000 -0.000997
940.000000 -0.001003
941.000000 -0.001037
942.000000 -0.001046
943.000000 -0.001038
944.000000 -0.001079
945.000000 -0.001133
946.000000 -0.001158
947.000000 -0.001175
948.000000 -0.001195
949.000000 -0.001209
950.000000 -0.001223
