315.000000 0.092899
316.000000 0.092461
317.000000 0.091696
318.000000 0.091960
319.000000 0.092285
320.000000 0.093267
321.000000 0.094056
322.000000 0.094323
323.000000 0.095066
324.000000 0.095978
325.000000 0.096991
326.000000 0.097717
327.000000 0.098072
328.000000 0.098384
329.000000 0.098697
330.000000 0.099223
331.000000 0.099963
332.000000 0.100352
333.000000 0.100741
334.000000 0.101451
335.000000 0.102009
336.000000 0.102659
337.000000 0.103298
338.000000 0.103657
339.000000 0.103869
340.000000 0.104269
341.000000 0.104877
342.000000 0.105344
343.000000 0.105923
344.000000 0.106358
345.000000 0.106547
346.000000 0.107103
347.000000 0.108019
348.000000 0.108768
349.000000 0.109598
350.000000 0.110435
351.000000 0.111056
352.000000 0.111742
353.000000 0.112592
354.000000 0.113407
355.000000 0.113979
356.000000 0.114751
357.000000 0.115712
358.000000 0.116544
359.000000 0.117531
360.000000 0.118810
361.000000 0.120050
362.000000 0.121378
363.000000 0.122906
364.000000 0.124362
365.000000 0.125874
366.000000 0.127685
367.000000 0.129611
368.000000 0.131429
369.000000 0.133189
370.000000 0.134810
371.000000 0.136528
372.000000 0.138423
373.000000 0.140487
374.000000 0.142878
375.000000 0.145513
376.000000 0.148301
377.000000 0.151192
378.000000 0.153914
379.000000 0.156364
380.000000 0.159111
381.000000 0.162139
382.000000 0.165262
383.000000 0.168239
384.000000 0.171020
385.000000 0.174162
386.000000 0.177435
387.000000 0.180379
388.000000 0.182870
389.000000 0.185103
390.000000 0.187401
391.000000 0.189653
392.000000 0.191639
393.000000 0.193694
394.000000 0.195693
395.000000 0.197513
396.000000 0.199584
397.000000 0.201622
398.000000 0.203775
399.000000 0.206271
400.000000 0.208609
401.000000 0.210902
402.000000 0.213258
403.000000 0.215615
404.000000 0.217819
405.000000 0.220303
406.000000 0.222847
407.000000 0.224924
408.000000 0.227203
409.000000 0.229423
410.000000 0.231187
411.000000 0.233163
412.000000 0.235249
413.000000 0.237182
414.000000 0.239247
415.000000 0.241298
416.000000 0.243139
417.000000 0.244777
418.000000 0.246282
419.000000 0.247854
420.000000 0.249345
421.000000 0.250580
422.000000 0.251772
423.000000 0.252808
424.000000 0.253755
425.000000 0.254464
426.000000 0.255035
427.000000 0.255532
428.000000 0.255898
429.000000 0.256072
430.000000 0.255921
431.000000 0.255619
432.000000 0.255326
433.000000 0.254880
434.000000 0.254210
435.000000 0.253529
436.000000 0.252711
437.000000 0.251668
438.000000 0.250615
439.000000 0.249489
440.000000 0.248229
441.000000 0.247095
442.000000 0.246091
443.000000 0.244905
444.000000 0.243639
445.000000 0.242338
446.000000 0.240905
447.000000 0.239507
448.000000 0.238143
449.000000 0.236732
450.000000 0.235268
451.000000 0.233783
452.000000 0.232210
453.000000 0.230612
454.000000 0.228922
455.000000 0.227056
456.000000 0.225071
457.000000 0.223005
458.000000 0.220888
459.000000 0.218548
460.000000 0.216133
461.000000 0.213703
462.000000 0.211053
463.000000 0.208258
464.000000 0.205405
465.000000 0.202443
466.000000 0.199546
467.000000 0.196661
468.000000 0.193678
469.000000 0.190715
470.000000 0.187747
471.000000 0.184874
472.000000 0.182012
473.000000 0.179058
474.000000 0.176024
475.000000 0.173051
476.000000 0.170296
477.000000 0.167608
478.000000 0.165037
479.000000 0.162563
480.000000 0.160103
481.000000 0.157707
482.000000 0.155475
483.000000 0.153334
484.000000 0.151131
485.000000 0.149035
486.000000 0.147103
487.000000 0.145274
488.000000 0.143482
489.000000 0.141539
490.000000 0.139756
491.000000 0.138208
492.000000 0.136887
493.000000 0.135480
494.000000 0.133913
495.000000 0.132548
496.000000 0.131391
497.000000 0.130346
498.000000 0.129078
499.000000 0.127902
500.000000 0.127008
501.000000 0.126097
502.000000 0.125285
503.000000 0.124464
504.000000 0.123526
505.000000 0.122719
506.000000 0.121896
507.000000 0.120885
508.000000 0.119913
509.000000 0.119183
510.000000 0.118335
511.000000 0.117445
512.000000 0.116818
513.000000 0.116128
514.000000 0.115173
515.000000 0.114356
516.000000 0.113683
517.000000 0.112909
518.000000 0.112275
519.000000 0.111655
520.000000 0.110881
521.000000 0.110100
522.000000 0.109514
523.000000 0.109193
524.000000 0.108765
525.000000 0.108644
526.000000 0.108915
527.000000 0.108924
528.000000 0.108859
529.000000 0.108712
530.000000 0.108611
531.000000 0.108559
532.000000 0.108319
533.000000 0.108295
534.000000 0.108607
535.000000 0.108792
536.000000 0.108761
537.000000 0.108916
538.000000 0.109744
539.000000 0.110625
540.000000 0.110793
541.000000 0.110757
542.000000 0.111387
543.000000 0.112513
544.000000 0.113298
545.000000 0.113633
546.000000 0.113660
547.000000 0.113742
548.000000 0.114122
549.000000 0.114324
550.000000 0.114434
551.000000 0.114656
552.000000 0.114706
553.000000 0.114592
554.000000 0.114565
555.000000 0.114641
556.000000 0.114751
557.000000 0.114798
558.000000 0.114619
559.000000 0.114560
560.000000 0.114584
561.000000 0.114416
562.000000 0.114255
563.000000 0.114268
564.000000 0.114274
565.000000 0.114198
566.000000 0.114136
567.000000 0.114046
568.000000 0.114050
569.000000 0.114226
570.000000 0.114295
571.000000 0.114182
572.000000 0.113977
573.000000 0.113916
574.000000 0.114006
575.000000 0.114008
576.000000 0.113928
577.000000 0.113928
578.000000 0.113991
579.000000 0.114050
580.000000 0.114040
581.000000 0.113962
582.000000 0.113983
583.000000 0.114019
584.000000 0.113995
585.000000 0.114144
586.000000 0.114351
587.000000 0.114377
588.000000 0.114339
589.000000 0.114411
590.000000 0.114496
591.000000 0.114357
592.000000 0.114146
593.000000 0.113967
594.000000 0.113800
595.000000 0.113712
596.000000 0.113607
597.000000 0.113421
598.000000 0.113253
599.000000 0.113145
600.000000 0.112913
601.000000 0.112643
602.000000 0.112523
603.000000 0.112422
604.000000 0.112253
605.000000 0.112026
606.000000 0.111870
607.000000 0.111841
608.000000 0.111867
609.000000 0.111826
610.000000 0.111795
611.000000 0.111854
612.000000 0.112031
613.000000 0.112275
614.000000 0.112621
615.000000 0.113095
616.000000 0.113557
617.000000 0.114082
618.000000 0.114809
619.000000 0.115570
620.000000 0.116308
621.000000 0.117215
622.000000 0.118243
623.000000 0.119317
624.000000 0.120593
625.000000 0.122000
626.000000 0.123478
627.000000 0.125108
628.000000 0.126738
629.000000 0.128527
630.000000 0.130534
631.000000 0.132576
632.000000 0.134553
633.000000 0.136575
634.000000 0.138718
635.000000 0.140863
636.000000 0.143087
637.000000 0.145387
638.000000 0.147626
639.000000 0.149839
640.000000 0.151998
641.000000 0.154084
642.000000 0.156077
643.000000 0.158011
644.000000 0.159992
645.000000 0.161816
646.000000 0.163514
647.000000 0.165182
648.000000 0.166791
649.000000 0.168281
650.000000 0.169638
651.000000 0.171002
652.000000 0.172362
653.000000 0.173612
654.000000 0.174839
655.000000 0.176123
656.000000 0.177411
657.000000 0.178677
658.000000 0.179976
659.000000 0.181354
660.000000 0.182856
661.000000 0.184422
662.000000 0.185969
663.000000 0.187681
664.000000 0.189511
665.000000 0.191258
666.000000 0.193079
667.000000 0.194989
668.000000 0.196959
669.000000 0.198915
670.000000 0.200850
671.000000 0.202909
672.000000 0.204977
673.000000 0.207045
674.000000 0.208965
675.000000 0.210786
676.000000 0.212684
677.000000 0.214510
678.000000 0.216225
679.000000 0.217800
680.000000 0.219316
681.000000 0.220790
682.000000 0.222173
683.000000 0.223507
684.000000 0.224683
685.000000 0.225701
686.000000 0.226655
687.000000 0.227617
688.000000 0.228529
689.000000 0.229395
690.000000 0.230269
691.000000 0.231127
692.000000 0.232085
693.000000 0.233163
694.000000 0.234319
695.000000 0.235569
696.000000 0.236916
697.000000 0.238455
698.000000 0.240295
699.000000 0.242409
700.000000 0.244728
701.000000 0.247280
702.000000 0.250046
703.000000 0.253116
704.000000 0.256601
705.000000 0.260420
706.000000 0.264520
707.000000 0.268881
708.000000 0.273615
709.000000 0.278733
710.000000 0.283921
711.000000 0.289281
712.000000 0.295070
713.000000 0.301127
714.000000 0.307315
715.000000 0.313610
716.000000 0.319975
717.000000 0.326388
718.000000 0.332783
719.000000 0.338853
720.000000 0.344716
721.000000 0.350592
722.000000 0.356334
723.000000 0.361831
724.000000 0.367050
725.000000 0.371928
726.000000 0.376419
727.000000 0.380528
728.000000 0.384385
729.000000 0.388032
730.000000 0.391283
731.000000 0.394048
732.000000 0.396517
733.000000 0.398831
734.000000 0.400874
735.000000 0.402613
736.000000 0.404057
737.000000 0.405230
738.000000 0.406119
739.000000 0.406739
740.000000 0.407172
741.000000 0.407380
742.000000 0.407313
743.000000 0.406958
744.000000 0.406324
745.000000 0.405419
746.000000 0.404184
747.000000 0.402563
748.000000 0.400519
749.000000 0.398087
750.000000 0.395300
751.000000 0.392006
752.000000 0.388111
753.000000 0.383839
754.000000 0.379193
755.000000 0.374001
756.000000 0.368292
757.000000 0.362025
758.000000 0.355178
759.000000 0.347833
760.000000 0.340037
761.000000 0.331753
762.000000 0.323060
763.000000 0.313964
764.000000 0.304419
765.000000 0.294436
766.000000 0.284198
767.000000 0.273823
768.000000 0.263440
769.000000 0.253028
770.000000 0.242480
771.000000 0.232005
772.000000 0.221631
773.000000 0.211393
774.000000 0.201320
775.000000 0.191433
776.000000 0.181165
777.000000 0.170925
778.000000 0.161547
779.000000 0.152766
780.000000 0.144408
781.000000 0.136379
782.000000 0.128742
783.000000 0.121477
784.000000 0.114507
785.000000 0.107901
786.000000 0.101693
787.000000 0.095809
788.000000 0.090088
789.000000 0.084691
790.000000 0.079817
791.000000 0.075351
792.000000 0.071185
793.000000 0.067209
794.000000 0.063462
795.000000 0.059997
796.000000 0.056740
797.000000 0.053562
798.000000 0.050535
799.000000 0.047715
800.000000 0.045138
801.000000 0.042814
802.000000 0.040622
803.000000 0.038510
804.000000 0.036390
805.000000 0.034406
806.000000 0.032649
807.000000 0.030979
808.000000 0.029413
809.000000 0.027932
810.000000 0.026454
811.000000 0.024994
812.000000 0.023587
813.000000 0.022310
814.000000 0.021196
815.000000 0.020179
816.000000 0.019150
817.000000 0.018148
818.000000 0.017282
819.000000 0.016463
820.000000 0.015618
821.000000 0.014838
822.000000 0.014113
823.000000 0.013457
824.000000 0.012856
825.000000 0.012256
826.000000 0.011711
827.000000 0.011204
828.000000 0.010672
829.000000 0.010173
830.000000 0.009775
831.000000 0.009420
832.000000 0.009059
833.000000 0.008681
834.000000 0.008316
835.000000 0.008018
836.000000 0.007757
837.000000 0.007509
838.000000 0.007271
839.000000 0.007047
840.000000 0.006762
841.000000 0.006501
842.000000 0.006348
843.000000 0.006185
844.000000 0.006033
845.000000 0.005869
846.000000 0.005672
847.000000 0.005497
848.000000 0.005336
849.000000 0.005181
850.000000 0.005047
851.000000 0.004903
852.000000 0.004784
853.000000 0.004669
854.000000 0.004533
855.000000 0.004381
856.000000 0.004218
857.000000 0.004068
858.000000 0.003913
859.000000 0.003789
860.000000 0.003683
861.000000 0.003581
862.000000 0.003468
863.000000 0.003340
864.000000 0.003207
865.000000 0.003078
866.000000 0.002959
867.000000 0.002860
868.000000 0.002781
869.000000 0.002724
870.000000 0.002691
871.000000 0.002618
872.000000 0.002531
873.000000 0.002478
874.000000 0.002412
875.000000 0.002313
876.000000 0.002232
877.000000 0.002119
878.000000 0.001990
879.000000 0.001931
880.000000 0.001866
881.000000 0.001789
882.000000 0.001714
883.000000 0.001607
884.000000 0.001518
885.000000 0.001461
886.000000 0.001425
887.000000 0.001392
888.000000 0.001324
889.000000 0.001250
890.000000 0.001207
891.000000 0.001151
892.000000 0.001085
893.000000 0.001034
894.000000 0.001014
895.000000 0.000996
896.000000 0.000971
897.000000 0.000956
898.000000 0.000896
899.000000 0.000852
900.000000 0.000864
901.000000 0.000894
902.000000 0.000889
903.000000 0.000862
904.000000 0.000888
905.000000 0.000901
906.000000 0.000872
907.000000 0.000852
908.000000 0.000834
909.000000 0.000833
910.000000 0.000827
911.000000 0.000788
912.000000 0.000741
913.000000 0.000720
914.000000 0.000706
915.000000 0.000713
916.000000 0.000736
917.000000 0.000732
918.000000 0.000684
919.000000 0.000646
920.000000 0.000680
921.000000 0.000693
922.000000 0.000640
923.000000 0.000585
924.000000 0.000567
925.000000 0.000562
926.000000 0.000527
927.000000 0.000521
928.000000 0.000538
929.000000 0.000507
930.000000 0.000470
931.000000 0.000437
932.000000 0.000396
933.000000 0.000378
934.000000 0.000391
935.000000 0.000371
936.000000 0.000358
937.000000 0.000374
938.000000 0.000367
939.000000 0.000378
940.000000 0.000433
941.000000 0.000480
942.000000 0.000520
943.000000 0.000544
944.000000 0.000538
945.000000 0.000547
946.000000 0.000542
947.000000 0.000533
948.000000 0.000513
949.000000 0.000491
950.000000 0.000491
