315.000000 0.090626
316.000000 0.090282
317.000000 0.089495
318.000000 0.089322
319.000000 0.089612
320.000000 0.090717
321.000000 0.091780
322.000000 0.091995
323.000000 0.092375
324.000000 0.092896
325.000000 0.093330
326.000000 0.094298
327.000000 0.094840
328.000000 0.095048
329.000000 0.095945
330.000000 0.097964
331.000000 0.099055
332.000000 0.098660
333.000000 0.098875
334.000000 0.099418
335.000000 0.099838
336.000000 0.100176
337.000000 0.100844
338.000000 0.101405
339.000000 0.101784
340.000000 0.102372
341.000000 0.102829
342.000000 0.103327
343.000000 0.104262
344.000000 0.105125
345.000000 0.105720
346.000000 0.106313
347.000000 0.107010
348.000000 0.107678
349.000000 0.108479
350.000000 0.109234
351.000000 0.109822
352.000000 0.110581
353.000000 0.111569
354.000000 0.112529
355.000000 0.113243
356.000000 0.114106
357.000000 0.115117
358.000000 0.116174
359.000000 0.117213
360.000000 0.118384
361.000000 0.119734
362.000000 0.121160
363.000000 0.122749
364.000000 0.124362
365.000000 0.125982
366.000000 0.127583
367.000000 0.129376
368.000000 0.131353
369.000000 0.133206
370.000000 0.135107
371.000000 0.137311
372.000000 0.139239
373.000000 0.141141
374.000000 0.143665
375.000000 0.146106
376.000000 0.148699
377.000000 0.151790
378.000000 0.154718
379.000000 0.157330
380.000000 0.160144
381.000000 0.163127
382.000000 0.166151
383.000000 0.169117
384.000000 0.171986
385.000000 0.175039
386.000000 0.178205
387.000000 0.181129
388.000000 0.183744
389.000000 0.186248
390.000000 0.188841
391.000000 0.191279
392.000000 0.193249
393.000000 0.195261
394.000000 0.197376
395.000000 0.199325
396.000000 0.201325
397.000000 0.203503
398.000000 0.205818
399.000000 0.208145
400.000000 0.210376
401.000000 0.212646
402.000000 0.214949
403.000000 0.217374
404.000000 0.219792
405.000000 0.222143
406.000000 0.224440
407.000000 0.226503
408.000000 0.228605
409.000000 0.230647
410.000000 0.232491
411.000000 0.234504
412.000000 0.236559
413.000000 0.238481
414.000000 0.240423
415.000000 0.242389
416.000000 0.244213
417.000000 0.246063
418.000000 0.247789
419.000000 0.249215
420.000000 0.250573
421.000000 0.251823
422.000000 0.253036
423.000000 0.254065
424.000000 0.254860
425.000000 0.255424
426.000000 0.255793
427.000000 0.256152
428.000000 0.256465
429.000000 0.256633
430.000000 0.256598
431.000000 0.256334
432.000000 0.255912
433.000000 0.255273
434.000000 0.254434
435.000000 0.253665
436.000000 0.252820
437.000000 0.251796
438.000000 0.250697
439.000000 0.249524
440.000000 0.248304
441.000000 0.247176
442.000000 0.246080
443.000000 0.244890
444.000000 0.243692
445.000000 0.242412
446.000000 0.241016
447.000000 0.239630
448.000000 0.238204
449.000000 0.236724
450.000000 0.235313
451.000000 0.233878
452.000000 0.232390
453.000000 0.230870
454.000000 0.229181
455.000000 0.227338
456.000000 0.225396
457.000000 0.223326
458.000000 0.221240
459.000000 0.219022
460.000000 0.216704
461.000000 0.214386
462.000000 0.211910
463.000000 0.209264
464.000000 0.206485
465.000000 0.203669
466.000000 0.200929
467.000000 0.198187
468.000000 0.195438
469.000000 0.192546
470.000000 0.189559
471.000000 0.186751
472.000000 0.183904
473.000000 0.180966
474.000000 0.178018
475.000000 0.175107
476.000000 0.172400
477.000000 0.169750
478.000000 0.167238
479.000000 0.164746
480.000000 0.162205
481.000000 0.159785
482.000000 0.157491
483.000000 0.155315
484.000000 0.153124
485.000000 0.150957
486.000000 0.148914
487.000000 0.147005
488.000000 0.145211
489.000000 0.143270
490.000000 0.141445
491.000000 0.139653
492.000000 0.137554
493.000000 0.135739
494.000000 0.134099
495.000000 0.132621
496.000000 0.131525
497.000000 0.130406
498.000000 0.129341
499.000000 0.128265
500.000000 0.127087
501.000000 0.125879
502.000000 0.124853
503.000000 0.123911
504.000000 0.122708
505.000000 0.121810
506.000000 0.121016
507.000000 0.119645
508.000000 0.118247
509.000000 0.117066
510.000000 0.115970
511.000000 0.115218
512.000000 0.114407
513.000000 0.113221
514.000000 0.112065
515.000000 0.111191
516.000000 0.110202
517.000000 0.109180
518.000000 0.108544
519.000000 0.108088
520.000000 0.107523
521.000000 0.107012
522.000000 0.106561
523.000000 0.106222
524.000000 0.105801
525.000000 0.105346
526.000000 0.105064
527.000000 0.104853
528.000000 0.104660
529.000000 0.104278
530.000000 0.104152
531.000000 0.104362
532.000000 0.104392
533.000000 0.104373
534.000000 0.104514
535.000000 0.104629
536.000000 0.104721
537.000000 0.104907
538.000000 0.105480
539.000000 0.106394
540.000000 0.106850
541.000000 0.106967
542.000000 0.107551
543.000000 0.108513
544.000000 0.109285
545.000000 0.109594
546.000000 0.109728
547.000000 0.110027
548.000000 0.110481
549.000000 0.110661
550.000000 0.110733
551.000000 0.110743
552.000000 0.110619
553.000000 0.110526
554.000000 0.110503
555.000000 0.110623
556.000000 0.110880
557.000000 0.110957
558.000000 0.110733
559.000000 0.110672
560.000000 0.110766
561.000000 0.110795
562.000000 0.110721
563.000000 0.110730
564.000000 0.110763
565.000000 0.110585
566.000000 0.110387
567.000000 0.110301
568.000000 0.110413
569.000000 0.110677
570.000000 0.110693
571.000000 0.110438
572.000000 0.110088
573.000000 0.110008
574.000000 0.110109
575.000000 0.110194
576.000000 0.110305
577.000000 0.110450
578.000000 0.110655
579.000000 0.110812
580.000000 0.110810
581.000000 0.110695
582.000000 0.110756
583.000000 0.110877
584.000000 0.110932
585.000000 0.111075
586.000000 0.111328
587.000000 0.111466
588.000000 0.111454
589.000000 0.111585
590.000000 0.111739
591.000000 0.111787
592.000000 0.111791
593.000000 0.111825
594.000000 0.111805
595.000000 0.111790
596.000000 0.111780
597.000000 0.111700
598.000000 0.111664
599.000000 0.111624
600.000000 0.111579
601.000000 0.111547
602.000000 0.111457
603.000000 0.111336
604.000000 0.111291
605.000000 0.111223
606.000000 0.111175
607.000000 0.111237
608.000000 0.111331
609.000000 0.111398
610.000000 0.111546
611.000000 0.111793
612.000000 0.112095
613.000000 0.112480
614.000000 0.112961
615.000000 0.113533
616.000000 0.114109
617.000000 0.114693
618.000000 0.115467
619.000000 0.116379
620.000000 0.117312
621.000000 0.118401
622.000000 0.119570
623.000000 0.120688
624.000000 0.122012
625.000000 0.123539
626.000000 0.125129
627.000000 0.126859
628.000000 0.128639
629.000000 0.130536
630.000000 0.132592
631.000000 0.134710
632.000000 0.136822
633.000000 0.138966
634.000000 0.141225
635.000000 0.143568
636.000000 0.145968
637.000000 0.148386
638.000000 0.150708
639.000000 0.153038
640.000000 0.155378
641.000000 0.157644
642.000000 0.159785
643.000000 0.161838
644.000000 0.163938
645.000000 0.165930
646.000000 0.167754
647.000000 0.169496
648.000000 0.171222
649.000000 0.172883
650.000000 0.174413
651.000000 0.175941
652.000000 0.177500
653.000000 0.178915
654.000000 0.180300
655.000000 0.181767
656.000000 0.183235
657.000000 0.184703
658.000000 0.186204
659.000000 0.187766
660.000000 0.189401
661.000000 0.191094
662.000000 0.192848
663.000000 0.194780
664.000000 0.196800
665.000000 0.198709
666.000000 0.200660
667.000000 0.202757
668.000000 0.204946
669.000000 0.207108
670.000000 0.209229
671.000000 0.211377
672.000000 0.213553
673.000000 0.215757
674.000000 0.217807
675.000000 0.219761
676.000000 0.221775
677.000000 0.223701
678.000000 0.225531
679.000000 0.227198
680.000000 0.228754
681.000000 0.230300
682.000000 0.231744
683.000000 0.233145
684.000000 0.234415
685.000000 0.235550
686.000000 0.236656
687.000000 0.237701
688.000000 0.238622
689.000000 0.239528
690.000000 0.240452
691.000000 0.241371
692.000000 0.242414
693.000000 0.243529
694.000000 0.244729
695.000000 0.246111
696.000000 0.247565
697.000000 0.249098
698.000000 0.250973
699.000000 0.253221
700.000000 0.255688
701.000000 0.258385
702.000000 0.261293
703.000000 0.264494
704.000000 0.268124
705.000000 0.272165
706.000000 0.276514
707.000000 0.281110
708.000000 0.286040
709.000000 0.291386
710.000000 0.296866
711.000000 0.302516
712.000000 0.308555
713.000000 0.314853
714.000000 0.321338
715.000000 0.327948
716.000000 0.334584
717.000000 0.341226
718.000000 0.347865
719.000000 0.354180
720.000000 0.360292
721.000000 0.366403
722.000000 0.372395
723.000000 0.378222
724.000000 0.383731
725.000000 0.388820
726.000000 0.393530
727.000000 0.397910
728.000000 0.401990
729.000000 0.405766
730.000000 0.409128
731.000000 0.411986
732.000000 0.414569
733.000000 0.416997
734.000000 0.419132
735.000000 0.420914
736.000000 0.422384
737.000000 0.423605
738.000000 0.424549
739.000000 0.425211
740.000000 0.425623
741.000000 0.425787
742.000000 0.425669
743.000000 0.425288
744.000000 0.424616
745.000000 0.423593
746.000000 0.422229
747.000000 0.420547
748.000000 0.418425
749.000000 0.415859
750.000000 0.412936
751.000000 0.409583
752.000000 0.405589
753.000000 0.401136
754.000000 0.396253
755.000000 0.390730
756.000000 0.384697
757.000000 0.378157
758.000000 0.371003
759.000000 0.363267
760.000000 0.355087
761.000000 0.346436
762.000000 0.337336
763.000000 0.327831
764.000000 0.317887
765.000000 0.307475
766.000000 0.296720
767.000000 0.285832
768.000000 0.274972
769.000000 0.264075
770.000000 0.253083
771.000000 0.242144
772.000000 0.231255
773.000000 0.220514
774.000000 0.210000
775.000000 0.199668
776.000000 0.188887
777.000000 0.178129
778.000000 0.168299
779.000000 0.159145
780.000000 0.150428
781.000000 0.141961
782.000000 0.133926
783.000000 0.126332
784.000000 0.119048
785.000000 0.112109
786.000000 0.105541
787.000000 0.099370
788.000000 0.093419
789.000000 0.087830
790.000000 0.082772
791.000000 0.078047
792.000000 0.073611
793.000000 0.069449
794.000000 0.065587
795.000000 0.061984
796.000000 0.058584
797.000000 0.055294
798.000000 0.052136
799.000000 0.049190
800.000000 0.046514
801.000000 0.044116
802.000000 0.041836
803.000000 0.039611
804.000000 0.037415
805.000000 0.035370
806.000000 0.033310
807.000000 0.031522
808.000000 0.030128
809.000000 0.028687
810.000000 0.027205
811.000000 0.025699
812.000000 0.024260
813.000000 0.022959
814.000000 0.021795
815.000000 0.020702
816.000000 0.019648
817.000000 0.018646
818.000000 0.017710
819.000000 0.016814
820.000000 0.015944
821.000000 0.015181
822.000000 0.014472
823.000000 0.013783
824.000000 0.013178
825.000000 0.012611
826.000000 0.012079
827.000000 0.011546
828.000000 0.011024
829.000000 0.010567
830.000000 0.010126
831.000000 0.009693
832.000000 0.009302
833.000000 0.008954
834.000000 0.008619
835.000000 0.008295
836.000000 0.007995
837.000000 0.007734
838.000000 0.007480
839.000000 0.007207
840.000000 0.006903
841.000000 0.006640
842.000000 0.006483
843.000000 0.006330
844.000000 0.006152
845.000000 0.005953
846.000000 0.005754
847.000000 0.005608
848.000000 0.005454
849.000000 0.005281
850.000000 0.005146
851.000000 0.004987
852.000000 0.004807
853.000000 0.004658
854.000000 0.004525
855.000000 0.004411
856.000000 0.004302
857.000000 0.004167
858.000000 0.004030
859.000000 0.003922
860.000000 0.003801
861.000000 0.003663
862.000000 0.003536
863.000000 0.003444
864.000000 0.003366
865.000000 0.003277
866.000000 0.003192
867.000000 0.003074
868.000000 0.002942
869.000000 0.002800
870.000000 0.002700
871.000000 0.002652
872.000000 0.002609
873.000000 0.002544
874.000000 0.002425
875.000000 0.002320
876.000000 0.002247
877.000000 0.002168
878.000000 0.002041
879.000000 0.001916
880.000000 0.001843
881.000000 0.001796
882.000000 0.001765
883.000000 0.001719
884.000000 0.001621
885.000000 0.001553
886.000000 0.001546
887.000000 0.001514
888.000000 0.001461
889.000000 0.001416
890.000000 0.001363
891.000000 0.001293
892.000000 0.001228
893.000000 0.001168
894.000000 0.001149
895.000000 0.001119
896.000000 0.001090
897.000000 0.001082
898.000000 0.001014
899.000000 0.000940
900.000000 0.000926
901.000000 0.000955
902.000000 0.000961
903.000000 0.000939
904.000000 0.000975
905.000000 0.000990
906.000000 0.000956
907.000000 0.000934
908.000000 0.000910
909.000000 0.000885
910.000000 0.000845
911.000000 0.000801
912.000000 0.000746
913.000000 0.000714
914.000000 0.000742
915.000000 0.000788
916.000000 0.000801
917.000000 0.000791
918.000000 0.000756
919.000000 0.000717
920.000000 0.000695
921.000000 0.000679
922.000000 0.000680
923.000000 0.000689
924.000000 0.000664
925.000000 0.000641
926.000000 0.000602
927.000000 0.000577
928.000000 0.000571
929.000000 0.000514
930.000000 0.000492
931.000000 0.000498
932.000000 0.000469
933.000000 0.000454
934.000000 0.000473
935.000000 0.000470
936.000000 0.000469
937.000000 0.000475
938.000000 0.000473
939.000000 0.000488
940.000000 0.000494
941.000000 0.000529
942.000000 0.000580
943.000000 0.000623
944.000000 0.000632
945.000000 0.000600
946.000000 0.000587
947.000000 0.000558
948.000000 0.000509
949.000000 0.000513
950.000000 0.000539
