315.000000 0.087918
316.000000 0.087804
317.000000 0.088383
318.000000 0.089320
319.000000 0.089988
320.000000 0.090734
321.000000 0.091287
322.000000 0.091330
323.000000 0.091534
324.000000 0.091794
325.000000 0.092717
326.000000 0.093205
327.000000 0.092981
328.000000 0.093031
329.000000 0.093901
330.000000 0.095037
331.000000 0.095797
332.000000 0.096269
333.000000 0.096561
334.000000 0.096954
335.000000 0.097340
336.000000 0.098071
337.000000 0.099012
338.000000 0.099671
339.000000 0.100144
340.000000 0.100749
341.000000 0.101433
342.000000 0.101740
343.000000 0.102315
344.000000 0.103351
345.000000 0.103995
346.000000 0.104459
347.000000 0.105390
348.000000 0.106393
349.000000 0.107167
350.000000 0.107922
351.000000 0.108674
352.000000 0.109417
353.000000 0.110371
354.000000 0.111385
355.000000 0.112252
356.000000 0.113147
357.000000 0.114245
358.000000 0.115434
359.000000 0.116645
360.000000 0.118015
361.000000 0.119396
362.000000 0.120768
363.000000 0.122448
364.000000 0.124223
365.000000 0.125848
366.000000 0.127560
367.000000 0.129420
368.000000 0.131310
369.000000 0.133095
370.000000 0.135237
371.000000 0.137839
372.000000 0.140253
373.000000 0.142462
374.000000 0.144862
375.000000 0.146839
376.000000 0.148767
377.000000 0.151284
378.000000 0.154131
379.000000 0.157382
380.000000 0.160537
381.000000 0.163711
382.000000 0.167203
383.000000 0.170373
384.000000 0.173092
385.000000 0.176169
386.000000 0.179509
387.000000 0.182724
388.000000 0.185733
389.000000 0.188099
390.000000 0.190279
391.000000 0.192355
392.000000 0.194272
393.000000 0.196384
394.000000 0.198541
395.000000 0.200795
396.000000 0.202989
397.000000 0.204915
398.000000 0.206898
399.000000 0.208990
400.000000 0.211035
401.000000 0.213365
402.000000 0.215857
403.000000 0.218263
404.000000 0.220340
405.000000 0.222469
406.000000 0.224921
407.000000 0.226871
408.000000 0.228707
409.000000 0.230671
410.000000 0.232318
411.000000 0.234183
412.000000 0.236363
413.000000 0.238219
414.000000 0.239983
415.000000 0.241731
416.000000 0.243425
417.000000 0.245100
418.000000 0.246367
419.000000 0.247575
420.000000 0.248962
421.000000 0.250338
422.000000 0.251622
423.000000 0.252625
424.000000 0.253359
425.000000 0.253816
426.000000 0.254060
427.000000 0.254202
428.000000 0.254283
429.000000 0.254248
430.000000 0.253991
431.000000 0.253524
432.000000 0.253038
433.000000 0.252413
434.000000 0.251549
435.000000 0.250782
436.000000 0.249917
437.000000 0.248747
438.000000 0.247554
439.000000 0.246384
440.000000 0.245167
441.000000 0.243988
442.000000 0.242954
443.000000 0.241802
444.000000 0.240452
445.000000 0.239071
446.000000 0.237670
447.000000 0.236322
448.000000 0.234944
449.000000 0.233496
450.000000 0.232072
451.000000 0.230633
452.000000 0.229162
453.000000 0.227731
454.000000 0.226197
455.000000 0.224504
456.000000 0.222638
457.000000 0.220685
458.000000 0.218728
459.000000 0.216603
460.000000 0.214469
461.000000 0.212380
462.000000 0.210110
463.000000 0.207629
464.000000 0.204995
465.000000 0.202318
466.000000 0.199763
467.000000 0.197210
468.000000 0.194565
469.000000 0.191764
470.000000 0.188977
471.000000 0.186414
472.000000 0.183780
473.000000 0.180971
474.000000 0.178042
475.000000 0.175164
476.000000 0.172463
477.000000 0.169836
478.000000 0.167325
479.000000 0.164789
480.000000 0.162267
481.000000 0.159814
482.000000 0.157453
483.000000 0.155234
484.000000 0.152957
485.000000 0.150748
486.000000 0.148676
487.000000 0.146688
488.000000 0.144759
489.000000 0.142697
490.000000 0.140699
491.000000 0.138776
492.000000 0.136958
493.000000 0.135164
494.000000 0.133510
495.000000 0.132060
496.000000 0.130617
497.000000 0.129218
498.000000 0.127887
499.000000 0.126600
500.000000 0.125327
501.000000 0.124149
502.000000 0.122994
503.000000 0.121855
504.000000 0.120624
505.000000 0.119227
506.000000 0.118004
507.000000 0.116545
508.000000 0.115146
509.000000 0.114072
510.000000 0.112560
511.000000 0.111176
512.000000 0.110171
513.000000 0.108921
514.000000 0.107465
515.000000 0.106277
516.000000 0.105326
517.000000 0.104299
518.000000 0.103307
519.000000 0.102491
520.000000 0.101623
521.000000 0.100816
522.000000 0.100215
523.000000 0.099493
524.000000 0.098852
525.000000 0.098611
526.000000 0.098282
527.000000 0.097979
528.000000 0.097600
529.000000 0.096925
530.000000 0.096503
531.000000 0.096366
532.000000 0.096222
533.000000 0.096120
534.000000 0.096428
535.000000 0.096596
536.000000 0.096518
537.000000 0.096887
538.000000 0.097619
539.000000 0.098311
540.000000 0.098604
541.000000 0.098867
542.000000 0.099333
543.000000 0.099842
544.000000 0.100503
545.000000 0.101136
546.000000 0.101356
547.000000 0.101392
548.000000 0.101683
549.000000 0.102033
550.000000 0.102377
551.000000 0.102387
552.000000 0.102218
553.000000 0.102291
554.000000 0.102399
555.000000 0.102590
556.000000 0.102744
557.000000 0.102747
558.000000 0.102683
559.000000 0.102636
560.000000 0.102585
561.000000 0.102599
562.000000 0.102568
563.000000 0.102639
564.000000 0.102796
565.000000 0.102847
566.000000 0.102785
567.000000 0.102598
568.000000 0.102651
569.000000 0.102895
570.000000 0.103002
571.000000 0.102942
572.000000 0.102906
573.000000 0.103137
574.000000 0.103348
575.000000 0.103435
576.000000 0.103729
577.000000 0.104110
578.000000 0.104329
579.000000 0.104563
580.000000 0.104757
581.000000 0.104911
582.000000 0.105046
583.000000 0.105167
584.000000 0.105484
585.000000 0.105926
586.000000 0.106248
587.000000 0.106521
588.000000 0.106856
589.000000 0.107205
590.000000 0.107528
591.000000 0.107670
592.000000 0.107755
593.000000 0.108003
594.000000 0.108285
595.000000 0.108522
596.000000 0.108601
597.000000 0.108567
598.000000 0.108718
599.000000 0.108930
600.000000 0.109026
601.000000 0.109146
602.000000 0.109310
603.000000 0.109505
604.000000 0.109662
605.000000 0.109621
606.000000 0.109659
607.000000 0.109922
608.000000 0.110277
609.000000 0.110594
610.000000 0.110885
611.000000 0.111328
612.000000 0.111917
613.000000 0.112444
614.000000 0.113043
615.000000 0.113832
616.000000 0.114677
617.000000 0.115501
618.000000 0.116408
619.000000 0.117479
620.000000 0.118546
621.000000 0.119741
622.000000 0.121086
623.000000 0.122515
624.000000 0.124096
625.000000 0.125700
626.000000 0.127435
627.000000 0.129369
628.000000 0.131305
629.000000 0.133406
630.000000 0.135680
631.000000 0.137998
632.000000 0.140319
633.000000 0.142656
634.000000 0.145140
635.000000 0.147663
636.000000 0.150211
637.000000 0.152844
638.000000 0.155392
639.000000 0.157904
640.000000 0.160461
641.000000 0.162989
642.000000 0.165379
643.000000 0.167646
644.000000 0.169959
645.000000 0.172215
646.000000 0.174362
647.000000 0.176380
648.000000 0.178352
649.000000 0.180229
650.000000 0.182020
651.000000 0.183855
652.000000 0.185660
653.000000 0.187346
654.000000 0.189055
655.000000 0.190813
656.000000 0.192558
657.000000 0.194296
658.000000 0.196043
659.000000 0.197886
660.000000 0.199829
661.000000 0.201857
662.000000 0.203949
663.000000 0.206194
664.000000 0.208501
665.000000 0.210701
666.000000 0.212949
667.000000 0.215324
668.000000 0.217797
669.000000 0.220210
670.000000 0.222523
671.000000 0.224932
672.000000 0.227391
673.000000 0.229846
674.000000 0.232149
675.000000 0.234301
676.000000 0.236471
677.000000 0.238608
678.000000 0.240631
679.000000 0.242464
680.000000 0.244171
681.000000 0.245830
682.000000 0.247394
683.000000 0.248881
684.000000 0.250248
685.000000 0.251500
686.000000 0.252714
687.000000 0.253869
688.000000 0.254915
689.000000 0.255933
690.000000 0.256972
691.000000 0.258005
692.000000 0.259122
693.000000 0.260358
694.000000 0.261681
695.000000 0.263118
696.000000 0.264671
697.000000 0.266441
698.000000 0.268518
699.000000 0.270858
700.000000 0.273475
701.000000 0.276390
702.000000 0.279518
703.000000 0.282960
704.000000 0.286855
705.000000 0.291155
706.000000 0.295793
707.000000 0.300764
708.000000 0.306126
709.000000 0.311893
710.000000 0.317753
711.000000 0.323766
712.000000 0.330210
713.000000 0.336951
714.000000 0.343855
715.000000 0.350919
716.000000 0.358112
717.000000 0.365321
718.000000 0.372456
719.000000 0.379211
720.000000 0.385740
721.000000 0.392290
722.000000 0.398699
723.000000 0.404873
724.000000 0.410727
725.000000 0.416172
726.000000 0.421223
727.000000 0.425909
728.000000 0.430278
729.000000 0.434295
730.000000 0.437870
731.000000 0.440951
732.000000 0.443680
733.000000 0.446224
734.000000 0.448487
735.000000 0.450354
736.000000 0.451888
737.000000 0.453215
738.000000 0.454247
739.000000 0.454926
740.000000 0.455368
741.000000 0.455608
742.000000 0.455485
743.000000 0.455076
744.000000 0.454389
745.000000 0.453294
746.000000 0.451849
747.000000 0.450023
748.000000 0.447725
749.000000 0.444996
750.000000 0.441846
751.000000 0.438220
752.000000 0.433974
753.000000 0.429200
754.000000 0.423974
755.000000 0.418101
756.000000 0.411621
757.000000 0.404564
758.000000 0.396920
759.000000 0.388674
760.000000 0.379898
761.000000 0.370571
762.000000 0.360769
763.000000 0.350579
764.000000 0.339868
765.000000 0.328661
766.000000 0.317162
767.000000 0.305503
768.000000 0.293835
769.000000 0.282130
770.000000 0.270299
771.000000 0.258568
772.000000 0.246931
773.000000 0.235362
774.000000 0.223992
775.000000 0.212899
776.000000 0.201398
777.000000 0.189891
778.000000 0.179321
779.000000 0.169422
780.000000 0.159966
781.000000 0.150878
782.000000 0.142287
783.000000 0.134155
784.000000 0.126385
785.000000 0.119016
786.000000 0.112064
787.000000 0.105418
788.000000 0.098931
789.000000 0.092897
790.000000 0.087482
791.000000 0.082411
792.000000 0.077656
793.000000 0.073251
794.000000 0.069109
795.000000 0.065191
796.000000 0.061536
797.000000 0.057964
798.000000 0.054564
799.000000 0.051478
800.000000 0.048631
801.000000 0.046049
802.000000 0.043605
803.000000 0.041277
804.000000 0.039008
805.000000 0.036843
806.000000 0.034884
807.000000 0.033091
808.000000 0.031411
809.000000 0.029794
810.000000 0.028221
811.000000 0.026679
812.000000 0.025179
813.000000 0.023778
814.000000 0.022595
815.000000 0.021513
816.000000 0.020403
817.000000 0.019341
818.000000 0.018376
819.000000 0.017487
820.000000 0.016625
821.000000 0.015815
822.000000 0.015048
823.000000 0.014316
824.000000 0.013647
825.000000 0.012989
826.000000 0.012377
827.000000 0.011837
828.000000 0.011339
829.000000 0.010902
830.000000 0.010502
831.000000 0.010081
832.000000 0.009692
833.000000 0.009334
834.000000 0.008936
835.000000 0.008556
836.000000 0.008224
837.000000 0.007960
838.000000 0.007715
839.000000 0.007442
840.000000 0.007186
841.000000 0.006958
842.000000 0.006739
843.000000 0.006549
844.000000 0.006370
845.000000 0.006194
846.000000 0.006028
847.000000 0.005842
848.000000 0.005658
849.000000 0.005531
850.000000 0.005427
851.000000 0.005245
852.000000 0.005061
853.000000 0.004924
854.000000 0.004782
855.000000 0.004648
856.000000 0.004521
857.000000 0.004372
858.000000 0.004224
859.000000 0.004104
860.000000 0.003965
861.000000 0.003810
862.000000 0.003662
863.000000 0.003537
864.000000 0.003436
865.000000 0.003354
866.000000 0.003266
867.000000 0.003160
868.000000 0.003045
869.000000 0.002908
870.000000 0.002806
871.000000 0.002739
872.000000 0.002656
873.000000 0.002564
874.000000 0.002490
875.000000 0.002407
876.000000 0.002300
877.000000 0.002182
878.000000 0.002051
879.000000 0.001947
880.000000 0.001880
881.000000 0.001828
882.000000 0.001795
883.000000 0.001739
884.000000 0.001642
885.000000 0.001571
886.000000 0.001532
887.000000 0.001508
888.000000 0.001508
889.000000 0.001491
890.000000 0.001425
891.000000 0.001337
892.000000 0.001261
893.000000 0.001186
894.000000 0.001172
895.000000 0.001182
896.000000 0.001170
897.000000 0.001148
898.000000 0.001067
899.000000 0.000972
900.000000 0.000946
901.000000 0.000988
902.000000 0.001009
903.000000 0.000976
904.000000 0.000989
905.000000 0.001018
906.000000 0.001008
907.000000 0.001008
908.000000 0.001006
909.000000 0.000992
910.000000 0.000966
911.000000 0.000921
912.000000 0.000874
913.000000 0.000842
914.000000 0.000846
915.000000 0.000871
916.000000 0.000895
917.000000 0.000888
918.000000 0.000846
919.000000 0.000804
920.000000 0.000772
921.000000 0.000745
922.000000 0.000725
923.000000 0.000709
924.000000 0.000687
925.000000 0.000672
926.000000 0.000654
927.000000 0.000648
928.000000 0.000659
929.000000 0.000638
930.000000 0.000629
931.000000 0.000609
932.000000 0.000558
933.000000 0.000541
934.000000 0.000549
935.000000 0.000531
936.000000 0.000549
937.000000 0.000589
938.000000 0.000560
939.000000 0.000538
940.000000 0.000551
941.000000 0.000574
942.000000 0.000634
943.000000 0.000697
944.000000 0.000693
945.000000 0.000665
946.000000 0.000651
947.000000 0.000631
948.000000 0.000608
949.000000 0.000601
950.000000 0.000603
