315.000000 0.216502
316.000000 0.217618
317.000000 0.218883
318.000000 0.219955
319.000000 0.221787
320.000000 0.224041
321.000000 0.226192
322.000000 0.228600
323.000000 0.230899
324.000000 0.232932
325.000000 0.234492
326.000000 0.236512
327.000000 0.239346
328.000000 0.242046
329.000000 0.244549
330.000000 0.247019
331.000000 0.249407
332.000000 0.251893
333.000000 0.254075
334.000000 0.256091
335.000000 0.258439
336.000000 0.261002
337.000000 0.263248
338.000000 0.265285
339.000000 0.267433
340.000000 0.269429
341.000000 0.271801
342.000000 0.274027
343.000000 0.275853
344.000000 0.277439
345.000000 0.278959
346.000000 0.280410
347.000000 0.281490
348.000000 0.282226
349.000000 0.282727
350.000000 0.283095
351.000000 0.283124
352.000000 0.282843
353.000000 0.282346
354.000000 0.281757
355.000000 0.281094
356.000000 0.280241
357.000000 0.279339
358.000000 0.278359
359.000000 0.277306
360.000000 0.276232
361.000000 0.275017
362.000000 0.273944
363.000000 0.272909
364.000000 0.271703
365.000000 0.270497
366.000000 0.269167
367.000000 0.267733
368.000000 0.266408
369.000000 0.265040
370.000000 0.263849
371.000000 0.262265
372.000000 0.260850
373.000000 0.259993
374.000000 0.258413
375.000000 0.256223
376.000000 0.254465
377.000000 0.253009
378.000000 0.251230
379.000000 0.249464
380.000000 0.247668
381.000000 0.246028
382.000000 0.244868
383.000000 0.243735
384.000000 0.242825
385.000000 0.242186
386.000000 0.241460
387.000000 0.240860
388.000000 0.240101
389.000000 0.239871
390.000000 0.240091
391.000000 0.240264
392.000000 0.240627
393.000000 0.240976
394.000000 0.241596
395.000000 0.242580
396.000000 0.243484
397.000000 0.244369
398.000000 0.245575
399.000000 0.246675
400.000000 0.247800
401.000000 0.249301
402.000000 0.250818
403.000000 0.252319
404.000000 0.253730
405.000000 0.255064
406.000000 0.256417
407.000000 0.257624
408.000000 0.258795
409.000000 0.260005
410.000000 0.260822
411.000000 0.261770
412.000000 0.263030
413.000000 0.263927
414.000000 0.264661
415.000000 0.265506
416.000000 0.266535
417.000000 0.267833
418.000000 0.269167
419.000000 0.270470
420.000000 0.271872
421.000000 0.273349
422.000000 0.274829
423.000000 0.276270
424.000000 0.277795
425.000000 0.279352
426.000000 0.281095
427.000000 0.282856
428.000000 0.284465
429.000000 0.285900
430.000000 0.286977
431.000000 0.287675
432.000000 0.287939
433.000000 0.287695
434.000000 0.286996
435.000000 0.285887
436.000000 0.284278
437.000000 0.282143
438.000000 0.279685
439.000000 0.277082
440.000000 0.274113
441.000000 0.270847
442.000000 0.267382
443.000000 0.263409
444.000000 0.259156
445.000000 0.254880
446.000000 0.250170
447.000000 0.245245
448.000000 0.240142
449.000000 0.234766
450.000000 0.229472
451.000000 0.223939
452.000000 0.218180
453.000000 0.212689
454.000000 0.207090
455.000000 0.201543
456.000000 0.196065
457.000000 0.190393
458.000000 0.185019
459.000000 0.179614
460.000000 0.174318
461.000000 0.169346
462.000000 0.164361
463.000000 0.159516
464.000000 0.154764
465.000000 0.150070
466.000000 0.145713
467.000000 0.141473
468.000000 0.137338
469.000000 0.133376
470.000000 0.129542
471.000000 0.125935
472.000000 0.122339
473.000000 0.118935
474.000000 0.115695
475.000000 0.112600
476.000000 0.109841
477.000000 0.107158
478.000000 0.104547
479.000000 0.102061
480.000000 0.099809
481.000000 0.097793
482.000000 0.095898
483.000000 0.094167
484.000000 0.092515
485.000000 0.090965
486.000000 0.089497
487.000000 0.088212
488.000000 0.087165
489.000000 0.086058
490.000000 0.085299
491.000000 0.084917
492.000000 0.084163
493.000000 0.083141
494.000000 0.082582
495.000000 0.082574
496.000000 0.082665
497.000000 0.082979
498.000000 0.084290
499.000000 0.084831
500.000000 0.084172
501.000000 0.084236
502.000000 0.084763
503.000000 0.085318
504.000000 0.086296
505.000000 0.087678
506.000000 0.088735
507.000000 0.089756
508.000000 0.091165
509.000000 0.092913
510.000000 0.094439
511.000000 0.095836
512.000000 0.097661
513.000000 0.099548
514.000000 0.101405
515.000000 0.103028
516.000000 0.104572
517.000000 0.106184
518.000000 0.107841
519.000000 0.109627
520.000000 0.111237
521.000000 0.112848
522.000000 0.114323
523.000000 0.115450
524.000000 0.116461
525.000000 0.117391
526.000000 0.118393
527.000000 0.119339
528.000000 0.119907
529.000000 0.120083
530.000000 0.120181
531.000000 0.120455
532.000000 0.120838
533.000000 0.121250
534.000000 0.121917
535.000000 0.122748
536.000000 0.123214
537.000000 0.123770
538.000000 0.125069
539.000000 0.126588
540.000000 0.128097
541.000000 0.130260
542.000000 0.132684
543.000000 0.135312
544.000000 0.138654
545.000000 0.142733
546.000000 0.147304
547.000000 0.152042
548.000000 0.156956
549.000000 0.161858
550.000000 0.166471
551.000000 0.171192
552.000000 0.176181
553.000000 0.180998
554.000000 0.185335
555.000000 0.189279
556.000000 0.192889
557.000000 0.196091
558.000000 0.198680
559.000000 0.200382
560.000000 0.201453
561.000000 0.201840
562.000000 0.201586
563.000000 0.200529
564.000000 0.198583
565.000000 0.196148
566.000000 0.193094
567.000000 0.189155
568.000000 0.184749
569.000000 0.179829
570.000000 0.174499
571.000000 0.168813
572.000000 0.163087
573.000000 0.157585
574.000000 0.151925
575.000000 0.146548
576.000000 0.141330
577.000000 0.136279
578.000000 0.131531
579.000000 0.127044
580.000000 0.122942
581.000000 0.119038
582.000000 0.115612
583.000000 0.112586
584.000000 0.109938
585.000000 0.107791
586.000000 0.105748
587.000000 0.103996
588.000000 0.102828
589.000000 0.101873
590.000000 0.100921
591.000000 0.100146
592.000000 0.099561
593.000000 0.099131
594.000000 0.098949
595.000000 0.099017
596.000000 0.099201
597.000000 0.099535
598.000000 0.099984
599.000000 0.100495
600.000000 0.101165
601.000000 0.101897
602.000000 0.102646
603.000000 0.103483
604.000000 0.104529
605.000000 0.105666
606.000000 0.106865
607.000000 0.108075
608.000000 0.109327
609.000000 0.110711
610.000000 0.112167
611.000000 0.113665
612.000000 0.115420
613.000000 0.117315
614.000000 0.119417
615.000000 0.121865
616.000000 0.124275
617.000000 0.126820
618.000000 0.129640
619.000000 0.132597
620.000000 0.135807
621.000000 0.139313
622.000000 0.142975
623.000000 0.146896
624.000000 0.151190
625.000000 0.155587
626.000000 0.160112
627.000000 0.165149
628.000000 0.170254
629.000000 0.175426
630.000000 0.181063
631.000000 0.186988
632.000000 0.192905
633.000000 0.198931
634.000000 0.205367
635.000000 0.211770
636.000000 0.218197
637.000000 0.224958
638.000000 0.231628
639.000000 0.238217
640.000000 0.244969
641.000000 0.251755
642.000000 0.258067
643.000000 0.264102
644.000000 0.270313
645.000000 0.276207
646.000000 0.281841
647.000000 0.287481
648.000000 0.292953
649.000000 0.298037
650.000000 0.302805
651.000000 0.307428
652.000000 0.311849
653.000000 0.315867
654.000000 0.319540
655.000000 0.323124
656.000000 0.326618
657.000000 0.329860
658.000000 0.332949
659.000000 0.336022
660.000000 0.339068
661.000000 0.342003
662.000000 0.344886
663.000000 0.347983
664.000000 0.351256
665.000000 0.354544
666.000000 0.357988
667.000000 0.361790
668.000000 0.365942
669.000000 0.370274
670.000000 0.374939
671.000000 0.380181
672.000000 0.385967
673.000000 0.392349
674.000000 0.398894
675.000000 0.405923
676.000000 0.414009
677.000000 0.422940
678.000000 0.432600
679.000000 0.442507
680.000000 0.452998
681.000000 0.464631
682.000000 0.477208
683.000000 0.490657
684.000000 0.504449
685.000000 0.518852
686.000000 0.534358
687.000000 0.550682
688.000000 0.567621
689.000000 0.585035
690.000000 0.602270
691.000000 0.619598
692.000000 0.637811
693.000000 0.656449
694.000000 0.675225
695.000000 0.694078
696.000000 0.712048
697.000000 0.729363
698.000000 0.746849
699.000000 0.763966
700.000000 0.780457
701.000000 0.796072
702.000000 0.810084
703.000000 0.822722
704.000000 0.834679
705.000000 0.845428
706.000000 0.854598
707.000000 0.862158
708.000000 0.868144
709.000000 0.872376
710.000000 0.874766
711.000000 0.875425
712.000000 0.874399
713.000000 0.871594
714.000000 0.866945
715.000000 0.860496
716.000000 0.852339
717.000000 0.842550
718.000000 0.831257
719.000000 0.819180
720.000000 0.806029
721.000000 0.791222
722.000000 0.775157
723.000000 0.758262
724.000000 0.740577
725.000000 0.722309
726.000000 0.703670
727.000000 0.684540
728.000000 0.664957
729.000000 0.645054
730.000000 0.624891
731.000000 0.605810
732.000000 0.587180
733.000000 0.567719
734.000000 0.548214
735.000000 0.528693
736.000000 0.509178
737.000000 0.489993
738.000000 0.471095
739.000000 0.452457
740.000000 0.434166
741.000000 0.416295
742.000000 0.398993
743.000000 0.382177
744.000000 0.365778
745.000000 0.349734
746.000000 0.334039
747.000000 0.318778
748.000000 0.304021
749.000000 0.289779
750.000000 0.276030
751.000000 0.262679
752.000000 0.249776
753.000000 0.237294
754.000000 0.225224
755.000000 0.213613
756.000000 0.202442
757.000000 0.191715
758.000000 0.181426
759.000000 0.171578
760.000000 0.162103
761.000000 0.152958
762.000000 0.144191
763.000000 0.135801
764.000000 0.127744
765.000000 0.119980
766.000000 0.112551
767.000000 0.105536
768.000000 0.098954
769.000000 0.092738
770.000000 0.086820
771.000000 0.081197
772.000000 0.075890
773.000000 0.070934
774.000000 0.066308
775.000000 0.061926
776.000000 0.057478
777.000000 0.053238
778.000000 0.049555
779.000000 0.046166
780.000000 0.043019
781.000000 0.040102
782.000000 0.037389
783.000000 0.034871
784.000000 0.032440
785.000000 0.030191
786.000000 0.028204
787.000000 0.026400
788.000000 0.024663
789.000000 0.022991
790.000000 0.021526
791.000000 0.020211
792.000000 0.019051
793.000000 0.018033
794.000000 0.017024
795.000000 0.016063
796.000000 0.015245
797.000000 0.014530
798.000000 0.013828
799.000000 0.013196
800.000000 0.012573
801.000000 0.012019
802.000000 0.011576
803.000000 0.011106
804.000000 0.010669
805.000000 0.010316
806.000000 0.010003
807.000000 0.009718
808.000000 0.009455
809.000000 0.009214
810.000000 0.009003
811.000000 0.008792
812.000000 0.008612
813.000000 0.008443
814.000000 0.008308
815.000000 0.008215
816.000000 0.008083
817.000000 0.007946
818.000000 0.007851
819.000000 0.007733
820.000000 0.007625
821.000000 0.007547
822.000000 0.007442
823.000000 0.007322
824.000000 0.007158
825.000000 0.006971
826.000000 0.006829
827.000000 0.006692
828.000000 0.006567
829.000000 0.006497
830.000000 0.006370
831.000000 0.006221
832.000000 0.006115
833.000000 0.005966
834.000000 0.005822
835.000000 0.005682
836.000000 0.005528
837.000000 0.005422
838.000000 0.005290
839.000000 0.005132
840.000000 0.005000
841.000000 0.004915
842.000000 0.004824
843.000000 0.004644
844.000000 0.004503
845.000000 0.004401
846.000000 0.004286
847.000000 0.004149
848.000000 0.003997
849.000000 0.003874
850.000000 0.003790
851.000000 0.003713
852.000000 0.003603
853.000000 0.003510
854.000000 0.003443
855.000000 0.003348
856.000000 0.003205
857.000000 0.003090
858.000000 0.003037
859.000000 0.003004
860.000000 0.002967
861.000000 0.002906
862.000000 0.002827
863.000000 0.002775
864.000000 0.002683
865.000000 0.002537
866.000000 0.002458
867.000000 0.002439
868.000000 0.002397
869.000000 0.002324
870.000000 0.002269
871.000000 0.002236
872.000000 0.002164
873.000000 0.002082
874.000000 0.002012
875.000000 0.001972
876.000000 0.001955
877.000000 0.001936
878.000000 0.001904
879.000000 0.001849
880.000000 0.001811
881.000000 0.001778
882.000000 0.001742
883.000000 0.001697
884.000000 0.001668
885.000000 0.001654
886.000000 0.001631
887.000000 0.001616
888.000000 0.001582
889.000000 0.001533
890.000000 0.001464
891.000000 0.001396
892.000000 0.001379
893.000000 0.001373
894.000000 0.001349
895.000000 0.001325
896.000000 0.001308
897.000000 0.001302
898.000000 0.001304
899.000000 0.001298
900.000000 0.001312
