315.000000 0.214152
316.000000 0.216525
317.000000 0.219111
318.000000 0.221348
319.000000 0.223611
320.000000 0.225721
321.000000 0.227789
322.000000 0.230213
323.000000 0.232608
324.000000 0.234523
325.000000 0.235878
326.000000 0.237739
327.000000 0.240055
328.000000 0.242407
329.000000 0.245036
330.000000 0.247402
331.000000 0.249824
332.000000 0.252427
333.000000 0.254527
334.000000 0.256325
335.000000 0.258391
336.000000 0.261341
337.000000 0.264129
338.000000 0.266443
339.000000 0.268729
340.000000 0.270552
341.000000 0.272403
342.000000 0.274115
343.000000 0.275825
344.000000 0.277786
345.000000 0.279422
346.000000 0.280660
347.000000 0.281571
348.000000 0.282348
349.000000 0.283080
350.000000 0.283519
351.000000 0.283615
352.000000 0.283579
353.000000 0.283243
354.000000 0.282639
355.000000 0.281947
356.000000 0.281137
357.000000 0.280187
358.000000 0.279168
359.000000 0.278239
360.000000 0.277181
361.000000 0.275879
362.000000 0.274586
363.000000 0.273314
364.000000 0.271939
365.000000 0.270638
366.000000 0.269443
367.000000 0.268179
368.000000 0.266807
369.000000 0.265417
370.000000 0.264294
371.000000 0.263241
372.000000 0.262094
373.000000 0.260787
374.000000 0.259113
375.000000 0.257193
376.000000 0.255281
377.000000 0.253652
378.000000 0.252005
379.000000 0.250178
380.000000 0.248038
381.000000 0.246079
382.000000 0.244665
383.000000 0.243430
384.000000 0.242426
385.000000 0.241697
386.000000 0.240938
387.000000 0.240341
388.000000 0.239879
389.000000 0.239432
390.000000 0.239491
391.000000 0.239708
392.000000 0.239873
393.000000 0.240152
394.000000 0.240612
395.000000 0.241560
396.000000 0.242675
397.000000 0.243495
398.000000 0.244632
399.000000 0.245870
400.000000 0.246973
401.000000 0.248456
402.000000 0.249974
403.000000 0.251459
404.000000 0.252825
405.000000 0.254123
406.000000 0.255432
407.000000 0.256659
408.000000 0.257941
409.000000 0.259172
410.000000 0.260274
411.000000 0.261497
412.000000 0.262638
413.000000 0.263442
414.000000 0.264199
415.000000 0.265111
416.000000 0.266042
417.000000 0.266950
418.000000 0.267831
419.000000 0.268989
420.000000 0.270480
421.000000 0.271847
422.000000 0.273106
423.000000 0.274493
424.000000 0.276191
425.000000 0.277847
426.000000 0.279502
427.000000 0.281270
428.000000 0.282961
429.000000 0.284372
430.000000 0.285373
431.000000 0.285982
432.000000 0.286249
433.000000 0.286242
434.000000 0.285832
435.000000 0.284741
436.000000 0.283172
437.000000 0.281258
438.000000 0.278944
439.000000 0.276393
440.000000 0.273370
441.000000 0.270065
442.000000 0.266603
443.000000 0.262697
444.000000 0.258575
445.000000 0.254448
446.000000 0.249802
447.000000 0.244849
448.000000 0.239731
449.000000 0.234365
450.000000 0.229064
451.000000 0.223489
452.000000 0.217739
453.000000 0.212234
454.000000 0.206578
455.000000 0.200898
456.000000 0.195210
457.000000 0.189392
458.000000 0.183956
459.000000 0.178512
460.000000 0.173218
461.000000 0.168247
462.000000 0.163179
463.000000 0.158209
464.000000 0.153329
465.000000 0.148541
466.000000 0.144111
467.000000 0.139783
468.000000 0.135510
469.000000 0.131397
470.000000 0.127467
471.000000 0.123807
472.000000 0.120232
473.000000 0.116821
474.000000 0.113504
475.000000 0.110311
476.000000 0.107417
477.000000 0.104653
478.000000 0.102058
479.000000 0.099523
480.000000 0.097127
481.000000 0.094908
482.000000 0.092889
483.000000 0.091088
484.000000 0.089346
485.000000 0.087766
486.000000 0.086268
487.000000 0.084940
488.000000 0.083813
489.000000 0.082731
490.000000 0.081988
491.000000 0.081645
492.000000 0.081322
493.000000 0.080660
494.000000 0.080158
495.000000 0.079985
496.000000 0.079725
497.000000 0.079652
498.000000 0.079612
499.000000 0.079569
500.000000 0.079877
501.000000 0.080466
502.000000 0.081103
503.000000 0.081674
504.000000 0.082475
505.000000 0.083539
506.000000 0.084310
507.000000 0.085254
508.000000 0.086627
509.000000 0.087802
510.000000 0.088909
511.000000 0.090282
512.000000 0.091836
513.000000 0.093388
514.000000 0.095033
515.000000 0.096774
516.000000 0.098566
517.000000 0.100266
518.000000 0.101978
519.000000 0.103548
520.000000 0.104948
521.000000 0.106551
522.000000 0.108029
523.000000 0.109105
524.000000 0.109948
525.000000 0.110663
526.000000 0.111354
527.000000 0.112146
528.000000 0.112725
529.000000 0.113020
530.000000 0.113242
531.000000 0.113599
532.000000 0.114106
533.000000 0.114354
534.000000 0.114553
535.000000 0.114895
536.000000 0.115394
537.000000 0.116131
538.000000 0.117425
539.000000 0.118896
540.000000 0.120237
541.000000 0.122079
542.000000 0.124405
543.000000 0.127212
544.000000 0.130572
545.000000 0.134358
546.000000 0.138457
547.000000 0.142753
548.000000 0.147124
549.000000 0.151686
550.000000 0.156081
551.000000 0.160297
552.000000 0.164597
553.000000 0.168817
554.000000 0.172824
555.000000 0.176639
556.000000 0.179988
557.000000 0.182902
558.000000 0.185447
559.000000 0.187163
560.000000 0.188213
561.000000 0.188642
562.000000 0.188472
563.000000 0.187536
564.000000 0.185806
565.000000 0.183723
566.000000 0.181126
567.000000 0.177798
568.000000 0.173771
569.000000 0.169167
570.000000 0.164386
571.000000 0.159365
572.000000 0.154297
573.000000 0.149389
574.000000 0.144312
575.000000 0.139504
576.000000 0.134888
577.000000 0.130210
578.000000 0.125809
579.000000 0.121758
580.000000 0.118081
581.000000 0.114700
582.000000 0.111736
583.000000 0.109210
584.000000 0.106984
585.000000 0.105056
586.000000 0.103289
587.000000 0.101900
588.000000 0.101000
589.000000 0.100226
590.000000 0.099527
591.000000 0.099086
592.000000 0.098889
593.000000 0.098813
594.000000 0.098716
595.000000 0.098821
596.000000 0.099224
597.000000 0.099720
598.000000 0.100292
599.000000 0.100847
600.000000 0.101542
601.000000 0.102479
602.000000 0.103489
603.000000 0.104484
604.000000 0.105570
605.000000 0.106710
606.000000 0.107946
607.000000 0.109325
608.000000 0.110789
609.000000 0.112299
610.000000 0.113838
611.000000 0.115504
612.000000 0.117459
613.000000 0.119551
614.000000 0.121826
615.000000 0.124368
616.000000 0.126845
617.000000 0.129452
618.000000 0.132437
619.000000 0.135569
620.000000 0.138912
621.000000 0.142569
622.000000 0.146337
623.000000 0.150342
624.000000 0.154728
625.000000 0.159271
626.000000 0.164034
627.000000 0.169235
628.000000 0.174447
629.000000 0.179795
630.000000 0.185651
631.000000 0.191842
632.000000 0.198023
633.000000 0.204292
634.000000 0.210964
635.000000 0.217568
636.000000 0.224224
637.000000 0.231237
638.000000 0.238125
639.000000 0.244951
640.000000 0.252029
641.000000 0.259082
642.000000 0.265619
643.000000 0.271932
644.000000 0.278375
645.000000 0.284416
646.000000 0.290268
647.000000 0.296184
648.000000 0.301865
649.000000 0.307131
650.000000 0.312107
651.000000 0.316928
652.000000 0.321489
653.000000 0.325686
654.000000 0.329557
655.000000 0.333274
656.000000 0.336886
657.000000 0.340258
658.000000 0.343412
659.000000 0.346557
660.000000 0.349692
661.000000 0.352685
662.000000 0.355667
663.000000 0.358911
664.000000 0.362358
665.000000 0.365838
666.000000 0.369428
667.000000 0.373310
668.000000 0.377563
669.000000 0.382046
670.000000 0.386871
671.000000 0.392297
672.000000 0.398277
673.000000 0.404802
674.000000 0.411492
675.000000 0.418703
676.000000 0.427035
677.000000 0.436280
678.000000 0.446264
679.000000 0.456468
680.000000 0.467275
681.000000 0.479284
682.000000 0.492288
683.000000 0.506225
684.000000 0.520492
685.000000 0.535324
686.000000 0.551306
687.000000 0.568145
688.000000 0.585583
689.000000 0.603466
690.000000 0.621200
691.000000 0.639118
692.000000 0.657973
693.000000 0.677205
694.000000 0.696586
695.000000 0.716092
696.000000 0.734715
697.000000 0.752693
698.000000 0.770853
699.000000 0.788605
700.000000 0.805653
701.000000 0.821708
702.000000 0.836205
703.000000 0.849428
704.000000 0.861887
705.000000 0.873064
706.000000 0.882584
707.000000 0.890454
708.000000 0.896672
709.000000 0.901127
710.000000 0.903756
711.000000 0.904625
712.000000 0.903657
713.000000 0.900749
714.000000 0.895943
715.000000 0.889253
716.000000 0.880859
717.000000 0.870819
718.000000 0.859180
719.000000 0.846720
720.000000 0.833174
721.000000 0.817974
722.000000 0.801518
723.000000 0.784107
724.000000 0.765862
725.000000 0.746975
726.000000 0.727719
727.000000 0.707979
728.000000 0.687601
729.000000 0.666906
730.000000 0.646106
731.000000 0.626441
732.000000 0.607207
733.000000 0.587122
734.000000 0.566804
735.000000 0.546535
736.000000 0.526481
737.000000 0.506688
738.000000 0.487104
739.000000 0.467793
740.000000 0.448877
741.000000 0.430401
742.000000 0.412459
743.000000 0.394987
744.000000 0.378003
745.000000 0.361402
746.000000 0.345173
747.000000 0.329433
748.000000 0.314211
749.000000 0.299522
750.000000 0.285316
751.000000 0.271548
752.000000 0.258250
753.000000 0.245336
754.000000 0.232832
755.000000 0.220784
756.000000 0.209238
757.000000 0.198191
758.000000 0.187563
759.000000 0.177344
760.000000 0.167518
761.000000 0.158071
762.000000 0.148987
763.000000 0.140319
764.000000 0.132082
765.000000 0.124117
766.000000 0.116426
767.000000 0.109138
768.000000 0.102315
769.000000 0.095940
770.000000 0.089868
771.000000 0.084078
772.000000 0.078602
773.000000 0.073438
774.000000 0.068551
775.000000 0.063931
776.000000 0.059337
777.000000 0.054937
778.000000 0.051104
779.000000 0.047613
780.000000 0.044302
781.000000 0.041265
782.000000 0.038485
783.000000 0.035857
784.000000 0.033379
785.000000 0.031080
786.000000 0.028976
787.000000 0.027057
788.000000 0.025225
789.000000 0.023527
790.000000 0.022037
791.000000 0.020676
792.000000 0.019452
793.000000 0.018311
794.000000 0.017217
795.000000 0.016234
796.000000 0.015404
797.000000 0.014682
798.000000 0.013967
799.000000 0.013339
800.000000 0.012765
801.000000 0.012207
802.000000 0.011725
803.000000 0.011249
804.000000 0.010819
805.000000 0.010473
806.000000 0.010095
807.000000 0.009737
808.000000 0.009454
809.000000 0.009148
810.000000 0.008866
811.000000 0.008666
812.000000 0.008510
813.000000 0.008345
814.000000 0.008193
815.000000 0.008052
816.000000 0.007938
817.000000 0.007812
818.000000 0.007675
819.000000 0.007573
820.000000 0.007464
821.000000 0.007367
822.000000 0.007308
823.000000 0.007209
824.000000 0.007054
825.000000 0.006905
826.000000 0.006762
827.000000 0.006603
828.000000 0.006491
829.000000 0.006435
830.000000 0.006281
831.000000 0.006103
832.000000 0.005965
833.000000 0.005835
834.000000 0.005715
835.000000 0.005524
836.000000 0.005348
837.000000 0.005280
838.000000 0.005198
839.000000 0.005085
840.000000 0.004976
841.000000 0.004868
842.000000 0.004754
843.000000 0.004596
844.000000 0.004442
845.000000 0.004306
846.000000 0.004199
847.000000 0.004104
848.000000 0.004009
849.000000 0.003910
850.000000 0.003834
851.000000 0.003768
852.000000 0.003654
853.000000 0.003579
854.000000 0.003522
855.000000 0.003428
856.000000 0.003318
857.000000 0.003231
858.000000 0.003165
859.000000 0.003079
860.000000 0.003001
861.000000 0.002934
862.000000 0.002860
863.000000 0.002817
864.000000 0.002786
865.000000 0.002722
866.000000 0.002657
867.000000 0.002591
868.000000 0.002525
869.000000 0.002476
870.000000 0.002436
871.000000 0.002389
872.000000 0.002320
873.000000 0.002262
874.000000 0.002182
875.000000 0.002112
876.000000 0.002083
877.000000 0.002043
878.000000 0.002002
879.000000 0.001970
880.000000 0.001958
881.000000 0.001936
882.000000 0.001896
883.000000 0.001850
884.000000 0.001819
885.000000 0.001831
886.000000 0.001840
887.000000 0.001829
888.000000 0.001800
889.000000 0.001755
890.000000 0.001675
891.000000 0.001596
892.000000 0.001563
893.000000 0.001516
894.000000 0.001500
895.000000 0.001497
896.000000 0.001457
897.000000 0.001436
898.000000 0.001422
899.000000 0.001403
900.000000 0.001422
