315.000000 0.210368
316.000000 0.212672
317.000000 0.214838
318.000000 0.216532
319.000000 0.218254
320.000000 0.220616
321.000000 0.223306
322.000000 0.225597
323.000000 0.227650
324.000000 0.229589
325.000000 0.231027
326.000000 0.232765
327.000000 0.234891
328.000000 0.237134
329.000000 0.239421
330.000000 0.241994
331.000000 0.245272
332.000000 0.248294
333.000000 0.250249
334.000000 0.252154
335.000000 0.254514
336.000000 0.257174
337.000000 0.259796
338.000000 0.261938
339.000000 0.263784
340.000000 0.265643
341.000000 0.267899
342.000000 0.269799
343.000000 0.271653
344.000000 0.273864
345.000000 0.275822
346.000000 0.277405
347.000000 0.278744
348.000000 0.279793
349.000000 0.280584
350.000000 0.281068
351.000000 0.281158
352.000000 0.281241
353.000000 0.281276
354.000000 0.281019
355.000000 0.280501
356.000000 0.279968
357.000000 0.279152
358.000000 0.278010
359.000000 0.276876
360.000000 0.275749
361.000000 0.274572
362.000000 0.273328
363.000000 0.272047
364.000000 0.270820
365.000000 0.269701
366.000000 0.268555
367.000000 0.267180
368.000000 0.265616
369.000000 0.264174
370.000000 0.262646
371.000000 0.260840
372.000000 0.259393
373.000000 0.257888
374.000000 0.255989
375.000000 0.253739
376.000000 0.251486
377.000000 0.249762
378.000000 0.248241
379.000000 0.246461
380.000000 0.244083
381.000000 0.241839
382.000000 0.240279
383.000000 0.238997
384.000000 0.238050
385.000000 0.237475
386.000000 0.236643
387.000000 0.235804
388.000000 0.234918
389.000000 0.234139
390.000000 0.233761
391.000000 0.233717
392.000000 0.233913
393.000000 0.234167
394.000000 0.234868
395.000000 0.235827
396.000000 0.236685
397.000000 0.237435
398.000000 0.238347
399.000000 0.239387
400.000000 0.240529
401.000000 0.241929
402.000000 0.243209
403.000000 0.244562
404.000000 0.245835
405.000000 0.246890
406.000000 0.248053
407.000000 0.249223
408.000000 0.250287
409.000000 0.251344
410.000000 0.252051
411.000000 0.252621
412.000000 0.253513
413.000000 0.254434
414.000000 0.255298
415.000000 0.256158
416.000000 0.257001
417.000000 0.257853
418.000000 0.258897
419.000000 0.260014
420.000000 0.261236
421.000000 0.262542
422.000000 0.263832
423.000000 0.265261
424.000000 0.267034
425.000000 0.268893
426.000000 0.270809
427.000000 0.272814
428.000000 0.274698
429.000000 0.276382
430.000000 0.277711
431.000000 0.278728
432.000000 0.279561
433.000000 0.280026
434.000000 0.279945
435.000000 0.279264
436.000000 0.278226
437.000000 0.276858
438.000000 0.274973
439.000000 0.272752
440.000000 0.270104
441.000000 0.267142
442.000000 0.263972
443.000000 0.260282
444.000000 0.256234
445.000000 0.252050
446.000000 0.247361
447.000000 0.242409
448.000000 0.237274
449.000000 0.231873
450.000000 0.226545
451.000000 0.220903
452.000000 0.214918
453.000000 0.209208
454.000000 0.203444
455.000000 0.197640
456.000000 0.191850
457.000000 0.185902
458.000000 0.180271
459.000000 0.174620
460.000000 0.169074
461.000000 0.163855
462.000000 0.158584
463.000000 0.153361
464.000000 0.148147
465.000000 0.143054
466.000000 0.138425
467.000000 0.133980
468.000000 0.129573
469.000000 0.125231
470.000000 0.121013
471.000000 0.117073
472.000000 0.113198
473.000000 0.109502
474.000000 0.106047
475.000000 0.102740
476.000000 0.099674
477.000000 0.096697
478.000000 0.093862
479.000000 0.091139
480.000000 0.088566
481.000000 0.086167
482.000000 0.083937
483.000000 0.081945
484.000000 0.080052
485.000000 0.078286
486.000000 0.076613
487.000000 0.075104
488.000000 0.073750
489.000000 0.072371
490.000000 0.071542
491.000000 0.070837
492.000000 0.069991
493.000000 0.069184
494.000000 0.068237
495.000000 0.067700
496.000000 0.067355
497.000000 0.066905
498.000000 0.066794
499.000000 0.066900
500.000000 0.066976
501.000000 0.067103
502.000000 0.067324
503.000000 0.067565
504.000000 0.067870
505.000000 0.068499
506.000000 0.069107
507.000000 0.069574
508.000000 0.070188
509.000000 0.070850
510.000000 0.071367
511.000000 0.072045
512.000000 0.073244
513.000000 0.074567
514.000000 0.076013
515.000000 0.077534
516.000000 0.078793
517.000000 0.079822
518.000000 0.080942
519.000000 0.082124
520.000000 0.083038
521.000000 0.083869
522.000000 0.084745
523.000000 0.085427
524.000000 0.085709
525.000000 0.086043
526.000000 0.086582
527.000000 0.087134
528.000000 0.087619
529.000000 0.087818
530.000000 0.087872
531.000000 0.088123
532.000000 0.088439
533.000000 0.088639
534.000000 0.088964
535.000000 0.089394
536.000000 0.089989
537.000000 0.090898
538.000000 0.092297
539.000000 0.093548
540.000000 0.094585
541.000000 0.096138
542.000000 0.097803
543.000000 0.099799
544.000000 0.102161
545.000000 0.105006
546.000000 0.108093
547.000000 0.111028
548.000000 0.114319
549.000000 0.117670
550.000000 0.120700
551.000000 0.123817
552.000000 0.127234
553.000000 0.130556
554.000000 0.133532
555.000000 0.136443
556.000000 0.139169
557.000000 0.141477
558.000000 0.143412
559.000000 0.144855
560.000000 0.145825
561.000000 0.146262
562.000000 0.146269
563.000000 0.145740
564.000000 0.144640
565.000000 0.143273
566.000000 0.141679
567.000000 0.139634
568.000000 0.137005
569.000000 0.134063
570.000000 0.131087
571.000000 0.127879
572.000000 0.124520
573.000000 0.121328
574.000000 0.118191
575.000000 0.115086
576.000000 0.112209
577.000000 0.109591
578.000000 0.107055
579.000000 0.104652
580.000000 0.102610
581.000000 0.100874
582.000000 0.099407
583.000000 0.098217
584.000000 0.097250
585.000000 0.096460
586.000000 0.095792
587.000000 0.095472
588.000000 0.095658
589.000000 0.095953
590.000000 0.096173
591.000000 0.096534
592.000000 0.097054
593.000000 0.097744
594.000000 0.098599
595.000000 0.099585
596.000000 0.100688
597.000000 0.101805
598.000000 0.102948
599.000000 0.104254
600.000000 0.105655
601.000000 0.107109
602.000000 0.108621
603.000000 0.110097
604.000000 0.111723
605.000000 0.113460
606.000000 0.115298
607.000000 0.117220
608.000000 0.119098
609.000000 0.121067
610.000000 0.123199
611.000000 0.125522
612.000000 0.128090
613.000000 0.130737
614.000000 0.133554
615.000000 0.136693
616.000000 0.139795
617.000000 0.142996
618.000000 0.146628
619.000000 0.150465
620.000000 0.154586
621.000000 0.159053
622.000000 0.163600
623.000000 0.168398
624.000000 0.173657
625.000000 0.179104
626.000000 0.184760
627.000000 0.190875
628.000000 0.197077
629.000000 0.203561
630.000000 0.210610
631.000000 0.217892
632.000000 0.225088
633.000000 0.232458
634.000000 0.240333
635.000000 0.248113
636.000000 0.255961
637.000000 0.264218
638.000000 0.272325
639.000000 0.280402
640.000000 0.288726
641.000000 0.297050
642.000000 0.304823
643.000000 0.312302
644.000000 0.319942
645.000000 0.327165
646.000000 0.334115
647.000000 0.341099
648.000000 0.347862
649.000000 0.354104
650.000000 0.359995
651.000000 0.365760
652.000000 0.371235
653.000000 0.376206
654.000000 0.380807
655.000000 0.385276
656.000000 0.389568
657.000000 0.393564
658.000000 0.397360
659.000000 0.401151
660.000000 0.404894
661.000000 0.408421
662.000000 0.411900
663.000000 0.415656
664.000000 0.419641
665.000000 0.423626
666.000000 0.427717
667.000000 0.432232
668.000000 0.437169
669.000000 0.442318
670.000000 0.447835
671.000000 0.454070
672.000000 0.460979
673.000000 0.468556
674.000000 0.476356
675.000000 0.484734
676.000000 0.494340
677.000000 0.504972
678.000000 0.516515
679.000000 0.528352
680.000000 0.540879
681.000000 0.554765
682.000000 0.569767
683.000000 0.585891
684.000000 0.602456
685.000000 0.619651
686.000000 0.638207
687.000000 0.657810
688.000000 0.678147
689.000000 0.699113
690.000000 0.719922
691.000000 0.740873
692.000000 0.762914
693.000000 0.785585
694.000000 0.808433
695.000000 0.831401
696.000000 0.853389
697.000000 0.874476
698.000000 0.895815
699.000000 0.916895
700.000000 0.937229
701.000000 0.956415
702.000000 0.973860
703.000000 0.989787
704.000000 1.004813
705.000000 1.018418
706.000000 1.030200
707.000000 1.039991
708.000000 1.047854
709.000000 1.053620
710.000000 1.057163
711.000000 1.058597
712.000000 1.057989
713.000000 1.055201
714.000000 1.050129
715.000000 1.042851
716.000000 1.033489
717.000000 1.022021
718.000000 1.008595
719.000000 0.994126
720.000000 0.978403
721.000000 0.960847
722.000000 0.941705
723.000000 0.921311
724.000000 0.899903
725.000000 0.877825
726.000000 0.855243
727.000000 0.831962
728.000000 0.808037
729.000000 0.783771
730.000000 0.759260
731.000000 0.736095
732.000000 0.713433
733.000000 0.689674
734.000000 0.665706
735.000000 0.641803
736.000000 0.618052
737.000000 0.594646
738.000000 0.571582
739.000000 0.548849
740.000000 0.526591
741.000000 0.504814
742.000000 0.483669
743.000000 0.463132
744.000000 0.443170
745.000000 0.423677
746.000000 0.404597
747.000000 0.386105
748.000000 0.368181
749.000000 0.350817
750.000000 0.334117
751.000000 0.318026
752.000000 0.302533
753.000000 0.287469
754.000000 0.272795
755.000000 0.258628
756.000000 0.245020
757.000000 0.232026
758.000000 0.219517
759.000000 0.207468
760.000000 0.195890
761.000000 0.184762
762.000000 0.174074
763.000000 0.163883
764.000000 0.154168
765.000000 0.144753
766.000000 0.135703
767.000000 0.127177
768.000000 0.119215
769.000000 0.111656
770.000000 0.104425
771.000000 0.097560
772.000000 0.091091
773.000000 0.085006
774.000000 0.079232
775.000000 0.073796
776.000000 0.068390
777.000000 0.063209
778.000000 0.058631
779.000000 0.054427
780.000000 0.050516
781.000000 0.046951
782.000000 0.043652
783.000000 0.040565
784.000000 0.037625
785.000000 0.034856
786.000000 0.032366
787.000000 0.030098
788.000000 0.027865
789.000000 0.025752
790.000000 0.023924
791.000000 0.022268
792.000000 0.020766
793.000000 0.019383
794.000000 0.018084
795.000000 0.016953
796.000000 0.015943
797.000000 0.014969
798.000000 0.014062
799.000000 0.013241
800.000000 0.012521
801.000000 0.011903
802.000000 0.011317
803.000000 0.010751
804.000000 0.010237
805.000000 0.009809
806.000000 0.009390
807.000000 0.008997
808.000000 0.008645
809.000000 0.008245
810.000000 0.007864
811.000000 0.007577
812.000000 0.007363
813.000000 0.007111
814.000000 0.006923
815.000000 0.006822
816.000000 0.006653
817.000000 0.006440
818.000000 0.006311
819.000000 0.006225
820.000000 0.006084
821.000000 0.005984
822.000000 0.005920
823.000000 0.005808
824.000000 0.005658
825.000000 0.005537
826.000000 0.005447
827.000000 0.005303
828.000000 0.005158
829.000000 0.005094
830.000000 0.005032
831.000000 0.004918
832.000000 0.004793
833.000000 0.004657
834.000000 0.004517
835.000000 0.004355
836.000000 0.004214
837.000000 0.004151
838.000000 0.004048
839.000000 0.003886
840.000000 0.003757
841.000000 0.003695
842.000000 0.003634
843.000000 0.003496
844.000000 0.003369
845.000000 0.003295
846.000000 0.003208
847.000000 0.003121
848.000000 0.003053
849.000000 0.002968
850.000000 0.002902
851.000000 0.002868
852.000000 0.002830
853.000000 0.002793
854.000000 0.002734
855.000000 0.002635
856.000000 0.002514
857.000000 0.002429
858.000000 0.002394
859.000000 0.002359
860.000000 0.002336
861.000000 0.002292
862.000000 0.002221
863.000000 0.002190
864.000000 0.002148
865.000000 0.002079
866.000000 0.002021
867.000000 0.001974
868.000000 0.001957
869.000000 0.001926
870.000000 0.001853
871.000000 0.001787
872.000000 0.001742
873.000000 0.001693
874.000000 0.001633
875.000000 0.001595
876.000000 0.001596
877.000000 0.001586
878.000000 0.001561
879.000000 0.001532
880.000000 0.001499
881.000000 0.001487
882.000000 0.001476
883.000000 0.001469
884.000000 0.001445
885.000000 0.001397
886.000000 0.001353
887.000000 0.001326
888.000000 0.001323
889.000000 0.001310
890.000000 0.001245
891.000000 0.001166
892.000000 0.001132
893.000000 0.001112
894.000000 0.001083
895.000000 0.001055
896.000000 0.001043
897.000000 0.001063
898.000000 0.001079
899.000000 0.001079
900.000000 0.001114
