315.000000 0.206951
316.000000 0.208834
317.000000 0.210639
318.000000 0.212496
319.000000 0.214210
320.000000 0.215567
321.000000 0.217580
322.000000 0.220456
323.000000 0.223417
324.000000 0.225536
325.000000 0.226779
326.000000 0.228682
327.000000 0.231118
328.000000 0.233289
329.000000 0.235523
330.000000 0.237878
331.000000 0.240609
332.000000 0.243332
333.000000 0.245623
334.000000 0.248020
335.000000 0.250462
336.000000 0.252975
337.000000 0.255577
338.000000 0.257758
339.000000 0.260011
340.000000 0.262347
341.000000 0.264620
342.000000 0.266588
343.000000 0.268359
344.000000 0.270354
345.000000 0.272535
346.000000 0.274491
347.000000 0.275826
348.000000 0.276756
349.000000 0.277579
350.000000 0.278241
351.000000 0.278684
352.000000 0.279037
353.000000 0.279121
354.000000 0.278852
355.000000 0.278510
356.000000 0.278016
357.000000 0.277190
358.000000 0.276231
359.000000 0.275217
360.000000 0.274060
361.000000 0.272941
362.000000 0.271966
363.000000 0.270809
364.000000 0.269495
365.000000 0.268306
366.000000 0.267095
367.000000 0.265577
368.000000 0.263944
369.000000 0.262426
370.000000 0.260471
371.000000 0.258691
372.000000 0.257334
373.000000 0.255747
374.000000 0.254113
375.000000 0.251896
376.000000 0.249507
377.000000 0.247547
378.000000 0.245856
379.000000 0.244172
380.000000 0.242048
381.000000 0.239964
382.000000 0.238289
383.000000 0.236832
384.000000 0.235511
385.000000 0.234005
386.000000 0.232465
387.000000 0.231537
388.000000 0.230839
389.000000 0.230199
390.000000 0.229856
391.000000 0.229714
392.000000 0.229830
393.000000 0.230169
394.000000 0.230679
395.000000 0.231417
396.000000 0.232120
397.000000 0.232740
398.000000 0.233665
399.000000 0.234636
400.000000 0.235692
401.000000 0.237179
402.000000 0.238675
403.000000 0.240082
404.000000 0.241110
405.000000 0.242108
406.000000 0.243375
407.000000 0.244558
408.000000 0.245556
409.000000 0.246407
410.000000 0.246818
411.000000 0.247325
412.000000 0.248446
413.000000 0.249294
414.000000 0.250006
415.000000 0.250964
416.000000 0.251911
417.000000 0.252570
418.000000 0.253234
419.000000 0.254444
420.000000 0.255931
421.000000 0.257228
422.000000 0.258679
423.000000 0.260433
424.000000 0.262274
425.000000 0.264069
426.000000 0.265908
427.000000 0.267873
428.000000 0.269829
429.000000 0.271604
430.000000 0.273212
431.000000 0.274665
432.000000 0.275784
433.000000 0.276492
434.000000 0.276773
435.000000 0.276480
436.000000 0.275706
437.000000 0.274503
438.000000 0.272806
439.000000 0.270783
440.000000 0.268311
441.000000 0.265460
442.000000 0.262329
443.000000 0.258708
444.000000 0.254702
445.000000 0.250504
446.000000 0.245872
447.000000 0.240860
448.000000 0.235530
449.000000 0.230062
450.000000 0.224758
451.000000 0.219073
452.000000 0.213043
453.000000 0.207291
454.000000 0.201478
455.000000 0.195629
456.000000 0.189718
457.000000 0.183652
458.000000 0.177881
459.000000 0.172104
460.000000 0.166470
461.000000 0.161147
462.000000 0.155789
463.000000 0.150555
464.000000 0.145382
465.000000 0.140276
466.000000 0.135563
467.000000 0.130960
468.000000 0.126402
469.000000 0.122020
470.000000 0.117810
471.000000 0.113832
472.000000 0.109860
473.000000 0.106073
474.000000 0.102478
475.000000 0.098995
476.000000 0.095852
477.000000 0.092835
478.000000 0.089931
479.000000 0.087108
480.000000 0.084512
481.000000 0.082117
482.000000 0.079847
483.000000 0.077768
484.000000 0.075737
485.000000 0.073883
486.000000 0.072119
487.000000 0.070465
488.000000 0.069039
489.000000 0.067417
490.000000 0.066038
491.000000 0.065176
492.000000 0.064069
493.000000 0.062554
494.000000 0.061601
495.000000 0.061380
496.000000 0.061038
497.000000 0.060804
498.000000 0.060517
499.000000 0.059891
500.000000 0.059549
501.000000 0.059517
502.000000 0.059821
503.000000 0.060476
504.000000 0.060913
505.000000 0.061115
506.000000 0.061336
507.000000 0.061725
508.000000 0.062402
509.000000 0.063078
510.000000 0.063553
511.000000 0.064032
512.000000 0.065041
513.000000 0.066228
514.000000 0.066981
515.000000 0.067675
516.000000 0.068646
517.000000 0.069438
518.000000 0.070189
519.000000 0.071295
520.000000 0.072278
521.000000 0.073211
522.000000 0.074130
523.000000 0.074641
524.000000 0.074975
525.000000 0.075294
526.000000 0.075632
527.000000 0.076106
528.000000 0.076449
529.000000 0.076628
530.000000 0.076750
531.000000 0.076888
532.000000 0.077045
533.000000 0.077446
534.000000 0.078003
535.000000 0.078396
536.000000 0.078624
537.000000 0.078940
538.000000 0.079857
539.000000 0.080749
540.000000 0.081493
541.000000 0.082733
542.000000 0.084275
543.000000 0.086188
544.000000 0.088226
545.000000 0.090850
546.000000 0.093912
547.000000 0.096811
548.000000 0.099711
549.000000 0.102544
550.000000 0.105289
551.000000 0.107920
552.000000 0.110710
553.000000 0.113562
554.000000 0.116181
555.000000 0.118708
556.000000 0.121089
557.000000 0.123213
558.000000 0.124945
559.000000 0.126136
560.000000 0.127073
561.000000 0.127597
562.000000 0.127746
563.000000 0.127549
564.000000 0.126955
565.000000 0.126238
566.000000 0.125217
567.000000 0.123585
568.000000 0.121511
569.000000 0.119180
570.000000 0.116845
571.000000 0.114456
572.000000 0.111991
573.000000 0.109653
574.000000 0.107362
575.000000 0.105170
576.000000 0.103014
577.000000 0.100989
578.000000 0.099159
579.000000 0.097426
580.000000 0.096010
581.000000 0.094979
582.000000 0.094162
583.000000 0.093562
584.000000 0.093131
585.000000 0.092979
586.000000 0.092981
587.000000 0.093126
588.000000 0.093638
589.000000 0.094189
590.000000 0.094816
591.000000 0.095708
592.000000 0.096667
593.000000 0.097653
594.000000 0.098732
595.000000 0.099944
596.000000 0.101303
597.000000 0.102704
598.000000 0.104235
599.000000 0.105835
600.000000 0.107436
601.000000 0.109111
602.000000 0.110796
603.000000 0.112561
604.000000 0.114503
605.000000 0.116468
606.000000 0.118499
607.000000 0.120620
608.000000 0.122800
609.000000 0.125070
610.000000 0.127496
611.000000 0.130034
612.000000 0.132740
613.000000 0.135603
614.000000 0.138678
615.000000 0.142102
616.000000 0.145500
617.000000 0.149006
618.000000 0.152896
619.000000 0.156946
620.000000 0.161271
621.000000 0.166002
622.000000 0.170906
623.000000 0.176051
624.000000 0.181594
625.000000 0.187270
626.000000 0.193151
627.000000 0.199658
628.000000 0.206280
629.000000 0.213106
630.000000 0.220515
631.000000 0.228237
632.000000 0.235934
633.000000 0.243846
634.000000 0.252293
635.000000 0.260567
636.000000 0.268866
637.000000 0.277608
638.000000 0.286197
639.000000 0.294681
640.000000 0.303484
641.000000 0.312315
642.000000 0.320520
643.000000 0.328464
644.000000 0.336630
645.000000 0.344344
646.000000 0.351705
647.000000 0.359096
648.000000 0.366267
649.000000 0.372885
650.000000 0.379115
651.000000 0.385199
652.000000 0.391004
653.000000 0.396321
654.000000 0.401221
655.000000 0.405941
656.000000 0.410494
657.000000 0.414693
658.000000 0.418651
659.000000 0.422621
660.000000 0.426530
661.000000 0.430224
662.000000 0.433898
663.000000 0.437879
664.000000 0.442058
665.000000 0.446204
666.000000 0.450450
667.000000 0.455162
668.000000 0.460336
669.000000 0.465716
670.000000 0.471523
671.000000 0.478089
672.000000 0.485291
673.000000 0.493183
674.000000 0.501344
675.000000 0.510137
676.000000 0.520281
677.000000 0.531454
678.000000 0.543499
679.000000 0.555893
680.000000 0.569050
681.000000 0.583671
682.000000 0.599519
683.000000 0.616476
684.000000 0.633848
685.000000 0.651910
686.000000 0.671438
687.000000 0.692024
688.000000 0.713361
689.000000 0.735414
690.000000 0.757341
691.000000 0.779467
692.000000 0.802749
693.000000 0.826632
694.000000 0.850646
695.000000 0.874778
696.000000 0.897895
697.000000 0.920157
698.000000 0.942792
699.000000 0.965180
700.000000 0.986859
701.000000 1.007371
702.000000 1.025946
703.000000 1.042863
704.000000 1.058797
705.000000 1.073222
706.000000 1.085755
707.000000 1.096249
708.000000 1.104744
709.000000 1.111106
710.000000 1.115135
711.000000 1.116903
712.000000 1.116508
713.000000 1.113691
714.000000 1.108491
715.000000 1.101071
716.000000 1.091340
717.000000 1.079356
718.000000 1.065323
719.000000 1.050216
720.000000 1.033709
721.000000 1.015116
722.000000 0.994791
723.000000 0.973230
724.000000 0.950719
725.000000 0.927525
726.000000 0.903828
727.000000 0.879226
728.000000 0.853822
729.000000 0.828038
730.000000 0.802037
731.000000 0.777492
732.000000 0.753507
733.000000 0.728527
734.000000 0.703266
735.000000 0.677985
736.000000 0.652809
737.000000 0.627927
738.000000 0.603521
739.000000 0.579512
740.000000 0.555960
741.000000 0.532927
742.000000 0.510499
743.000000 0.488715
744.000000 0.467639
745.000000 0.447056
746.000000 0.426868
747.000000 0.407266
748.000000 0.388268
749.000000 0.369910
750.000000 0.352173
751.000000 0.335083
752.000000 0.318746
753.000000 0.302898
754.000000 0.287503
755.000000 0.272680
756.000000 0.258356
757.000000 0.244555
758.000000 0.231347
759.000000 0.218652
760.000000 0.206378
761.000000 0.194577
762.000000 0.183328
763.000000 0.172661
764.000000 0.162444
765.000000 0.152541
766.000000 0.143015
767.000000 0.134021
768.000000 0.125564
769.000000 0.117523
770.000000 0.109869
771.000000 0.102619
772.000000 0.095774
773.000000 0.089332
774.000000 0.083271
775.000000 0.077522
776.000000 0.071767
777.000000 0.066265
778.000000 0.061436
779.000000 0.057024
780.000000 0.052901
781.000000 0.049107
782.000000 0.045634
783.000000 0.042361
784.000000 0.039202
785.000000 0.036252
786.000000 0.033615
787.000000 0.031218
788.000000 0.028876
789.000000 0.026676
790.000000 0.024716
791.000000 0.022910
792.000000 0.021294
793.000000 0.019827
794.000000 0.018492
795.000000 0.017290
796.000000 0.016156
797.000000 0.015103
798.000000 0.014110
799.000000 0.013194
800.000000 0.012367
801.000000 0.011677
802.000000 0.011068
803.000000 0.010457
804.000000 0.009880
805.000000 0.009384
806.000000 0.008913
807.000000 0.008468
808.000000 0.008092
809.000000 0.007730
810.000000 0.007392
811.000000 0.007127
812.000000 0.006902
813.000000 0.006633
814.000000 0.006414
815.000000 0.006255
816.000000 0.006080
817.000000 0.005900
818.000000 0.005747
819.000000 0.005646
820.000000 0.005543
821.000000 0.005422
822.000000 0.005315
823.000000 0.005171
824.000000 0.004995
825.000000 0.004869
826.000000 0.004777
827.000000 0.004626
828.000000 0.004493
829.000000 0.004448
830.000000 0.004396
831.000000 0.004307
832.000000 0.004168
833.000000 0.004009
834.000000 0.003920
835.000000 0.003828
836.000000 0.003727
837.000000 0.003656
838.000000 0.003557
839.000000 0.003460
840.000000 0.003371
841.000000 0.003290
842.000000 0.003231
843.000000 0.003107
844.000000 0.002984
845.000000 0.002901
846.000000 0.002791
847.000000 0.002699
848.000000 0.002633
849.000000 0.002563
850.000000 0.002488
851.000000 0.002439
852.000000 0.002416
853.000000 0.002398
854.000000 0.002358
855.000000 0.002281
856.000000 0.002183
857.000000 0.002102
858.000000 0.002052
859.000000 0.002003
860.000000 0.001959
861.000000 0.001911
862.000000 0.001859
863.000000 0.001853
864.000000 0.001850
865.000000 0.001814
866.000000 0.001767
867.000000 0.001715
868.000000 0.001680
869.000000 0.001623
870.000000 0.001568
871.000000 0.001551
872.000000 0.001504
873.000000 0.001464
874.000000 0.001433
875.000000 0.001398
876.000000 0.001395
877.000000 0.001391
878.000000 0.001376
879.000000 0.001374
880.000000 0.001362
881.000000 0.001320
882.000000 0.001289
883.000000 0.001270
884.000000 0.001238
885.000000 0.001186
886.000000 0.001144
887.000000 0.001111
888.000000 0.001084
889.000000 0.001061
890.000000 0.000998
891.000000 0.000944
892.000000 0.000946
893.000000 0.000957
894.000000 0.000970
895.000000 0.000970
896.000000 0.000967
897.000000 0.000958
898.000000 0.000955
899.000000 0.000962
900.000000 0.000982
