315.000000 0.216805
316.000000 0.219302
317.000000 0.221699
318.000000 0.223881
319.000000 0.225898
320.000000 0.227920
321.000000 0.230478
322.000000 0.233669
323.000000 0.236603
324.000000 0.238611
325.000000 0.240025
326.000000 0.241955
327.000000 0.244338
328.000000 0.246515
329.000000 0.248785
330.000000 0.251208
331.000000 0.253648
332.000000 0.255777
333.000000 0.257488
334.000000 0.259470
335.000000 0.262143
336.000000 0.265048
337.000000 0.267621
338.000000 0.269440
339.000000 0.271125
340.000000 0.272761
341.000000 0.274202
342.000000 0.275726
343.000000 0.277141
344.000000 0.278531
345.000000 0.279838
346.000000 0.280784
347.000000 0.281259
348.000000 0.281549
349.000000 0.281763
350.000000 0.281704
351.000000 0.281459
352.000000 0.281052
353.000000 0.280341
354.000000 0.279291
355.000000 0.278141
356.000000 0.277103
357.000000 0.275885
358.000000 0.274554
359.000000 0.273318
360.000000 0.272008
361.000000 0.270635
362.000000 0.269284
363.000000 0.268023
364.000000 0.266842
365.000000 0.265775
366.000000 0.264647
367.000000 0.263296
368.000000 0.261961
369.000000 0.260654
370.000000 0.259450
371.000000 0.258601
372.000000 0.258028
373.000000 0.257195
374.000000 0.255710
375.000000 0.253452
376.000000 0.251742
377.000000 0.251085
378.000000 0.250245
379.000000 0.248748
380.000000 0.247063
381.000000 0.245580
382.000000 0.244678
383.000000 0.244227
384.000000 0.243802
385.000000 0.243692
386.000000 0.243375
387.000000 0.243078
388.000000 0.242886
389.000000 0.242798
390.000000 0.243093
391.000000 0.243497
392.000000 0.243956
393.000000 0.244406
394.000000 0.244907
395.000000 0.246247
396.000000 0.248053
397.000000 0.249407
398.000000 0.250803
399.000000 0.252170
400.000000 0.253655
401.000000 0.255514
402.000000 0.257367
403.000000 0.259239
404.000000 0.260971
405.000000 0.262517
406.000000 0.264109
407.000000 0.265737
408.000000 0.267200
409.000000 0.268537
410.000000 0.269840
411.000000 0.271271
412.000000 0.272634
413.000000 0.273654
414.000000 0.274946
415.000000 0.276320
416.000000 0.277476
417.000000 0.278678
418.000000 0.280112
419.000000 0.281856
420.000000 0.283637
421.000000 0.285185
422.000000 0.286620
423.000000 0.288174
424.000000 0.289939
425.000000 0.291723
426.000000 0.293422
427.000000 0.294935
428.000000 0.296229
429.000000 0.297305
430.000000 0.297998
431.000000 0.298357
432.000000 0.298121
433.000000 0.297140
434.000000 0.295689
435.000000 0.293691
436.000000 0.291224
437.000000 0.288321
438.000000 0.285018
439.000000 0.281622
440.000000 0.277952
441.000000 0.274094
442.000000 0.270182
443.000000 0.265872
444.000000 0.261265
445.000000 0.256704
446.000000 0.251845
447.000000 0.246820
448.000000 0.241726
449.000000 0.236455
450.000000 0.231358
451.000000 0.226118
452.000000 0.220699
453.000000 0.215520
454.000000 0.210254
455.000000 0.204991
456.000000 0.199829
457.000000 0.194634
458.000000 0.189695
459.000000 0.184783
460.000000 0.180032
461.000000 0.175570
462.000000 0.171137
463.000000 0.166872
464.000000 0.162634
465.000000 0.158478
466.000000 0.154693
467.000000 0.150991
468.000000 0.147401
469.000000 0.144010
470.000000 0.140774
471.000000 0.137802
472.000000 0.134835
473.000000 0.131979
474.000000 0.129323
475.000000 0.126762
476.000000 0.124406
477.000000 0.122228
478.000000 0.120162
479.000000 0.118133
480.000000 0.116310
481.000000 0.114681
482.000000 0.113236
483.000000 0.112016
484.000000 0.110817
485.000000 0.109696
486.000000 0.108760
487.000000 0.108007
488.000000 0.107417
489.000000 0.106894
490.000000 0.106819
491.000000 0.106872
492.000000 0.106862
493.000000 0.106572
494.000000 0.106178
495.000000 0.106571
496.000000 0.107247
497.000000 0.108085
498.000000 0.109067
499.000000 0.109724
500.000000 0.110425
501.000000 0.111549
502.000000 0.112981
503.000000 0.114683
504.000000 0.116602
505.000000 0.118628
506.000000 0.120495
507.000000 0.122133
508.000000 0.124114
509.000000 0.126625
510.000000 0.129028
511.000000 0.131589
512.000000 0.134528
513.000000 0.137269
514.000000 0.140095
515.000000 0.143054
516.000000 0.145965
517.000000 0.148763
518.000000 0.151441
519.000000 0.154251
520.000000 0.156919
521.000000 0.159282
522.000000 0.161477
523.000000 0.163393
524.000000 0.164923
525.000000 0.166095
526.000000 0.167248
527.000000 0.168713
528.000000 0.169772
529.000000 0.170185
530.000000 0.170400
531.000000 0.170624
532.000000 0.171207
533.000000 0.171916
534.000000 0.172645
535.000000 0.173320
536.000000 0.174236
537.000000 0.175659
538.000000 0.177610
539.000000 0.179798
540.000000 0.182043
541.000000 0.184888
542.000000 0.188397
543.000000 0.192740
544.000000 0.197723
545.000000 0.203194
546.000000 0.209177
547.000000 0.215716
548.000000 0.222493
549.000000 0.229267
550.000000 0.236067
551.000000 0.242867
552.000000 0.249697
553.000000 0.256217
554.000000 0.262247
555.000000 0.268022
556.000000 0.273180
557.000000 0.277513
558.000000 0.281127
559.000000 0.283553
560.000000 0.284992
561.000000 0.285339
562.000000 0.284507
563.000000 0.282524
564.000000 0.279268
565.000000 0.275088
566.000000 0.270109
567.000000 0.264002
568.000000 0.256903
569.000000 0.249024
570.000000 0.240747
571.000000 0.231819
572.000000 0.222690
573.000000 0.213721
574.000000 0.204482
575.000000 0.195724
576.000000 0.187371
577.000000 0.179241
578.000000 0.171416
579.000000 0.163987
580.000000 0.156923
581.000000 0.150244
582.000000 0.144308
583.000000 0.138835
584.000000 0.133873
585.000000 0.129505
586.000000 0.125360
587.000000 0.121800
588.000000 0.118856
589.000000 0.116209
590.000000 0.113802
591.000000 0.111623
592.000000 0.109800
593.000000 0.108198
594.000000 0.106856
595.000000 0.105883
596.000000 0.105121
597.000000 0.104479
598.000000 0.103960
599.000000 0.103512
600.000000 0.103250
601.000000 0.103136
602.000000 0.103051
603.000000 0.103103
604.000000 0.103374
605.000000 0.103751
606.000000 0.104231
607.000000 0.104721
608.000000 0.105257
609.000000 0.105913
610.000000 0.106678
611.000000 0.107606
612.000000 0.108799
613.000000 0.110031
614.000000 0.111353
615.000000 0.112995
616.000000 0.114691
617.000000 0.116517
618.000000 0.118541
619.000000 0.120701
620.000000 0.123137
621.000000 0.125834
622.000000 0.128632
623.000000 0.131637
624.000000 0.134993
625.000000 0.138442
626.000000 0.142000
627.000000 0.145965
628.000000 0.150013
629.000000 0.154195
630.000000 0.158798
631.000000 0.163591
632.000000 0.168364
633.000000 0.173313
634.000000 0.178608
635.000000 0.183889
636.000000 0.189177
637.000000 0.194618
638.000000 0.199980
639.000000 0.205337
640.000000 0.210847
641.000000 0.216374
642.000000 0.221569
643.000000 0.226585
644.000000 0.231691
645.000000 0.236493
646.000000 0.241071
647.000000 0.245683
648.000000 0.250176
649.000000 0.254311
650.000000 0.258165
651.000000 0.261945
652.000000 0.265531
653.000000 0.268806
654.000000 0.271849
655.000000 0.274744
656.000000 0.277575
657.000000 0.280265
658.000000 0.282780
659.000000 0.285265
660.000000 0.287735
661.000000 0.290114
662.000000 0.292468
663.000000 0.295023
664.000000 0.297759
665.000000 0.300540
666.000000 0.303409
667.000000 0.306509
668.000000 0.309908
669.000000 0.313477
670.000000 0.317356
671.000000 0.321782
672.000000 0.326664
673.000000 0.331999
674.000000 0.337457
675.000000 0.343303
676.000000 0.350090
677.000000 0.357616
678.000000 0.365725
679.000000 0.374055
680.000000 0.382910
681.000000 0.392679
682.000000 0.403185
683.000000 0.414473
684.000000 0.426057
685.000000 0.438148
686.000000 0.451156
687.000000 0.464770
688.000000 0.478931
689.000000 0.493542
690.000000 0.507994
691.000000 0.522529
692.000000 0.537733
693.000000 0.553322
694.000000 0.569032
695.000000 0.584695
696.000000 0.599623
697.000000 0.613956
698.000000 0.628426
699.000000 0.642684
700.000000 0.656325
701.000000 0.669139
702.000000 0.680727
703.000000 0.691183
704.000000 0.700928
705.000000 0.709668
706.000000 0.717140
707.000000 0.723277
708.000000 0.728077
709.000000 0.731402
710.000000 0.733256
711.000000 0.733715
712.000000 0.732721
713.000000 0.730163
714.000000 0.726072
715.000000 0.720526
716.000000 0.713591
717.000000 0.705257
718.000000 0.695666
719.000000 0.685433
720.000000 0.674344
721.000000 0.661950
722.000000 0.648488
723.000000 0.634303
724.000000 0.619485
725.000000 0.604193
726.000000 0.588621
727.000000 0.572613
728.000000 0.556155
729.000000 0.539488
730.000000 0.522674
731.000000 0.506767
732.000000 0.491257
733.000000 0.475085
734.000000 0.458759
735.000000 0.442434
736.000000 0.426223
737.000000 0.410210
738.000000 0.394418
739.000000 0.378863
740.000000 0.363649
741.000000 0.348792
742.000000 0.334338
743.000000 0.320295
744.000000 0.306658
745.000000 0.293253
746.000000 0.280132
747.000000 0.267458
748.000000 0.255135
749.000000 0.243236
750.000000 0.231800
751.000000 0.220745
752.000000 0.210128
753.000000 0.199802
754.000000 0.189714
755.000000 0.180007
756.000000 0.170702
757.000000 0.161790
758.000000 0.153218
759.000000 0.144992
760.000000 0.137106
761.000000 0.129499
762.000000 0.122158
763.000000 0.115169
764.000000 0.108530
765.000000 0.102129
766.000000 0.095961
767.000000 0.090110
768.000000 0.084635
769.000000 0.079529
770.000000 0.074686
771.000000 0.070023
772.000000 0.065592
773.000000 0.061407
774.000000 0.057487
775.000000 0.053803
776.000000 0.050135
777.000000 0.046697
778.000000 0.043707
779.000000 0.040982
780.000000 0.038410
781.000000 0.036046
782.000000 0.033899
783.000000 0.031843
784.000000 0.029848
785.000000 0.027973
786.000000 0.026306
787.000000 0.024819
788.000000 0.023410
789.000000 0.022075
790.000000 0.020867
791.000000 0.019769
792.000000 0.018787
793.000000 0.017940
794.000000 0.017150
795.000000 0.016419
796.000000 0.015805
797.000000 0.015213
798.000000 0.014650
799.000000 0.014212
800.000000 0.013776
801.000000 0.013344
802.000000 0.012974
803.000000 0.012628
804.000000 0.012290
805.000000 0.012029
806.000000 0.011823
807.000000 0.011617
808.000000 0.011430
809.000000 0.011228
810.000000 0.011037
811.000000 0.010890
812.000000 0.010773
813.000000 0.010636
814.000000 0.010556
815.000000 0.010518
816.000000 0.010405
817.000000 0.010262
818.000000 0.010184
819.000000 0.010108
820.000000 0.009982
821.000000 0.009854
822.000000 0.009771
823.000000 0.009656
824.000000 0.009505
825.000000 0.009386
826.000000 0.009249
827.000000 0.009082
828.000000 0.008905
829.000000 0.008782
830.000000 0.008680
831.000000 0.008520
832.000000 0.008294
833.000000 0.008104
834.000000 0.007975
835.000000 0.007787
836.000000 0.007589
837.000000 0.007431
838.000000 0.007242
839.000000 0.007068
840.000000 0.006899
841.000000 0.006727
842.000000 0.006562
843.000000 0.006347
844.000000 0.006134
845.000000 0.005933
846.000000 0.005764
847.000000 0.005621
848.000000 0.005495
849.000000 0.005387
850.000000 0.005240
851.000000 0.005079
852.000000 0.004946
853.000000 0.004847
854.000000 0.004715
855.000000 0.004554
856.000000 0.004416
857.000000 0.004301
858.000000 0.004198
859.000000 0.004075
860.000000 0.003970
861.000000 0.003858
862.000000 0.003725
863.000000 0.003639
864.000000 0.003567
865.000000 0.003473
866.000000 0.003372
867.000000 0.003304
868.000000 0.003277
869.000000 0.003227
870.000000 0.003121
871.000000 0.003038
872.000000 0.002989
873.000000 0.002919
874.000000 0.002820
875.000000 0.002749
876.000000 0.002725
877.000000 0.002691
878.000000 0.002639
879.000000 0.002553
880.000000 0.002483
881.000000 0.002435
882.000000 0.002378
883.000000 0.002326
884.000000 0.002282
885.000000 0.002252
886.000000 0.002223
887.000000 0.002196
888.000000 0.002179
889.000000 0.002140
890.000000 0.002062
891.000000 0.001972
892.000000 0.001929
893.000000 0.001909
894.000000 0.001888
895.000000 0.001875
896.000000 0.001864
897.000000 0.001869
898.000000 0.001851
899.000000 0.001826
900.000000 0.001851
