315.000000 0.204369
316.000000 0.206621
317.000000 0.208973
318.000000 0.210502
319.000000 0.212092
320.000000 0.213622
321.000000 0.215621
322.000000 0.218236
323.000000 0.220651
324.000000 0.222923
325.000000 0.224488
326.000000 0.226023
327.000000 0.227712
328.000000 0.229359
329.000000 0.231693
330.000000 0.234301
331.000000 0.236975
332.000000 0.239857
333.000000 0.242330
334.000000 0.244646
335.000000 0.247310
336.000000 0.250130
337.000000 0.252894
338.000000 0.255386
339.000000 0.257556
340.000000 0.259663
341.000000 0.262084
342.000000 0.264172
343.000000 0.266144
344.000000 0.268492
345.000000 0.270451
346.000000 0.271978
347.000000 0.273481
348.000000 0.274851
349.000000 0.275895
350.000000 0.276619
351.000000 0.277075
352.000000 0.277587
353.000000 0.277760
354.000000 0.277465
355.000000 0.277130
356.000000 0.276648
357.000000 0.275886
358.000000 0.275006
359.000000 0.274056
360.000000 0.272899
361.000000 0.271683
362.000000 0.270586
363.000000 0.269379
364.000000 0.268099
365.000000 0.266956
366.000000 0.265730
367.000000 0.264369
368.000000 0.262942
369.000000 0.261350
370.000000 0.259431
371.000000 0.257399
372.000000 0.255833
373.000000 0.254061
374.000000 0.252165
375.000000 0.250176
376.000000 0.247979
377.000000 0.246131
378.000000 0.244036
379.000000 0.241662
380.000000 0.239314
381.000000 0.236914
382.000000 0.235059
383.000000 0.233635
384.000000 0.232284
385.000000 0.231118
386.000000 0.230014
387.000000 0.228992
388.000000 0.227966
389.000000 0.227285
390.000000 0.226944
391.000000 0.226833
392.000000 0.226821
393.000000 0.226865
394.000000 0.227314
395.000000 0.228260
396.000000 0.229180
397.000000 0.229734
398.000000 0.230643
399.000000 0.231704
400.000000 0.232733
401.000000 0.234083
402.000000 0.235327
403.000000 0.236575
404.000000 0.237701
405.000000 0.238685
406.000000 0.239933
407.000000 0.241101
408.000000 0.242045
409.000000 0.243049
410.000000 0.243906
411.000000 0.244877
412.000000 0.245933
413.000000 0.246608
414.000000 0.247248
415.000000 0.247978
416.000000 0.248736
417.000000 0.249555
418.000000 0.250479
419.000000 0.251684
420.000000 0.252968
421.000000 0.254174
422.000000 0.255507
423.000000 0.257184
424.000000 0.259165
425.000000 0.261073
426.000000 0.263008
427.000000 0.265099
428.000000 0.267214
429.000000 0.269289
430.000000 0.271104
431.000000 0.272578
432.000000 0.273750
433.000000 0.274596
434.000000 0.275033
435.000000 0.274811
436.000000 0.274079
437.000000 0.272958
438.000000 0.271418
439.000000 0.269497
440.000000 0.266975
441.000000 0.264062
442.000000 0.260956
443.000000 0.257348
444.000000 0.253295
445.000000 0.249122
446.000000 0.244471
447.000000 0.239478
448.000000 0.234233
449.000000 0.228684
450.000000 0.223211
451.000000 0.217466
452.000000 0.211460
453.000000 0.205715
454.000000 0.199836
455.000000 0.193912
456.000000 0.187975
457.000000 0.181872
458.000000 0.176153
459.000000 0.170352
460.000000 0.164637
461.000000 0.159309
462.000000 0.153904
463.000000 0.148640
464.000000 0.143432
465.000000 0.138245
466.000000 0.133486
467.000000 0.128931
468.000000 0.124427
469.000000 0.120030
470.000000 0.115782
471.000000 0.111802
472.000000 0.107781
473.000000 0.103940
474.000000 0.100305
475.000000 0.096753
476.000000 0.093568
477.000000 0.090527
478.000000 0.087608
479.000000 0.084836
480.000000 0.082253
481.000000 0.079727
482.000000 0.077349
483.000000 0.075294
484.000000 0.073297
485.000000 0.071473
486.000000 0.069755
487.000000 0.068087
488.000000 0.066542
489.000000 0.065034
490.000000 0.063861
491.000000 0.063026
492.000000 0.062137
493.000000 0.060933
494.000000 0.059897
495.000000 0.059410
496.000000 0.059095
497.000000 0.059047
498.000000 0.058968
499.000000 0.058400
500.000000 0.057800
501.000000 0.057568
502.000000 0.057487
503.000000 0.057530
504.000000 0.057752
505.000000 0.057922
506.000000 0.057985
507.000000 0.058044
508.000000 0.058326
509.000000 0.058660
510.000000 0.058882
511.000000 0.059222
512.000000 0.059969
513.000000 0.060813
514.000000 0.061507
515.000000 0.062052
516.000000 0.062674
517.000000 0.063386
518.000000 0.064189
519.000000 0.065142
520.000000 0.065936
521.000000 0.066575
522.000000 0.067247
523.000000 0.067864
524.000000 0.068217
525.000000 0.068485
526.000000 0.068842
527.000000 0.069278
528.000000 0.069595
529.000000 0.069788
530.000000 0.069807
531.000000 0.069784
532.000000 0.069921
533.000000 0.070125
534.000000 0.070600
535.000000 0.071055
536.000000 0.071139
537.000000 0.071363
538.000000 0.072315
539.000000 0.073293
540.000000 0.073984
541.000000 0.075102
542.000000 0.076430
543.000000 0.077946
544.000000 0.079889
545.000000 0.082349
546.000000 0.085016
547.000000 0.087649
548.000000 0.090290
549.000000 0.092832
550.000000 0.095475
551.000000 0.098197
552.000000 0.100873
553.000000 0.103437
554.000000 0.105744
555.000000 0.108078
556.000000 0.110276
557.000000 0.112214
558.000000 0.113768
559.000000 0.114842
560.000000 0.115801
561.000000 0.116470
562.000000 0.116822
563.000000 0.116712
564.000000 0.116178
565.000000 0.115639
566.000000 0.114859
567.000000 0.113639
568.000000 0.112088
569.000000 0.110239
570.000000 0.108212
571.000000 0.106071
572.000000 0.104002
573.000000 0.102138
574.000000 0.100278
575.000000 0.098559
576.000000 0.096988
577.000000 0.095465
578.000000 0.094115
579.000000 0.092890
580.000000 0.092008
581.000000 0.091455
582.000000 0.091056
583.000000 0.090951
584.000000 0.091036
585.000000 0.091284
586.000000 0.091639
587.000000 0.092131
588.000000 0.092887
589.000000 0.093815
590.000000 0.094628
591.000000 0.095551
592.000000 0.096798
593.000000 0.098127
594.000000 0.099468
595.000000 0.100857
596.000000 0.102339
597.000000 0.103894
598.000000 0.105595
599.000000 0.107407
600.000000 0.109334
601.000000 0.111295
602.000000 0.113208
603.000000 0.115131
604.000000 0.117223
605.000000 0.119372
606.000000 0.121527
607.000000 0.123824
608.000000 0.126215
609.000000 0.128670
610.000000 0.131227
611.000000 0.133895
612.000000 0.136804
613.000000 0.139838
614.000000 0.143080
615.000000 0.146663
616.000000 0.150204
617.000000 0.153891
618.000000 0.158020
619.000000 0.162343
620.000000 0.166923
621.000000 0.171900
622.000000 0.177006
623.000000 0.182380
624.000000 0.188186
625.000000 0.194119
626.000000 0.200385
627.000000 0.207302
628.000000 0.214217
629.000000 0.221348
630.000000 0.229114
631.000000 0.237192
632.000000 0.245290
633.000000 0.253563
634.000000 0.262395
635.000000 0.271140
636.000000 0.279904
637.000000 0.289093
638.000000 0.298054
639.000000 0.306982
640.000000 0.316241
641.000000 0.325496
642.000000 0.334154
643.000000 0.342481
644.000000 0.351006
645.000000 0.359112
646.000000 0.366887
647.000000 0.374669
648.000000 0.382263
649.000000 0.389292
650.000000 0.395901
651.000000 0.402332
652.000000 0.408450
653.000000 0.414017
654.000000 0.419164
655.000000 0.424208
656.000000 0.429020
657.000000 0.433431
658.000000 0.437612
659.000000 0.441806
660.000000 0.445930
661.000000 0.449825
662.000000 0.453690
663.000000 0.457833
664.000000 0.462178
665.000000 0.466533
666.000000 0.471029
667.000000 0.475927
668.000000 0.481272
669.000000 0.486863
670.000000 0.492855
671.000000 0.499617
672.000000 0.507115
673.000000 0.515384
674.000000 0.523887
675.000000 0.533061
676.000000 0.543680
677.000000 0.555357
678.000000 0.567933
679.000000 0.580883
680.000000 0.594618
681.000000 0.609826
682.000000 0.626290
683.000000 0.644009
684.000000 0.662166
685.000000 0.681068
686.000000 0.701501
687.000000 0.723019
688.000000 0.745369
689.000000 0.768363
690.000000 0.791321
691.000000 0.814603
692.000000 0.839073
693.000000 0.864098
694.000000 0.889349
695.000000 0.914829
696.000000 0.939133
697.000000 0.962599
698.000000 0.986438
699.000000 1.009937
700.000000 1.032707
701.000000 1.054294
702.000000 1.073899
703.000000 1.091874
704.000000 1.108957
705.000000 1.124358
706.000000 1.137565
707.000000 1.148614
708.000000 1.157729
709.000000 1.164625
710.000000 1.168984
711.000000 1.171026
712.000000 1.170889
713.000000 1.168237
714.000000 1.162995
715.000000 1.155341
716.000000 1.145370
717.000000 1.133014
718.000000 1.118392
719.000000 1.102613
720.000000 1.085419
721.000000 1.066068
722.000000 1.044806
723.000000 1.022167
724.000000 0.998431
725.000000 0.973959
726.000000 0.948976
727.000000 0.923146
728.000000 0.896532
729.000000 0.869536
730.000000 0.842242
731.000000 0.816487
732.000000 0.791272
733.000000 0.764863
734.000000 0.738271
735.000000 0.711722
736.000000 0.685273
737.000000 0.659123
738.000000 0.633386
739.000000 0.608101
740.000000 0.583379
741.000000 0.559170
742.000000 0.535615
743.000000 0.512774
744.000000 0.490588
745.000000 0.468888
746.000000 0.447713
747.000000 0.427209
748.000000 0.407340
749.000000 0.388092
750.000000 0.369511
751.000000 0.351585
752.000000 0.334424
753.000000 0.317767
754.000000 0.301568
755.000000 0.286021
756.000000 0.271050
757.000000 0.256681
758.000000 0.242834
759.000000 0.229489
760.000000 0.216656
761.000000 0.204293
762.000000 0.192455
763.000000 0.181198
764.000000 0.170423
765.000000 0.159991
766.000000 0.149974
767.000000 0.140508
768.000000 0.131594
769.000000 0.123138
770.000000 0.115117
771.000000 0.107526
772.000000 0.100331
773.000000 0.093583
774.000000 0.087220
775.000000 0.081161
776.000000 0.075125
777.000000 0.069390
778.000000 0.064313
779.000000 0.059633
780.000000 0.055293
781.000000 0.051290
782.000000 0.047575
783.000000 0.044080
784.000000 0.040782
785.000000 0.037694
786.000000 0.034893
787.000000 0.032359
788.000000 0.029916
789.000000 0.027600
790.000000 0.025532
791.000000 0.023627
792.000000 0.021903
793.000000 0.020356
794.000000 0.018915
795.000000 0.017588
796.000000 0.016386
797.000000 0.015325
798.000000 0.014347
799.000000 0.013443
800.000000 0.012591
801.000000 0.011807
802.000000 0.011122
803.000000 0.010507
804.000000 0.009920
805.000000 0.009376
806.000000 0.008875
807.000000 0.008435
808.000000 0.008039
809.000000 0.007633
810.000000 0.007276
811.000000 0.007012
812.000000 0.006746
813.000000 0.006446
814.000000 0.006251
815.000000 0.006115
816.000000 0.005926
817.000000 0.005721
818.000000 0.005583
819.000000 0.005471
820.000000 0.005336
821.000000 0.005213
822.000000 0.005104
823.000000 0.004955
824.000000 0.004773
825.000000 0.004650
826.000000 0.004569
827.000000 0.004421
828.000000 0.004260
829.000000 0.004197
830.000000 0.004121
831.000000 0.003972
832.000000 0.003817
833.000000 0.003704
834.000000 0.003596
835.000000 0.003466
836.000000 0.003340
837.000000 0.003271
838.000000 0.003220
839.000000 0.003141
840.000000 0.003069
841.000000 0.003023
842.000000 0.002989
843.000000 0.002898
844.000000 0.002760
845.000000 0.002637
846.000000 0.002553
847.000000 0.002490
848.000000 0.002422
849.000000 0.002354
850.000000 0.002297
851.000000 0.002217
852.000000 0.002149
853.000000 0.002120
854.000000 0.002109
855.000000 0.002066
856.000000 0.001991
857.000000 0.001930
858.000000 0.001893
859.000000 0.001876
860.000000 0.001849
861.000000 0.001779
862.000000 0.001730
863.000000 0.001745
864.000000 0.001743
865.000000 0.001707
866.000000 0.001669
867.000000 0.001639
868.000000 0.001598
869.000000 0.001555
870.000000 0.001533
871.000000 0.001502
872.000000 0.001433
873.000000 0.001405
874.000000 0.001386
875.000000 0.001326
876.000000 0.001298
877.000000 0.001276
878.000000 0.001243
879.000000 0.001223
880.000000 0.001204
881.000000 0.001184
882.000000 0.001180
883.000000 0.001148
884.000000 0.001111
885.000000 0.001102
886.000000 0.001066
887.000000 0.001008
888.000000 0.000960
889.000000 0.000935
890.000000 0.000902
891.000000 0.000834
892.000000 0.000799
893.000000 0.000789
894.000000 0.000789
895.000000 0.000818
896.000000 0.000823
897.000000 0.000814
898.000000 0.000803
899.000000 0.000795
900.000000 0.000833
