315.000000 0.204459
316.000000 0.206458
317.000000 0.208857
318.000000 0.210854
319.000000 0.212613
320.000000 0.213683
321.000000 0.214943
322.000000 0.217204
323.000000 0.219527
324.000000 0.221695
325.000000 0.223290
326.000000 0.225119
327.000000 0.227212
328.000000 0.229189
329.000000 0.231390
330.000000 0.233758
331.000000 0.236232
332.000000 0.238976
333.000000 0.241794
334.000000 0.244315
335.000000 0.246834
336.000000 0.249668
337.000000 0.252278
338.000000 0.254451
339.000000 0.256931
340.000000 0.259273
341.000000 0.261530
342.000000 0.263677
343.000000 0.265669
344.000000 0.267819
345.000000 0.269863
346.000000 0.271512
347.000000 0.272880
348.000000 0.274018
349.000000 0.275102
350.000000 0.276060
351.000000 0.276666
352.000000 0.277046
353.000000 0.277082
354.000000 0.276939
355.000000 0.276595
356.000000 0.275998
357.000000 0.275252
358.000000 0.274404
359.000000 0.273553
360.000000 0.272575
361.000000 0.271430
362.000000 0.270311
363.000000 0.269032
364.000000 0.267705
365.000000 0.266575
366.000000 0.265294
367.000000 0.263765
368.000000 0.262137
369.000000 0.260461
370.000000 0.258909
371.000000 0.257306
372.000000 0.255447
373.000000 0.253465
374.000000 0.251380
375.000000 0.248868
376.000000 0.246791
377.000000 0.245256
378.000000 0.243076
379.000000 0.240444
380.000000 0.237728
381.000000 0.235399
382.000000 0.233616
383.000000 0.232145
384.000000 0.230930
385.000000 0.229648
386.000000 0.228157
387.000000 0.227285
388.000000 0.226671
389.000000 0.225869
390.000000 0.225553
391.000000 0.225516
392.000000 0.225409
393.000000 0.225308
394.000000 0.225570
395.000000 0.226337
396.000000 0.227121
397.000000 0.227741
398.000000 0.228589
399.000000 0.229506
400.000000 0.230502
401.000000 0.231840
402.000000 0.233199
403.000000 0.234467
404.000000 0.235558
405.000000 0.236570
406.000000 0.237709
407.000000 0.238747
408.000000 0.239673
409.000000 0.240761
410.000000 0.241680
411.000000 0.242395
412.000000 0.243275
413.000000 0.244000
414.000000 0.244657
415.000000 0.245483
416.000000 0.246192
417.000000 0.246934
418.000000 0.247874
419.000000 0.248967
420.000000 0.250263
421.000000 0.251529
422.000000 0.252873
423.000000 0.254374
424.000000 0.256168
425.000000 0.258232
426.000000 0.260456
427.000000 0.262797
428.000000 0.265037
429.000000 0.267039
430.000000 0.268806
431.000000 0.270433
432.000000 0.271845
433.000000 0.272831
434.000000 0.273305
435.000000 0.273222
436.000000 0.272667
437.000000 0.271669
438.000000 0.270156
439.000000 0.268259
440.000000 0.265836
441.000000 0.263043
442.000000 0.260025
443.000000 0.256455
444.000000 0.252458
445.000000 0.248406
446.000000 0.243870
447.000000 0.238853
448.000000 0.233566
449.000000 0.228020
450.000000 0.222471
451.000000 0.216606
452.000000 0.210518
453.000000 0.204718
454.000000 0.198794
455.000000 0.192813
456.000000 0.186854
457.000000 0.180736
458.000000 0.174928
459.000000 0.169150
460.000000 0.163540
461.000000 0.158202
462.000000 0.152808
463.000000 0.147535
464.000000 0.142207
465.000000 0.136881
466.000000 0.132036
467.000000 0.127397
468.000000 0.122803
469.000000 0.118348
470.000000 0.114097
471.000000 0.110110
472.000000 0.106161
473.000000 0.102377
474.000000 0.098669
475.000000 0.095122
476.000000 0.091917
477.000000 0.088855
478.000000 0.085946
479.000000 0.083085
480.000000 0.080414
481.000000 0.077936
482.000000 0.075649
483.000000 0.073593
484.000000 0.071554
485.000000 0.069600
486.000000 0.067722
487.000000 0.066013
488.000000 0.064508
489.000000 0.063232
490.000000 0.062321
491.000000 0.061324
492.000000 0.060195
493.000000 0.058947
494.000000 0.057821
495.000000 0.057307
496.000000 0.056939
497.000000 0.056691
498.000000 0.056377
499.000000 0.055794
500.000000 0.055259
501.000000 0.054962
502.000000 0.054807
503.000000 0.054779
504.000000 0.054793
505.000000 0.054921
506.000000 0.054877
507.000000 0.054749
508.000000 0.055098
509.000000 0.055507
510.000000 0.056006
511.000000 0.056480
512.000000 0.057126
513.000000 0.057731
514.000000 0.058234
515.000000 0.058788
516.000000 0.059465
517.000000 0.060160
518.000000 0.060569
519.000000 0.061075
520.000000 0.061773
521.000000 0.062587
522.000000 0.063308
523.000000 0.063618
524.000000 0.063504
525.000000 0.063675
526.000000 0.064223
527.000000 0.064636
528.000000 0.064809
529.000000 0.064681
530.000000 0.064389
531.000000 0.064572
532.000000 0.065125
533.000000 0.065618
534.000000 0.066174
535.000000 0.066593
536.000000 0.066827
537.000000 0.067131
538.000000 0.068128
539.000000 0.069101
540.000000 0.069597
541.000000 0.070395
542.000000 0.071284
543.000000 0.072502
544.000000 0.074201
545.000000 0.076351
546.000000 0.078811
547.000000 0.081231
548.000000 0.083619
549.000000 0.086013
550.000000 0.088298
551.000000 0.090512
552.000000 0.092968
553.000000 0.095440
554.000000 0.097421
555.000000 0.099353
556.000000 0.101428
557.000000 0.103216
558.000000 0.104673
559.000000 0.105759
560.000000 0.106598
561.000000 0.107192
562.000000 0.107518
563.000000 0.107464
564.000000 0.107147
565.000000 0.106839
566.000000 0.106393
567.000000 0.105555
568.000000 0.104267
569.000000 0.102871
570.000000 0.101492
571.000000 0.099835
572.000000 0.098124
573.000000 0.096678
574.000000 0.095240
575.000000 0.093880
576.000000 0.092762
577.000000 0.091818
578.000000 0.090942
579.000000 0.090080
580.000000 0.089404
581.000000 0.089093
582.000000 0.089088
583.000000 0.089221
584.000000 0.089513
585.000000 0.089987
586.000000 0.090496
587.000000 0.091214
588.000000 0.092287
589.000000 0.093428
590.000000 0.094553
591.000000 0.095824
592.000000 0.097243
593.000000 0.098745
594.000000 0.100254
595.000000 0.101845
596.000000 0.103607
597.000000 0.105407
598.000000 0.107269
599.000000 0.109176
600.000000 0.111163
601.000000 0.113236
602.000000 0.115323
603.000000 0.117410
604.000000 0.119626
605.000000 0.121922
606.000000 0.124268
607.000000 0.126700
608.000000 0.129174
609.000000 0.131794
610.000000 0.134542
611.000000 0.137369
612.000000 0.140448
613.000000 0.143696
614.000000 0.147115
615.000000 0.150870
616.000000 0.154554
617.000000 0.158370
618.000000 0.162644
619.000000 0.167086
620.000000 0.171868
621.000000 0.177095
622.000000 0.182437
623.000000 0.188058
624.000000 0.194167
625.000000 0.200402
626.000000 0.206903
627.000000 0.214014
628.000000 0.221202
629.000000 0.228599
630.000000 0.236596
631.000000 0.244984
632.000000 0.253358
633.000000 0.261900
634.000000 0.271026
635.000000 0.280136
636.000000 0.289285
637.000000 0.298879
638.000000 0.308274
639.000000 0.317547
640.000000 0.327148
641.000000 0.336816
642.000000 0.345868
643.000000 0.354520
644.000000 0.363404
645.000000 0.371820
646.000000 0.379871
647.000000 0.387963
648.000000 0.395832
649.000000 0.403160
650.000000 0.410092
651.000000 0.416828
652.000000 0.423218
653.000000 0.429056
654.000000 0.434441
655.000000 0.439652
656.000000 0.444703
657.000000 0.449367
658.000000 0.453696
659.000000 0.458004
660.000000 0.462284
661.000000 0.466353
662.000000 0.470346
663.000000 0.474602
664.000000 0.479080
665.000000 0.483558
666.000000 0.488175
667.000000 0.493239
668.000000 0.498768
669.000000 0.504562
670.000000 0.510790
671.000000 0.517784
672.000000 0.525539
673.000000 0.534111
674.000000 0.542909
675.000000 0.552321
676.000000 0.563199
677.000000 0.575236
678.000000 0.588190
679.000000 0.601587
680.000000 0.615857
681.000000 0.631632
682.000000 0.648666
683.000000 0.666955
684.000000 0.685789
685.000000 0.705424
686.000000 0.726659
687.000000 0.749080
688.000000 0.772312
689.000000 0.796211
690.000000 0.819953
691.000000 0.843933
692.000000 0.869245
693.000000 0.895284
694.000000 0.921605
695.000000 0.948072
696.000000 0.973394
697.000000 0.997900
698.000000 1.022818
699.000000 1.047341
700.000000 1.071101
701.000000 1.093721
702.000000 1.114232
703.000000 1.132919
704.000000 1.150647
705.000000 1.166820
706.000000 1.180797
707.000000 1.192639
708.000000 1.202423
709.000000 1.209761
710.000000 1.214546
711.000000 1.216838
712.000000 1.216745
713.000000 1.214064
714.000000 1.208721
715.000000 1.200870
716.000000 1.190503
717.000000 1.177600
718.000000 1.162563
719.000000 1.146441
720.000000 1.128719
721.000000 1.108527
722.000000 1.086387
723.000000 1.062900
724.000000 1.038327
725.000000 1.012919
726.000000 0.986734
727.000000 0.959742
728.000000 0.932120
729.000000 0.904048
730.000000 0.875641
731.000000 0.848843
732.000000 0.822628
733.000000 0.795248
734.000000 0.767588
735.000000 0.739959
736.000000 0.712494
737.000000 0.685336
738.000000 0.658612
739.000000 0.632288
740.000000 0.606481
741.000000 0.581334
742.000000 0.556924
743.000000 0.533173
744.000000 0.510081
745.000000 0.487482
746.000000 0.465441
747.000000 0.444112
748.000000 0.423421
749.000000 0.403392
750.000000 0.384071
751.000000 0.365465
752.000000 0.347588
753.000000 0.330215
754.000000 0.313410
755.000000 0.297284
756.000000 0.281712
757.000000 0.266721
758.000000 0.252325
759.000000 0.238482
760.000000 0.225140
761.000000 0.212311
762.000000 0.200051
763.000000 0.188369
764.000000 0.177178
765.000000 0.166299
766.000000 0.155829
767.000000 0.145970
768.000000 0.136710
769.000000 0.127973
770.000000 0.119634
771.000000 0.111724
772.000000 0.104291
773.000000 0.097298
774.000000 0.090694
775.000000 0.084413
776.000000 0.078128
777.000000 0.072122
778.000000 0.066827
779.000000 0.061979
780.000000 0.057418
781.000000 0.053222
782.000000 0.049377
783.000000 0.045752
784.000000 0.042287
785.000000 0.039045
786.000000 0.036092
787.000000 0.033395
788.000000 0.030856
789.000000 0.028448
790.000000 0.026274
791.000000 0.024331
792.000000 0.022580
793.000000 0.020987
794.000000 0.019457
795.000000 0.018023
796.000000 0.016769
797.000000 0.015591
798.000000 0.014508
799.000000 0.013601
800.000000 0.012741
801.000000 0.011896
802.000000 0.011120
803.000000 0.010407
804.000000 0.009792
805.000000 0.009288
806.000000 0.008812
807.000000 0.008366
808.000000 0.007960
809.000000 0.007582
810.000000 0.007241
811.000000 0.006922
812.000000 0.006624
813.000000 0.006294
814.000000 0.006051
815.000000 0.005948
816.000000 0.005763
817.000000 0.005520
818.000000 0.005345
819.000000 0.005199
820.000000 0.005082
821.000000 0.004966
822.000000 0.004874
823.000000 0.004783
824.000000 0.004654
825.000000 0.004512
826.000000 0.004356
827.000000 0.004172
828.000000 0.004043
829.000000 0.004008
830.000000 0.003926
831.000000 0.003817
832.000000 0.003667
833.000000 0.003495
834.000000 0.003385
835.000000 0.003258
836.000000 0.003149
837.000000 0.003098
838.000000 0.003026
839.000000 0.002973
840.000000 0.002942
841.000000 0.002889
842.000000 0.002815
843.000000 0.002698
844.000000 0.002595
845.000000 0.002516
846.000000 0.002433
847.000000 0.002363
848.000000 0.002301
849.000000 0.002235
850.000000 0.002205
851.000000 0.002202
852.000000 0.002184
853.000000 0.002173
854.000000 0.002139
855.000000 0.002084
856.000000 0.002003
857.000000 0.001924
858.000000 0.001882
859.000000 0.001834
860.000000 0.001799
861.000000 0.001741
862.000000 0.001667
863.000000 0.001637
864.000000 0.001623
865.000000 0.001587
866.000000 0.001534
867.000000 0.001502
868.000000 0.001504
869.000000 0.001483
870.000000 0.001426
871.000000 0.001396
872.000000 0.001378
873.000000 0.001340
874.000000 0.001287
875.000000 0.001250
876.000000 0.001245
877.000000 0.001245
878.000000 0.001232
879.000000 0.001199
880.000000 0.001178
881.000000 0.001165
882.000000 0.001162
883.000000 0.001129
884.000000 0.001068
885.000000 0.001055
886.000000 0.001055
887.000000 0.001056
888.000000 0.001046
889.000000 0.001025
890.000000 0.000980
891.000000 0.000906
892.000000 0.000880
893.000000 0.000888
894.000000 0.000877
895.000000 0.000864
896.000000 0.000862
897.000000 0.000835
898.000000 0.000816
899.000000 0.000816
900.000000 0.000838
