315.000000 0.204058
316.000000 0.205632
317.000000 0.207167
318.000000 0.208591
319.000000 0.209956
320.000000 0.211722
321.000000 0.214594
322.000000 0.217620
323.000000 0.219898
324.000000 0.221538
325.000000 0.222909
326.000000 0.224550
327.000000 0.226049
328.000000 0.228140
329.000000 0.230612
330.000000 0.233274
331.000000 0.236137
332.000000 0.238501
333.000000 0.240574
334.000000 0.242521
335.000000 0.244901
336.000000 0.247719
337.000000 0.250463
338.000000 0.252985
339.000000 0.255463
340.000000 0.257621
341.000000 0.259598
342.000000 0.261601
343.000000 0.263896
344.000000 0.266403
345.000000 0.268753
346.000000 0.270741
347.000000 0.272078
348.000000 0.273146
349.000000 0.274272
350.000000 0.275229
351.000000 0.275750
352.000000 0.276033
353.000000 0.276169
354.000000 0.276103
355.000000 0.275832
356.000000 0.275341
357.000000 0.274609
358.000000 0.273608
359.000000 0.272598
360.000000 0.271640
361.000000 0.270502
362.000000 0.269430
363.000000 0.268319
364.000000 0.267091
365.000000 0.265920
366.000000 0.264618
367.000000 0.263055
368.000000 0.261299
369.000000 0.259659
370.000000 0.258339
371.000000 0.256917
372.000000 0.255429
373.000000 0.254042
374.000000 0.252555
375.000000 0.250520
376.000000 0.247846
377.000000 0.245147
378.000000 0.242812
379.000000 0.240343
380.000000 0.237352
381.000000 0.234799
382.000000 0.233010
383.000000 0.231469
384.000000 0.229920
385.000000 0.228445
386.000000 0.226801
387.000000 0.225498
388.000000 0.224450
389.000000 0.223498
390.000000 0.223141
391.000000 0.222974
392.000000 0.222836
393.000000 0.222735
394.000000 0.223042
395.000000 0.223912
396.000000 0.224737
397.000000 0.225442
398.000000 0.226279
399.000000 0.227027
400.000000 0.227915
401.000000 0.229171
402.000000 0.230439
403.000000 0.231738
404.000000 0.232982
405.000000 0.234101
406.000000 0.235313
407.000000 0.236453
408.000000 0.237452
409.000000 0.238451
410.000000 0.239434
411.000000 0.240467
412.000000 0.241302
413.000000 0.241711
414.000000 0.242193
415.000000 0.242894
416.000000 0.243604
417.000000 0.244391
418.000000 0.245424
419.000000 0.246651
420.000000 0.247882
421.000000 0.249214
422.000000 0.250648
423.000000 0.252194
424.000000 0.254053
425.000000 0.256122
426.000000 0.258353
427.000000 0.260672
428.000000 0.262878
429.000000 0.265012
430.000000 0.267011
431.000000 0.268808
432.000000 0.270351
433.000000 0.271395
434.000000 0.271934
435.000000 0.271927
436.000000 0.271446
437.000000 0.270543
438.000000 0.269118
439.000000 0.267309
440.000000 0.264942
441.000000 0.262175
442.000000 0.259131
443.000000 0.255559
444.000000 0.251597
445.000000 0.247446
446.000000 0.242834
447.000000 0.237891
448.000000 0.232630
449.000000 0.227076
450.000000 0.221577
451.000000 0.215758
452.000000 0.209678
453.000000 0.203834
454.000000 0.197884
455.000000 0.191846
456.000000 0.185795
457.000000 0.179676
458.000000 0.173886
459.000000 0.167988
460.000000 0.162236
461.000000 0.156881
462.000000 0.151409
463.000000 0.146065
464.000000 0.140796
465.000000 0.135593
466.000000 0.130804
467.000000 0.126121
468.000000 0.121498
469.000000 0.117005
470.000000 0.112663
471.000000 0.108659
472.000000 0.104663
473.000000 0.100758
474.000000 0.097049
475.000000 0.093455
476.000000 0.090167
477.000000 0.087117
478.000000 0.084231
479.000000 0.081371
480.000000 0.078695
481.000000 0.076162
482.000000 0.073746
483.000000 0.071579
484.000000 0.069498
485.000000 0.067546
486.000000 0.065685
487.000000 0.063970
488.000000 0.062440
489.000000 0.060849
490.000000 0.059701
491.000000 0.058723
492.000000 0.057319
493.000000 0.055999
494.000000 0.055259
495.000000 0.054879
496.000000 0.054543
497.000000 0.054345
498.000000 0.053943
499.000000 0.053294
500.000000 0.052589
501.000000 0.052202
502.000000 0.052094
503.000000 0.052043
504.000000 0.052160
505.000000 0.052293
506.000000 0.052292
507.000000 0.052251
508.000000 0.052415
509.000000 0.052702
510.000000 0.052671
511.000000 0.052631
512.000000 0.053238
513.000000 0.053834
514.000000 0.054371
515.000000 0.054965
516.000000 0.055504
517.000000 0.056018
518.000000 0.056499
519.000000 0.057011
520.000000 0.057241
521.000000 0.057598
522.000000 0.058142
523.000000 0.058386
524.000000 0.058431
525.000000 0.058621
526.000000 0.058924
527.000000 0.059131
528.000000 0.059313
529.000000 0.059498
530.000000 0.059398
531.000000 0.059467
532.000000 0.059822
533.000000 0.060071
534.000000 0.060483
535.000000 0.060885
536.000000 0.061159
537.000000 0.061668
538.000000 0.062643
539.000000 0.063558
540.000000 0.064182
541.000000 0.064892
542.000000 0.065845
543.000000 0.067524
544.000000 0.069433
545.000000 0.071239
546.000000 0.073118
547.000000 0.074840
548.000000 0.076853
549.000000 0.078998
550.000000 0.080979
551.000000 0.083069
552.000000 0.085301
553.000000 0.087475
554.000000 0.089402
555.000000 0.091355
556.000000 0.093177
557.000000 0.094804
558.000000 0.096192
559.000000 0.097241
560.000000 0.098050
561.000000 0.098598
562.000000 0.099067
563.000000 0.099210
564.000000 0.099061
565.000000 0.098915
566.000000 0.098610
567.000000 0.097926
568.000000 0.096973
569.000000 0.095910
570.000000 0.094819
571.000000 0.093576
572.000000 0.092305
573.000000 0.091230
574.000000 0.090254
575.000000 0.089415
576.000000 0.088630
577.000000 0.087850
578.000000 0.087227
579.000000 0.086853
580.000000 0.086686
581.000000 0.086803
582.000000 0.087217
583.000000 0.087716
584.000000 0.088243
585.000000 0.089059
586.000000 0.090003
587.000000 0.090982
588.000000 0.092257
589.000000 0.093570
590.000000 0.094920
591.000000 0.096468
592.000000 0.098040
593.000000 0.099666
594.000000 0.101329
595.000000 0.103119
596.000000 0.105105
597.000000 0.107120
598.000000 0.109159
599.000000 0.111176
600.000000 0.113198
601.000000 0.115311
602.000000 0.117520
603.000000 0.119755
604.000000 0.122119
605.000000 0.124520
606.000000 0.127028
607.000000 0.129631
608.000000 0.132236
609.000000 0.134917
610.000000 0.137763
611.000000 0.140727
612.000000 0.143894
613.000000 0.147239
614.000000 0.150799
615.000000 0.154727
616.000000 0.158590
617.000000 0.162605
618.000000 0.167067
619.000000 0.171741
620.000000 0.176746
621.000000 0.182163
622.000000 0.187690
623.000000 0.193431
624.000000 0.199780
625.000000 0.206246
626.000000 0.212878
627.000000 0.220257
628.000000 0.227718
629.000000 0.235353
630.000000 0.243642
631.000000 0.252294
632.000000 0.260922
633.000000 0.269811
634.000000 0.279316
635.000000 0.288741
636.000000 0.298188
637.000000 0.308108
638.000000 0.317873
639.000000 0.327539
640.000000 0.337471
641.000000 0.347404
642.000000 0.356731
643.000000 0.365729
644.000000 0.374920
645.000000 0.383659
646.000000 0.392102
647.000000 0.400569
648.000000 0.408751
649.000000 0.416272
650.000000 0.423399
651.000000 0.430387
652.000000 0.437008
653.000000 0.443051
654.000000 0.448634
655.000000 0.454078
656.000000 0.459342
657.000000 0.464158
658.000000 0.468673
659.000000 0.473153
660.000000 0.477558
661.000000 0.481752
662.000000 0.485890
663.000000 0.490294
664.000000 0.494898
665.000000 0.499517
666.000000 0.504290
667.000000 0.509555
668.000000 0.515291
669.000000 0.521233
670.000000 0.527621
671.000000 0.534861
672.000000 0.542803
673.000000 0.551524
674.000000 0.560548
675.000000 0.570244
676.000000 0.581444
677.000000 0.593807
678.000000 0.607174
679.000000 0.620985
680.000000 0.635646
681.000000 0.651863
682.000000 0.669452
683.000000 0.688386
684.000000 0.707813
685.000000 0.728050
686.000000 0.749941
687.000000 0.773015
688.000000 0.796973
689.000000 0.821681
690.000000 0.846294
691.000000 0.871154
692.000000 0.897339
693.000000 0.924280
694.000000 0.951437
695.000000 0.978832
696.000000 1.005126
697.000000 1.030496
698.000000 1.056308
699.000000 1.081750
700.000000 1.106454
701.000000 1.130047
702.000000 1.151404
703.000000 1.170889
704.000000 1.189458
705.000000 1.206350
706.000000 1.221024
707.000000 1.233381
708.000000 1.243470
709.000000 1.251177
710.000000 1.256283
711.000000 1.258829
712.000000 1.258891
713.000000 1.256356
714.000000 1.251099
715.000000 1.243185
716.000000 1.232598
717.000000 1.219361
718.000000 1.203788
719.000000 1.186848
720.000000 1.168342
721.000000 1.147497
722.000000 1.124691
723.000000 1.100427
724.000000 1.075035
725.000000 1.048825
726.000000 1.022034
727.000000 0.994187
728.000000 0.965487
729.000000 0.936488
730.000000 0.907144
731.000000 0.879405
732.000000 0.852173
733.000000 0.823655
734.000000 0.794896
735.000000 0.766230
736.000000 0.737714
737.000000 0.709548
738.000000 0.681846
739.000000 0.654522
740.000000 0.627750
741.000000 0.601652
742.000000 0.576334
743.000000 0.551764
744.000000 0.527942
745.000000 0.504641
746.000000 0.481787
747.000000 0.459628
748.000000 0.438206
749.000000 0.417463
750.000000 0.397435
751.000000 0.378116
752.000000 0.359573
753.000000 0.341638
754.000000 0.324306
755.000000 0.307607
756.000000 0.291507
757.000000 0.276086
758.000000 0.261261
759.000000 0.246944
760.000000 0.233108
761.000000 0.219805
762.000000 0.207122
763.000000 0.195048
764.000000 0.183443
765.000000 0.172143
766.000000 0.161263
767.000000 0.151040
768.000000 0.141434
769.000000 0.132332
770.000000 0.123698
771.000000 0.115573
772.000000 0.107895
773.000000 0.100587
774.000000 0.093685
775.000000 0.087186
776.000000 0.080702
777.000000 0.074513
778.000000 0.069065
779.000000 0.064044
780.000000 0.059333
781.000000 0.055004
782.000000 0.050970
783.000000 0.047170
784.000000 0.043566
785.000000 0.040185
786.000000 0.037123
787.000000 0.034336
788.000000 0.031700
789.000000 0.029212
790.000000 0.026996
791.000000 0.024937
792.000000 0.023044
793.000000 0.021357
794.000000 0.019793
795.000000 0.018329
796.000000 0.016998
797.000000 0.015766
798.000000 0.014630
799.000000 0.013662
800.000000 0.012736
801.000000 0.011901
802.000000 0.011185
803.000000 0.010479
804.000000 0.009808
805.000000 0.009232
806.000000 0.008668
807.000000 0.008157
808.000000 0.007755
809.000000 0.007344
810.000000 0.006947
811.000000 0.006641
812.000000 0.006362
813.000000 0.006074
814.000000 0.005860
815.000000 0.005650
816.000000 0.005405
817.000000 0.005193
818.000000 0.005068
819.000000 0.004983
820.000000 0.004855
821.000000 0.004676
822.000000 0.004540
823.000000 0.004444
824.000000 0.004321
825.000000 0.004197
826.000000 0.004056
827.000000 0.003894
828.000000 0.003762
829.000000 0.003706
830.000000 0.003652
831.000000 0.003538
832.000000 0.003427
833.000000 0.003329
834.000000 0.003229
835.000000 0.003079
836.000000 0.002914
837.000000 0.002855
838.000000 0.002836
839.000000 0.002791
840.000000 0.002708
841.000000 0.002631
842.000000 0.002594
843.000000 0.002513
844.000000 0.002408
845.000000 0.002321
846.000000 0.002290
847.000000 0.002241
848.000000 0.002157
849.000000 0.002097
850.000000 0.002056
851.000000 0.002022
852.000000 0.001990
853.000000 0.001964
854.000000 0.001950
855.000000 0.001924
856.000000 0.001856
857.000000 0.001810
858.000000 0.001789
859.000000 0.001756
860.000000 0.001705
861.000000 0.001658
862.000000 0.001624
863.000000 0.001612
864.000000 0.001576
865.000000 0.001496
866.000000 0.001427
867.000000 0.001395
868.000000 0.001388
869.000000 0.001360
870.000000 0.001338
871.000000 0.001329
872.000000 0.001319
873.000000 0.001325
874.000000 0.001303
875.000000 0.001282
876.000000 0.001270
877.000000 0.001252
878.000000 0.001230
879.000000 0.001202
880.000000 0.001198
881.000000 0.001191
882.000000 0.001138
883.000000 0.001084
884.000000 0.001046
885.000000 0.001018
886.000000 0.000991
887.000000 0.000964
888.000000 0.000963
889.000000 0.000956
890.000000 0.000901
891.000000 0.000843
892.000000 0.000831
893.000000 0.000822
894.000000 0.000828
895.000000 0.000828
896.000000 0.000796
897.000000 0.000782
898.000000 0.000787
899.000000 0.000783
900.000000 0.000804
