315.000000 0.201562
316.000000 0.201681
317.000000 0.203514
318.000000 0.206193
319.000000 0.208008
320.000000 0.209797
321.000000 0.211776
322.000000 0.214327
323.000000 0.216706
324.000000 0.218201
325.000000 0.219200
326.000000 0.220853
327.000000 0.223022
328.000000 0.225086
329.000000 0.227285
330.000000 0.230116
331.000000 0.233210
332.000000 0.235910
333.000000 0.238261
334.000000 0.240555
335.000000 0.243131
336.000000 0.246053
337.000000 0.248807
338.000000 0.250927
339.000000 0.252906
340.000000 0.255080
341.000000 0.257290
342.000000 0.259347
343.000000 0.261580
344.000000 0.264365
345.000000 0.266927
346.000000 0.268770
347.000000 0.270120
348.000000 0.271245
349.000000 0.272336
350.000000 0.273284
351.000000 0.273938
352.000000 0.274254
353.000000 0.274259
354.000000 0.274099
355.000000 0.273888
356.000000 0.273543
357.000000 0.273051
358.000000 0.272256
359.000000 0.271223
360.000000 0.270148
361.000000 0.268966
362.000000 0.267856
363.000000 0.266646
364.000000 0.265328
365.000000 0.264166
366.000000 0.262898
367.000000 0.261370
368.000000 0.259769
369.000000 0.258183
370.000000 0.256627
371.000000 0.254764
372.000000 0.253196
373.000000 0.251549
374.000000 0.249231
375.000000 0.246679
376.000000 0.244259
377.000000 0.242028
378.000000 0.239620
379.000000 0.237315
380.000000 0.234976
381.000000 0.232634
382.000000 0.230635
383.000000 0.228743
384.000000 0.226962
385.000000 0.225613
386.000000 0.224337
387.000000 0.223069
388.000000 0.221863
389.000000 0.221052
390.000000 0.220771
391.000000 0.220566
392.000000 0.220357
393.000000 0.220402
394.000000 0.220804
395.000000 0.221570
396.000000 0.222192
397.000000 0.222578
398.000000 0.223287
399.000000 0.224029
400.000000 0.224888
401.000000 0.226240
402.000000 0.227667
403.000000 0.229048
404.000000 0.230188
405.000000 0.231168
406.000000 0.232242
407.000000 0.233355
408.000000 0.234466
409.000000 0.235468
410.000000 0.236132
411.000000 0.236825
412.000000 0.237615
413.000000 0.237974
414.000000 0.238467
415.000000 0.239160
416.000000 0.239808
417.000000 0.240500
418.000000 0.241266
419.000000 0.242427
420.000000 0.243929
421.000000 0.245434
422.000000 0.246994
423.000000 0.248713
424.000000 0.250604
425.000000 0.252630
426.000000 0.254924
427.000000 0.257478
428.000000 0.259996
429.000000 0.262410
430.000000 0.264594
431.000000 0.266404
432.000000 0.267930
433.000000 0.269117
434.000000 0.269872
435.000000 0.270119
436.000000 0.269909
437.000000 0.269123
438.000000 0.267789
439.000000 0.266013
440.000000 0.263630
441.000000 0.260953
442.000000 0.257990
443.000000 0.254427
444.000000 0.250491
445.000000 0.246360
446.000000 0.241680
447.000000 0.236599
448.000000 0.231281
449.000000 0.225727
450.000000 0.220191
451.000000 0.214288
452.000000 0.208169
453.000000 0.202468
454.000000 0.196627
455.000000 0.190633
456.000000 0.184566
457.000000 0.178315
458.000000 0.172408
459.000000 0.166511
460.000000 0.160745
461.000000 0.155352
462.000000 0.149907
463.000000 0.144528
464.000000 0.139230
465.000000 0.133970
466.000000 0.129084
467.000000 0.124382
468.000000 0.119782
469.000000 0.115302
470.000000 0.110939
471.000000 0.106865
472.000000 0.102877
473.000000 0.099071
474.000000 0.095382
475.000000 0.091741
476.000000 0.088417
477.000000 0.085248
478.000000 0.082252
479.000000 0.079379
480.000000 0.076666
481.000000 0.074096
482.000000 0.071719
483.000000 0.069633
484.000000 0.067567
485.000000 0.065586
486.000000 0.063701
487.000000 0.061937
488.000000 0.060312
489.000000 0.058701
490.000000 0.057441
491.000000 0.056400
492.000000 0.055281
493.000000 0.053946
494.000000 0.052775
495.000000 0.052164
496.000000 0.051490
497.000000 0.050842
498.000000 0.050443
499.000000 0.049952
500.000000 0.049342
501.000000 0.048806
502.000000 0.048407
503.000000 0.048180
504.000000 0.048079
505.000000 0.048069
506.000000 0.047992
507.000000 0.047999
508.000000 0.048227
509.000000 0.048389
510.000000 0.048288
511.000000 0.048113
512.000000 0.048432
513.000000 0.048811
514.000000 0.049116
515.000000 0.049548
516.000000 0.050039
517.000000 0.050429
518.000000 0.050862
519.000000 0.051391
520.000000 0.051661
521.000000 0.051937
522.000000 0.052507
523.000000 0.052964
524.000000 0.053176
525.000000 0.053345
526.000000 0.053285
527.000000 0.053408
528.000000 0.053633
529.000000 0.053569
530.000000 0.053408
531.000000 0.053410
532.000000 0.053481
533.000000 0.053644
534.000000 0.054013
535.000000 0.054551
536.000000 0.054821
537.000000 0.054899
538.000000 0.055608
539.000000 0.056245
540.000000 0.056725
541.000000 0.057551
542.000000 0.058353
543.000000 0.059596
544.000000 0.061350
545.000000 0.063539
546.000000 0.065830
547.000000 0.067774
548.000000 0.069773
549.000000 0.071693
550.000000 0.073311
551.000000 0.074799
552.000000 0.076464
553.000000 0.078257
554.000000 0.079810
555.000000 0.081457
556.000000 0.083172
557.000000 0.084617
558.000000 0.085731
559.000000 0.086631
560.000000 0.087503
561.000000 0.088149
562.000000 0.088686
563.000000 0.089063
564.000000 0.089200
565.000000 0.089248
566.000000 0.089247
567.000000 0.089029
568.000000 0.088418
569.000000 0.087712
570.000000 0.087151
571.000000 0.086519
572.000000 0.085775
573.000000 0.085114
574.000000 0.084563
575.000000 0.084050
576.000000 0.083665
577.000000 0.083439
578.000000 0.083365
579.000000 0.083357
580.000000 0.083588
581.000000 0.084098
582.000000 0.084675
583.000000 0.085392
584.000000 0.086278
585.000000 0.087367
586.000000 0.088514
587.000000 0.089828
588.000000 0.091438
589.000000 0.093083
590.000000 0.094674
591.000000 0.096445
592.000000 0.098316
593.000000 0.100125
594.000000 0.101999
595.000000 0.104025
596.000000 0.106208
597.000000 0.108387
598.000000 0.110588
599.000000 0.112902
600.000000 0.115206
601.000000 0.117545
602.000000 0.119957
603.000000 0.122373
604.000000 0.124921
605.000000 0.127496
606.000000 0.130145
607.000000 0.132941
608.000000 0.135721
609.000000 0.138587
610.000000 0.141686
611.000000 0.144851
612.000000 0.148216
613.000000 0.151706
614.000000 0.155378
615.000000 0.159447
616.000000 0.163505
617.000000 0.167740
618.000000 0.172408
619.000000 0.177254
620.000000 0.182435
621.000000 0.188077
622.000000 0.193820
623.000000 0.199833
624.000000 0.206408
625.000000 0.213177
626.000000 0.220225
627.000000 0.227946
628.000000 0.235737
629.000000 0.243707
630.000000 0.252364
631.000000 0.261418
632.000000 0.270460
633.000000 0.279749
634.000000 0.289704
635.000000 0.299560
636.000000 0.309312
637.000000 0.319622
638.000000 0.329890
639.000000 0.339989
640.000000 0.350330
641.000000 0.360682
642.000000 0.370398
643.000000 0.379756
644.000000 0.389384
645.000000 0.398559
646.000000 0.407367
647.000000 0.416208
648.000000 0.424781
649.000000 0.432710
650.000000 0.440172
651.000000 0.447457
652.000000 0.454394
653.000000 0.460755
654.000000 0.466654
655.000000 0.472324
656.000000 0.477779
657.000000 0.482793
658.000000 0.487453
659.000000 0.492101
660.000000 0.496715
661.000000 0.501096
662.000000 0.505346
663.000000 0.509894
664.000000 0.514721
665.000000 0.519573
666.000000 0.524547
667.000000 0.529971
668.000000 0.535882
669.000000 0.542055
670.000000 0.548676
671.000000 0.556109
672.000000 0.564296
673.000000 0.573325
674.000000 0.582644
675.000000 0.592721
676.000000 0.604357
677.000000 0.617193
678.000000 0.631113
679.000000 0.645444
680.000000 0.660633
681.000000 0.677489
682.000000 0.695742
683.000000 0.715340
684.000000 0.735483
685.000000 0.756472
686.000000 0.779246
687.000000 0.803265
688.000000 0.828150
689.000000 0.853854
690.000000 0.879408
691.000000 0.905163
692.000000 0.932340
693.000000 0.960409
694.000000 0.988809
695.000000 1.017371
696.000000 1.044802
697.000000 1.071326
698.000000 1.098337
699.000000 1.124948
700.000000 1.150803
701.000000 1.175642
702.000000 1.198167
703.000000 1.218662
704.000000 1.238144
705.000000 1.255828
706.000000 1.271229
707.000000 1.284467
708.000000 1.295357
709.000000 1.303707
710.000000 1.309314
711.000000 1.312191
712.000000 1.312485
713.000000 1.309869
714.000000 1.304448
715.000000 1.296295
716.000000 1.285371
717.000000 1.271868
718.000000 1.255888
719.000000 1.238516
720.000000 1.219394
721.000000 1.197690
722.000000 1.173991
723.000000 1.148800
724.000000 1.122303
725.000000 1.094770
726.000000 1.066684
727.000000 1.037849
728.000000 1.007925
729.000000 0.977341
730.000000 0.946664
731.000000 0.917662
732.000000 0.889108
733.000000 0.859393
734.000000 0.829370
735.000000 0.799369
736.000000 0.769637
737.000000 0.740318
738.000000 0.711411
739.000000 0.682885
740.000000 0.654982
741.000000 0.627782
742.000000 0.601349
743.000000 0.575653
744.000000 0.550710
745.000000 0.526336
746.000000 0.502541
747.000000 0.479437
748.000000 0.457033
749.000000 0.435406
750.000000 0.414578
751.000000 0.394471
752.000000 0.375085
753.000000 0.356306
754.000000 0.338186
755.000000 0.320823
756.000000 0.304146
757.000000 0.288118
758.000000 0.272638
759.000000 0.257641
760.000000 0.243201
761.000000 0.229335
762.000000 0.216081
763.000000 0.203395
764.000000 0.191212
765.000000 0.179476
766.000000 0.168192
767.000000 0.157507
768.000000 0.147495
769.000000 0.138076
770.000000 0.129119
771.000000 0.120585
772.000000 0.112515
773.000000 0.104936
774.000000 0.097768
775.000000 0.091011
776.000000 0.084208
777.000000 0.077655
778.000000 0.071903
779.000000 0.066641
780.000000 0.061748
781.000000 0.057207
782.000000 0.052981
783.000000 0.049005
784.000000 0.045239
785.000000 0.041750
786.000000 0.038519
787.000000 0.035569
788.000000 0.032824
789.000000 0.030195
790.000000 0.027845
791.000000 0.025710
792.000000 0.023743
793.000000 0.021987
794.000000 0.020381
795.000000 0.018907
796.000000 0.017554
797.000000 0.016300
798.000000 0.015122
799.000000 0.014039
800.000000 0.013045
801.000000 0.012122
802.000000 0.011292
803.000000 0.010550
804.000000 0.009872
805.000000 0.009248
806.000000 0.008671
807.000000 0.008164
808.000000 0.007695
809.000000 0.007265
810.000000 0.006882
811.000000 0.006560
812.000000 0.006274
813.000000 0.005950
814.000000 0.005665
815.000000 0.005458
816.000000 0.005247
817.000000 0.005031
818.000000 0.004882
819.000000 0.004723
820.000000 0.004547
821.000000 0.004398
822.000000 0.004263
823.000000 0.004135
824.000000 0.003988
825.000000 0.003846
826.000000 0.003690
827.000000 0.003508
828.000000 0.003398
829.000000 0.003383
830.000000 0.003362
831.000000 0.003277
832.000000 0.003122
833.000000 0.002997
834.000000 0.002918
835.000000 0.002793
836.000000 0.002685
837.000000 0.002632
838.000000 0.002555
839.000000 0.002489
840.000000 0.002441
841.000000 0.002388
842.000000 0.002334
843.000000 0.002229
844.000000 0.002130
845.000000 0.002069
846.000000 0.002013
847.000000 0.001951
848.000000 0.001904
849.000000 0.001857
850.000000 0.001841
851.000000 0.001858
852.000000 0.001839
853.000000 0.001821
854.000000 0.001816
855.000000 0.001773
856.000000 0.001679
857.000000 0.001601
858.000000 0.001567
859.000000 0.001508
860.000000 0.001462
861.000000 0.001451
862.000000 0.001429
863.000000 0.001412
864.000000 0.001392
865.000000 0.001341
866.000000 0.001276
867.000000 0.001242
868.000000 0.001230
869.000000 0.001209
870.000000 0.001203
871.000000 0.001193
872.000000 0.001133
873.000000 0.001073
874.000000 0.001032
875.000000 0.001001
876.000000 0.000993
877.000000 0.000997
878.000000 0.000977
879.000000 0.000950
880.000000 0.000944
881.000000 0.000923
882.000000 0.000911
883.000000 0.000898
884.000000 0.000878
885.000000 0.000867
886.000000 0.000841
887.000000 0.000832
888.000000 0.000845
889.000000 0.000821
890.000000 0.000759
891.000000 0.000714
892.000000 0.000693
893.000000 0.000675
894.000000 0.000678
895.000000 0.000702
896.000000 0.000684
897.000000 0.000663
898.000000 0.000688
899.000000 0.000693
900.000000 0.000707
