315.000000 0.197898
316.000000 0.199682
317.000000 0.202091
318.000000 0.203483
319.000000 0.204627
320.000000 0.205982
321.000000 0.207840
322.000000 0.210011
323.000000 0.212251
324.000000 0.214263
325.000000 0.215561
326.000000 0.217352
327.000000 0.219524
328.000000 0.221925
329.000000 0.224587
330.000000 0.227322
331.000000 0.230288
332.000000 0.233274
333.000000 0.235719
334.000000 0.237860
335.000000 0.240425
336.000000 0.243327
337.000000 0.246256
338.000000 0.248779
339.000000 0.251010
340.000000 0.253223
341.000000 0.255539
342.000000 0.257494
343.000000 0.259377
344.000000 0.261849
345.000000 0.264296
346.000000 0.266360
347.000000 0.267800
348.000000 0.268744
349.000000 0.269859
350.000000 0.271001
351.000000 0.271676
352.000000 0.272192
353.000000 0.272671
354.000000 0.272756
355.000000 0.272565
356.000000 0.272230
357.000000 0.271673
358.000000 0.271004
359.000000 0.270171
360.000000 0.269057
361.000000 0.267895
362.000000 0.266866
363.000000 0.265790
364.000000 0.264558
365.000000 0.263376
366.000000 0.262211
367.000000 0.260678
368.000000 0.258855
369.000000 0.257025
370.000000 0.254794
371.000000 0.252477
372.000000 0.250369
373.000000 0.248441
374.000000 0.246685
375.000000 0.244403
376.000000 0.242159
377.000000 0.240166
378.000000 0.237841
379.000000 0.235233
380.000000 0.232587
381.000000 0.230029
382.000000 0.227762
383.000000 0.225807
384.000000 0.224340
385.000000 0.223191
386.000000 0.221692
387.000000 0.220486
388.000000 0.219500
389.000000 0.218591
390.000000 0.218163
391.000000 0.217978
392.000000 0.217936
393.000000 0.218139
394.000000 0.218523
395.000000 0.219132
396.000000 0.219843
397.000000 0.220413
398.000000 0.221229
399.000000 0.222231
400.000000 0.223189
401.000000 0.224357
402.000000 0.225555
403.000000 0.226673
404.000000 0.227742
405.000000 0.228909
406.000000 0.230215
407.000000 0.231275
408.000000 0.232111
409.000000 0.232994
410.000000 0.233655
411.000000 0.234415
412.000000 0.235392
413.000000 0.235910
414.000000 0.236397
415.000000 0.237204
416.000000 0.238014
417.000000 0.238741
418.000000 0.239460
419.000000 0.240461
420.000000 0.241726
421.000000 0.243095
422.000000 0.244611
423.000000 0.246372
424.000000 0.248571
425.000000 0.250810
426.000000 0.252997
427.000000 0.255453
428.000000 0.258082
429.000000 0.260594
430.000000 0.262809
431.000000 0.264754
432.000000 0.266471
433.000000 0.267765
434.000000 0.268610
435.000000 0.269006
436.000000 0.268863
437.000000 0.268102
438.000000 0.266785
439.000000 0.265104
440.000000 0.262881
441.000000 0.260260
442.000000 0.257289
443.000000 0.253715
444.000000 0.249782
445.000000 0.245646
446.000000 0.240927
447.000000 0.235864
448.000000 0.230600
449.000000 0.224988
450.000000 0.219357
451.000000 0.213494
452.000000 0.207415
453.000000 0.201606
454.000000 0.195655
455.000000 0.189638
456.000000 0.183591
457.000000 0.177417
458.000000 0.171591
459.000000 0.165745
460.000000 0.160026
461.000000 0.154552
462.000000 0.148990
463.000000 0.143583
464.000000 0.138228
465.000000 0.132892
466.000000 0.128014
467.000000 0.123326
468.000000 0.118716
469.000000 0.114200
470.000000 0.109810
471.000000 0.105742
472.000000 0.101676
473.000000 0.097752
474.000000 0.094009
475.000000 0.090368
476.000000 0.087019
477.000000 0.083892
478.000000 0.080922
479.000000 0.077997
480.000000 0.075253
481.000000 0.072709
482.000000 0.070360
483.000000 0.068223
484.000000 0.066073
485.000000 0.064018
486.000000 0.062103
487.000000 0.060323
488.000000 0.058690
489.000000 0.056761
490.000000 0.055184
491.000000 0.054109
492.000000 0.053052
493.000000 0.052120
494.000000 0.051070
495.000000 0.050259
496.000000 0.049657
497.000000 0.049128
498.000000 0.048642
499.000000 0.047816
500.000000 0.047063
501.000000 0.046611
502.000000 0.046080
503.000000 0.045689
504.000000 0.045452
505.000000 0.045296
506.000000 0.045078
507.000000 0.044947
508.000000 0.045116
509.000000 0.045155
510.000000 0.045047
511.000000 0.044863
512.000000 0.045036
513.000000 0.045327
514.000000 0.045551
515.000000 0.045805
516.000000 0.046114
517.000000 0.046442
518.000000 0.046829
519.000000 0.047312
520.000000 0.047453
521.000000 0.047602
522.000000 0.048107
523.000000 0.048437
524.000000 0.048366
525.000000 0.048204
526.000000 0.048378
527.000000 0.048902
528.000000 0.049304
529.000000 0.049251
530.000000 0.049206
531.000000 0.049496
532.000000 0.049776
533.000000 0.050079
534.000000 0.050448
535.000000 0.050526
536.000000 0.050497
537.000000 0.050871
538.000000 0.051492
539.000000 0.052034
540.000000 0.052313
541.000000 0.052963
542.000000 0.053969
543.000000 0.055254
544.000000 0.056594
545.000000 0.058005
546.000000 0.059719
547.000000 0.061425
548.000000 0.063409
549.000000 0.065132
550.000000 0.066463
551.000000 0.068091
552.000000 0.069897
553.000000 0.071569
554.000000 0.073047
555.000000 0.074560
556.000000 0.076150
557.000000 0.077584
558.000000 0.078686
559.000000 0.079398
560.000000 0.080071
561.000000 0.080851
562.000000 0.081572
563.000000 0.081983
564.000000 0.082022
565.000000 0.082023
566.000000 0.082164
567.000000 0.082245
568.000000 0.082160
569.000000 0.081827
570.000000 0.081258
571.000000 0.080680
572.000000 0.080302
573.000000 0.080184
574.000000 0.080105
575.000000 0.079949
576.000000 0.079898
577.000000 0.079935
578.000000 0.080073
579.000000 0.080466
580.000000 0.080970
581.000000 0.081705
582.000000 0.082731
583.000000 0.083795
584.000000 0.084888
585.000000 0.086204
586.000000 0.087681
587.000000 0.089249
588.000000 0.091143
589.000000 0.093033
590.000000 0.094786
591.000000 0.096738
592.000000 0.098704
593.000000 0.100684
594.000000 0.102732
595.000000 0.104870
596.000000 0.107094
597.000000 0.109358
598.000000 0.111768
599.000000 0.114189
600.000000 0.116638
601.000000 0.119175
602.000000 0.121670
603.000000 0.124132
604.000000 0.126729
605.000000 0.129341
606.000000 0.132145
607.000000 0.135114
608.000000 0.138004
609.000000 0.140997
610.000000 0.144207
611.000000 0.147470
612.000000 0.150888
613.000000 0.154476
614.000000 0.158308
615.000000 0.162542
616.000000 0.166733
617.000000 0.171058
618.000000 0.175856
619.000000 0.180828
620.000000 0.186116
621.000000 0.191917
622.000000 0.197888
623.000000 0.204076
624.000000 0.210769
625.000000 0.217682
626.000000 0.224905
627.000000 0.232807
628.000000 0.240780
629.000000 0.248952
630.000000 0.257784
631.000000 0.267057
632.000000 0.276358
633.000000 0.285883
634.000000 0.296020
635.000000 0.306113
636.000000 0.316271
637.000000 0.326849
638.000000 0.337245
639.000000 0.347562
640.000000 0.358235
641.000000 0.368997
642.000000 0.379062
643.000000 0.388733
644.000000 0.398646
645.000000 0.408048
646.000000 0.417089
647.000000 0.426164
648.000000 0.434939
649.000000 0.443073
650.000000 0.450736
651.000000 0.458234
652.000000 0.465398
653.000000 0.471905
654.000000 0.477923
655.000000 0.483740
656.000000 0.489322
657.000000 0.494491
658.000000 0.499314
659.000000 0.504107
660.000000 0.508840
661.000000 0.513317
662.000000 0.517719
663.000000 0.522424
664.000000 0.527386
665.000000 0.532349
666.000000 0.537367
667.000000 0.542864
668.000000 0.548900
669.000000 0.555198
670.000000 0.561974
671.000000 0.569581
672.000000 0.577965
673.000000 0.587174
674.000000 0.596665
675.000000 0.606922
676.000000 0.618782
677.000000 0.631915
678.000000 0.646170
679.000000 0.660809
680.000000 0.676285
681.000000 0.693523
682.000000 0.712250
683.000000 0.732334
684.000000 0.752961
685.000000 0.774458
686.000000 0.797708
687.000000 0.822156
688.000000 0.847600
689.000000 0.874010
690.000000 0.900234
691.000000 0.926709
692.000000 0.954651
693.000000 0.983347
694.000000 1.012406
695.000000 1.041755
696.000000 1.069883
697.000000 1.097079
698.000000 1.124759
699.000000 1.152141
700.000000 1.178703
701.000000 1.203999
702.000000 1.226966
703.000000 1.248050
704.000000 1.268238
705.000000 1.286674
706.000000 1.302823
707.000000 1.316410
708.000000 1.327620
709.000000 1.336278
710.000000 1.342063
711.000000 1.345193
712.000000 1.345545
713.000000 1.343061
714.000000 1.337918
715.000000 1.329882
716.000000 1.318883
717.000000 1.305046
718.000000 1.288643
719.000000 1.270914
720.000000 1.251282
721.000000 1.229003
722.000000 1.204744
723.000000 1.178930
724.000000 1.151753
725.000000 1.123548
726.000000 1.094676
727.000000 1.065069
728.000000 1.034606
729.000000 1.003323
730.000000 0.971663
731.000000 0.941916
732.000000 0.912802
733.000000 0.882307
734.000000 0.851376
735.000000 0.820505
736.000000 0.789952
737.000000 0.759827
738.000000 0.730181
739.000000 0.700850
740.000000 0.672176
741.000000 0.644308
742.000000 0.617134
743.000000 0.590704
744.000000 0.565060
745.000000 0.540094
746.000000 0.515751
747.000000 0.492047
748.000000 0.469107
749.000000 0.446940
750.000000 0.425656
751.000000 0.405041
752.000000 0.385072
753.000000 0.365803
754.000000 0.347151
755.000000 0.329242
756.000000 0.312067
757.000000 0.295613
758.000000 0.279770
759.000000 0.264466
760.000000 0.249701
761.000000 0.235501
762.000000 0.221886
763.000000 0.208877
764.000000 0.196439
765.000000 0.184376
766.000000 0.172739
767.000000 0.161764
768.000000 0.151528
769.000000 0.141859
770.000000 0.132642
771.000000 0.123881
772.000000 0.115565
773.000000 0.107745
774.000000 0.100347
775.000000 0.093344
776.000000 0.086396
777.000000 0.079743
778.000000 0.073819
779.000000 0.068399
780.000000 0.063340
781.000000 0.058644
782.000000 0.054283
783.000000 0.050188
784.000000 0.046305
785.000000 0.042693
786.000000 0.039421
787.000000 0.036407
788.000000 0.033489
789.000000 0.030735
790.000000 0.028334
791.000000 0.026143
792.000000 0.024104
793.000000 0.022232
794.000000 0.020550
795.000000 0.019037
796.000000 0.017593
797.000000 0.016252
798.000000 0.015031
799.000000 0.013953
800.000000 0.012983
801.000000 0.012073
802.000000 0.011242
803.000000 0.010468
804.000000 0.009775
805.000000 0.009162
806.000000 0.008570
807.000000 0.008049
808.000000 0.007585
809.000000 0.007126
810.000000 0.006710
811.000000 0.006370
812.000000 0.006039
813.000000 0.005705
814.000000 0.005466
815.000000 0.005266
816.000000 0.005026
817.000000 0.004793
818.000000 0.004627
819.000000 0.004448
820.000000 0.004260
821.000000 0.004109
822.000000 0.004012
823.000000 0.003907
824.000000 0.003772
825.000000 0.003647
826.000000 0.003496
827.000000 0.003327
828.000000 0.003175
829.000000 0.003118
830.000000 0.003034
831.000000 0.002887
832.000000 0.002774
833.000000 0.002686
834.000000 0.002626
835.000000 0.002553
836.000000 0.002468
837.000000 0.002402
838.000000 0.002319
839.000000 0.002227
840.000000 0.002153
841.000000 0.002121
842.000000 0.002106
843.000000 0.002008
844.000000 0.001929
845.000000 0.001883
846.000000 0.001826
847.000000 0.001765
848.000000 0.001720
849.000000 0.001703
850.000000 0.001667
851.000000 0.001651
852.000000 0.001649
853.000000 0.001650
854.000000 0.001627
855.000000 0.001559
856.000000 0.001483
857.000000 0.001403
858.000000 0.001360
859.000000 0.001364
860.000000 0.001373
861.000000 0.001342
862.000000 0.001308
863.000000 0.001329
864.000000 0.001327
865.000000 0.001285
866.000000 0.001253
867.000000 0.001247
868.000000 0.001248
869.000000 0.001202
870.000000 0.001137
871.000000 0.001086
872.000000 0.001028
873.000000 0.000971
874.000000 0.000930
875.000000 0.000943
876.000000 0.000946
877.000000 0.000925
878.000000 0.000925
879.000000 0.000924
880.000000 0.000902
881.000000 0.000871
882.000000 0.000860
883.000000 0.000853
884.000000 0.000842
885.000000 0.000805
886.000000 0.000752
887.000000 0.000732
888.000000 0.000735
889.000000 0.000732
890.000000 0.000685
891.000000 0.000635
892.000000 0.000614
893.000000 0.000580
894.000000 0.000588
895.000000 0.000605
896.000000 0.000590
897.000000 0.000595
898.000000 0.000609
899.000000 0.000596
900.000000 0.000596
