315.000000 0.196592
316.000000 0.198521
317.000000 0.200315
318.000000 0.202407
319.000000 0.204685
320.000000 0.206543
321.000000 0.208626
322.000000 0.211293
323.000000 0.213666
324.000000 0.215105
325.000000 0.215797
326.000000 0.217198
327.000000 0.219440
328.000000 0.221471
329.000000 0.223742
330.000000 0.226360
331.000000 0.229037
332.000000 0.231837
333.000000 0.234153
334.000000 0.236093
335.000000 0.238587
336.000000 0.241748
337.000000 0.244716
338.000000 0.247372
339.000000 0.249880
340.000000 0.252289
341.000000 0.254828
342.000000 0.257165
343.000000 0.259484
344.000000 0.261987
345.000000 0.264320
346.000000 0.266372
347.000000 0.268032
348.000000 0.269301
349.000000 0.270340
350.000000 0.271162
351.000000 0.271732
352.000000 0.272192
353.000000 0.272444
354.000000 0.272330
355.000000 0.272220
356.000000 0.272018
357.000000 0.271507
358.000000 0.270797
359.000000 0.269839
360.000000 0.268802
361.000000 0.267732
362.000000 0.266723
363.000000 0.265640
364.000000 0.264385
365.000000 0.263251
366.000000 0.262007
367.000000 0.260488
368.000000 0.258893
369.000000 0.257153
370.000000 0.255282
371.000000 0.253210
372.000000 0.251182
373.000000 0.249233
374.000000 0.246895
375.000000 0.244334
376.000000 0.242031
377.000000 0.239741
378.000000 0.237175
379.000000 0.234361
380.000000 0.231344
381.000000 0.228710
382.000000 0.226860
383.000000 0.225265
384.000000 0.223845
385.000000 0.222595
386.000000 0.221119
387.000000 0.220039
388.000000 0.218951
389.000000 0.217890
390.000000 0.217426
391.000000 0.217061
392.000000 0.216863
393.000000 0.216924
394.000000 0.217156
395.000000 0.217736
396.000000 0.218368
397.000000 0.218883
398.000000 0.219619
399.000000 0.220451
400.000000 0.221586
401.000000 0.222968
402.000000 0.224270
403.000000 0.225627
404.000000 0.226687
405.000000 0.227618
406.000000 0.228735
407.000000 0.229813
408.000000 0.230759
409.000000 0.231630
410.000000 0.232051
411.000000 0.232492
412.000000 0.233278
413.000000 0.233790
414.000000 0.234372
415.000000 0.235063
416.000000 0.235730
417.000000 0.236520
418.000000 0.237476
419.000000 0.238767
420.000000 0.240158
421.000000 0.241441
422.000000 0.242923
423.000000 0.244728
424.000000 0.246760
425.000000 0.248872
426.000000 0.251207
427.000000 0.253820
428.000000 0.256467
429.000000 0.259127
430.000000 0.261550
431.000000 0.263653
432.000000 0.265503
433.000000 0.266864
434.000000 0.267721
435.000000 0.268009
436.000000 0.267788
437.000000 0.267162
438.000000 0.266035
439.000000 0.264530
440.000000 0.262405
441.000000 0.259792
442.000000 0.256870
443.000000 0.253362
444.000000 0.249437
445.000000 0.245307
446.000000 0.240636
447.000000 0.235580
448.000000 0.230294
449.000000 0.224684
450.000000 0.219104
451.000000 0.213261
452.000000 0.207109
453.000000 0.201256
454.000000 0.195297
455.000000 0.189230
456.000000 0.183117
457.000000 0.176855
458.000000 0.170948
459.000000 0.165052
460.000000 0.159319
461.000000 0.153864
462.000000 0.148311
463.000000 0.142897
464.000000 0.137534
465.000000 0.132227
466.000000 0.127367
467.000000 0.122610
468.000000 0.117906
469.000000 0.113361
470.000000 0.108930
471.000000 0.104832
472.000000 0.100839
473.000000 0.096954
474.000000 0.093150
475.000000 0.089464
476.000000 0.086102
477.000000 0.082994
478.000000 0.080040
479.000000 0.077108
480.000000 0.074327
481.000000 0.071673
482.000000 0.069220
483.000000 0.067062
484.000000 0.064950
485.000000 0.062917
486.000000 0.060969
487.000000 0.059142
488.000000 0.057522
489.000000 0.055956
490.000000 0.054674
491.000000 0.053427
492.000000 0.052032
493.000000 0.050541
494.000000 0.049123
495.000000 0.048185
496.000000 0.047467
497.000000 0.047259
498.000000 0.047090
499.000000 0.046316
500.000000 0.045666
501.000000 0.045202
502.000000 0.044736
503.000000 0.044334
504.000000 0.044073
505.000000 0.044005
506.000000 0.043724
507.000000 0.043209
508.000000 0.042908
509.000000 0.042949
510.000000 0.042931
511.000000 0.042718
512.000000 0.042922
513.000000 0.043434
514.000000 0.043754
515.000000 0.043916
516.000000 0.044142
517.000000 0.044251
518.000000 0.044467
519.000000 0.044940
520.000000 0.045196
521.000000 0.045311
522.000000 0.045475
523.000000 0.045711
524.000000 0.045859
525.000000 0.045750
526.000000 0.045743
527.000000 0.045981
528.000000 0.046153
529.000000 0.046180
530.000000 0.046055
531.000000 0.046093
532.000000 0.046260
533.000000 0.046332
534.000000 0.046588
535.000000 0.046922
536.000000 0.047060
537.000000 0.047286
538.000000 0.047924
539.000000 0.048503
540.000000 0.048915
541.000000 0.049676
542.000000 0.050488
543.000000 0.051477
544.000000 0.052903
545.000000 0.054529
546.000000 0.056009
547.000000 0.057333
548.000000 0.058906
549.000000 0.060414
550.000000 0.061719
551.000000 0.062951
552.000000 0.064310
553.000000 0.065827
554.000000 0.067176
555.000000 0.068542
556.000000 0.069860
557.000000 0.071054
558.000000 0.072110
559.000000 0.073007
560.000000 0.073776
561.000000 0.074446
562.000000 0.075251
563.000000 0.075783
564.000000 0.075983
565.000000 0.076263
566.000000 0.076666
567.000000 0.076860
568.000000 0.076749
569.000000 0.076605
570.000000 0.076449
571.000000 0.076239
572.000000 0.076169
573.000000 0.076307
574.000000 0.076599
575.000000 0.076988
576.000000 0.077375
577.000000 0.077754
578.000000 0.078270
579.000000 0.078893
580.000000 0.079572
581.000000 0.080603
582.000000 0.081875
583.000000 0.083195
584.000000 0.084491
585.000000 0.085983
586.000000 0.087679
587.000000 0.089427
588.000000 0.091442
589.000000 0.093452
590.000000 0.095330
591.000000 0.097490
592.000000 0.099681
593.000000 0.101785
594.000000 0.103864
595.000000 0.106059
596.000000 0.108495
597.000000 0.110875
598.000000 0.113259
599.000000 0.115768
600.000000 0.118362
601.000000 0.121016
602.000000 0.123586
603.000000 0.126069
604.000000 0.128792
605.000000 0.131576
606.000000 0.134476
607.000000 0.137553
608.000000 0.140492
609.000000 0.143453
610.000000 0.146703
611.000000 0.150119
612.000000 0.153777
613.000000 0.157471
614.000000 0.161328
615.000000 0.165661
616.000000 0.169972
617.000000 0.174448
618.000000 0.179354
619.000000 0.184462
620.000000 0.189924
621.000000 0.195842
622.000000 0.201873
623.000000 0.208186
624.000000 0.215119
625.000000 0.222257
626.000000 0.229685
627.000000 0.237800
628.000000 0.246007
629.000000 0.254417
630.000000 0.263508
631.000000 0.273009
632.000000 0.282479
633.000000 0.292214
634.000000 0.302589
635.000000 0.312898
636.000000 0.323292
637.000000 0.334170
638.000000 0.344895
639.000000 0.355501
640.000000 0.366417
641.000000 0.377378
642.000000 0.387587
643.000000 0.397465
644.000000 0.407670
645.000000 0.417342
646.000000 0.426598
647.000000 0.435840
648.000000 0.444859
649.000000 0.453295
650.000000 0.461213
651.000000 0.468881
652.000000 0.476166
653.000000 0.482850
654.000000 0.489079
655.000000 0.495067
656.000000 0.500794
657.000000 0.506076
658.000000 0.511044
659.000000 0.515997
660.000000 0.520823
661.000000 0.525373
662.000000 0.529883
663.000000 0.534707
664.000000 0.539747
665.000000 0.544763
666.000000 0.549898
667.000000 0.555523
668.000000 0.561719
669.000000 0.568201
670.000000 0.575106
671.000000 0.582904
672.000000 0.591514
673.000000 0.600959
674.000000 0.610655
675.000000 0.621109
676.000000 0.633187
677.000000 0.646547
678.000000 0.661062
679.000000 0.676049
680.000000 0.692003
681.000000 0.709658
682.000000 0.728694
683.000000 0.749155
684.000000 0.770165
685.000000 0.792066
686.000000 0.815836
687.000000 0.840990
688.000000 0.867118
689.000000 0.893885
690.000000 0.920545
691.000000 0.947730
692.000000 0.976428
693.000000 1.005936
694.000000 1.035808
695.000000 1.065780
696.000000 1.094510
697.000000 1.122433
698.000000 1.150810
699.000000 1.178816
700.000000 1.206056
701.000000 1.232139
702.000000 1.255878
703.000000 1.277528
704.000000 1.298250
705.000000 1.317325
706.000000 1.333992
707.000000 1.348124
708.000000 1.359824
709.000000 1.368826
710.000000 1.374919
711.000000 1.378085
712.000000 1.378474
713.000000 1.376103
714.000000 1.370710
715.000000 1.362428
716.000000 1.351391
717.000000 1.337554
718.000000 1.321125
719.000000 1.303042
720.000000 1.282976
721.000000 1.260249
722.000000 1.235284
723.000000 1.208725
724.000000 1.180859
725.000000 1.151994
726.000000 1.122553
727.000000 1.092297
728.000000 1.060947
729.000000 1.028870
730.000000 0.996424
731.000000 0.965816
732.000000 0.935865
733.000000 0.904461
734.000000 0.872727
735.000000 0.841135
736.000000 0.809839
737.000000 0.779012
738.000000 0.748612
739.000000 0.718601
740.000000 0.689225
741.000000 0.660541
742.000000 0.632686
743.000000 0.605600
744.000000 0.579311
745.000000 0.553742
746.000000 0.528802
747.000000 0.504567
748.000000 0.481030
749.000000 0.458217
750.000000 0.436318
751.000000 0.415193
752.000000 0.394899
753.000000 0.375218
754.000000 0.356015
755.000000 0.337580
756.000000 0.319950
757.000000 0.303141
758.000000 0.286914
759.000000 0.271160
760.000000 0.255994
761.000000 0.241436
762.000000 0.227491
763.000000 0.214212
764.000000 0.201497
765.000000 0.189167
766.000000 0.177329
767.000000 0.166143
768.000000 0.155597
769.000000 0.145600
770.000000 0.136096
771.000000 0.127087
772.000000 0.118581
773.000000 0.110597
774.000000 0.103070
775.000000 0.095916
776.000000 0.088717
777.000000 0.081831
778.000000 0.075766
779.000000 0.070206
780.000000 0.065024
781.000000 0.060216
782.000000 0.055726
783.000000 0.051512
784.000000 0.047560
785.000000 0.043851
786.000000 0.040441
787.000000 0.037323
788.000000 0.034331
789.000000 0.031515
790.000000 0.029022
791.000000 0.026741
792.000000 0.024661
793.000000 0.022794
794.000000 0.021056
795.000000 0.019451
796.000000 0.017973
797.000000 0.016591
798.000000 0.015347
799.000000 0.014236
800.000000 0.013161
801.000000 0.012200
802.000000 0.011387
803.000000 0.010603
804.000000 0.009844
805.000000 0.009152
806.000000 0.008547
807.000000 0.008052
808.000000 0.007558
809.000000 0.007066
810.000000 0.006633
811.000000 0.006246
812.000000 0.005911
813.000000 0.005593
814.000000 0.005330
815.000000 0.005109
816.000000 0.004876
817.000000 0.004631
818.000000 0.004445
819.000000 0.004306
820.000000 0.004151
821.000000 0.003991
822.000000 0.003858
823.000000 0.003739
824.000000 0.003587
825.000000 0.003457
826.000000 0.003321
827.000000 0.003168
828.000000 0.003050
829.000000 0.003006
830.000000 0.002950
831.000000 0.002837
832.000000 0.002730
833.000000 0.002638
834.000000 0.002550
835.000000 0.002434
836.000000 0.002349
837.000000 0.002312
838.000000 0.002235
839.000000 0.002139
840.000000 0.002086
841.000000 0.002055
842.000000 0.002008
843.000000 0.001912
844.000000 0.001820
845.000000 0.001765
846.000000 0.001722
847.000000 0.001668
848.000000 0.001622
849.000000 0.001579
850.000000 0.001531
851.000000 0.001513
852.000000 0.001515
853.000000 0.001527
854.000000 0.001496
855.000000 0.001443
856.000000 0.001366
857.000000 0.001307
858.000000 0.001287
859.000000 0.001250
860.000000 0.001240
861.000000 0.001240
862.000000 0.001224
863.000000 0.001233
864.000000 0.001235
865.000000 0.001173
866.000000 0.001098
867.000000 0.001060
868.000000 0.001039
869.000000 0.001005
870.000000 0.000970
871.000000 0.000937
872.000000 0.000899
873.000000 0.000867
874.000000 0.000846
875.000000 0.000853
876.000000 0.000866
877.000000 0.000870
878.000000 0.000891
879.000000 0.000878
880.000000 0.000845
881.000000 0.000845
882.000000 0.000858
883.000000 0.000830
884.000000 0.000786
885.000000 0.000780
886.000000 0.000769
887.000000 0.000743
888.000000 0.000717
889.000000 0.000708
890.000000 0.000674
891.000000 0.000635
892.000000 0.000641
893.000000 0.000635
894.000000 0.000611
895.000000 0.000586
896.000000 0.000575
897.000000 0.000586
898.000000 0.000582
899.000000 0.000570
900.000000 0.000593
