315.000000 0.215424
316.000000 0.217565
317.000000 0.219984
318.000000 0.222088
319.000000 0.224296
320.000000 0.226595
321.000000 0.228922
322.000000 0.231050
323.000000 0.233196
324.000000 0.235539
325.000000 0.237224
326.000000 0.239047
327.000000 0.241576
328.000000 0.243572
329.000000 0.245726
330.000000 0.248468
331.000000 0.251056
332.000000 0.253476
333.000000 0.255731
334.000000 0.257802
335.000000 0.260137
336.000000 0.263183
337.000000 0.266118
338.000000 0.268077
339.000000 0.269782
340.000000 0.271375
341.000000 0.273073
342.000000 0.274882
343.000000 0.276487
344.000000 0.278352
345.000000 0.280105
346.000000 0.281340
347.000000 0.282250
348.000000 0.282735
349.000000 0.282962
350.000000 0.283066
351.000000 0.282815
352.000000 0.282463
353.000000 0.281988
354.000000 0.281230
355.000000 0.280391
356.000000 0.279504
357.000000 0.278346
358.000000 0.276985
359.000000 0.275668
360.000000 0.274424
361.000000 0.273166
362.000000 0.272044
363.000000 0.270956
364.000000 0.269833
365.000000 0.268841
366.000000 0.267664
367.000000 0.266319
368.000000 0.265072
369.000000 0.263785
370.000000 0.262556
371.000000 0.261381
372.000000 0.260144
373.000000 0.258782
374.000000 0.257286
375.000000 0.255582
376.000000 0.254064
377.000000 0.252889
378.000000 0.251388
379.000000 0.249302
380.000000 0.247342
381.000000 0.246104
382.000000 0.245246
383.000000 0.244633
384.000000 0.244182
385.000000 0.243680
386.000000 0.242900
387.000000 0.242339
388.000000 0.241990
389.000000 0.241783
390.000000 0.242050
391.000000 0.242405
392.000000 0.242663
393.000000 0.243146
394.000000 0.243929
395.000000 0.244959
396.000000 0.246028
397.000000 0.247031
398.000000 0.248497
399.000000 0.249880
400.000000 0.251122
401.000000 0.252758
402.000000 0.254378
403.000000 0.255944
404.000000 0.257290
405.000000 0.258625
406.000000 0.260142
407.000000 0.261566
408.000000 0.262955
409.000000 0.264347
410.000000 0.265559
411.000000 0.266894
412.000000 0.268349
413.000000 0.269393
414.000000 0.270195
415.000000 0.271089
416.000000 0.272031
417.000000 0.273022
418.000000 0.274141
419.000000 0.275644
420.000000 0.277387
421.000000 0.279063
422.000000 0.280699
423.000000 0.282161
424.000000 0.283809
425.000000 0.285524
426.000000 0.286981
427.000000 0.288399
428.000000 0.289903
429.000000 0.291206
430.000000 0.292058
431.000000 0.292560
432.000000 0.292560
433.000000 0.291962
434.000000 0.290970
435.000000 0.289393
436.000000 0.287384
437.000000 0.285011
438.000000 0.282252
439.000000 0.279352
440.000000 0.275998
441.000000 0.272365
442.000000 0.268729
443.000000 0.264712
444.000000 0.260363
445.000000 0.255963
446.000000 0.251256
447.000000 0.246345
448.000000 0.241175
449.000000 0.235763
450.000000 0.230517
451.000000 0.225091
452.000000 0.219509
453.000000 0.214186
454.000000 0.208736
455.000000 0.203265
456.000000 0.197839
457.000000 0.192321
458.000000 0.187158
459.000000 0.182031
460.000000 0.177084
461.000000 0.172381
462.000000 0.167553
463.000000 0.162882
464.000000 0.158314
465.000000 0.153851
466.000000 0.149770
467.000000 0.145833
468.000000 0.141947
469.000000 0.138099
470.000000 0.134370
471.000000 0.130964
472.000000 0.127599
473.000000 0.124406
474.000000 0.121372
475.000000 0.118426
476.000000 0.115780
477.000000 0.113349
478.000000 0.111096
479.000000 0.108900
480.000000 0.106800
481.000000 0.104839
482.000000 0.103096
483.000000 0.101529
484.000000 0.100022
485.000000 0.098731
486.000000 0.097580
487.000000 0.096543
488.000000 0.095635
489.000000 0.094569
490.000000 0.093961
491.000000 0.093825
492.000000 0.093661
493.000000 0.093226
494.000000 0.092813
495.000000 0.092955
496.000000 0.093075
497.000000 0.093264
498.000000 0.093533
499.000000 0.093634
500.000000 0.094120
501.000000 0.095228
502.000000 0.096273
503.000000 0.097388
504.000000 0.098861
505.000000 0.100474
506.000000 0.102016
507.000000 0.103490
508.000000 0.105177
509.000000 0.107057
510.000000 0.108771
511.000000 0.110506
512.000000 0.112689
513.000000 0.114960
514.000000 0.117193
515.000000 0.119357
516.000000 0.121592
517.000000 0.123728
518.000000 0.125647
519.000000 0.127523
520.000000 0.129357
521.000000 0.131338
522.000000 0.133247
523.000000 0.134830
524.000000 0.135988
525.000000 0.136846
526.000000 0.137900
527.000000 0.139057
528.000000 0.139918
529.000000 0.140254
530.000000 0.140341
531.000000 0.140538
532.000000 0.140944
533.000000 0.141699
534.000000 0.142572
535.000000 0.143328
536.000000 0.144114
537.000000 0.145213
538.000000 0.146750
539.000000 0.148246
540.000000 0.150005
541.000000 0.152815
542.000000 0.156014
543.000000 0.159463
544.000000 0.163308
545.000000 0.167796
546.000000 0.172718
547.000000 0.177866
548.000000 0.183529
549.000000 0.189289
550.000000 0.195093
551.000000 0.200865
552.000000 0.206476
553.000000 0.211780
554.000000 0.216816
555.000000 0.221732
556.000000 0.226155
557.000000 0.229895
558.000000 0.232836
559.000000 0.234783
560.000000 0.235932
561.000000 0.236186
562.000000 0.235676
563.000000 0.234265
564.000000 0.231775
565.000000 0.228688
566.000000 0.225010
567.000000 0.220210
568.000000 0.214555
569.000000 0.208451
570.000000 0.201975
571.000000 0.195033
572.000000 0.187973
573.000000 0.180974
574.000000 0.173802
575.000000 0.166975
576.000000 0.160349
577.000000 0.153965
578.000000 0.147874
579.000000 0.142121
580.000000 0.136840
581.000000 0.131776
582.000000 0.127269
583.000000 0.123318
584.000000 0.119735
585.000000 0.116498
586.000000 0.113556
587.000000 0.111184
588.000000 0.109307
589.000000 0.107565
590.000000 0.106000
591.000000 0.104603
592.000000 0.103503
593.000000 0.102750
594.000000 0.102127
595.000000 0.101726
596.000000 0.101477
597.000000 0.101314
598.000000 0.101363
599.000000 0.101450
600.000000 0.101685
601.000000 0.102121
602.000000 0.102584
603.000000 0.103108
604.000000 0.103709
605.000000 0.104350
606.000000 0.105151
607.000000 0.106063
608.000000 0.107020
609.000000 0.108116
610.000000 0.109280
611.000000 0.110555
612.000000 0.112107
613.000000 0.113837
614.000000 0.115717
615.000000 0.117782
616.000000 0.119863
617.000000 0.122048
618.000000 0.124515
619.000000 0.127146
620.000000 0.129995
621.000000 0.133114
622.000000 0.136328
623.000000 0.139815
624.000000 0.143686
625.000000 0.147661
626.000000 0.151791
627.000000 0.156344
628.000000 0.160995
629.000000 0.165778
630.000000 0.170940
631.000000 0.176356
632.000000 0.181791
633.000000 0.187396
634.000000 0.193305
635.000000 0.199116
636.000000 0.205028
637.000000 0.211211
638.000000 0.217287
639.000000 0.223332
640.000000 0.229591
641.000000 0.235863
642.000000 0.241689
643.000000 0.247244
644.000000 0.252901
645.000000 0.258282
646.000000 0.263472
647.000000 0.268669
648.000000 0.273702
649.000000 0.278350
650.000000 0.282665
651.000000 0.286881
652.000000 0.290957
653.000000 0.294684
654.000000 0.298088
655.000000 0.301424
656.000000 0.304631
657.000000 0.307551
658.000000 0.310336
659.000000 0.313147
660.000000 0.315942
661.000000 0.318629
662.000000 0.321292
663.000000 0.324155
664.000000 0.327232
665.000000 0.330326
666.000000 0.333504
667.000000 0.337024
668.000000 0.340893
669.000000 0.344891
670.000000 0.349156
671.000000 0.354009
672.000000 0.359388
673.000000 0.365276
674.000000 0.371379
675.000000 0.377956
676.000000 0.385473
677.000000 0.393780
678.000000 0.402758
679.000000 0.411980
680.000000 0.421752
681.000000 0.432563
682.000000 0.444255
683.000000 0.456749
684.000000 0.469510
685.000000 0.482849
686.000000 0.497279
687.000000 0.512436
688.000000 0.528097
689.000000 0.544187
690.000000 0.560125
691.000000 0.576217
692.000000 0.593144
693.000000 0.610436
694.000000 0.627813
695.000000 0.645189
696.000000 0.661785
697.000000 0.677774
698.000000 0.693908
699.000000 0.709714
700.000000 0.724924
701.000000 0.739259
702.000000 0.752129
703.000000 0.763772
704.000000 0.774688
705.000000 0.784470
706.000000 0.792838
707.000000 0.799719
708.000000 0.805164
709.000000 0.809023
710.000000 0.811153
711.000000 0.811650
712.000000 0.810599
713.000000 0.807878
714.000000 0.803464
715.000000 0.797445
716.000000 0.789854
717.000000 0.780719
718.000000 0.770170
719.000000 0.758849
720.000000 0.746553
721.000000 0.732848
722.000000 0.718022
723.000000 0.702422
724.000000 0.686084
725.000000 0.669111
726.000000 0.651835
727.000000 0.634155
728.000000 0.615957
729.000000 0.597455
730.000000 0.578804
731.000000 0.561211
732.000000 0.543977
733.000000 0.525996
734.000000 0.507892
735.000000 0.489735
736.000000 0.471692
737.000000 0.453955
738.000000 0.436482
739.000000 0.419204
740.000000 0.402274
741.000000 0.385756
742.000000 0.369728
743.000000 0.354161
744.000000 0.339039
745.000000 0.324190
746.000000 0.309631
747.000000 0.295516
748.000000 0.281828
749.000000 0.268612
750.000000 0.255885
751.000000 0.243592
752.000000 0.231789
753.000000 0.220299
754.000000 0.209097
755.000000 0.198330
756.000000 0.188004
757.000000 0.178175
758.000000 0.168719
759.000000 0.159583
760.000000 0.150763
761.000000 0.142297
762.000000 0.134230
763.000000 0.126526
764.000000 0.119150
765.000000 0.111995
766.000000 0.105087
767.000000 0.098572
768.000000 0.092492
769.000000 0.086776
770.000000 0.081308
771.000000 0.076064
772.000000 0.071141
773.000000 0.066563
774.000000 0.062239
775.000000 0.058115
776.000000 0.054057
777.000000 0.050214
778.000000 0.046809
779.000000 0.043679
780.000000 0.040764
781.000000 0.038100
782.000000 0.035645
783.000000 0.033351
784.000000 0.031154
785.000000 0.029095
786.000000 0.027268
787.000000 0.025601
788.000000 0.023998
789.000000 0.022492
790.000000 0.021132
791.000000 0.019906
792.000000 0.018828
793.000000 0.017858
794.000000 0.016928
795.000000 0.016072
796.000000 0.015354
797.000000 0.014731
798.000000 0.014148
799.000000 0.013626
800.000000 0.013088
801.000000 0.012601
802.000000 0.012196
803.000000 0.011787
804.000000 0.011479
805.000000 0.011232
806.000000 0.010915
807.000000 0.010612
808.000000 0.010370
809.000000 0.010141
810.000000 0.009925
811.000000 0.009739
812.000000 0.009597
813.000000 0.009468
814.000000 0.009391
815.000000 0.009322
816.000000 0.009203
817.000000 0.009054
818.000000 0.008948
819.000000 0.008867
820.000000 0.008740
821.000000 0.008642
822.000000 0.008553
823.000000 0.008439
824.000000 0.008295
825.000000 0.008162
826.000000 0.008034
827.000000 0.007848
828.000000 0.007670
829.000000 0.007530
830.000000 0.007396
831.000000 0.007275
832.000000 0.007152
833.000000 0.007020
834.000000 0.006852
835.000000 0.006640
836.000000 0.006465
837.000000 0.006311
838.000000 0.006119
839.000000 0.005956
840.000000 0.005809
841.000000 0.005685
842.000000 0.005575
843.000000 0.005400
844.000000 0.005228
845.000000 0.005097
846.000000 0.004972
847.000000 0.004856
848.000000 0.004744
849.000000 0.004602
850.000000 0.004479
851.000000 0.004393
852.000000 0.004315
853.000000 0.004238
854.000000 0.004113
855.000000 0.003995
856.000000 0.003885
857.000000 0.003759
858.000000 0.003662
859.000000 0.003567
860.000000 0.003465
861.000000 0.003364
862.000000 0.003259
863.000000 0.003179
864.000000 0.003083
865.000000 0.002987
866.000000 0.002927
867.000000 0.002866
868.000000 0.002812
869.000000 0.002751
870.000000 0.002672
871.000000 0.002605
872.000000 0.002534
873.000000 0.002453
874.000000 0.002366
875.000000 0.002308
876.000000 0.002277
877.000000 0.002249
878.000000 0.002228
879.000000 0.002190
880.000000 0.002152
881.000000 0.002104
882.000000 0.002053
883.000000 0.001996
884.000000 0.001937
885.000000 0.001900
886.000000 0.001859
887.000000 0.001798
888.000000 0.001754
889.000000 0.001721
890.000000 0.001642
891.000000 0.001585
892.000000 0.001601
893.000000 0.001624
894.000000 0.001637
895.000000 0.001643
896.000000 0.001633
897.000000 0.001624
898.000000 0.001603
899.000000 0.001570
900.000000 0.001579
