315.000000 0.215713
316.000000 0.218247
317.000000 0.220999
318.000000 0.222926
319.000000 0.224428
320.000000 0.226003
321.000000 0.228243
322.000000 0.230740
323.000000 0.233251
324.000000 0.235454
325.000000 0.237078
326.000000 0.239159
327.000000 0.241698
328.000000 0.243601
329.000000 0.245526
330.000000 0.247964
331.000000 0.250761
332.000000 0.253290
333.000000 0.255457
334.000000 0.257923
335.000000 0.260393
336.000000 0.262917
337.000000 0.265473
338.000000 0.267410
339.000000 0.269233
340.000000 0.270982
341.000000 0.272818
342.000000 0.274621
343.000000 0.276190
344.000000 0.278001
345.000000 0.279661
346.000000 0.280964
347.000000 0.281852
348.000000 0.282302
349.000000 0.282593
350.000000 0.282885
351.000000 0.283195
352.000000 0.283099
353.000000 0.282501
354.000000 0.281777
355.000000 0.281039
356.000000 0.280149
357.000000 0.279044
358.000000 0.277857
359.000000 0.276794
360.000000 0.275723
361.000000 0.274437
362.000000 0.273254
363.000000 0.271998
364.000000 0.270628
365.000000 0.269397
366.000000 0.268178
367.000000 0.266906
368.000000 0.265620
369.000000 0.264285
370.000000 0.262726
371.000000 0.261155
372.000000 0.259751
373.000000 0.258338
374.000000 0.256752
375.000000 0.254813
376.000000 0.253272
377.000000 0.251993
378.000000 0.250393
379.000000 0.248631
380.000000 0.246350
381.000000 0.244416
382.000000 0.243529
383.000000 0.242632
384.000000 0.241659
385.000000 0.241204
386.000000 0.240751
387.000000 0.240518
388.000000 0.240420
389.000000 0.240299
390.000000 0.240381
391.000000 0.240567
392.000000 0.240989
393.000000 0.241622
394.000000 0.242433
395.000000 0.243541
396.000000 0.244543
397.000000 0.245375
398.000000 0.246649
399.000000 0.247853
400.000000 0.249136
401.000000 0.250866
402.000000 0.252411
403.000000 0.253920
404.000000 0.255353
405.000000 0.256744
406.000000 0.258152
407.000000 0.259442
408.000000 0.260767
409.000000 0.262052
410.000000 0.262694
411.000000 0.263379
412.000000 0.264687
413.000000 0.265707
414.000000 0.266585
415.000000 0.267654
416.000000 0.268752
417.000000 0.269722
418.000000 0.270912
419.000000 0.272559
420.000000 0.274374
421.000000 0.275904
422.000000 0.277239
423.000000 0.278739
424.000000 0.280406
425.000000 0.282048
426.000000 0.283669
427.000000 0.285260
428.000000 0.286833
429.000000 0.288210
430.000000 0.289194
431.000000 0.289816
432.000000 0.289987
433.000000 0.289608
434.000000 0.288777
435.000000 0.287492
436.000000 0.285826
437.000000 0.283677
438.000000 0.280991
439.000000 0.278105
440.000000 0.274831
441.000000 0.271372
442.000000 0.267875
443.000000 0.263947
444.000000 0.259705
445.000000 0.255385
446.000000 0.250649
447.000000 0.245680
448.000000 0.240556
449.000000 0.235160
450.000000 0.229820
451.000000 0.224321
452.000000 0.218676
453.000000 0.213236
454.000000 0.207696
455.000000 0.202207
456.000000 0.196725
457.000000 0.191102
458.000000 0.185788
459.000000 0.180510
460.000000 0.175420
461.000000 0.170615
462.000000 0.165761
463.000000 0.161055
464.000000 0.156404
465.000000 0.151819
466.000000 0.147607
467.000000 0.143501
468.000000 0.139422
469.000000 0.135491
470.000000 0.131800
471.000000 0.128328
472.000000 0.124855
473.000000 0.121545
474.000000 0.118407
475.000000 0.115389
476.000000 0.112600
477.000000 0.109951
478.000000 0.107491
479.000000 0.105118
480.000000 0.102944
481.000000 0.100957
482.000000 0.099097
483.000000 0.097459
484.000000 0.095874
485.000000 0.094433
486.000000 0.093127
487.000000 0.091946
488.000000 0.090969
489.000000 0.089908
490.000000 0.089132
491.000000 0.088579
492.000000 0.087924
493.000000 0.087263
494.000000 0.086721
495.000000 0.086763
496.000000 0.087045
497.000000 0.087203
498.000000 0.087493
499.000000 0.087912
500.000000 0.088335
501.000000 0.089027
502.000000 0.089771
503.000000 0.090791
504.000000 0.092216
505.000000 0.093414
506.000000 0.094512
507.000000 0.095743
508.000000 0.097152
509.000000 0.098856
510.000000 0.100590
511.000000 0.102305
512.000000 0.104317
513.000000 0.106277
514.000000 0.108334
515.000000 0.110538
516.000000 0.112460
517.000000 0.114250
518.000000 0.116136
519.000000 0.118184
520.000000 0.120105
521.000000 0.121827
522.000000 0.123417
523.000000 0.124684
524.000000 0.125645
525.000000 0.126422
526.000000 0.127353
527.000000 0.128429
528.000000 0.129257
529.000000 0.129706
530.000000 0.130137
531.000000 0.130463
532.000000 0.130699
533.000000 0.131035
534.000000 0.131581
535.000000 0.132428
536.000000 0.133089
537.000000 0.133917
538.000000 0.135386
539.000000 0.136912
540.000000 0.138550
541.000000 0.140869
542.000000 0.143487
543.000000 0.146864
544.000000 0.150662
545.000000 0.154844
546.000000 0.159529
547.000000 0.164294
548.000000 0.169368
549.000000 0.174494
550.000000 0.179667
551.000000 0.185008
552.000000 0.190395
553.000000 0.195481
554.000000 0.199955
555.000000 0.204246
556.000000 0.208298
557.000000 0.211699
558.000000 0.214522
559.000000 0.216365
560.000000 0.217447
561.000000 0.217778
562.000000 0.217366
563.000000 0.216127
564.000000 0.213996
565.000000 0.211383
566.000000 0.208049
567.000000 0.203774
568.000000 0.198960
569.000000 0.193544
570.000000 0.187750
571.000000 0.181571
572.000000 0.175228
573.000000 0.169059
574.000000 0.162684
575.000000 0.156493
576.000000 0.150496
577.000000 0.144828
578.000000 0.139498
579.000000 0.134311
580.000000 0.129572
581.000000 0.125173
582.000000 0.121313
583.000000 0.117879
584.000000 0.114804
585.000000 0.112208
586.000000 0.109688
587.000000 0.107490
588.000000 0.105815
589.000000 0.104396
590.000000 0.103217
591.000000 0.102311
592.000000 0.101661
593.000000 0.101100
594.000000 0.100693
595.000000 0.100529
596.000000 0.100470
597.000000 0.100543
598.000000 0.100749
599.000000 0.101048
600.000000 0.101431
601.000000 0.101941
602.000000 0.102573
603.000000 0.103313
604.000000 0.104177
605.000000 0.105069
606.000000 0.106109
607.000000 0.107152
608.000000 0.108222
609.000000 0.109486
610.000000 0.110803
611.000000 0.112229
612.000000 0.113924
613.000000 0.115722
614.000000 0.117641
615.000000 0.119854
616.000000 0.122021
617.000000 0.124273
618.000000 0.126972
619.000000 0.129935
620.000000 0.133098
621.000000 0.136473
622.000000 0.139953
623.000000 0.143628
624.000000 0.147624
625.000000 0.151803
626.000000 0.156177
627.000000 0.160949
628.000000 0.165805
629.000000 0.170810
630.000000 0.176216
631.000000 0.181890
632.000000 0.187604
633.000000 0.193480
634.000000 0.199740
635.000000 0.205897
636.000000 0.212066
637.000000 0.218477
638.000000 0.224766
639.000000 0.231101
640.000000 0.237640
641.000000 0.244124
642.000000 0.250205
643.000000 0.256070
644.000000 0.262028
645.000000 0.267662
646.000000 0.273034
647.000000 0.278450
648.000000 0.283725
649.000000 0.288595
650.000000 0.293196
651.000000 0.297684
652.000000 0.301978
653.000000 0.305878
654.000000 0.309452
655.000000 0.312889
656.000000 0.316205
657.000000 0.319278
658.000000 0.322192
659.000000 0.325135
660.000000 0.328071
661.000000 0.330904
662.000000 0.333708
663.000000 0.336743
664.000000 0.339991
665.000000 0.343222
666.000000 0.346470
667.000000 0.350059
668.000000 0.354034
669.000000 0.358195
670.000000 0.362687
671.000000 0.367784
672.000000 0.373426
673.000000 0.379569
674.000000 0.385888
675.000000 0.392679
676.000000 0.400495
677.000000 0.409142
678.000000 0.418458
679.000000 0.428017
680.000000 0.438148
681.000000 0.449374
682.000000 0.461525
683.000000 0.474567
684.000000 0.487902
685.000000 0.501757
686.000000 0.516743
687.000000 0.532537
688.000000 0.548873
689.000000 0.565657
690.000000 0.582283
691.000000 0.599033
692.000000 0.616608
693.000000 0.634628
694.000000 0.652784
695.000000 0.670959
696.000000 0.688245
697.000000 0.704873
698.000000 0.721731
699.000000 0.738228
700.000000 0.754046
701.000000 0.768985
702.000000 0.782451
703.000000 0.794656
704.000000 0.806106
705.000000 0.816457
706.000000 0.825313
707.000000 0.832500
708.000000 0.838218
709.000000 0.842250
710.000000 0.844504
711.000000 0.845068
712.000000 0.843989
713.000000 0.841242
714.000000 0.836734
715.000000 0.830511
716.000000 0.822624
717.000000 0.813117
718.000000 0.802136
719.000000 0.790400
720.000000 0.777710
721.000000 0.763499
722.000000 0.748072
723.000000 0.731710
724.000000 0.714536
725.000000 0.696827
726.000000 0.678814
727.000000 0.660362
728.000000 0.641456
729.000000 0.622221
730.000000 0.602815
731.000000 0.584515
732.000000 0.566576
733.000000 0.547793
734.000000 0.528855
735.000000 0.510051
736.000000 0.491367
737.000000 0.472850
738.000000 0.454584
739.000000 0.436574
740.000000 0.418998
741.000000 0.401863
742.000000 0.385118
743.000000 0.368828
744.000000 0.353034
745.000000 0.337578
746.000000 0.322441
747.000000 0.307779
748.000000 0.293606
749.000000 0.279866
750.000000 0.266604
751.000000 0.253833
752.000000 0.241465
753.000000 0.229389
754.000000 0.217677
755.000000 0.206433
756.000000 0.195695
757.000000 0.185417
758.000000 0.175489
759.000000 0.165936
760.000000 0.156753
761.000000 0.147921
762.000000 0.139469
763.000000 0.131429
764.000000 0.123742
765.000000 0.116270
766.000000 0.109075
767.000000 0.102344
768.000000 0.096072
769.000000 0.090125
770.000000 0.084446
771.000000 0.079039
772.000000 0.073910
773.000000 0.069076
774.000000 0.064557
775.000000 0.060318
776.000000 0.056070
777.000000 0.051982
778.000000 0.048404
779.000000 0.045188
780.000000 0.042171
781.000000 0.039390
782.000000 0.036846
783.000000 0.034393
784.000000 0.032010
785.000000 0.029809
786.000000 0.027851
787.000000 0.026113
788.000000 0.024405
789.000000 0.022765
790.000000 0.021335
791.000000 0.020032
792.000000 0.018917
793.000000 0.017915
794.000000 0.016935
795.000000 0.016069
796.000000 0.015297
797.000000 0.014579
798.000000 0.013920
799.000000 0.013329
800.000000 0.012767
801.000000 0.012288
802.000000 0.011883
803.000000 0.011449
804.000000 0.011061
805.000000 0.010745
806.000000 0.010430
807.000000 0.010142
808.000000 0.009919
809.000000 0.009684
810.000000 0.009434
811.000000 0.009252
812.000000 0.009117
813.000000 0.008940
814.000000 0.008844
815.000000 0.008784
816.000000 0.008632
817.000000 0.008474
818.000000 0.008344
819.000000 0.008226
820.000000 0.008114
821.000000 0.008037
822.000000 0.007986
823.000000 0.007865
824.000000 0.007680
825.000000 0.007527
826.000000 0.007377
827.000000 0.007223
828.000000 0.007120
829.000000 0.007064
830.000000 0.006976
831.000000 0.006825
832.000000 0.006640
833.000000 0.006453
834.000000 0.006302
835.000000 0.006117
836.000000 0.005918
837.000000 0.005820
838.000000 0.005692
839.000000 0.005565
840.000000 0.005454
841.000000 0.005324
842.000000 0.005197
843.000000 0.005021
844.000000 0.004849
845.000000 0.004718
846.000000 0.004602
847.000000 0.004469
848.000000 0.004344
849.000000 0.004237
850.000000 0.004160
851.000000 0.004104
852.000000 0.004019
853.000000 0.003926
854.000000 0.003826
855.000000 0.003688
856.000000 0.003532
857.000000 0.003422
858.000000 0.003338
859.000000 0.003257
860.000000 0.003180
861.000000 0.003078
862.000000 0.003005
863.000000 0.002988
864.000000 0.002942
865.000000 0.002836
866.000000 0.002738
867.000000 0.002685
868.000000 0.002648
869.000000 0.002592
870.000000 0.002522
871.000000 0.002453
872.000000 0.002364
873.000000 0.002289
874.000000 0.002224
875.000000 0.002183
876.000000 0.002179
877.000000 0.002148
878.000000 0.002098
879.000000 0.002042
880.000000 0.001994
881.000000 0.001952
882.000000 0.001917
883.000000 0.001866
884.000000 0.001815
885.000000 0.001784
886.000000 0.001758
887.000000 0.001746
888.000000 0.001725
889.000000 0.001691
890.000000 0.001617
891.000000 0.001538
892.000000 0.001511
893.000000 0.001500
894.000000 0.001502
895.000000 0.001504
896.000000 0.001484
897.000000 0.001476
898.000000 0.001480
899.000000 0.001458
900.000000 0.001461
