315.000000 0.102567
316.000000 0.103881
317.000000 0.105388
318.000000 0.107795
319.000000 0.109833
320.000000 0.111106
321.000000 0.113069
322.000000 0.115516
323.000000 0.116962
324.000000 0.118784
325.000000 0.120882
326.000000 0.123165
327.000000 0.125755
328.000000 0.127756
329.000000 0.129729
330.000000 0.132384
331.000000 0.135223
332.000000 0.137797
333.000000 0.140204
334.000000 0.142481
335.000000 0.144709
336.000000 0.147214
337.000000 0.150025
338.000000 0.153331
339.000000 0.156598
340.000000 0.159732
341.000000 0.163141
342.000000 0.166232
343.000000 0.168953
344.000000 0.172239
345.000000 0.175846
346.000000 0.178755
347.000000 0.181071
348.000000 0.183506
349.000000 0.185719
350.000000 0.187507
351.000000 0.189423
352.000000 0.191211
353.000000 0.192528
354.000000 0.193616
355.000000 0.194564
356.000000 0.195162
357.000000 0.195313
358.000000 0.194956
359.000000 0.194419
360.000000 0.193941
361.000000 0.193268
362.000000 0.192604
363.000000 0.191933
364.000000 0.191203
365.000000 0.190610
366.000000 0.189981
367.000000 0.189475
368.000000 0.189374
369.000000 0.189616
370.000000 0.190072
371.000000 0.190513
372.000000 0.191335
373.000000 0.192528
374.000000 0.193538
375.000000 0.195069
376.000000 0.196802
377.000000 0.198013
378.000000 0.199205
379.000000 0.200911
380.000000 0.202987
381.000000 0.204701
382.000000 0.205589
383.000000 0.205932
384.000000 0.206735
385.000000 0.207892
386.000000 0.208952
387.000000 0.210372
388.000000 0.211670
389.000000 0.212650
390.000000 0.213870
391.000000 0.215312
392.000000 0.216818
393.000000 0.218687
394.000000 0.220871
395.000000 0.222819
396.000000 0.224609
397.000000 0.226125
398.000000 0.227205
399.000000 0.227754
400.000000 0.227655
401.000000 0.226834
402.000000 0.225025
403.000000 0.222331
404.000000 0.219047
405.000000 0.215246
406.000000 0.211020
407.000000 0.206473
408.000000 0.201627
409.000000 0.196873
410.000000 0.192506
411.000000 0.188235
412.000000 0.184203
413.000000 0.180455
414.000000 0.176686
415.000000 0.173188
416.000000 0.170054
417.000000 0.166862
418.000000 0.163819
419.000000 0.161143
420.000000 0.158584
421.000000 0.156264
422.000000 0.153926
423.000000 0.151353
424.000000 0.148862
425.000000 0.146462
426.000000 0.144036
427.000000 0.141705
428.000000 0.139644
429.000000 0.137704
430.000000 0.135763
431.000000 0.133899
432.000000 0.132050
433.000000 0.130329
434.000000 0.128900
435.000000 0.127676
436.000000 0.126655
437.000000 0.125930
438.000000 0.125488
439.000000 0.125350
440.000000 0.125467
441.000000 0.125746
442.000000 0.126022
443.000000 0.126297
444.000000 0.126736
445.000000 0.127227
446.000000 0.127692
447.000000 0.128056
448.000000 0.128207
449.000000 0.128314
450.000000 0.128251
451.000000 0.127957
452.000000 0.127703
453.000000 0.127485
454.000000 0.127192
455.000000 0.126863
456.000000 0.126639
457.000000 0.126628
458.000000 0.126935
459.000000 0.127699
460.000000 0.128833
461.000000 0.130368
462.000000 0.132665
463.000000 0.135762
464.000000 0.139632
465.000000 0.144271
466.000000 0.149297
467.000000 0.155088
468.000000 0.161770
469.000000 0.169123
470.000000 0.176977
471.000000 0.184789
472.000000 0.192748
473.000000 0.200556
474.000000 0.208002
475.000000 0.214896
476.000000 0.220763
477.000000 0.225738
478.000000 0.229603
479.000000 0.232225
480.000000 0.233732
481.000000 0.234084
482.000000 0.233447
483.000000 0.231993
484.000000 0.229685
485.000000 0.226702
486.000000 0.223126
487.000000 0.219207
488.000000 0.215040
489.000000 0.210684
490.000000 0.206332
491.000000 0.202175
492.000000 0.198409
493.000000 0.194448
494.000000 0.190635
495.000000 0.187398
496.000000 0.184800
497.000000 0.182875
498.000000 0.181214
499.000000 0.179636
500.000000 0.178297
501.000000 0.177730
502.000000 0.177555
503.000000 0.177792
504.000000 0.178897
505.000000 0.180781
506.000000 0.183612
507.000000 0.186859
508.000000 0.190515
509.000000 0.195144
510.000000 0.200065
511.000000 0.205107
512.000000 0.207491
513.000000 0.212656
514.000000 0.222062
515.000000 0.229885
516.000000 0.237453
517.000000 0.245079
518.000000 0.252740
519.000000 0.260150
520.000000 0.267370
521.000000 0.274297
522.000000 0.280783
523.000000 0.286808
524.000000 0.292398
525.000000 0.285423
526.000000 0.285360
527.000000 0.291616
528.000000 0.295857
529.000000 0.306427
530.000000 0.311381
531.000000 0.314242
532.000000 0.315771
533.000000 0.316664
534.000000 0.317098
535.000000 0.317850
536.000000 0.318815
537.000000 0.319362
538.000000 0.319723
539.000000 0.320127
540.000000 0.321150
541.000000 0.323222
542.000000 0.326120
543.000000 0.329734
544.000000 0.334037
545.000000 0.338966
546.000000 0.344943
547.000000 0.352397
548.000000 0.360784
549.000000 0.370034
550.000000 0.380311
551.000000 0.391403
552.000000 0.403304
553.000000 0.415818
554.000000 0.428753
555.000000 0.442380
556.000000 0.441741
557.000000 0.451068
558.000000 0.480897
559.000000 0.502028
560.000000 0.519275
561.000000 0.535005
562.000000 0.549522
563.000000 0.562889
564.000000 0.574879
565.000000 0.585094
566.000000 0.593307
567.000000 0.599648
568.000000 0.603218
569.000000 0.604184
570.000000 0.602400
571.000000 0.597499
572.000000 0.591014
573.000000 0.583233
574.000000 0.573083
575.000000 0.561552
576.000000 0.548896
577.000000 0.535275
578.000000 0.520845
579.000000 0.505951
580.000000 0.491116
581.000000 0.476121
582.000000 0.461920
583.000000 0.448629
584.000000 0.436504
585.000000 0.425602
586.000000 0.415367
587.000000 0.406290
588.000000 0.398232
589.000000 0.391149
590.000000 0.385131
591.000000 0.379845
592.000000 0.375532
593.000000 0.372016
594.000000 0.369226
595.000000 0.367058
596.000000 0.365253
597.000000 0.363911
598.000000 0.362828
599.000000 0.361982
600.000000 0.361555
601.000000 0.361461
602.000000 0.361428
603.000000 0.361440
604.000000 0.361400
605.000000 0.361256
606.000000 0.360862
607.000000 0.359982
608.000000 0.358747
609.000000 0.356897
610.000000 0.354218
611.000000 0.350852
612.000000 0.346610
613.000000 0.341607
614.000000 0.335643
615.000000 0.328337
616.000000 0.320506
617.000000 0.312007
618.000000 0.302252
619.000000 0.292067
620.000000 0.281377
621.000000 0.269753
622.000000 0.258057
623.000000 0.246253
624.000000 0.233920
625.000000 0.221963
626.000000 0.210250
627.000000 0.198325
628.000000 0.187045
629.000000 0.176270
630.000000 0.165618
631.000000 0.155495
632.000000 0.146272
633.000000 0.137670
634.000000 0.129356
635.000000 0.121867
636.000000 0.115118
637.000000 0.108775
638.000000 0.103136
639.000000 0.098051
640.000000 0.093374
641.000000 0.089175
642.000000 0.085627
643.000000 0.082593
644.000000 0.079757
645.000000 0.077234
646.000000 0.074956
647.000000 0.072848
648.000000 0.070930
649.000000 0.069258
650.000000 0.067766
651.000000 0.066368
652.000000 0.065073
653.000000 0.063865
654.000000 0.062735
655.000000 0.061611
656.000000 0.060532
657.000000 0.059563
658.000000 0.058658
659.000000 0.057768
660.000000 0.056883
661.000000 0.056050
662.000000 0.055249
663.000000 0.054450
664.000000 0.053734
665.000000 0.053078
666.000000 0.052455
667.000000 0.051899
668.000000 0.051374
669.000000 0.050902
670.000000 0.050529
671.000000 0.050156
672.000000 0.049791
673.000000 0.049525
674.000000 0.049375
675.000000 0.049365
676.000000 0.049420
677.000000 0.049482
678.000000 0.049602
679.000000 0.049800
680.000000 0.050068
681.000000 0.050409
682.000000 0.050865
683.000000 0.051367
684.000000 0.051879
685.000000 0.052504
686.000000 0.053172
687.000000 0.053861
688.000000 0.054681
689.000000 0.055568
690.000000 0.056456
691.000000 0.057397
692.000000 0.058407
693.000000 0.059459
694.000000 0.060524
695.000000 0.061644
696.000000 0.062729
697.000000 0.063795
698.000000 0.064931
699.000000 0.066104
700.000000 0.067298
701.000000 0.068485
702.000000 0.069588
703.000000 0.070671
704.000000 0.071816
705.000000 0.072973
706.000000 0.074146
707.000000 0.075287
708.000000 0.076390
709.000000 0.077437
710.000000 0.078436
711.000000 0.079418
712.000000 0.080372
713.000000 0.081339
714.000000 0.082233
715.000000 0.083016
716.000000 0.083801
717.000000 0.084557
718.000000 0.085206
719.000000 0.085781
720.000000 0.086308
721.000000 0.086784
722.000000 0.087242
723.000000 0.087661
724.000000 0.088058
725.000000 0.088428
726.000000 0.088764
727.000000 0.089091
728.000000 0.089390
729.000000 0.089701
730.000000 0.090019
731.000000 0.090334
732.000000 0.090669
733.000000 0.091057
734.000000 0.091565
735.000000 0.092158
736.000000 0.092765
737.000000 0.093420
738.000000 0.094155
739.000000 0.094962
740.000000 0.095871
741.000000 0.096860
742.000000 0.097900
743.000000 0.099059
744.000000 0.100388
745.000000 0.101798
746.000000 0.103253
747.000000 0.104848
748.000000 0.106641
749.000000 0.108519
750.000000 0.110465
751.000000 0.112569
752.000000 0.114791
753.000000 0.117126
754.000000 0.119566
755.000000 0.122088
756.000000 0.124700
757.000000 0.127413
758.000000 0.130274
759.000000 0.133321
760.000000 0.136481
761.000000 0.139741
762.000000 0.143096
763.000000 0.146494
764.000000 0.150029
765.000000 0.153762
766.000000 0.157603
767.000000 0.161547
768.000000 0.165553
769.000000 0.169541
770.000000 0.173533
771.000000 0.177575
772.000000 0.181624
773.000000 0.185566
774.000000 0.189452
775.000000 0.193318
776.000000 0.197284
777.000000 0.201175
778.000000 0.204783
779.000000 0.208131
780.000000 0.211142
781.000000 0.213842
782.000000 0.216207
783.000000 0.218212
784.000000 0.219734
785.000000 0.220699
786.000000 0.221215
787.000000 0.221208
788.000000 0.220502
789.000000 0.219188
790.000000 0.217447
791.000000 0.215209
792.000000 0.212351
793.000000 0.208920
794.000000 0.205004
795.000000 0.200578
796.000000 0.195614
797.000000 0.189941
798.000000 0.183768
799.000000 0.177445
800.000000 0.170885
801.000000 0.164121
802.000000 0.157219
803.000000 0.150188
804.000000 0.142834
805.000000 0.135324
806.000000 0.128084
807.000000 0.121054
808.000000 0.114083
809.000000 0.107217
810.000000 0.100229
811.000000 0.093372
812.000000 0.087100
813.000000 0.081160
814.000000 0.075474
815.000000 0.070112
816.000000 0.064814
817.000000 0.059725
818.000000 0.055116
819.000000 0.050870
820.000000 0.046906
821.000000 0.043160
822.000000 0.039679
823.000000 0.036535
824.000000 0.033706
825.000000 0.031046
826.000000 0.028579
827.000000 0.026402
828.000000 0.024465
829.000000 0.022673
830.000000 0.020944
831.000000 0.019316
832.000000 0.017935
833.000000 0.016766
834.000000 0.015666
835.000000 0.014645
836.000000 0.013738
837.000000 0.012892
838.000000 0.012071
839.000000 0.011362
840.000000 0.010769
841.000000 0.010212
842.000000 0.009729
843.000000 0.009288
844.000000 0.008838
845.000000 0.008409
846.000000 0.008073
847.000000 0.007827
848.000000 0.007590
849.000000 0.007316
850.000000 0.007054
851.000000 0.006851
852.000000 0.006677
853.000000 0.006562
854.000000 0.006405
855.000000 0.006220
856.000000 0.006080
857.000000 0.005938
858.000000 0.005829
859.000000 0.005757
860.000000 0.005690
861.000000 0.005602
862.000000 0.005499
863.000000 0.005410
864.000000 0.005308
865.000000 0.005260
866.000000 0.005235
867.000000 0.005181
868.000000 0.005153
869.000000 0.005102
870.000000 0.005062
871.000000 0.005024
872.000000 0.004943
873.000000 0.004904
874.000000 0.004911
875.000000 0.004902
876.000000 0.004918
877.000000 0.004949
878.000000 0.004940
879.000000 0.004916
880.000000 0.004956
881.000000 0.005014
882.000000 0.005017
883.000000 0.005022
884.000000 0.005056
885.000000 0.005091
886.000000 0.005120
887.000000 0.005141
888.000000 0.005166
889.000000 0.005196
890.000000 0.005226
891.000000 0.005243
892.000000 0.005261
893.000000 0.005303
894.000000 0.005328
895.000000 0.005373
896.000000 0.005431
897.000000 0.005487
898.000000 0.005547
899.000000 0.005598
900.000000 0.005636
