315.000000 0.102629
316.000000 0.103602
317.000000 0.104362
318.000000 0.105859
319.000000 0.107703
320.000000 0.108787
321.000000 0.110108
322.000000 0.111598
323.000000 0.112748
324.000000 0.114717
325.000000 0.117250
326.000000 0.119595
327.000000 0.121912
328.000000 0.124184
329.000000 0.125981
330.000000 0.128073
331.000000 0.130502
332.000000 0.132791
333.000000 0.135391
334.000000 0.137858
335.000000 0.139969
336.000000 0.142163
337.000000 0.144827
338.000000 0.148207
339.000000 0.151576
340.000000 0.154663
341.000000 0.157776
342.000000 0.160786
343.000000 0.163536
344.000000 0.166678
345.000000 0.169917
346.000000 0.172497
347.000000 0.174751
348.000000 0.177159
349.000000 0.179589
350.000000 0.181507
351.000000 0.183159
352.000000 0.184694
353.000000 0.185961
354.000000 0.187181
355.000000 0.188243
356.000000 0.188971
357.000000 0.189359
358.000000 0.189266
359.000000 0.188973
360.000000 0.188525
361.000000 0.187761
362.000000 0.187061
363.000000 0.186469
364.000000 0.185857
365.000000 0.185349
366.000000 0.184905
367.000000 0.184655
368.000000 0.184623
369.000000 0.184854
370.000000 0.185399
371.000000 0.185700
372.000000 0.186107
373.000000 0.187118
374.000000 0.188062
375.000000 0.189284
376.000000 0.190752
377.000000 0.192179
378.000000 0.193831
379.000000 0.195373
380.000000 0.197104
381.000000 0.198803
382.000000 0.200030
383.000000 0.201133
384.000000 0.202228
385.000000 0.203266
386.000000 0.204089
387.000000 0.204909
388.000000 0.205983
389.000000 0.207256
390.000000 0.208698
391.000000 0.210130
392.000000 0.211738
393.000000 0.213569
394.000000 0.215383
395.000000 0.217044
396.000000 0.218580
397.000000 0.219886
398.000000 0.220876
399.000000 0.221389
400.000000 0.221218
401.000000 0.220297
402.000000 0.218382
403.000000 0.215674
404.000000 0.212432
405.000000 0.208615
406.000000 0.204455
407.000000 0.200249
408.000000 0.195765
409.000000 0.191238
410.000000 0.186997
411.000000 0.182829
412.000000 0.178990
413.000000 0.175421
414.000000 0.171916
415.000000 0.168514
416.000000 0.165411
417.000000 0.162503
418.000000 0.159674
419.000000 0.157210
420.000000 0.154843
421.000000 0.152406
422.000000 0.150081
423.000000 0.147770
424.000000 0.145424
425.000000 0.143226
426.000000 0.140993
427.000000 0.138688
428.000000 0.136580
429.000000 0.134669
430.000000 0.132785
431.000000 0.130955
432.000000 0.129176
433.000000 0.127641
434.000000 0.126424
435.000000 0.125232
436.000000 0.124219
437.000000 0.123596
438.000000 0.123243
439.000000 0.123110
440.000000 0.123151
441.000000 0.123372
442.000000 0.123729
443.000000 0.124150
444.000000 0.124627
445.000000 0.125087
446.000000 0.125527
447.000000 0.125846
448.000000 0.126001
449.000000 0.126039
450.000000 0.125889
451.000000 0.125572
452.000000 0.125226
453.000000 0.124928
454.000000 0.124594
455.000000 0.124259
456.000000 0.124001
457.000000 0.123878
458.000000 0.124089
459.000000 0.124740
460.000000 0.125708
461.000000 0.127046
462.000000 0.129227
463.000000 0.132196
464.000000 0.135852
465.000000 0.140303
466.000000 0.145151
467.000000 0.150692
468.000000 0.157065
469.000000 0.164124
470.000000 0.171732
471.000000 0.179314
472.000000 0.187042
473.000000 0.194570
474.000000 0.201680
475.000000 0.208317
476.000000 0.213927
477.000000 0.218693
478.000000 0.222473
479.000000 0.225025
480.000000 0.226447
481.000000 0.226831
482.000000 0.226331
483.000000 0.224938
484.000000 0.222610
485.000000 0.219588
486.000000 0.216110
487.000000 0.212360
488.000000 0.208369
489.000000 0.204137
490.000000 0.199740
491.000000 0.195506
492.000000 0.191900
493.000000 0.188333
494.000000 0.184781
495.000000 0.181793
496.000000 0.179298
497.000000 0.177218
498.000000 0.175473
499.000000 0.173999
500.000000 0.172604
501.000000 0.172002
502.000000 0.172091
503.000000 0.172454
504.000000 0.173679
505.000000 0.175655
506.000000 0.178313
507.000000 0.181354
508.000000 0.184854
509.000000 0.189062
510.000000 0.193557
511.000000 0.198689
512.000000 0.204377
513.000000 0.210292
514.000000 0.216507
515.000000 0.223115
516.000000 0.230045
517.000000 0.237243
518.000000 0.244490
519.000000 0.251618
520.000000 0.258663
521.000000 0.265449
522.000000 0.271909
523.000000 0.277824
524.000000 0.283153
525.000000 0.287547
526.000000 0.291436
527.000000 0.294963
528.000000 0.297913
529.000000 0.300451
530.000000 0.302621
531.000000 0.304194
532.000000 0.305282
533.000000 0.306192
534.000000 0.306552
535.000000 0.306848
536.000000 0.307386
537.000000 0.307868
538.000000 0.308262
539.000000 0.308692
540.000000 0.309912
541.000000 0.312018
542.000000 0.314756
543.000000 0.318387
544.000000 0.322862
545.000000 0.328051
546.000000 0.334270
547.000000 0.341775
548.000000 0.349984
549.000000 0.358836
550.000000 0.368541
551.000000 0.379013
552.000000 0.390277
553.000000 0.402657
554.000000 0.415913
555.000000 0.429730
556.000000 0.443783
557.000000 0.458175
558.000000 0.473671
559.000000 0.489045
560.000000 0.504038
561.000000 0.518647
562.000000 0.532655
563.000000 0.545374
564.000000 0.556407
565.000000 0.565805
566.000000 0.573241
567.000000 0.579007
568.000000 0.582614
569.000000 0.584105
570.000000 0.583315
571.000000 0.579915
572.000000 0.574647
573.000000 0.567254
574.000000 0.557216
575.000000 0.545921
576.000000 0.533575
577.000000 0.520436
578.000000 0.506767
579.000000 0.492719
580.000000 0.478608
581.000000 0.464146
582.000000 0.450460
583.000000 0.437784
584.000000 0.426195
585.000000 0.415608
586.000000 0.405589
587.000000 0.396751
588.000000 0.388967
589.000000 0.382070
590.000000 0.375991
591.000000 0.370570
592.000000 0.366248
593.000000 0.362689
594.000000 0.359821
595.000000 0.357737
596.000000 0.356081
597.000000 0.354911
598.000000 0.354097
599.000000 0.353480
600.000000 0.353126
601.000000 0.353060
602.000000 0.353181
603.000000 0.353412
604.000000 0.353540
605.000000 0.353516
606.000000 0.353170
607.000000 0.352236
608.000000 0.350839
609.000000 0.348964
610.000000 0.346358
611.000000 0.343057
612.000000 0.339106
613.000000 0.334403
614.000000 0.328709
615.000000 0.321762
616.000000 0.314259
617.000000 0.306054
618.000000 0.296631
619.000000 0.286805
620.000000 0.276467
621.000000 0.265237
622.000000 0.253993
623.000000 0.242577
624.000000 0.230613
625.000000 0.219058
626.000000 0.207758
627.000000 0.196276
628.000000 0.185459
629.000000 0.175151
630.000000 0.164894
631.000000 0.155107
632.000000 0.146183
633.000000 0.137887
634.000000 0.129924
635.000000 0.122737
636.000000 0.116259
637.000000 0.110178
638.000000 0.104752
639.000000 0.099942
640.000000 0.095626
641.000000 0.091762
642.000000 0.088439
643.000000 0.085571
644.000000 0.082895
645.000000 0.080571
646.000000 0.078530
647.000000 0.076591
648.000000 0.074842
649.000000 0.073369
650.000000 0.072040
651.000000 0.070806
652.000000 0.069687
653.000000 0.068645
654.000000 0.067631
655.000000 0.066630
656.000000 0.065750
657.000000 0.064955
658.000000 0.064185
659.000000 0.063459
660.000000 0.062752
661.000000 0.062091
662.000000 0.061493
663.000000 0.060920
664.000000 0.060347
665.000000 0.059800
666.000000 0.059376
667.000000 0.059050
668.000000 0.058728
669.000000 0.058448
670.000000 0.058245
671.000000 0.058035
672.000000 0.057865
673.000000 0.057788
674.000000 0.057775
675.000000 0.057910
676.000000 0.058140
677.000000 0.058417
678.000000 0.058825
679.000000 0.059302
680.000000 0.059816
681.000000 0.060396
682.000000 0.061063
683.000000 0.061807
684.000000 0.062604
685.000000 0.063514
686.000000 0.064471
687.000000 0.065454
688.000000 0.066554
689.000000 0.067700
690.000000 0.068829
691.000000 0.070029
692.000000 0.071310
693.000000 0.072613
694.000000 0.073949
695.000000 0.075375
696.000000 0.076796
697.000000 0.078220
698.000000 0.079701
699.000000 0.081197
700.000000 0.082709
701.000000 0.084231
702.000000 0.085691
703.000000 0.087136
704.000000 0.088606
705.000000 0.090075
706.000000 0.091540
707.000000 0.092954
708.000000 0.094349
709.000000 0.095704
710.000000 0.097033
711.000000 0.098307
712.000000 0.099503
713.000000 0.100674
714.000000 0.101789
715.000000 0.102822
716.000000 0.103775
717.000000 0.104653
718.000000 0.105448
719.000000 0.106164
720.000000 0.106799
721.000000 0.107387
722.000000 0.107999
723.000000 0.108572
724.000000 0.109093
725.000000 0.109574
726.000000 0.110024
727.000000 0.110466
728.000000 0.110867
729.000000 0.111295
730.000000 0.111709
731.000000 0.112131
732.000000 0.112629
733.000000 0.113160
734.000000 0.113774
735.000000 0.114505
736.000000 0.115237
737.000000 0.116005
738.000000 0.116891
739.000000 0.117901
740.000000 0.119082
741.000000 0.120321
742.000000 0.121625
743.000000 0.123090
744.000000 0.124757
745.000000 0.126559
746.000000 0.128440
747.000000 0.130458
748.000000 0.132643
749.000000 0.134974
750.000000 0.137431
751.000000 0.140041
752.000000 0.142787
753.000000 0.145732
754.000000 0.148870
755.000000 0.152130
756.000000 0.155489
757.000000 0.158919
758.000000 0.162499
759.000000 0.166300
760.000000 0.170227
761.000000 0.174265
762.000000 0.178469
763.000000 0.182778
764.000000 0.187225
765.000000 0.191908
766.000000 0.196742
767.000000 0.201670
768.000000 0.206652
769.000000 0.211626
770.000000 0.216674
771.000000 0.221778
772.000000 0.226804
773.000000 0.231767
774.000000 0.236777
775.000000 0.241723
776.000000 0.246733
777.000000 0.251650
778.000000 0.256120
779.000000 0.260196
780.000000 0.263924
781.000000 0.267321
782.000000 0.270253
783.000000 0.272658
784.000000 0.274533
785.000000 0.275803
786.000000 0.276484
787.000000 0.276563
788.000000 0.275835
789.000000 0.274287
790.000000 0.272070
791.000000 0.269164
792.000000 0.265558
793.000000 0.261298
794.000000 0.256365
795.000000 0.250670
796.000000 0.244322
797.000000 0.237204
798.000000 0.229499
799.000000 0.221607
800.000000 0.213328
801.000000 0.204737
802.000000 0.196019
803.000000 0.187157
804.000000 0.177837
805.000000 0.168369
806.000000 0.159336
807.000000 0.150498
808.000000 0.141696
809.000000 0.133068
810.000000 0.124334
811.000000 0.115787
812.000000 0.107882
813.000000 0.100331
814.000000 0.093156
815.000000 0.086394
816.000000 0.079708
817.000000 0.073304
818.000000 0.067516
819.000000 0.062191
820.000000 0.057273
821.000000 0.052592
822.000000 0.048169
823.000000 0.044183
824.000000 0.040589
825.000000 0.037251
826.000000 0.034200
827.000000 0.031470
828.000000 0.029018
829.000000 0.026803
830.000000 0.024641
831.000000 0.022582
832.000000 0.020871
833.000000 0.019416
834.000000 0.018023
835.000000 0.016769
836.000000 0.015677
837.000000 0.014629
838.000000 0.013614
839.000000 0.012723
840.000000 0.011952
841.000000 0.011243
842.000000 0.010647
843.000000 0.010131
844.000000 0.009662
845.000000 0.009231
846.000000 0.008833
847.000000 0.008480
848.000000 0.008130
849.000000 0.007786
850.000000 0.007467
851.000000 0.007184
852.000000 0.006936
853.000000 0.006762
854.000000 0.006598
855.000000 0.006430
856.000000 0.006263
857.000000 0.006057
858.000000 0.005886
859.000000 0.005762
860.000000 0.005648
861.000000 0.005558
862.000000 0.005471
863.000000 0.005357
864.000000 0.005251
865.000000 0.005187
866.000000 0.005131
867.000000 0.005057
868.000000 0.005002
869.000000 0.004942
870.000000 0.004883
871.000000 0.004834
872.000000 0.004795
873.000000 0.004783
874.000000 0.004776
875.000000 0.004751
876.000000 0.004770
877.000000 0.004818
878.000000 0.004822
879.000000 0.004809
880.000000 0.004819
881.000000 0.004839
882.000000 0.004842
883.000000 0.004880
884.000000 0.004915
885.000000 0.004896
886.000000 0.004882
887.000000 0.004904
888.000000 0.004947
889.000000 0.004962
890.000000 0.004990
891.000000 0.005028
892.000000 0.005039
893.000000 0.005057
894.000000 0.005079
895.000000 0.005103
896.000000 0.005147
897.000000 0.005208
898.000000 0.005254
899.000000 0.005304
900.000000 0.005352
