315.000000 0.106793
316.000000 0.108334
317.000000 0.110374
318.000000 0.112851
319.000000 0.114846
320.000000 0.116069
321.000000 0.118113
322.000000 0.120397
323.000000 0.121860
324.000000 0.123917
325.000000 0.126401
326.000000 0.128727
327.000000 0.131113
328.000000 0.133637
329.000000 0.136014
330.000000 0.138345
331.000000 0.140980
332.000000 0.143420
333.000000 0.146101
334.000000 0.148890
335.000000 0.151414
336.000000 0.154250
337.000000 0.157596
338.000000 0.161222
339.000000 0.164617
340.000000 0.167844
341.000000 0.171172
342.000000 0.174369
343.000000 0.177324
344.000000 0.180948
345.000000 0.184836
346.000000 0.187949
347.000000 0.190548
348.000000 0.192897
349.000000 0.195044
350.000000 0.196873
351.000000 0.198559
352.000000 0.200478
353.000000 0.202164
354.000000 0.203439
355.000000 0.204568
356.000000 0.205325
357.000000 0.205730
358.000000 0.205719
359.000000 0.205347
360.000000 0.204838
361.000000 0.204231
362.000000 0.203603
363.000000 0.202920
364.000000 0.202188
365.000000 0.201492
366.000000 0.200932
367.000000 0.200612
368.000000 0.200529
369.000000 0.200610
370.000000 0.200852
371.000000 0.201343
372.000000 0.202281
373.000000 0.203579
374.000000 0.204801
375.000000 0.206222
376.000000 0.207870
377.000000 0.208947
378.000000 0.210235
379.000000 0.212259
380.000000 0.214463
381.000000 0.216151
382.000000 0.217156
383.000000 0.217817
384.000000 0.218534
385.000000 0.219693
386.000000 0.220839
387.000000 0.221990
388.000000 0.223120
389.000000 0.224394
390.000000 0.226021
391.000000 0.227643
392.000000 0.229378
393.000000 0.231415
394.000000 0.233386
395.000000 0.235193
396.000000 0.236864
397.000000 0.238219
398.000000 0.239205
399.000000 0.239630
400.000000 0.239450
401.000000 0.238660
402.000000 0.236832
403.000000 0.233912
404.000000 0.225511
405.000000 0.215227
406.000000 0.214050
407.000000 0.215414
408.000000 0.212369
409.000000 0.208199
410.000000 0.203690
411.000000 0.199029
412.000000 0.194441
413.000000 0.190307
414.000000 0.186494
415.000000 0.182233
416.000000 0.177424
417.000000 0.174318
418.000000 0.172370
419.000000 0.169520
420.000000 0.166401
421.000000 0.163618
422.000000 0.161047
423.000000 0.162707
424.000000 0.161541
425.000000 0.155163
426.000000 0.151397
427.000000 0.148438
428.000000 0.145924
429.000000 0.143624
430.000000 0.141470
431.000000 0.139528
432.000000 0.137530
433.000000 0.135596
434.000000 0.134021
435.000000 0.132621
436.000000 0.131422
437.000000 0.130498
438.000000 0.129780
439.000000 0.129369
440.000000 0.129211
441.000000 0.129240
442.000000 0.129487
443.000000 0.129763
444.000000 0.129962
445.000000 0.130055
446.000000 0.130224
447.000000 0.130529
448.000000 0.130653
449.000000 0.130600
450.000000 0.130345
451.000000 0.129950
452.000000 0.129555
453.000000 0.129158
454.000000 0.128778
455.000000 0.128444
456.000000 0.128217
457.000000 0.128159
458.000000 0.128683
459.000000 0.129973
460.000000 0.131089
461.000000 0.132092
462.000000 0.134054
463.000000 0.136988
464.000000 0.140801
465.000000 0.145445
466.000000 0.150547
467.000000 0.156296
468.000000 0.162623
469.000000 0.169638
470.000000 0.177366
471.000000 0.185070
472.000000 0.192922
473.000000 0.200672
474.000000 0.208007
475.000000 0.214816
476.000000 0.220688
477.000000 0.225800
478.000000 0.229951
479.000000 0.232936
480.000000 0.234765
481.000000 0.235282
482.000000 0.234624
483.000000 0.232878
484.000000 0.229891
485.000000 0.226256
486.000000 0.222397
487.000000 0.218387
488.000000 0.214249
489.000000 0.209967
490.000000 0.205604
491.000000 0.201273
492.000000 0.197389
493.000000 0.193803
494.000000 0.190533
495.000000 0.187308
496.000000 0.184222
497.000000 0.181622
498.000000 0.179642
499.000000 0.178312
500.000000 0.177080
501.000000 0.176391
502.000000 0.176313
503.000000 0.176681
504.000000 0.178054
505.000000 0.180273
506.000000 0.183049
507.000000 0.186114
508.000000 0.189448
509.000000 0.193543
510.000000 0.198601
511.000000 0.204178
512.000000 0.209862
513.000000 0.215875
514.000000 0.222523
515.000000 0.229666
516.000000 0.236812
517.000000 0.244066
518.000000 0.251284
519.000000 0.258467
520.000000 0.265826
521.000000 0.273110
522.000000 0.279845
523.000000 0.285845
524.000000 0.291292
525.000000 0.295908
526.000000 0.300019
527.000000 0.303582
528.000000 0.306522
529.000000 0.308943
530.000000 0.310979
531.000000 0.312652
532.000000 0.313894
533.000000 0.314777
534.000000 0.315167
535.000000 0.315534
536.000000 0.316156
537.000000 0.316921
538.000000 0.317552
539.000000 0.318332
540.000000 0.319625
541.000000 0.321570
542.000000 0.324181
543.000000 0.327773
544.000000 0.332562
545.000000 0.337803
546.000000 0.343855
547.000000 0.351250
548.000000 0.359345
549.000000 0.368446
550.000000 0.378794
551.000000 0.389858
552.000000 0.401749
553.000000 0.414698
554.000000 0.428343
555.000000 0.442572
556.000000 0.457066
557.000000 0.471887
558.000000 0.487863
559.000000 0.503780
560.000000 0.519437
561.000000 0.534792
562.000000 0.549283
563.000000 0.562468
564.000000 0.574297
565.000000 0.584666
566.000000 0.593093
567.000000 0.599725
568.000000 0.603897
569.000000 0.605574
570.000000 0.604778
571.000000 0.601253
572.000000 0.595682
573.000000 0.587924
574.000000 0.577703
575.000000 0.566242
576.000000 0.553440
577.000000 0.539758
578.000000 0.525384
579.000000 0.510680
580.000000 0.495890
581.000000 0.480699
582.000000 0.466372
583.000000 0.453037
584.000000 0.440990
585.000000 0.430084
586.000000 0.419649
587.000000 0.410235
588.000000 0.401966
589.000000 0.394708
590.000000 0.388551
591.000000 0.383272
592.000000 0.378907
593.000000 0.375341
594.000000 0.372469
595.000000 0.370266
596.000000 0.368473
597.000000 0.367054
598.000000 0.365951
599.000000 0.365182
600.000000 0.364823
601.000000 0.364777
602.000000 0.364802
603.000000 0.364859
604.000000 0.364793
605.000000 0.364571
606.000000 0.364124
607.000000 0.363220
608.000000 0.361878
609.000000 0.359909
610.000000 0.357138
611.000000 0.353707
612.000000 0.349512
613.000000 0.344396
614.000000 0.338212
615.000000 0.330783
616.000000 0.322789
617.000000 0.313994
618.000000 0.303949
619.000000 0.293501
620.000000 0.282500
621.000000 0.270492
622.000000 0.258425
623.000000 0.246341
624.000000 0.233679
625.000000 0.221314
626.000000 0.209215
627.000000 0.196933
628.000000 0.185357
629.000000 0.174307
630.000000 0.163283
631.000000 0.152740
632.000000 0.143130
633.000000 0.134203
634.000000 0.125562
635.000000 0.117781
636.000000 0.110802
637.000000 0.104156
638.000000 0.098235
639.000000 0.092947
640.000000 0.088051
641.000000 0.083633
642.000000 0.079861
643.000000 0.076555
644.000000 0.073424
645.000000 0.070647
646.000000 0.068170
647.000000 0.065898
648.000000 0.063816
649.000000 0.061953
650.000000 0.060267
651.000000 0.058652
652.000000 0.057131
653.000000 0.055744
654.000000 0.054385
655.000000 0.053018
656.000000 0.051754
657.000000 0.050614
658.000000 0.049507
659.000000 0.048372
660.000000 0.047261
661.000000 0.046206
662.000000 0.045165
663.000000 0.044127
664.000000 0.043164
665.000000 0.042293
666.000000 0.041466
667.000000 0.040657
668.000000 0.039880
669.000000 0.039137
670.000000 0.038447
671.000000 0.037827
672.000000 0.037241
673.000000 0.036686
674.000000 0.036237
675.000000 0.035913
676.000000 0.035600
677.000000 0.035300
678.000000 0.035082
679.000000 0.035002
680.000000 0.035007
681.000000 0.035024
682.000000 0.035089
683.000000 0.035197
684.000000 0.035341
685.000000 0.035554
686.000000 0.035850
687.000000 0.036198
688.000000 0.036628
689.000000 0.037071
690.000000 0.037519
691.000000 0.038004
692.000000 0.038550
693.000000 0.039127
694.000000 0.039668
695.000000 0.040271
696.000000 0.040932
697.000000 0.041613
698.000000 0.042328
699.000000 0.043081
700.000000 0.043864
701.000000 0.044615
702.000000 0.045277
703.000000 0.045940
704.000000 0.046657
705.000000 0.047377
706.000000 0.048084
707.000000 0.048745
708.000000 0.049410
709.000000 0.050048
710.000000 0.050653
711.000000 0.051242
712.000000 0.051840
713.000000 0.052444
714.000000 0.053012
715.000000 0.053537
716.000000 0.054019
717.000000 0.054452
718.000000 0.054833
719.000000 0.055205
720.000000 0.055515
721.000000 0.055824
722.000000 0.056176
723.000000 0.056485
724.000000 0.056748
725.000000 0.056946
726.000000 0.057081
727.000000 0.057239
728.000000 0.057424
729.000000 0.057604
730.000000 0.057785
731.000000 0.057995
732.000000 0.058235
733.000000 0.058495
734.000000 0.058786
735.000000 0.059116
736.000000 0.059472
737.000000 0.059860
738.000000 0.060297
739.000000 0.060772
740.000000 0.061315
741.000000 0.061920
742.000000 0.062583
743.000000 0.063338
744.000000 0.064203
745.000000 0.065101
746.000000 0.065993
747.000000 0.066941
748.000000 0.068029
749.000000 0.069193
750.000000 0.070342
751.000000 0.071575
752.000000 0.072936
753.000000 0.074393
754.000000 0.075917
755.000000 0.077500
756.000000 0.079138
757.000000 0.080812
758.000000 0.082554
759.000000 0.084415
760.000000 0.086397
761.000000 0.088446
762.000000 0.090480
763.000000 0.092524
764.000000 0.094670
765.000000 0.096954
766.000000 0.099331
767.000000 0.101807
768.000000 0.104324
769.000000 0.106814
770.000000 0.109313
771.000000 0.111802
772.000000 0.114267
773.000000 0.116720
774.000000 0.119189
775.000000 0.121651
776.000000 0.124118
777.000000 0.126521
778.000000 0.128729
779.000000 0.130778
780.000000 0.132663
781.000000 0.134369
782.000000 0.135853
783.000000 0.137091
784.000000 0.138077
785.000000 0.138729
786.000000 0.139096
787.000000 0.139152
788.000000 0.138764
789.000000 0.137974
790.000000 0.136885
791.000000 0.135477
792.000000 0.133710
793.000000 0.131601
794.000000 0.129164
795.000000 0.126353
796.000000 0.123232
797.000000 0.119775
798.000000 0.116064
799.000000 0.112240
800.000000 0.108213
801.000000 0.104040
802.000000 0.099828
803.000000 0.095523
804.000000 0.090948
805.000000 0.086297
806.000000 0.081827
807.000000 0.077439
808.000000 0.073099
809.000000 0.068852
810.000000 0.064518
811.000000 0.060256
812.000000 0.056362
813.000000 0.052656
814.000000 0.049088
815.000000 0.045736
816.000000 0.042428
817.000000 0.039262
818.000000 0.036458
819.000000 0.033856
820.000000 0.031378
821.000000 0.029040
822.000000 0.026843
823.000000 0.024831
824.000000 0.023047
825.000000 0.021442
826.000000 0.019965
827.000000 0.018622
828.000000 0.017396
829.000000 0.016257
830.000000 0.015158
831.000000 0.014096
832.000000 0.013208
833.000000 0.012488
834.000000 0.011776
835.000000 0.011130
836.000000 0.010584
837.000000 0.010052
838.000000 0.009515
839.000000 0.009034
840.000000 0.008618
841.000000 0.008254
842.000000 0.007949
843.000000 0.007652
844.000000 0.007401
845.000000 0.007160
846.000000 0.006912
847.000000 0.006708
848.000000 0.006514
849.000000 0.006321
850.000000 0.006177
851.000000 0.006032
852.000000 0.005893
853.000000 0.005858
854.000000 0.005902
855.000000 0.005962
856.000000 0.005943
857.000000 0.005862
858.000000 0.005808
859.000000 0.005737
860.000000 0.005666
861.000000 0.005611
862.000000 0.005458
863.000000 0.005251
864.000000 0.005096
865.000000 0.005035
866.000000 0.005032
867.000000 0.005005
868.000000 0.004971
869.000000 0.004928
870.000000 0.004872
871.000000 0.004839
872.000000 0.004816
873.000000 0.004800
874.000000 0.004813
875.000000 0.004824
876.000000 0.004842
877.000000 0.004901
878.000000 0.004958
879.000000 0.005013
880.000000 0.005092
881.000000 0.005146
882.000000 0.005160
883.000000 0.005205
884.000000 0.005287
885.000000 0.005336
886.000000 0.005347
887.000000 0.005372
888.000000 0.005449
889.000000 0.005528
890.000000 0.005597
891.000000 0.005661
892.000000 0.005687
893.000000 0.005718
894.000000 0.005757
895.000000 0.005790
896.000000 0.005840
897.000000 0.005932
898.000000 0.006038
899.000000 0.006107
900.000000 0.006135
