315.000000 0.106107
316.000000 0.107548
317.000000 0.108866
318.000000 0.110936
319.000000 0.113341
320.000000 0.114780
321.000000 0.116197
322.000000 0.117970
323.000000 0.119816
324.000000 0.122363
325.000000 0.124936
326.000000 0.127370
327.000000 0.129946
328.000000 0.132354
329.000000 0.134350
330.000000 0.136793
331.000000 0.139537
332.000000 0.142342
333.000000 0.145425
334.000000 0.148228
335.000000 0.150811
336.000000 0.153243
337.000000 0.155793
338.000000 0.159024
339.000000 0.162285
340.000000 0.165478
341.000000 0.169083
342.000000 0.172587
343.000000 0.175724
344.000000 0.178924
345.000000 0.182065
346.000000 0.184861
347.000000 0.187341
348.000000 0.189773
349.000000 0.192065
350.000000 0.194098
351.000000 0.196037
352.000000 0.197695
353.000000 0.199118
354.000000 0.200358
355.000000 0.201365
356.000000 0.201961
357.000000 0.202116
358.000000 0.201890
359.000000 0.201416
360.000000 0.200891
361.000000 0.200251
362.000000 0.199532
363.000000 0.198685
364.000000 0.197856
365.000000 0.197247
366.000000 0.196638
367.000000 0.196087
368.000000 0.195802
369.000000 0.195862
370.000000 0.196188
371.000000 0.196787
372.000000 0.198060
373.000000 0.199799
374.000000 0.201107
375.000000 0.202160
376.000000 0.203604
377.000000 0.205069
378.000000 0.206807
379.000000 0.208486
380.000000 0.209749
381.000000 0.210944
382.000000 0.211623
383.000000 0.212012
384.000000 0.212873
385.000000 0.214102
386.000000 0.215146
387.000000 0.216285
388.000000 0.217587
389.000000 0.218986
390.000000 0.220488
391.000000 0.222113
392.000000 0.224072
393.000000 0.226311
394.000000 0.228641
395.000000 0.230610
396.000000 0.232102
397.000000 0.233292
398.000000 0.234290
399.000000 0.234761
400.000000 0.234430
401.000000 0.233572
402.000000 0.231876
403.000000 0.229101
404.000000 0.225585
405.000000 0.221326
406.000000 0.216808
407.000000 0.212435
408.000000 0.207639
409.000000 0.202669
410.000000 0.198048
411.000000 0.193518
412.000000 0.189146
413.000000 0.185144
414.000000 0.181335
415.000000 0.177706
416.000000 0.174409
417.000000 0.171208
418.000000 0.168159
419.000000 0.165278
420.000000 0.162443
421.000000 0.159871
422.000000 0.157254
423.000000 0.154509
424.000000 0.151931
425.000000 0.149528
426.000000 0.147076
427.000000 0.144517
428.000000 0.142201
429.000000 0.140111
430.000000 0.138131
431.000000 0.136367
432.000000 0.134559
433.000000 0.132756
434.000000 0.131193
435.000000 0.129839
436.000000 0.128773
437.000000 0.128080
438.000000 0.127656
439.000000 0.127434
440.000000 0.127401
441.000000 0.127512
442.000000 0.127703
443.000000 0.128017
444.000000 0.128441
445.000000 0.128916
446.000000 0.129316
447.000000 0.129592
448.000000 0.129742
449.000000 0.129759
450.000000 0.129633
451.000000 0.129344
452.000000 0.128982
453.000000 0.128671
454.000000 0.128405
455.000000 0.128146
456.000000 0.127933
457.000000 0.127907
458.000000 0.128261
459.000000 0.129066
460.000000 0.130185
461.000000 0.131651
462.000000 0.133965
463.000000 0.137108
464.000000 0.141027
465.000000 0.145734
466.000000 0.150765
467.000000 0.156576
468.000000 0.163326
469.000000 0.170759
470.000000 0.178702
471.000000 0.186586
472.000000 0.194612
473.000000 0.202550
474.000000 0.210147
475.000000 0.217145
476.000000 0.223087
477.000000 0.228116
478.000000 0.232053
479.000000 0.234713
480.000000 0.236215
481.000000 0.236616
482.000000 0.236004
483.000000 0.234517
484.000000 0.232086
485.000000 0.228924
486.000000 0.225226
487.000000 0.221301
488.000000 0.217159
489.000000 0.212759
490.000000 0.208319
491.000000 0.204188
492.000000 0.200462
493.000000 0.196611
494.000000 0.193045
495.000000 0.189997
496.000000 0.187253
497.000000 0.184882
498.000000 0.182911
499.000000 0.181218
500.000000 0.179818
501.000000 0.179210
502.000000 0.179389
503.000000 0.180134
504.000000 0.181454
505.000000 0.183308
506.000000 0.185753
507.000000 0.188787
508.000000 0.192415
509.000000 0.196753
510.000000 0.201602
511.000000 0.206927
512.000000 0.212695
513.000000 0.219593
514.000000 0.221364
515.000000 0.226131
516.000000 0.232418
517.000000 0.239355
518.000000 0.252299
519.000000 0.262067
520.000000 0.270658
521.000000 0.278136
522.000000 0.284787
523.000000 0.290805
524.000000 0.296373
525.000000 0.301056
526.000000 0.305289
527.000000 0.307161
528.000000 0.309255
529.000000 0.312985
530.000000 0.315494
531.000000 0.317409
532.000000 0.318630
533.000000 0.319577
534.000000 0.320127
535.000000 0.320547
536.000000 0.321192
537.000000 0.321669
538.000000 0.321932
539.000000 0.322361
540.000000 0.323531
541.000000 0.325454
542.000000 0.328163
543.000000 0.331754
544.000000 0.335991
545.000000 0.340880
546.000000 0.346918
547.000000 0.354613
548.000000 0.363133
549.000000 0.372377
550.000000 0.382724
551.000000 0.393855
552.000000 0.405670
553.000000 0.418621
554.000000 0.432424
555.000000 0.446597
556.000000 0.460932
557.000000 0.475722
558.000000 0.492012
559.000000 0.508372
560.000000 0.524129
561.000000 0.539315
562.000000 0.553781
563.000000 0.566959
564.000000 0.578661
565.000000 0.588996
566.000000 0.597598
567.000000 0.604303
568.000000 0.608400
569.000000 0.610007
570.000000 0.609086
571.000000 0.605384
572.000000 0.599629
573.000000 0.591897
574.000000 0.581626
575.000000 0.569966
576.000000 0.557154
577.000000 0.543384
578.000000 0.528900
579.000000 0.514087
580.000000 0.499359
581.000000 0.484230
582.000000 0.469787
583.000000 0.456281
584.000000 0.443913
585.000000 0.432691
586.000000 0.422042
587.000000 0.412689
588.000000 0.404563
589.000000 0.397325
590.000000 0.391104
591.000000 0.385639
592.000000 0.381159
593.000000 0.377601
594.000000 0.374742
595.000000 0.372544
596.000000 0.370696
597.000000 0.369302
598.000000 0.368374
599.000000 0.367765
600.000000 0.367464
601.000000 0.367469
602.000000 0.367640
603.000000 0.367741
604.000000 0.367677
605.000000 0.367456
606.000000 0.366919
607.000000 0.366000
608.000000 0.364690
609.000000 0.362744
610.000000 0.359969
611.000000 0.356451
612.000000 0.352286
613.000000 0.347372
614.000000 0.341172
615.000000 0.333417
616.000000 0.325180
617.000000 0.316401
618.000000 0.306363
619.000000 0.295847
620.000000 0.284826
621.000000 0.272828
622.000000 0.260739
623.000000 0.248640
624.000000 0.236016
625.000000 0.223677
626.000000 0.211564
627.000000 0.199253
628.000000 0.187654
629.000000 0.176599
630.000000 0.165577
631.000000 0.154987
632.000000 0.145374
633.000000 0.136469
634.000000 0.127847
635.000000 0.120105
636.000000 0.113190
637.000000 0.106718
638.000000 0.100953
639.000000 0.095646
640.000000 0.090568
641.000000 0.086007
642.000000 0.082171
643.000000 0.078871
644.000000 0.075848
645.000000 0.073166
646.000000 0.070702
647.000000 0.068446
648.000000 0.066434
649.000000 0.064612
650.000000 0.062943
651.000000 0.061353
652.000000 0.059862
653.000000 0.058501
654.000000 0.057193
655.000000 0.055932
656.000000 0.054719
657.000000 0.053570
658.000000 0.052488
659.000000 0.051409
660.000000 0.050344
661.000000 0.049310
662.000000 0.048344
663.000000 0.047432
664.000000 0.046599
665.000000 0.045806
666.000000 0.045009
667.000000 0.044237
668.000000 0.043521
669.000000 0.042917
670.000000 0.042437
671.000000 0.042010
672.000000 0.041569
673.000000 0.041098
674.000000 0.040646
675.000000 0.040437
676.000000 0.040437
677.000000 0.040527
678.000000 0.040797
679.000000 0.041151
680.000000 0.041495
681.000000 0.041779
682.000000 0.042011
683.000000 0.042184
684.000000 0.042055
685.000000 0.041660
686.000000 0.041484
687.000000 0.041735
688.000000 0.042274
689.000000 0.042895
690.000000 0.043466
691.000000 0.044104
692.000000 0.044894
693.000000 0.045734
694.000000 0.046550
695.000000 0.047429
696.000000 0.048320
697.000000 0.049129
698.000000 0.049775
699.000000 0.050465
700.000000 0.051237
701.000000 0.051893
702.000000 0.052543
703.000000 0.053258
704.000000 0.054056
705.000000 0.054892
706.000000 0.055732
707.000000 0.056564
708.000000 0.057343
709.000000 0.058093
710.000000 0.058855
711.000000 0.059576
712.000000 0.060268
713.000000 0.060954
714.000000 0.061599
715.000000 0.062205
716.000000 0.062788
717.000000 0.063323
718.000000 0.063796
719.000000 0.064228
720.000000 0.064606
721.000000 0.064947
722.000000 0.065290
723.000000 0.065642
724.000000 0.065956
725.000000 0.066195
726.000000 0.066436
727.000000 0.066673
728.000000 0.066862
729.000000 0.067077
730.000000 0.067321
731.000000 0.067577
732.000000 0.067857
733.000000 0.068195
734.000000 0.068545
735.000000 0.068878
736.000000 0.069261
737.000000 0.069729
738.000000 0.070278
739.000000 0.070883
740.000000 0.071574
741.000000 0.072275
742.000000 0.073008
743.000000 0.073867
744.000000 0.074833
745.000000 0.075878
746.000000 0.076948
747.000000 0.078075
748.000000 0.079346
749.000000 0.080701
750.000000 0.082091
751.000000 0.083597
752.000000 0.085249
753.000000 0.086978
754.000000 0.088761
755.000000 0.090628
756.000000 0.092548
757.000000 0.094530
758.000000 0.096606
759.000000 0.098805
760.000000 0.101112
761.000000 0.103455
762.000000 0.105849
763.000000 0.108330
764.000000 0.110937
765.000000 0.113685
766.000000 0.116527
767.000000 0.119504
768.000000 0.122509
769.000000 0.125436
770.000000 0.128315
771.000000 0.131174
772.000000 0.134046
773.000000 0.136909
774.000000 0.139782
775.000000 0.142654
776.000000 0.145607
777.000000 0.148481
778.000000 0.151088
779.000000 0.153504
780.000000 0.155744
781.000000 0.157768
782.000000 0.159490
783.000000 0.160890
784.000000 0.161969
785.000000 0.162656
786.000000 0.162989
787.000000 0.163004
788.000000 0.162489
789.000000 0.161495
790.000000 0.160215
791.000000 0.158583
792.000000 0.156526
793.000000 0.154060
794.000000 0.151250
795.000000 0.147996
796.000000 0.144318
797.000000 0.140203
798.000000 0.135782
799.000000 0.131268
800.000000 0.126523
801.000000 0.121577
802.000000 0.116507
803.000000 0.111313
804.000000 0.105845
805.000000 0.100320
806.000000 0.095099
807.000000 0.090014
808.000000 0.084939
809.000000 0.079933
810.000000 0.074880
811.000000 0.069949
812.000000 0.065365
813.000000 0.060979
814.000000 0.056783
815.000000 0.052831
816.000000 0.048951
817.000000 0.045228
818.000000 0.041873
819.000000 0.038789
820.000000 0.035931
821.000000 0.033199
822.000000 0.030632
823.000000 0.028328
824.000000 0.026242
825.000000 0.024296
826.000000 0.022504
827.000000 0.020902
828.000000 0.019488
829.000000 0.018174
830.000000 0.016840
831.000000 0.015606
832.000000 0.014642
833.000000 0.013849
834.000000 0.013009
835.000000 0.012211
836.000000 0.011553
837.000000 0.010963
838.000000 0.010392
839.000000 0.009886
840.000000 0.009440
841.000000 0.008989
842.000000 0.008611
843.000000 0.008290
844.000000 0.007972
845.000000 0.007621
846.000000 0.007287
847.000000 0.007050
848.000000 0.006833
849.000000 0.006580
850.000000 0.006345
851.000000 0.006173
852.000000 0.006063
853.000000 0.006002
854.000000 0.005910
855.000000 0.005805
856.000000 0.005710
857.000000 0.005607
858.000000 0.005524
859.000000 0.005415
860.000000 0.005298
861.000000 0.005234
862.000000 0.005210
863.000000 0.005178
864.000000 0.005103
865.000000 0.005046
866.000000 0.005020
867.000000 0.004991
868.000000 0.004961
869.000000 0.004914
870.000000 0.004898
871.000000 0.004902
872.000000 0.004864
873.000000 0.004831
874.000000 0.004848
875.000000 0.004888
876.000000 0.004896
877.000000 0.004887
878.000000 0.004893
879.000000 0.004901
880.000000 0.004947
881.000000 0.004998
882.000000 0.004996
883.000000 0.005000
884.000000 0.005052
885.000000 0.005079
886.000000 0.005078
887.000000 0.005092
888.000000 0.005139
889.000000 0.005194
890.000000 0.005237
891.000000 0.005276
892.000000 0.005285
893.000000 0.005298
894.000000 0.005318
895.000000 0.005381
896.000000 0.005464
897.000000 0.005518
898.000000 0.005541
899.000000 0.005556
900.000000 0.005577
