315.000000 0.105242
316.000000 0.106749
317.000000 0.107870
318.000000 0.109769
319.000000 0.111445
320.000000 0.112176
321.000000 0.114518
322.000000 0.117506
323.000000 0.119155
324.000000 0.121182
325.000000 0.123576
326.000000 0.125449
327.000000 0.127534
328.000000 0.129867
329.000000 0.131855
330.000000 0.133841
331.000000 0.136063
332.000000 0.138462
333.000000 0.141323
334.000000 0.144143
335.000000 0.146795
336.000000 0.149562
337.000000 0.152440
338.000000 0.155681
339.000000 0.159094
340.000000 0.162191
341.000000 0.165319
342.000000 0.168600
343.000000 0.171548
344.000000 0.174719
345.000000 0.178087
346.000000 0.181117
347.000000 0.183897
348.000000 0.186575
349.000000 0.188915
350.000000 0.190779
351.000000 0.192449
352.000000 0.194078
353.000000 0.195402
354.000000 0.196519
355.000000 0.197490
356.000000 0.198231
357.000000 0.198553
358.000000 0.198269
359.000000 0.197855
360.000000 0.197287
361.000000 0.196590
362.000000 0.195972
363.000000 0.195245
364.000000 0.194454
365.000000 0.193798
366.000000 0.193205
367.000000 0.192818
368.000000 0.192647
369.000000 0.192797
370.000000 0.193244
371.000000 0.193958
372.000000 0.195061
373.000000 0.196112
374.000000 0.197022
375.000000 0.198588
376.000000 0.200506
377.000000 0.201876
378.000000 0.203099
379.000000 0.204572
380.000000 0.206170
381.000000 0.207688
382.000000 0.208927
383.000000 0.209780
384.000000 0.210535
385.000000 0.211412
386.000000 0.212169
387.000000 0.213274
388.000000 0.214778
389.000000 0.216191
390.000000 0.217626
391.000000 0.219049
392.000000 0.220726
393.000000 0.222854
394.000000 0.224975
395.000000 0.226908
396.000000 0.228723
397.000000 0.230134
398.000000 0.231142
399.000000 0.231793
400.000000 0.231654
401.000000 0.230497
402.000000 0.228442
403.000000 0.225640
404.000000 0.222280
405.000000 0.218198
406.000000 0.213706
407.000000 0.209195
408.000000 0.204376
409.000000 0.199524
410.000000 0.195104
411.000000 0.190720
412.000000 0.186394
413.000000 0.182547
414.000000 0.178966
415.000000 0.175479
416.000000 0.172185
417.000000 0.168831
418.000000 0.165531
419.000000 0.162600
420.000000 0.159995
421.000000 0.157630
422.000000 0.155127
423.000000 0.152540
424.000000 0.150124
425.000000 0.147761
426.000000 0.145386
427.000000 0.143097
428.000000 0.140994
429.000000 0.139058
430.000000 0.137182
431.000000 0.135332
432.000000 0.133475
433.000000 0.131746
434.000000 0.130252
435.000000 0.128922
436.000000 0.127852
437.000000 0.127103
438.000000 0.126578
439.000000 0.126371
440.000000 0.126426
441.000000 0.126638
442.000000 0.126937
443.000000 0.127320
444.000000 0.127783
445.000000 0.128138
446.000000 0.128562
447.000000 0.129054
448.000000 0.129336
449.000000 0.129496
450.000000 0.129440
451.000000 0.129166
452.000000 0.128872
453.000000 0.128613
454.000000 0.128417
455.000000 0.128235
456.000000 0.128074
457.000000 0.128050
458.000000 0.128375
459.000000 0.129145
460.000000 0.130238
461.000000 0.131760
462.000000 0.134096
463.000000 0.137241
464.000000 0.141160
465.000000 0.145869
466.000000 0.150965
467.000000 0.156848
468.000000 0.163607
469.000000 0.171055
470.000000 0.179144
471.000000 0.187135
472.000000 0.195143
473.000000 0.202997
474.000000 0.210482
475.000000 0.217412
476.000000 0.223323
477.000000 0.228421
478.000000 0.232435
479.000000 0.235158
480.000000 0.236692
481.000000 0.237026
482.000000 0.236356
483.000000 0.234802
484.000000 0.232325
485.000000 0.229233
486.000000 0.225634
487.000000 0.221713
488.000000 0.217586
489.000000 0.213579
490.000000 0.209506
491.000000 0.205216
492.000000 0.201349
493.000000 0.197482
494.000000 0.193832
495.000000 0.190535
496.000000 0.187513
497.000000 0.185040
498.000000 0.183188
499.000000 0.181785
500.000000 0.180556
501.000000 0.180054
502.000000 0.180233
503.000000 0.180845
504.000000 0.182014
505.000000 0.183910
506.000000 0.186494
507.000000 0.189419
508.000000 0.192957
509.000000 0.197360
510.000000 0.202270
511.000000 0.207873
512.000000 0.213836
513.000000 0.220066
514.000000 0.226749
515.000000 0.233722
516.000000 0.233816
517.000000 0.238686
518.000000 0.252548
519.000000 0.262192
520.000000 0.270366
521.000000 0.277837
522.000000 0.284529
523.000000 0.290493
524.000000 0.295922
525.000000 0.300622
526.000000 0.304909
527.000000 0.308655
528.000000 0.311843
529.000000 0.301156
530.000000 0.296599
531.000000 0.309426
532.000000 0.316661
533.000000 0.319235
534.000000 0.320303
535.000000 0.320931
536.000000 0.321585
537.000000 0.322115
538.000000 0.322672
539.000000 0.323066
540.000000 0.323952
541.000000 0.326128
542.000000 0.329164
543.000000 0.332875
544.000000 0.337507
545.000000 0.342895
546.000000 0.349257
547.000000 0.357154
548.000000 0.365810
549.000000 0.374988
550.000000 0.385104
551.000000 0.396191
552.000000 0.408222
553.000000 0.421381
554.000000 0.435415
555.000000 0.450137
556.000000 0.465033
557.000000 0.480056
558.000000 0.496100
559.000000 0.511155
560.000000 0.525007
561.000000 0.529610
562.000000 0.540163
563.000000 0.561712
564.000000 0.577018
565.000000 0.589281
566.000000 0.598603
567.000000 0.605463
568.000000 0.609749
569.000000 0.611624
570.000000 0.610895
571.000000 0.607419
572.000000 0.601858
573.000000 0.594057
574.000000 0.583401
575.000000 0.570840
576.000000 0.557323
577.000000 0.543344
578.000000 0.528142
579.000000 0.512420
580.000000 0.497245
581.000000 0.482174
582.000000 0.467942
583.000000 0.454491
584.000000 0.442192
585.000000 0.431010
586.000000 0.420225
587.000000 0.410694
588.000000 0.402420
589.000000 0.395175
590.000000 0.389057
591.000000 0.383706
592.000000 0.379313
593.000000 0.375807
594.000000 0.373044
595.000000 0.370859
596.000000 0.368985
597.000000 0.367555
598.000000 0.366560
599.000000 0.365894
600.000000 0.365631
601.000000 0.365550
602.000000 0.365568
603.000000 0.365726
604.000000 0.365765
605.000000 0.365518
606.000000 0.364863
607.000000 0.363829
608.000000 0.362447
609.000000 0.360460
610.000000 0.357672
611.000000 0.354230
612.000000 0.350101
613.000000 0.345142
614.000000 0.339138
615.000000 0.331790
616.000000 0.323786
617.000000 0.315054
618.000000 0.305066
619.000000 0.294642
620.000000 0.283752
621.000000 0.271935
622.000000 0.259988
623.000000 0.247955
624.000000 0.235527
625.000000 0.223456
626.000000 0.211541
627.000000 0.199428
628.000000 0.188051
629.000000 0.177207
630.000000 0.166438
631.000000 0.156202
632.000000 0.146770
633.000000 0.137890
634.000000 0.129292
635.000000 0.121532
636.000000 0.114573
637.000000 0.108023
638.000000 0.102180
639.000000 0.096932
640.000000 0.092111
641.000000 0.087776
642.000000 0.084083
643.000000 0.080867
644.000000 0.077882
645.000000 0.075250
646.000000 0.072862
647.000000 0.070691
648.000000 0.068763
649.000000 0.067013
650.000000 0.065383
651.000000 0.063902
652.000000 0.062559
653.000000 0.061416
654.000000 0.060432
655.000000 0.059376
656.000000 0.058285
657.000000 0.057230
658.000000 0.056158
659.000000 0.055063
660.000000 0.053957
661.000000 0.052897
662.000000 0.051922
663.000000 0.051039
664.000000 0.050215
665.000000 0.049463
666.000000 0.048904
667.000000 0.048578
668.000000 0.048057
669.000000 0.047198
670.000000 0.046462
671.000000 0.045943
672.000000 0.045523
673.000000 0.045223
674.000000 0.045050
675.000000 0.044998
676.000000 0.044943
677.000000 0.044857
678.000000 0.044913
679.000000 0.045095
680.000000 0.045338
681.000000 0.045607
682.000000 0.045914
683.000000 0.046264
684.000000 0.046641
685.000000 0.047087
686.000000 0.047611
687.000000 0.048196
688.000000 0.048877
689.000000 0.049581
690.000000 0.050269
691.000000 0.051006
692.000000 0.051821
693.000000 0.052712
694.000000 0.053617
695.000000 0.054516
696.000000 0.055413
697.000000 0.056291
698.000000 0.057145
699.000000 0.058080
700.000000 0.059094
701.000000 0.060178
702.000000 0.061256
703.000000 0.062278
704.000000 0.063354
705.000000 0.064483
706.000000 0.065591
707.000000 0.066647
708.000000 0.067656
709.000000 0.068505
710.000000 0.069191
711.000000 0.069882
712.000000 0.070611
713.000000 0.071366
714.000000 0.072115
715.000000 0.072790
716.000000 0.073454
717.000000 0.074108
718.000000 0.074690
719.000000 0.075199
720.000000 0.075626
721.000000 0.076050
722.000000 0.076477
723.000000 0.076860
724.000000 0.077217
725.000000 0.077516
726.000000 0.077774
727.000000 0.078043
728.000000 0.078310
729.000000 0.078583
730.000000 0.078890
731.000000 0.079200
732.000000 0.079502
733.000000 0.079855
734.000000 0.080250
735.000000 0.080667
736.000000 0.081155
737.000000 0.081747
738.000000 0.082392
739.000000 0.083128
740.000000 0.084009
741.000000 0.084905
742.000000 0.085783
743.000000 0.086789
744.000000 0.087933
745.000000 0.089164
746.000000 0.090471
747.000000 0.091840
748.000000 0.093342
749.000000 0.094950
750.000000 0.096633
751.000000 0.098440
752.000000 0.100497
753.000000 0.102725
754.000000 0.104798
755.000000 0.106789
756.000000 0.108962
757.000000 0.111301
758.000000 0.113757
759.000000 0.116376
760.000000 0.119095
761.000000 0.121889
762.000000 0.124774
763.000000 0.127700
764.000000 0.130746
765.000000 0.133988
766.000000 0.137341
767.000000 0.140775
768.000000 0.144250
769.000000 0.147717
770.000000 0.151244
771.000000 0.154803
772.000000 0.158314
773.000000 0.161736
774.000000 0.165152
775.000000 0.168574
776.000000 0.172074
777.000000 0.175522
778.000000 0.178669
779.000000 0.181530
780.000000 0.184142
781.000000 0.186504
782.000000 0.188539
783.000000 0.190235
784.000000 0.191535
785.000000 0.192360
786.000000 0.192768
787.000000 0.192801
788.000000 0.192305
789.000000 0.191250
790.000000 0.189729
791.000000 0.187725
792.000000 0.185196
793.000000 0.182190
794.000000 0.178777
795.000000 0.174893
796.000000 0.170567
797.000000 0.165664
798.000000 0.160336
799.000000 0.154904
800.000000 0.149238
801.000000 0.143320
802.000000 0.137269
803.000000 0.131135
804.000000 0.124690
805.000000 0.118159
806.000000 0.111972
807.000000 0.105883
808.000000 0.099776
809.000000 0.093836
810.000000 0.087844
811.000000 0.081952
812.000000 0.076526
813.000000 0.071350
814.000000 0.066390
815.000000 0.061707
816.000000 0.057048
817.000000 0.052599
818.000000 0.048638
819.000000 0.045013
820.000000 0.041605
821.000000 0.038345
822.000000 0.035272
823.000000 0.032531
824.000000 0.030114
825.000000 0.027796
826.000000 0.025639
827.000000 0.023740
828.000000 0.022053
829.000000 0.020480
830.000000 0.018940
831.000000 0.017520
832.000000 0.016321
833.000000 0.015277
834.000000 0.014266
835.000000 0.013371
836.000000 0.012631
837.000000 0.011929
838.000000 0.011219
839.000000 0.010566
840.000000 0.009984
841.000000 0.009472
842.000000 0.009079
843.000000 0.008708
844.000000 0.008335
845.000000 0.008015
846.000000 0.007730
847.000000 0.007480
848.000000 0.007227
849.000000 0.006965
850.000000 0.006725
851.000000 0.006483
852.000000 0.006331
853.000000 0.006284
854.000000 0.006167
855.000000 0.006023
856.000000 0.005917
857.000000 0.005796
858.000000 0.005703
859.000000 0.005624
860.000000 0.005526
861.000000 0.005470
862.000000 0.005443
863.000000 0.005347
864.000000 0.005222
865.000000 0.005169
866.000000 0.005139
867.000000 0.005096
868.000000 0.005087
869.000000 0.005061
870.000000 0.005017
871.000000 0.004995
872.000000 0.004937
873.000000 0.004884
874.000000 0.004881
875.000000 0.004886
876.000000 0.004887
877.000000 0.004902
878.000000 0.004921
879.000000 0.004935
880.000000 0.004959
881.000000 0.004972
882.000000 0.004952
883.000000 0.004964
884.000000 0.005022
885.000000 0.005047
886.000000 0.005079
887.000000 0.005137
888.000000 0.005165
889.000000 0.005177
890.000000 0.005194
891.000000 0.005230
892.000000 0.005266
893.000000 0.005288
894.000000 0.005317
895.000000 0.005367
896.000000 0.005419
897.000000 0.005478
898.000000 0.005548
899.000000 0.005588
900.000000 0.005603
