315.000000 0.082804
316.000000 0.083210
317.000000 0.083925
318.000000 0.085885
319.000000 0.087895
320.000000 0.089701
321.000000 0.091533
322.000000 0.092836
323.000000 0.093818
324.000000 0.094919
325.000000 0.096462
326.000000 0.098310
327.000000 0.100043
328.000000 0.101898
329.000000 0.103737
330.000000 0.105691
331.000000 0.108143
332.000000 0.110971
333.000000 0.114007
334.000000 0.116869
335.000000 0.119532
336.000000 0.122670
337.000000 0.124229
338.000000 0.126905
339.000000 0.131856
340.000000 0.135808
341.000000 0.139328
342.000000 0.142823
343.000000 0.146471
344.000000 0.150378
345.000000 0.154205
346.000000 0.157490
347.000000 0.160524
348.000000 0.163488
349.000000 0.165912
350.000000 0.167840
351.000000 0.169548
352.000000 0.170963
353.000000 0.172332
354.000000 0.173299
355.000000 0.173689
356.000000 0.173684
357.000000 0.173440
358.000000 0.173244
359.000000 0.172906
360.000000 0.172204
361.000000 0.171388
362.000000 0.170487
363.000000 0.169379
364.000000 0.168211
365.000000 0.166998
366.000000 0.165675
367.000000 0.164234
368.000000 0.162610
369.000000 0.160877
370.000000 0.158680
371.000000 0.156206
372.000000 0.154037
373.000000 0.151532
374.000000 0.148187
375.000000 0.144929
376.000000 0.142115
377.000000 0.138857
378.000000 0.135535
379.000000 0.132302
380.000000 0.128794
381.000000 0.125198
382.000000 0.121932
383.000000 0.119073
384.000000 0.116055
385.000000 0.113213
386.000000 0.110662
387.000000 0.108382
388.000000 0.106647
389.000000 0.105037
390.000000 0.103531
391.000000 0.102369
392.000000 0.101445
393.000000 0.100811
394.000000 0.100502
395.000000 0.100265
396.000000 0.100193
397.000000 0.100524
398.000000 0.101139
399.000000 0.101667
400.000000 0.102209
401.000000 0.102816
402.000000 0.103375
403.000000 0.104018
404.000000 0.104848
405.000000 0.105798
406.000000 0.106592
407.000000 0.107277
408.000000 0.108046
409.000000 0.108828
410.000000 0.109079
411.000000 0.109112
412.000000 0.109366
413.000000 0.109959
414.000000 0.110775
415.000000 0.111520
416.000000 0.112641
417.000000 0.114254
418.000000 0.116194
419.000000 0.118420
420.000000 0.121138
421.000000 0.124485
422.000000 0.128258
423.000000 0.132789
424.000000 0.137879
425.000000 0.143087
426.000000 0.149037
427.000000 0.155378
428.000000 0.161152
429.000000 0.166625
430.000000 0.171731
431.000000 0.175991
432.000000 0.179280
433.000000 0.181329
434.000000 0.182140
435.000000 0.181616
436.000000 0.179684
437.000000 0.176493
438.000000 0.172367
439.000000 0.167402
440.000000 0.161480
441.000000 0.155253
442.000000 0.149101
443.000000 0.142606
444.000000 0.135978
445.000000 0.129590
446.000000 0.123123
447.000000 0.116987
448.000000 0.111340
449.000000 0.106004
450.000000 0.101098
451.000000 0.096428
452.000000 0.092066
453.000000 0.088238
454.000000 0.084786
455.000000 0.081628
456.000000 0.078750
457.000000 0.076013
458.000000 0.073575
459.000000 0.071276
460.000000 0.069093
461.000000 0.067141
462.000000 0.065206
463.000000 0.063244
464.000000 0.061318
465.000000 0.059547
466.000000 0.057988
467.000000 0.056470
468.000000 0.054900
469.000000 0.053281
470.000000 0.051712
471.000000 0.050290
472.000000 0.048818
473.000000 0.047353
474.000000 0.045953
475.000000 0.044607
476.000000 0.043416
477.000000 0.042164
478.000000 0.040941
479.000000 0.039755
480.000000 0.038609
481.000000 0.037535
482.000000 0.036529
483.000000 0.035648
484.000000 0.034762
485.000000 0.033868
486.000000 0.032987
487.000000 0.032158
488.000000 0.031380
489.000000 0.030013
490.000000 0.028526
491.000000 0.027505
492.000000 0.026906
493.000000 0.026607
494.000000 0.026207
495.000000 0.025611
496.000000 0.025164
497.000000 0.024871
498.000000 0.024356
499.000000 0.023905
500.000000 0.023587
501.000000 0.023632
502.000000 0.023761
503.000000 0.023669
504.000000 0.023428
505.000000 0.023299
506.000000 0.023131
507.000000 0.022768
508.000000 0.022666
509.000000 0.022620
510.000000 0.022554
511.000000 0.022394
512.000000 0.022184
513.000000 0.022389
514.000000 0.022557
515.000000 0.022491
516.000000 0.022544
517.000000 0.022487
518.000000 0.022624
519.000000 0.022744
520.000000 0.022765
521.000000 0.022730
522.000000 0.022492
523.000000 0.022492
524.000000 0.022670
525.000000 0.023106
526.000000 0.023565
527.000000 0.023911
528.000000 0.024212
529.000000 0.024421
530.000000 0.024587
531.000000 0.024712
532.000000 0.025141
533.000000 0.025609
534.000000 0.025750
535.000000 0.026069
536.000000 0.026960
537.000000 0.027804
538.000000 0.028625
539.000000 0.029396
540.000000 0.029639
541.000000 0.029990
542.000000 0.030894
543.000000 0.032196
544.000000 0.033300
545.000000 0.034380
546.000000 0.035600
547.000000 0.036781
548.000000 0.038152
549.000000 0.039482
550.000000 0.040651
551.000000 0.041836
552.000000 0.043077
553.000000 0.044291
554.000000 0.045535
555.000000 0.046737
556.000000 0.047771
557.000000 0.048782
558.000000 0.049977
559.000000 0.051430
560.000000 0.052970
561.000000 0.054227
562.000000 0.055347
563.000000 0.056530
564.000000 0.057772
565.000000 0.059063
566.000000 0.060193
567.000000 0.061557
568.000000 0.063082
569.000000 0.064393
570.000000 0.065717
571.000000 0.067322
572.000000 0.069042
573.000000 0.070612
574.000000 0.072366
575.000000 0.074443
576.000000 0.076726
577.000000 0.079111
578.000000 0.081447
579.000000 0.083957
580.000000 0.086699
581.000000 0.089657
582.000000 0.092896
583.000000 0.096289
584.000000 0.099705
585.000000 0.103205
586.000000 0.106982
587.000000 0.110752
588.000000 0.114539
589.000000 0.118431
590.000000 0.122496
591.000000 0.126861
592.000000 0.131253
593.000000 0.135654
594.000000 0.139970
595.000000 0.144303
596.000000 0.148844
597.000000 0.153400
598.000000 0.157922
599.000000 0.162521
600.000000 0.167159
601.000000 0.171809
602.000000 0.176388
603.000000 0.180906
604.000000 0.185668
605.000000 0.190353
606.000000 0.194905
607.000000 0.199696
608.000000 0.204528
609.000000 0.209417
610.000000 0.214479
611.000000 0.219559
612.000000 0.224817
613.000000 0.230335
614.000000 0.236124
615.000000 0.242339
616.000000 0.248538
617.000000 0.254974
618.000000 0.262110
619.000000 0.269424
620.000000 0.277126
621.000000 0.285656
622.000000 0.294455
623.000000 0.303573
624.000000 0.313547
625.000000 0.323887
626.000000 0.334870
627.000000 0.346997
628.000000 0.359356
629.000000 0.372216
630.000000 0.386299
631.000000 0.401256
632.000000 0.416366
633.000000 0.431936
634.000000 0.448737
635.000000 0.465838
636.000000 0.483313
637.000000 0.501845
638.000000 0.520295
639.000000 0.538897
640.000000 0.558444
641.000000 0.578382
642.000000 0.597487
643.000000 0.616268
644.000000 0.635988
645.000000 0.655033
646.000000 0.673446
647.000000 0.692256
648.000000 0.710934
649.000000 0.728462
650.000000 0.745167
651.000000 0.761802
652.000000 0.777802
653.000000 0.792370
654.000000 0.805833
655.000000 0.818709
656.000000 0.830690
657.000000 0.841407
658.000000 0.851145
659.000000 0.860417
660.000000 0.869011
661.000000 0.876596
662.000000 0.883375
663.000000 0.889881
664.000000 0.896075
665.000000 0.901726
666.000000 0.907054
667.000000 0.912457
668.000000 0.918060
669.000000 0.923870
670.000000 0.930084
671.000000 0.937059
672.000000 0.944835
673.000000 0.953592
674.000000 0.962817
675.000000 0.973081
676.000000 0.985398
677.000000 0.999455
678.000000 1.015230
679.000000 1.031972
680.000000 1.050132
681.000000 1.070808
682.000000 1.093788
683.000000 1.119263
684.000000 1.146216
685.000000 1.174936
686.000000 1.206710
687.000000 1.240934
688.000000 1.277506
689.000000 1.316527
690.000000 1.356135
691.000000 1.396807
692.000000 1.441064
693.000000 1.487812
694.000000 1.536148
695.000000 1.586013
696.000000 1.635043
697.000000 1.683983
698.000000 1.735312
699.000000 1.787558
700.000000 1.839981
701.000000 1.891817
702.000000 1.940515
703.000000 1.986257
704.000000 2.031637
705.000000 2.075043
706.000000 2.115402
707.000000 2.153134
708.000000 2.187057
709.000000 2.216515
710.000000 2.242921
711.000000 2.263451
712.000000 2.277241
713.000000 2.286444
714.000000 2.289956
715.000000 2.287862
716.000000 2.281201
717.000000 2.268747
718.000000 2.249572
719.000000 2.225608
720.000000 2.196667
721.000000 2.162720
722.000000 2.124327
723.000000 2.082150
724.000000 2.036225
725.000000 1.986857
726.000000 1.935562
727.000000 1.881898
728.000000 1.825675
729.000000 1.767751
730.000000 1.708191
731.000000 1.651449
732.000000 1.595837
733.000000 1.538322
734.000000 1.480117
735.000000 1.421882
736.000000 1.364543
737.000000 1.308213
738.000000 1.252870
739.000000 1.198733
740.000000 1.145897
741.000000 1.094303
742.000000 1.044403
743.000000 0.996168
744.000000 0.949344
745.000000 0.904032
746.000000 0.860226
747.000000 0.817873
748.000000 0.777310
749.000000 0.738350
750.000000 0.700934
751.000000 0.664791
752.000000 0.629784
753.000000 0.596036
754.000000 0.563704
755.000000 0.532689
756.000000 0.502913
757.000000 0.474420
758.000000 0.447080
759.000000 0.420794
760.000000 0.395463
761.000000 0.371251
762.000000 0.348306
763.000000 0.326527
764.000000 0.305767
765.000000 0.285775
766.000000 0.266598
767.000000 0.248531
768.000000 0.231595
769.000000 0.215642
770.000000 0.200614
771.000000 0.186522
772.000000 0.173272
773.000000 0.160940
774.000000 0.149408
775.000000 0.138479
776.000000 0.127615
777.000000 0.117267
778.000000 0.108118
779.000000 0.099776
780.000000 0.092126
781.000000 0.085129
782.000000 0.078629
783.000000 0.072563
784.000000 0.066934
785.000000 0.061768
786.000000 0.056988
787.000000 0.052525
788.000000 0.048311
789.000000 0.044450
790.000000 0.040992
791.000000 0.037823
792.000000 0.035018
793.000000 0.032429
794.000000 0.029976
795.000000 0.027746
796.000000 0.025701
797.000000 0.023762
798.000000 0.021981
799.000000 0.020399
800.000000 0.018964
801.000000 0.017681
802.000000 0.016537
803.000000 0.015461
804.000000 0.014388
805.000000 0.013405
806.000000 0.012617
807.000000 0.011908
808.000000 0.011268
809.000000 0.010679
810.000000 0.010081
811.000000 0.009521
812.000000 0.008977
813.000000 0.008476
814.000000 0.008063
815.000000 0.007674
816.000000 0.007296
817.000000 0.006978
818.000000 0.006685
819.000000 0.006399
820.000000 0.006142
821.000000 0.005924
822.000000 0.005710
823.000000 0.005467
824.000000 0.005221
825.000000 0.005028
826.000000 0.004875
827.000000 0.004723
828.000000 0.004575
829.000000 0.004439
830.000000 0.004304
831.000000 0.004160
832.000000 0.004046
833.000000 0.003919
834.000000 0.003781
835.000000 0.003717
836.000000 0.003648
837.000000 0.003554
838.000000 0.003444
839.000000 0.003351
840.000000 0.003303
841.000000 0.003245
842.000000 0.003189
843.000000 0.003102
844.000000 0.003047
845.000000 0.003045
846.000000 0.003008
847.000000 0.002947
848.000000 0.002906
849.000000 0.002892
850.000000 0.002932
851.000000 0.002978
852.000000 0.002924
853.000000 0.002762
854.000000 0.002584
855.000000 0.002493
856.000000 0.002482
857.000000 0.002473
858.000000 0.002448
859.000000 0.002430
860.000000 0.002430
861.000000 0.002447
862.000000 0.002424
863.000000 0.002376
864.000000 0.002337
865.000000 0.002301
866.000000 0.002261
867.000000 0.002246
868.000000 0.002231
869.000000 0.002205
870.000000 0.002204
871.000000 0.002186
872.000000 0.002111
873.000000 0.002039
874.000000 0.002019
875.000000 0.002012
876.000000 0.002011
877.000000 0.002021
878.000000 0.002032
879.000000 0.002017
880.000000 0.001955
881.000000 0.001921
882.000000 0.001918
883.000000 0.001907
884.000000 0.001900
885.000000 0.001852
886.000000 0.001832
887.000000 0.001872
888.000000 0.001893
889.000000 0.001898
890.000000 0.001886
891.000000 0.001873
892.000000 0.001891
893.000000 0.001923
894.000000 0.001925
895.000000 0.001910
896.000000 0.001885
897.000000 0.001851
898.000000 0.001840
899.000000 0.001854
900.000000 0.001875
