315.000000 0.133133
316.000000 0.133949
317.000000 0.135184
318.000000 0.136883
319.000000 0.138426
320.000000 0.140270
321.000000 0.141866
322.000000 0.143444
323.000000 0.145360
324.000000 0.146411
325.000000 0.147631
326.000000 0.149504
327.000000 0.151053
328.000000 0.152195
329.000000 0.153174
330.000000 0.154420
331.000000 0.156221
332.000000 0.158594
333.000000 0.160513
334.000000 0.161719
335.000000 0.163025
336.000000 0.164598
337.000000 0.166180
338.000000 0.167687
339.000000 0.169425
340.000000 0.171018
341.000000 0.172404
342.000000 0.174140
343.000000 0.175810
344.000000 0.177218
345.000000 0.178284
346.000000 0.178855
347.000000 0.179177
348.000000 0.179512
349.000000 0.179501
350.000000 0.178862
351.000000 0.177915
352.000000 0.176885
353.000000 0.175694
354.000000 0.174165
355.000000 0.172471
356.000000 0.170592
357.000000 0.168739
358.000000 0.167103
359.000000 0.165614
360.000000 0.164180
361.000000 0.162755
362.000000 0.161389
363.000000 0.160057
364.000000 0.158886
365.000000 0.157678
366.000000 0.156384
367.000000 0.155353
368.000000 0.154528
369.000000 0.153843
370.000000 0.152480
371.000000 0.151055
372.000000 0.150518
373.000000 0.149716
374.000000 0.148219
375.000000 0.147162
376.000000 0.146471
377.000000 0.145476
378.000000 0.144824
379.000000 0.144552
380.000000 0.144332
381.000000 0.144028
382.000000 0.144065
383.000000 0.144275
384.000000 0.143896
385.000000 0.143589
386.000000 0.143911
387.000000 0.144563
388.000000 0.145611
389.000000 0.146816
390.000000 0.147729
391.000000 0.148861
392.000000 0.150247
393.000000 0.151660
394.000000 0.153203
395.000000 0.154902
396.000000 0.156638
397.000000 0.158598
398.000000 0.160888
399.000000 0.162913
400.000000 0.164994
401.000000 0.167197
402.000000 0.169398
403.000000 0.171646
404.000000 0.173914
405.000000 0.176266
406.000000 0.178480
407.000000 0.180580
408.000000 0.182820
409.000000 0.185099
410.000000 0.186943
411.000000 0.188592
412.000000 0.190698
413.000000 0.192952
414.000000 0.195128
415.000000 0.197206
416.000000 0.199329
417.000000 0.201877
418.000000 0.204509
419.000000 0.207103
420.000000 0.210140
421.000000 0.213568
422.000000 0.217140
423.000000 0.221000
424.000000 0.224878
425.000000 0.228594
426.000000 0.232412
427.000000 0.236084
428.000000 0.239117
429.000000 0.241676
430.000000 0.243663
431.000000 0.244777
432.000000 0.244877
433.000000 0.243744
434.000000 0.241804
435.000000 0.238935
436.000000 0.235176
437.000000 0.230798
438.000000 0.225940
439.000000 0.220882
440.000000 0.215455
441.000000 0.210010
442.000000 0.204813
443.000000 0.199550
444.000000 0.194441
445.000000 0.189673
446.000000 0.184791
447.000000 0.180123
448.000000 0.175845
449.000000 0.171763
450.000000 0.167956
451.000000 0.164301
452.000000 0.160810
453.000000 0.157655
454.000000 0.154660
455.000000 0.151845
456.000000 0.149327
457.000000 0.147031
458.000000 0.144971
459.000000 0.143070
460.000000 0.141425
461.000000 0.139974
462.000000 0.138606
463.000000 0.137357
464.000000 0.136285
465.000000 0.135524
466.000000 0.135024
467.000000 0.134585
468.000000 0.134216
469.000000 0.133971
470.000000 0.133785
471.000000 0.133742
472.000000 0.133752
473.000000 0.133810
474.000000 0.134039
475.000000 0.134312
476.000000 0.134596
477.000000 0.134932
478.000000 0.135360
479.000000 0.135824
480.000000 0.136328
481.000000 0.136878
482.000000 0.137467
483.000000 0.138119
484.000000 0.138866
485.000000 0.139665
486.000000 0.140567
487.000000 0.141541
488.000000 0.142526
489.000000 0.143023
490.000000 0.143402
491.000000 0.144113
492.000000 0.145243
493.000000 0.146859
494.000000 0.148526
495.000000 0.150057
496.000000 0.151620
497.000000 0.153685
498.000000 0.155735
499.000000 0.157648
500.000000 0.160168
501.000000 0.163281
502.000000 0.166381
503.000000 0.169499
504.000000 0.172804
505.000000 0.176367
506.000000 0.180162
507.000000 0.184044
508.000000 0.188337
509.000000 0.193126
510.000000 0.197983
511.000000 0.202834
512.000000 0.207636
513.000000 0.212788
514.000000 0.218317
515.000000 0.223659
516.000000 0.228594
517.000000 0.233431
518.000000 0.238419
519.000000 0.243151
520.000000 0.247602
521.000000 0.251473
522.000000 0.254851
523.000000 0.258109
524.000000 0.261227
525.000000 0.263916
526.000000 0.266097
527.000000 0.268107
528.000000 0.269934
529.000000 0.271423
530.000000 0.272490
531.000000 0.273089
532.000000 0.273989
533.000000 0.275126
534.000000 0.275762
535.000000 0.276459
536.000000 0.277888
537.000000 0.279883
538.000000 0.282691
539.000000 0.286052
540.000000 0.289786
541.000000 0.294918
542.000000 0.301006
543.000000 0.308177
544.000000 0.316560
545.000000 0.325683
546.000000 0.335430
547.000000 0.346077
548.000000 0.357408
549.000000 0.369004
550.000000 0.380926
551.000000 0.393050
552.000000 0.405099
553.000000 0.416774
554.000000 0.428181
555.000000 0.438751
556.000000 0.447989
557.000000 0.455872
558.000000 0.462481
559.000000 0.467357
560.000000 0.470270
561.000000 0.470956
562.000000 0.469385
563.000000 0.465739
564.000000 0.459972
565.000000 0.452567
566.000000 0.443246
567.000000 0.431646
568.000000 0.418785
569.000000 0.404555
570.000000 0.389345
571.000000 0.373318
572.000000 0.356872
573.000000 0.340360
574.000000 0.323481
575.000000 0.307810
576.000000 0.292749
577.000000 0.278157
578.000000 0.264131
579.000000 0.250698
580.000000 0.238213
581.000000 0.226144
582.000000 0.215353
583.000000 0.205696
584.000000 0.197076
585.000000 0.189348
586.000000 0.182079
587.000000 0.175702
588.000000 0.170152
589.000000 0.165221
590.000000 0.160958
591.000000 0.157197
592.000000 0.154028
593.000000 0.151280
594.000000 0.148876
595.000000 0.146822
596.000000 0.144979
597.000000 0.143518
598.000000 0.142378
599.000000 0.141392
600.000000 0.140600
601.000000 0.140010
602.000000 0.139538
603.000000 0.139210
604.000000 0.139062
605.000000 0.138974
606.000000 0.138904
607.000000 0.139077
608.000000 0.139442
609.000000 0.139884
610.000000 0.140521
611.000000 0.141282
612.000000 0.142110
613.000000 0.143077
614.000000 0.144291
615.000000 0.145817
616.000000 0.147426
617.000000 0.149194
618.000000 0.151339
619.000000 0.153634
620.000000 0.156096
621.000000 0.158985
622.000000 0.162084
623.000000 0.165303
624.000000 0.168918
625.000000 0.172714
626.000000 0.176802
627.000000 0.181381
628.000000 0.186012
629.000000 0.190833
630.000000 0.196218
631.000000 0.202036
632.000000 0.207913
633.000000 0.213952
634.000000 0.220486
635.000000 0.227073
636.000000 0.233763
637.000000 0.240822
638.000000 0.247794
639.000000 0.254774
640.000000 0.262039
641.000000 0.269473
642.000000 0.276567
643.000000 0.283475
644.000000 0.290675
645.000000 0.297565
646.000000 0.304147
647.000000 0.310694
648.000000 0.317156
649.000000 0.323250
650.000000 0.328940
651.000000 0.334466
652.000000 0.339782
653.000000 0.344624
654.000000 0.349081
655.000000 0.353391
656.000000 0.357397
657.000000 0.360924
658.000000 0.364140
659.000000 0.367333
660.000000 0.370380
661.000000 0.373186
662.000000 0.375836
663.000000 0.378520
664.000000 0.381243
665.000000 0.383818
666.000000 0.386429
667.000000 0.389338
668.000000 0.392478
669.000000 0.395778
670.000000 0.399366
671.000000 0.403467
672.000000 0.408071
673.000000 0.413116
674.000000 0.418348
675.000000 0.424132
676.000000 0.430915
677.000000 0.438505
678.000000 0.446938
679.000000 0.455721
680.000000 0.465068
681.000000 0.475566
682.000000 0.487101
683.000000 0.499642
684.000000 0.512674
685.000000 0.526455
686.000000 0.541654
687.000000 0.557975
688.000000 0.575142
689.000000 0.593026
690.000000 0.610782
691.000000 0.628898
692.000000 0.648438
693.000000 0.668900
694.000000 0.689999
695.000000 0.711542
696.000000 0.732381
697.000000 0.752941
698.000000 0.774337
699.000000 0.795897
700.000000 0.817270
701.000000 0.838087
702.000000 0.857521
703.000000 0.875935
704.000000 0.893963
705.000000 0.910961
706.000000 0.926653
707.000000 0.940716
708.000000 0.952975
709.000000 0.963572
710.000000 0.972077
711.000000 0.978406
712.000000 0.982806
713.000000 0.985068
714.000000 0.984973
715.000000 0.982530
716.000000 0.977717
717.000000 0.970584
718.000000 0.961386
719.000000 0.950814
720.000000 0.938599
721.000000 0.924055
722.000000 0.907494
723.000000 0.889240
724.000000 0.869642
725.000000 0.849162
726.000000 0.828055
727.000000 0.806136
728.000000 0.783190
729.000000 0.759315
730.000000 0.734871
731.000000 0.711655
732.000000 0.688829
733.000000 0.664948
734.000000 0.640760
735.000000 0.616543
736.000000 0.592505
737.000000 0.568699
738.000000 0.545205
739.000000 0.522221
740.000000 0.499823
741.000000 0.477915
742.000000 0.456593
743.000000 0.435927
744.000000 0.415873
745.000000 0.396287
746.000000 0.377292
747.000000 0.358921
748.000000 0.341167
749.000000 0.324044
750.000000 0.307569
751.000000 0.291744
752.000000 0.276428
753.000000 0.261622
754.000000 0.247471
755.000000 0.233959
756.000000 0.221017
757.000000 0.208648
758.000000 0.196779
759.000000 0.185300
760.000000 0.174315
761.000000 0.163974
762.000000 0.154177
763.000000 0.144783
764.000000 0.135830
765.000000 0.127292
766.000000 0.119173
767.000000 0.111572
768.000000 0.104453
769.000000 0.097785
770.000000 0.091549
771.000000 0.085691
772.000000 0.080188
773.000000 0.075113
774.000000 0.070380
775.000000 0.065921
776.000000 0.061479
777.000000 0.057223
778.000000 0.053498
779.000000 0.050122
780.000000 0.047084
781.000000 0.044363
782.000000 0.041871
783.000000 0.039599
784.000000 0.037473
785.000000 0.035511
786.000000 0.033725
787.000000 0.032069
788.000000 0.030481
789.000000 0.029056
790.000000 0.027848
791.000000 0.026732
792.000000 0.025740
793.000000 0.024850
794.000000 0.024011
795.000000 0.023249
796.000000 0.022584
797.000000 0.021999
798.000000 0.021463
799.000000 0.020985
800.000000 0.020557
801.000000 0.020186
802.000000 0.019897
803.000000 0.019621
804.000000 0.019317
805.000000 0.019030
806.000000 0.018826
807.000000 0.018676
808.000000 0.018567
809.000000 0.018453
810.000000 0.018318
811.000000 0.018203
812.000000 0.018057
813.000000 0.017920
814.000000 0.017825
815.000000 0.017763
816.000000 0.017682
817.000000 0.017542
818.000000 0.017347
819.000000 0.017117
820.000000 0.016899
821.000000 0.016732
822.000000 0.016573
823.000000 0.016377
824.000000 0.016146
825.000000 0.015906
826.000000 0.015698
827.000000 0.015482
828.000000 0.015225
829.000000 0.014934
830.000000 0.014632
831.000000 0.014347
832.000000 0.014063
833.000000 0.013776
834.000000 0.013477
835.000000 0.013153
836.000000 0.012851
837.000000 0.012533
838.000000 0.012199
839.000000 0.011886
840.000000 0.011579
841.000000 0.011271
842.000000 0.010991
843.000000 0.010690
844.000000 0.010352
845.000000 0.010064
846.000000 0.009811
847.000000 0.009548
848.000000 0.009262
849.000000 0.008994
850.000000 0.008742
851.000000 0.008460
852.000000 0.008192
853.000000 0.007969
854.000000 0.007709
855.000000 0.007431
856.000000 0.007241
857.000000 0.007093
858.000000 0.006908
859.000000 0.006738
860.000000 0.006569
861.000000 0.006449
862.000000 0.006403
863.000000 0.006287
864.000000 0.006117
865.000000 0.005995
866.000000 0.005854
867.000000 0.005648
868.000000 0.005442
869.000000 0.005283
870.000000 0.005179
871.000000 0.005060
872.000000 0.004897
873.000000 0.004744
874.000000 0.004608
875.000000 0.004484
876.000000 0.004399
877.000000 0.004319
878.000000 0.004239
879.000000 0.004160
880.000000 0.004063
881.000000 0.003966
882.000000 0.003869
883.000000 0.003831
884.000000 0.003813
885.000000 0.003743
886.000000 0.003709
887.000000 0.003703
888.000000 0.003677
889.000000 0.003589
890.000000 0.003501
891.000000 0.003457
892.000000 0.003415
893.000000 0.003400
894.000000 0.003382
895.000000 0.003361
896.000000 0.003350
897.000000 0.003343
898.000000 0.003354
899.000000 0.003376
900.000000 0.003390
