315.000000 0.146525
316.000000 0.147668
317.000000 0.149024
318.000000 0.150775
319.000000 0.152782
320.000000 0.154841
321.000000 0.156150
322.000000 0.157382
323.000000 0.158931
324.000000 0.160440
325.000000 0.162189
326.000000 0.164063
327.000000 0.165314
328.000000 0.166279
329.000000 0.167877
330.000000 0.169958
331.000000 0.171945
332.000000 0.173830
333.000000 0.175004
334.000000 0.175721
335.000000 0.176857
336.000000 0.178417
337.000000 0.179641
338.000000 0.180847
339.000000 0.182698
340.000000 0.184363
341.000000 0.185511
342.000000 0.186720
343.000000 0.188055
344.000000 0.189017
345.000000 0.189470
346.000000 0.189592
347.000000 0.189717
348.000000 0.189667
349.000000 0.189087
350.000000 0.187951
351.000000 0.186565
352.000000 0.185045
353.000000 0.183336
354.000000 0.181623
355.000000 0.179935
356.000000 0.178019
357.000000 0.176044
358.000000 0.174432
359.000000 0.172964
360.000000 0.171297
361.000000 0.169778
362.000000 0.168434
363.000000 0.167097
364.000000 0.165776
365.000000 0.164575
366.000000 0.163636
367.000000 0.162757
368.000000 0.161850
369.000000 0.160999
370.000000 0.160018
371.000000 0.159151
372.000000 0.158584
373.000000 0.158401
374.000000 0.157951
375.000000 0.157491
376.000000 0.157450
377.000000 0.156897
378.000000 0.156239
379.000000 0.155708
380.000000 0.155556
381.000000 0.155913
382.000000 0.156443
383.000000 0.157003
384.000000 0.157230
385.000000 0.157688
386.000000 0.158512
387.000000 0.159299
388.000000 0.160623
389.000000 0.162157
390.000000 0.163356
391.000000 0.164663
392.000000 0.166294
393.000000 0.168118
394.000000 0.170043
395.000000 0.172067
396.000000 0.174022
397.000000 0.176177
398.000000 0.178846
399.000000 0.181299
400.000000 0.183531
401.000000 0.185871
402.000000 0.188261
403.000000 0.190841
404.000000 0.193437
405.000000 0.196026
406.000000 0.198563
407.000000 0.200940
408.000000 0.203398
409.000000 0.205818
410.000000 0.207638
411.000000 0.209470
412.000000 0.211767
413.000000 0.213868
414.000000 0.215837
415.000000 0.217959
416.000000 0.220929
417.000000 0.223764
418.000000 0.225903
419.000000 0.228342
420.000000 0.231012
421.000000 0.233935
422.000000 0.236997
423.000000 0.240282
424.000000 0.243605
425.000000 0.246799
426.000000 0.250158
427.000000 0.253268
428.000000 0.255553
429.000000 0.257241
430.000000 0.258466
431.000000 0.258940
432.000000 0.258460
433.000000 0.257146
434.000000 0.255175
435.000000 0.252301
436.000000 0.248647
437.000000 0.244463
438.000000 0.240008
439.000000 0.235460
440.000000 0.230586
441.000000 0.225776
442.000000 0.221300
443.000000 0.216711
444.000000 0.212153
445.000000 0.207818
446.000000 0.203371
447.000000 0.199123
448.000000 0.195127
449.000000 0.191255
450.000000 0.187592
451.000000 0.183949
452.000000 0.180334
453.000000 0.177053
454.000000 0.173921
455.000000 0.170895
456.000000 0.168067
457.000000 0.165345
458.000000 0.162909
459.000000 0.160728
460.000000 0.158756
461.000000 0.156935
462.000000 0.155238
463.000000 0.153714
464.000000 0.152327
465.000000 0.151219
466.000000 0.150411
467.000000 0.149729
468.000000 0.149119
469.000000 0.148631
470.000000 0.148253
471.000000 0.147986
472.000000 0.147822
473.000000 0.147729
474.000000 0.147804
475.000000 0.147971
476.000000 0.148192
477.000000 0.148473
478.000000 0.148812
479.000000 0.149262
480.000000 0.149770
481.000000 0.150282
482.000000 0.150889
483.000000 0.151578
484.000000 0.152328
485.000000 0.153085
486.000000 0.153900
487.000000 0.154843
488.000000 0.155892
489.000000 0.156854
490.000000 0.157642
491.000000 0.158475
492.000000 0.159814
493.000000 0.161596
494.000000 0.163392
495.000000 0.165074
496.000000 0.166908
497.000000 0.169050
498.000000 0.171374
499.000000 0.173922
500.000000 0.176664
501.000000 0.179771
502.000000 0.183283
503.000000 0.186969
504.000000 0.190661
505.000000 0.194454
506.000000 0.198586
507.000000 0.202905
508.000000 0.207327
509.000000 0.212182
510.000000 0.217253
511.000000 0.222592
512.000000 0.228079
513.000000 0.233800
514.000000 0.239676
515.000000 0.245325
516.000000 0.250790
517.000000 0.256040
518.000000 0.261302
519.000000 0.266391
520.000000 0.271085
521.000000 0.275333
522.000000 0.279164
523.000000 0.282652
524.000000 0.285792
525.000000 0.288616
526.000000 0.291179
527.000000 0.293454
528.000000 0.295363
529.000000 0.296715
530.000000 0.297722
531.000000 0.298587
532.000000 0.299528
533.000000 0.300672
534.000000 0.301675
535.000000 0.302731
536.000000 0.304328
537.000000 0.306562
538.000000 0.309686
539.000000 0.313231
540.000000 0.317132
541.000000 0.322331
542.000000 0.328778
543.000000 0.336418
544.000000 0.344878
545.000000 0.354226
546.000000 0.364682
547.000000 0.376157
548.000000 0.388288
549.000000 0.400632
550.000000 0.413271
551.000000 0.426203
552.000000 0.439080
553.000000 0.451559
554.000000 0.463463
555.000000 0.474417
556.000000 0.484155
557.000000 0.492542
558.000000 0.499744
559.000000 0.505130
560.000000 0.508445
561.000000 0.509567
562.000000 0.508183
563.000000 0.504413
564.000000 0.498239
565.000000 0.489997
566.000000 0.479542
567.000000 0.466883
568.000000 0.453146
569.000000 0.437841
570.000000 0.421396
571.000000 0.403993
572.000000 0.385986
573.000000 0.367933
574.000000 0.349324
575.000000 0.331912
576.000000 0.315425
577.000000 0.299427
578.000000 0.283873
579.000000 0.268835
580.000000 0.254660
581.000000 0.240986
582.000000 0.228677
583.000000 0.217618
584.000000 0.207497
585.000000 0.198043
586.000000 0.189369
587.000000 0.181787
588.000000 0.174896
589.000000 0.168654
590.000000 0.163065
591.000000 0.157880
592.000000 0.153431
593.000000 0.149604
594.000000 0.146264
595.000000 0.143342
596.000000 0.140485
597.000000 0.137996
598.000000 0.135833
599.000000 0.133781
600.000000 0.132054
601.000000 0.130585
602.000000 0.129203
603.000000 0.127951
604.000000 0.126881
605.000000 0.126047
606.000000 0.125368
607.000000 0.124750
608.000000 0.124288
609.000000 0.123977
610.000000 0.123787
611.000000 0.123708
612.000000 0.123800
613.000000 0.124140
614.000000 0.124609
615.000000 0.125280
616.000000 0.126119
617.000000 0.127038
618.000000 0.128173
619.000000 0.129514
620.000000 0.131069
621.000000 0.132969
622.000000 0.134993
623.000000 0.137058
624.000000 0.139445
625.000000 0.142019
626.000000 0.144753
627.000000 0.147803
628.000000 0.150990
629.000000 0.154344
630.000000 0.158068
631.000000 0.162080
632.000000 0.166068
633.000000 0.170254
634.000000 0.174896
635.000000 0.179511
636.000000 0.184140
637.000000 0.189011
638.000000 0.193892
639.000000 0.198782
640.000000 0.203772
641.000000 0.208838
642.000000 0.213682
643.000000 0.218446
644.000000 0.223308
645.000000 0.227901
646.000000 0.232362
647.000000 0.236860
648.000000 0.241272
649.000000 0.245354
650.000000 0.249104
651.000000 0.252765
652.000000 0.256347
653.000000 0.259630
654.000000 0.262706
655.000000 0.265668
656.000000 0.268388
657.000000 0.270842
658.000000 0.273106
659.000000 0.275407
660.000000 0.277645
661.000000 0.279667
662.000000 0.281669
663.000000 0.283824
664.000000 0.286044
665.000000 0.288193
666.000000 0.290345
667.000000 0.292718
668.000000 0.295369
669.000000 0.298064
670.000000 0.300858
671.000000 0.304075
672.000000 0.307715
673.000000 0.311788
674.000000 0.316060
675.000000 0.320710
676.000000 0.326073
677.000000 0.331984
678.000000 0.338493
679.000000 0.345280
680.000000 0.352478
681.000000 0.360461
682.000000 0.369140
683.000000 0.378539
684.000000 0.388266
685.000000 0.398429
686.000000 0.409529
687.000000 0.421412
688.000000 0.433898
689.000000 0.446912
690.000000 0.459809
691.000000 0.472854
692.000000 0.486813
693.000000 0.501305
694.000000 0.516125
695.000000 0.531182
696.000000 0.545696
697.000000 0.559879
698.000000 0.574362
699.000000 0.588707
700.000000 0.602695
701.000000 0.616233
702.000000 0.628746
703.000000 0.640347
704.000000 0.651555
705.000000 0.662039
706.000000 0.671544
707.000000 0.679865
708.000000 0.686918
709.000000 0.692620
710.000000 0.696890
711.000000 0.699864
712.000000 0.701405
713.000000 0.701363
714.000000 0.699882
715.000000 0.697031
716.000000 0.692772
717.000000 0.687050
718.000000 0.679908
719.000000 0.671839
720.000000 0.662732
721.000000 0.652261
722.000000 0.640626
723.000000 0.627928
724.000000 0.614308
725.000000 0.600110
726.000000 0.585598
727.000000 0.570532
728.000000 0.554736
729.000000 0.538455
730.000000 0.521924
731.000000 0.506292
732.000000 0.490966
733.000000 0.474713
734.000000 0.458076
735.000000 0.441464
736.000000 0.424955
737.000000 0.408553
738.000000 0.392393
739.000000 0.376545
740.000000 0.360918
741.000000 0.345434
742.000000 0.330364
743.000000 0.315766
744.000000 0.301565
745.000000 0.287659
746.000000 0.274091
747.000000 0.261000
748.000000 0.248375
749.000000 0.236120
750.000000 0.224255
751.000000 0.212792
752.000000 0.201691
753.000000 0.191011
754.000000 0.180768
755.000000 0.170934
756.000000 0.161536
757.000000 0.152595
758.000000 0.144095
759.000000 0.135916
760.000000 0.128039
761.000000 0.120598
762.000000 0.113543
763.000000 0.106828
764.000000 0.100481
765.000000 0.094437
766.000000 0.088655
767.000000 0.083196
768.000000 0.078071
769.000000 0.073272
770.000000 0.068861
771.000000 0.064759
772.000000 0.060865
773.000000 0.057269
774.000000 0.053958
775.000000 0.050848
776.000000 0.047713
777.000000 0.044713
778.000000 0.042110
779.000000 0.039786
780.000000 0.037708
781.000000 0.035823
782.000000 0.034035
783.000000 0.032403
784.000000 0.030944
785.000000 0.029629
786.000000 0.028454
787.000000 0.027352
788.000000 0.026304
789.000000 0.025415
790.000000 0.024612
791.000000 0.023842
792.000000 0.023225
793.000000 0.022678
794.000000 0.022152
795.000000 0.021680
796.000000 0.021223
797.000000 0.020834
798.000000 0.020539
799.000000 0.020263
800.000000 0.020008
801.000000 0.019806
802.000000 0.019681
803.000000 0.019570
804.000000 0.019443
805.000000 0.019309
806.000000 0.019217
807.000000 0.019150
808.000000 0.019119
809.000000 0.019101
810.000000 0.019039
811.000000 0.018969
812.000000 0.018898
813.000000 0.018849
814.000000 0.018814
815.000000 0.018736
816.000000 0.018640
817.000000 0.018523
818.000000 0.018370
819.000000 0.018214
820.000000 0.018049
821.000000 0.017903
822.000000 0.017739
823.000000 0.017537
824.000000 0.017344
825.000000 0.017148
826.000000 0.016939
827.000000 0.016730
828.000000 0.016466
829.000000 0.016185
830.000000 0.015910
831.000000 0.015627
832.000000 0.015341
833.000000 0.015032
834.000000 0.014709
835.000000 0.014401
836.000000 0.014111
837.000000 0.013800
838.000000 0.013475
839.000000 0.013130
840.000000 0.012797
841.000000 0.012494
842.000000 0.012196
843.000000 0.011888
844.000000 0.011599
845.000000 0.011295
846.000000 0.010955
847.000000 0.010612
848.000000 0.010269
849.000000 0.009963
850.000000 0.009679
851.000000 0.009388
852.000000 0.009105
853.000000 0.008850
854.000000 0.008592
855.000000 0.008325
856.000000 0.008104
857.000000 0.007907
858.000000 0.007693
859.000000 0.007499
860.000000 0.007327
861.000000 0.007142
862.000000 0.006936
863.000000 0.006732
864.000000 0.006550
865.000000 0.006412
866.000000 0.006272
867.000000 0.006131
868.000000 0.005994
869.000000 0.005852
870.000000 0.005733
871.000000 0.005605
872.000000 0.005423
873.000000 0.005230
874.000000 0.005070
875.000000 0.004934
876.000000 0.004831
877.000000 0.004756
878.000000 0.004688
879.000000 0.004600
880.000000 0.004499
881.000000 0.004400
882.000000 0.004298
883.000000 0.004256
884.000000 0.004253
885.000000 0.004175
886.000000 0.004119
887.000000 0.004088
888.000000 0.004018
889.000000 0.003950
890.000000 0.003883
891.000000 0.003822
892.000000 0.003798
893.000000 0.003788
894.000000 0.003725
895.000000 0.003661
896.000000 0.003615
897.000000 0.003584
898.000000 0.003569
899.000000 0.003558
900.000000 0.003562
