315.000000 0.152611
316.000000 0.153056
317.000000 0.154536
318.000000 0.156286
319.000000 0.157489
320.000000 0.158769
321.000000 0.160179
322.000000 0.162215
323.000000 0.164343
324.000000 0.166048
325.000000 0.168172
326.000000 0.169783
327.000000 0.170572
328.000000 0.171468
329.000000 0.173052
330.000000 0.175023
331.000000 0.177023
332.000000 0.178927
333.000000 0.180543
334.000000 0.181559
335.000000 0.182560
336.000000 0.184209
337.000000 0.185812
338.000000 0.187095
339.000000 0.188212
340.000000 0.189291
341.000000 0.190466
342.000000 0.191696
343.000000 0.192701
344.000000 0.193402
345.000000 0.193863
346.000000 0.194026
347.000000 0.193925
348.000000 0.193701
349.000000 0.193255
350.000000 0.192311
351.000000 0.190960
352.000000 0.189402
353.000000 0.187737
354.000000 0.186142
355.000000 0.184425
356.000000 0.182466
357.000000 0.180484
358.000000 0.178696
359.000000 0.177296
360.000000 0.175675
361.000000 0.173901
362.000000 0.172484
363.000000 0.171182
364.000000 0.170045
365.000000 0.169104
366.000000 0.168160
367.000000 0.167139
368.000000 0.166129
369.000000 0.165328
370.000000 0.164739
371.000000 0.164328
372.000000 0.163841
373.000000 0.163162
374.000000 0.162355
375.000000 0.161987
376.000000 0.161796
377.000000 0.161238
378.000000 0.160939
379.000000 0.160814
380.000000 0.160769
381.000000 0.160747
382.000000 0.161097
383.000000 0.161755
384.000000 0.161966
385.000000 0.162638
386.000000 0.163870
387.000000 0.164962
388.000000 0.166448
389.000000 0.168053
390.000000 0.169345
391.000000 0.170772
392.000000 0.172439
393.000000 0.174326
394.000000 0.176319
395.000000 0.178377
396.000000 0.180559
397.000000 0.182786
398.000000 0.185252
399.000000 0.187647
400.000000 0.189972
401.000000 0.192461
402.000000 0.195061
403.000000 0.197669
404.000000 0.200274
405.000000 0.202799
406.000000 0.205195
407.000000 0.207669
408.000000 0.210235
409.000000 0.212682
410.000000 0.214589
411.000000 0.216478
412.000000 0.218704
413.000000 0.220715
414.000000 0.222806
415.000000 0.225156
416.000000 0.227728
417.000000 0.230418
418.000000 0.232821
419.000000 0.235223
420.000000 0.237814
421.000000 0.240506
422.000000 0.243340
423.000000 0.246565
424.000000 0.249688
425.000000 0.252444
426.000000 0.255301
427.000000 0.258039
428.000000 0.260229
429.000000 0.261794
430.000000 0.262720
431.000000 0.262927
432.000000 0.262357
433.000000 0.261024
434.000000 0.259127
435.000000 0.256390
436.000000 0.252875
437.000000 0.248821
438.000000 0.244584
439.000000 0.240422
440.000000 0.235975
441.000000 0.231507
442.000000 0.227352
443.000000 0.223098
444.000000 0.218794
445.000000 0.214649
446.000000 0.210320
447.000000 0.206112
448.000000 0.202159
449.000000 0.198328
450.000000 0.194625
451.000000 0.190876
452.000000 0.187135
453.000000 0.183688
454.000000 0.180384
455.000000 0.177236
456.000000 0.174251
457.000000 0.171394
458.000000 0.168814
459.000000 0.166348
460.000000 0.164098
461.000000 0.162078
462.000000 0.160226
463.000000 0.158525
464.000000 0.156958
465.000000 0.155656
466.000000 0.154634
467.000000 0.153743
468.000000 0.152961
469.000000 0.152282
470.000000 0.151685
471.000000 0.151226
472.000000 0.150917
473.000000 0.150758
474.000000 0.150708
475.000000 0.150719
476.000000 0.150816
477.000000 0.150960
478.000000 0.151165
479.000000 0.151448
480.000000 0.151776
481.000000 0.152201
482.000000 0.152709
483.000000 0.153277
484.000000 0.153920
485.000000 0.154582
486.000000 0.155363
487.000000 0.156275
488.000000 0.157304
489.000000 0.158067
490.000000 0.158755
491.000000 0.159772
492.000000 0.161154
493.000000 0.162986
494.000000 0.164873
495.000000 0.166602
496.000000 0.168283
497.000000 0.170034
498.000000 0.172131
499.000000 0.174660
500.000000 0.177425
501.000000 0.180618
502.000000 0.184027
503.000000 0.187439
504.000000 0.190960
505.000000 0.194896
506.000000 0.199265
507.000000 0.203720
508.000000 0.208406
509.000000 0.213241
510.000000 0.218233
511.000000 0.223507
512.000000 0.228645
513.000000 0.234105
514.000000 0.240014
515.000000 0.245830
516.000000 0.251284
517.000000 0.256452
518.000000 0.261744
519.000000 0.266899
520.000000 0.271663
521.000000 0.275888
522.000000 0.279694
523.000000 0.283172
524.000000 0.286353
525.000000 0.289381
526.000000 0.292036
527.000000 0.294192
528.000000 0.295869
529.000000 0.297326
530.000000 0.298700
531.000000 0.299604
532.000000 0.300576
533.000000 0.301625
534.000000 0.302374
535.000000 0.303406
536.000000 0.305117
537.000000 0.307425
538.000000 0.310449
539.000000 0.314016
540.000000 0.317962
541.000000 0.322959
542.000000 0.329036
543.000000 0.336300
544.000000 0.344589
545.000000 0.353792
546.000000 0.364056
547.000000 0.375483
548.000000 0.387559
549.000000 0.399802
550.000000 0.412215
551.000000 0.424844
552.000000 0.437531
553.000000 0.449877
554.000000 0.461856
555.000000 0.472896
556.000000 0.482493
557.000000 0.490733
558.000000 0.497822
559.000000 0.503229
560.000000 0.506663
561.000000 0.507822
562.000000 0.506591
563.000000 0.503070
564.000000 0.497170
565.000000 0.489303
566.000000 0.479334
567.000000 0.466971
568.000000 0.453259
569.000000 0.437998
570.000000 0.421610
571.000000 0.404438
572.000000 0.386877
573.000000 0.369147
574.000000 0.350677
575.000000 0.333327
576.000000 0.316790
577.000000 0.300652
578.000000 0.285056
579.000000 0.270091
580.000000 0.255885
581.000000 0.241963
582.000000 0.229352
583.000000 0.217903
584.000000 0.207470
585.000000 0.198013
586.000000 0.189147
587.000000 0.181162
588.000000 0.174048
589.000000 0.167668
590.000000 0.161854
591.000000 0.156405
592.000000 0.151608
593.000000 0.147366
594.000000 0.143576
595.000000 0.140302
596.000000 0.137261
597.000000 0.134578
598.000000 0.132204
599.000000 0.129953
600.000000 0.128026
601.000000 0.126304
602.000000 0.124734
603.000000 0.123403
604.000000 0.122155
605.000000 0.121009
606.000000 0.120106
607.000000 0.119313
608.000000 0.118552
609.000000 0.117937
610.000000 0.117511
611.000000 0.117201
612.000000 0.117102
613.000000 0.117246
614.000000 0.117489
615.000000 0.117853
616.000000 0.118317
617.000000 0.118995
618.000000 0.119936
619.000000 0.120995
620.000000 0.122231
621.000000 0.123724
622.000000 0.125366
623.000000 0.127109
624.000000 0.129098
625.000000 0.131315
626.000000 0.133742
627.000000 0.136445
628.000000 0.139188
629.000000 0.142052
630.000000 0.145293
631.000000 0.148751
632.000000 0.152158
633.000000 0.155732
634.000000 0.159713
635.000000 0.163726
636.000000 0.167754
637.000000 0.171935
638.000000 0.176022
639.000000 0.180164
640.000000 0.184504
641.000000 0.188859
642.000000 0.192952
643.000000 0.196945
644.000000 0.201090
645.000000 0.205038
646.000000 0.208806
647.000000 0.212525
648.000000 0.216139
649.000000 0.219552
650.000000 0.222813
651.000000 0.225972
652.000000 0.229001
653.000000 0.231775
654.000000 0.234372
655.000000 0.236889
656.000000 0.239231
657.000000 0.241395
658.000000 0.243400
659.000000 0.245361
660.000000 0.247274
661.000000 0.249151
662.000000 0.250994
663.000000 0.252861
664.000000 0.254774
665.000000 0.256671
666.000000 0.258665
667.000000 0.260906
668.000000 0.263394
669.000000 0.265942
670.000000 0.268564
671.000000 0.271526
672.000000 0.274902
673.000000 0.278697
674.000000 0.282613
675.000000 0.286839
676.000000 0.291733
677.000000 0.297092
678.000000 0.302972
679.000000 0.309044
680.000000 0.315418
681.000000 0.322570
682.000000 0.330397
683.000000 0.338809
684.000000 0.347423
685.000000 0.356451
686.000000 0.366373
687.000000 0.376967
688.000000 0.387980
689.000000 0.399360
690.000000 0.410683
691.000000 0.422160
692.000000 0.434310
693.000000 0.446856
694.000000 0.459632
695.000000 0.472492
696.000000 0.484790
697.000000 0.496812
698.000000 0.509090
699.000000 0.521244
700.000000 0.533085
701.000000 0.544345
702.000000 0.554615
703.000000 0.564195
704.000000 0.573507
705.000000 0.582065
706.000000 0.589545
707.000000 0.595907
708.000000 0.601371
709.000000 0.605815
710.000000 0.608940
711.000000 0.610822
712.000000 0.611417
713.000000 0.610685
714.000000 0.608807
715.000000 0.605896
716.000000 0.601876
717.000000 0.596509
718.000000 0.589942
719.000000 0.582771
720.000000 0.574778
721.000000 0.565613
722.000000 0.555349
723.000000 0.544131
724.000000 0.532316
725.000000 0.520133
726.000000 0.507638
727.000000 0.494707
728.000000 0.481253
729.000000 0.467458
730.000000 0.453457
731.000000 0.440140
732.000000 0.426980
733.000000 0.413081
734.000000 0.398956
735.000000 0.384830
736.000000 0.370753
737.000000 0.356738
738.000000 0.342844
739.000000 0.329141
740.000000 0.315605
741.000000 0.302321
742.000000 0.289411
743.000000 0.276798
744.000000 0.264465
745.000000 0.252390
746.000000 0.240648
747.000000 0.229223
748.000000 0.218164
749.000000 0.207486
750.000000 0.197192
751.000000 0.187180
752.000000 0.177440
753.000000 0.168070
754.000000 0.159067
755.000000 0.150403
756.000000 0.142119
757.000000 0.134346
758.000000 0.126954
759.000000 0.119756
760.000000 0.112800
761.000000 0.106267
762.000000 0.100171
763.000000 0.094366
764.000000 0.088837
765.000000 0.083564
766.000000 0.078565
767.000000 0.073870
768.000000 0.069430
769.000000 0.065260
770.000000 0.061393
771.000000 0.057768
772.000000 0.054418
773.000000 0.051397
774.000000 0.048560
775.000000 0.045877
776.000000 0.043167
777.000000 0.040596
778.000000 0.038394
779.000000 0.036373
780.000000 0.034587
781.000000 0.032979
782.000000 0.031525
783.000000 0.030221
784.000000 0.028974
785.000000 0.027855
786.000000 0.026849
787.000000 0.025863
788.000000 0.024895
789.000000 0.024065
790.000000 0.023346
791.000000 0.022717
792.000000 0.022219
793.000000 0.021765
794.000000 0.021316
795.000000 0.020946
796.000000 0.020648
797.000000 0.020380
798.000000 0.020152
799.000000 0.019913
800.000000 0.019704
801.000000 0.019555
802.000000 0.019438
803.000000 0.019301
804.000000 0.019158
805.000000 0.019067
806.000000 0.019032
807.000000 0.018995
808.000000 0.018957
809.000000 0.018967
810.000000 0.018961
811.000000 0.018926
812.000000 0.018865
813.000000 0.018834
814.000000 0.018826
815.000000 0.018824
816.000000 0.018795
817.000000 0.018686
818.000000 0.018547
819.000000 0.018376
820.000000 0.018221
821.000000 0.018078
822.000000 0.017920
823.000000 0.017732
824.000000 0.017507
825.000000 0.017282
826.000000 0.017076
827.000000 0.016853
828.000000 0.016597
829.000000 0.016370
830.000000 0.016132
831.000000 0.015875
832.000000 0.015635
833.000000 0.015331
834.000000 0.014976
835.000000 0.014653
836.000000 0.014355
837.000000 0.014075
838.000000 0.013778
839.000000 0.013446
840.000000 0.013132
841.000000 0.012840
842.000000 0.012543
843.000000 0.012232
844.000000 0.011914
845.000000 0.011581
846.000000 0.011227
847.000000 0.010886
848.000000 0.010560
849.000000 0.010277
850.000000 0.010019
851.000000 0.009756
852.000000 0.009486
853.000000 0.009228
854.000000 0.008943
855.000000 0.008645
856.000000 0.008433
857.000000 0.008241
858.000000 0.008042
859.000000 0.007838
860.000000 0.007589
861.000000 0.007347
862.000000 0.007142
863.000000 0.006929
864.000000 0.006748
865.000000 0.006635
866.000000 0.006489
867.000000 0.006334
868.000000 0.006204
869.000000 0.006073
870.000000 0.005954
871.000000 0.005799
872.000000 0.005602
873.000000 0.005417
874.000000 0.005270
875.000000 0.005155
876.000000 0.005083
877.000000 0.005018
878.000000 0.004933
879.000000 0.004823
880.000000 0.004691
881.000000 0.004584
882.000000 0.004475
883.000000 0.004407
884.000000 0.004382
885.000000 0.004311
886.000000 0.004277
887.000000 0.004281
888.000000 0.004229
889.000000 0.004130
890.000000 0.004026
891.000000 0.003967
892.000000 0.003944
893.000000 0.003934
894.000000 0.003902
895.000000 0.003843
896.000000 0.003789
897.000000 0.003745
898.000000 0.003717
899.000000 0.003680
900.000000 0.003648
