315.000000 0.158593
316.000000 0.159082
317.000000 0.159730
318.000000 0.161581
319.000000 0.164147
320.000000 0.166625
321.000000 0.168428
322.000000 0.169874
323.000000 0.171255
324.000000 0.172501
325.000000 0.174260
326.000000 0.175933
327.000000 0.176983
328.000000 0.177967
329.000000 0.179168
330.000000 0.180981
331.000000 0.182942
332.000000 0.184968
333.000000 0.186910
334.000000 0.188220
335.000000 0.189333
336.000000 0.190739
337.000000 0.191957
338.000000 0.192865
339.000000 0.194088
340.000000 0.195239
341.000000 0.196130
342.000000 0.197179
343.000000 0.198285
344.000000 0.199116
345.000000 0.199472
346.000000 0.199475
347.000000 0.199488
348.000000 0.199268
349.000000 0.198404
350.000000 0.197271
351.000000 0.196010
352.000000 0.194698
353.000000 0.193250
354.000000 0.191569
355.000000 0.189814
356.000000 0.187805
357.000000 0.185669
358.000000 0.183826
359.000000 0.182234
360.000000 0.180538
361.000000 0.178876
362.000000 0.177478
363.000000 0.176174
364.000000 0.174907
365.000000 0.173817
366.000000 0.172911
367.000000 0.172054
368.000000 0.171096
369.000000 0.170367
370.000000 0.170199
371.000000 0.170157
372.000000 0.170079
373.000000 0.169720
374.000000 0.168776
375.000000 0.167864
376.000000 0.167521
377.000000 0.167129
378.000000 0.166671
379.000000 0.166889
380.000000 0.167315
381.000000 0.167520
382.000000 0.167894
383.000000 0.168446
384.000000 0.168939
385.000000 0.169783
386.000000 0.170951
387.000000 0.172241
388.000000 0.173685
389.000000 0.175142
390.000000 0.176619
391.000000 0.178188
392.000000 0.179709
393.000000 0.181460
394.000000 0.183482
395.000000 0.185408
396.000000 0.187478
397.000000 0.189845
398.000000 0.192308
399.000000 0.194540
400.000000 0.196763
401.000000 0.199110
402.000000 0.201513
403.000000 0.204112
404.000000 0.206857
405.000000 0.209486
406.000000 0.211894
407.000000 0.214173
408.000000 0.216560
409.000000 0.218918
410.000000 0.220801
411.000000 0.222741
412.000000 0.225123
413.000000 0.227384
414.000000 0.229512
415.000000 0.231691
416.000000 0.233882
417.000000 0.236105
418.000000 0.238357
419.000000 0.240792
420.000000 0.243299
421.000000 0.245871
422.000000 0.248529
423.000000 0.251562
424.000000 0.254614
425.000000 0.257112
426.000000 0.259610
427.000000 0.262059
428.000000 0.263933
429.000000 0.265194
430.000000 0.265927
431.000000 0.266043
432.000000 0.265544
433.000000 0.264317
434.000000 0.262384
435.000000 0.259732
436.000000 0.256616
437.000000 0.253098
438.000000 0.249211
439.000000 0.245199
440.000000 0.240852
441.000000 0.236507
442.000000 0.232433
443.000000 0.228277
444.000000 0.224144
445.000000 0.220159
446.000000 0.216034
447.000000 0.212024
448.000000 0.208145
449.000000 0.204279
450.000000 0.200490
451.000000 0.196666
452.000000 0.192861
453.000000 0.189355
454.000000 0.186017
455.000000 0.182758
456.000000 0.179622
457.000000 0.176588
458.000000 0.173809
459.000000 0.171213
460.000000 0.168811
461.000000 0.166566
462.000000 0.164468
463.000000 0.162510
464.000000 0.160658
465.000000 0.159034
466.000000 0.157754
467.000000 0.156713
468.000000 0.155766
469.000000 0.154897
470.000000 0.154113
471.000000 0.153501
472.000000 0.152979
473.000000 0.152533
474.000000 0.152289
475.000000 0.152163
476.000000 0.152107
477.000000 0.152093
478.000000 0.152087
479.000000 0.152137
480.000000 0.152330
481.000000 0.152680
482.000000 0.153109
483.000000 0.153571
484.000000 0.154075
485.000000 0.154624
486.000000 0.155315
487.000000 0.156121
488.000000 0.157055
489.000000 0.158120
490.000000 0.159064
491.000000 0.160002
492.000000 0.161199
493.000000 0.162648
494.000000 0.164335
495.000000 0.166161
496.000000 0.168048
497.000000 0.170142
498.000000 0.172308
499.000000 0.174605
500.000000 0.177563
501.000000 0.180847
502.000000 0.184108
503.000000 0.187435
504.000000 0.190604
505.000000 0.194010
506.000000 0.197948
507.000000 0.202055
508.000000 0.206480
509.000000 0.211442
510.000000 0.216502
511.000000 0.221594
512.000000 0.226790
513.000000 0.232198
514.000000 0.237578
515.000000 0.243000
516.000000 0.248559
517.000000 0.253874
518.000000 0.258900
519.000000 0.263770
520.000000 0.268557
521.000000 0.273054
522.000000 0.277192
523.000000 0.280759
524.000000 0.283966
525.000000 0.286989
526.000000 0.289716
527.000000 0.292061
528.000000 0.294031
529.000000 0.295666
530.000000 0.296929
531.000000 0.297691
532.000000 0.298535
533.000000 0.299656
534.000000 0.300822
535.000000 0.302187
536.000000 0.303742
537.000000 0.305572
538.000000 0.308208
539.000000 0.311687
540.000000 0.315645
541.000000 0.320479
542.000000 0.326396
543.000000 0.333596
544.000000 0.341663
545.000000 0.350531
546.000000 0.360317
547.000000 0.371143
548.000000 0.382623
549.000000 0.394446
550.000000 0.406728
551.000000 0.419174
552.000000 0.431491
553.000000 0.443381
554.000000 0.454870
555.000000 0.465359
556.000000 0.474697
557.000000 0.482945
558.000000 0.490028
559.000000 0.495383
560.000000 0.498786
561.000000 0.500127
562.000000 0.499076
563.000000 0.495648
564.000000 0.490067
565.000000 0.482702
566.000000 0.473180
567.000000 0.461395
568.000000 0.448374
569.000000 0.433678
570.000000 0.417751
571.000000 0.400889
572.000000 0.383671
573.000000 0.366460
574.000000 0.348577
575.000000 0.331801
576.000000 0.315658
577.000000 0.299775
578.000000 0.284360
579.000000 0.269432
580.000000 0.255262
581.000000 0.241391
582.000000 0.228743
583.000000 0.217150
584.000000 0.206590
585.000000 0.197126
586.000000 0.188191
587.000000 0.180079
588.000000 0.172769
589.000000 0.166118
590.000000 0.160081
591.000000 0.154396
592.000000 0.149472
593.000000 0.145165
594.000000 0.141336
595.000000 0.137945
596.000000 0.134551
597.000000 0.131520
598.000000 0.128903
599.000000 0.126411
600.000000 0.124285
601.000000 0.122419
602.000000 0.120638
603.000000 0.119043
604.000000 0.117569
605.000000 0.116266
606.000000 0.115155
607.000000 0.114166
608.000000 0.113384
609.000000 0.112776
610.000000 0.112253
611.000000 0.111812
612.000000 0.111482
613.000000 0.111335
614.000000 0.111372
615.000000 0.111645
616.000000 0.112010
617.000000 0.112423
618.000000 0.113035
619.000000 0.113898
620.000000 0.114984
621.000000 0.116261
622.000000 0.117666
623.000000 0.119119
624.000000 0.120785
625.000000 0.122660
626.000000 0.124721
627.000000 0.127046
628.000000 0.129413
629.000000 0.131876
630.000000 0.134655
631.000000 0.137682
632.000000 0.140719
633.000000 0.143866
634.000000 0.147293
635.000000 0.150741
636.000000 0.154220
637.000000 0.157848
638.000000 0.161455
639.000000 0.165067
640.000000 0.168798
641.000000 0.172549
642.000000 0.176109
643.000000 0.179607
644.000000 0.183238
645.000000 0.186657
646.000000 0.189897
647.000000 0.193175
648.000000 0.196345
649.000000 0.199271
650.000000 0.202064
651.000000 0.204772
652.000000 0.207371
653.000000 0.209776
654.000000 0.212010
655.000000 0.214112
656.000000 0.216077
657.000000 0.217945
658.000000 0.219699
659.000000 0.221468
660.000000 0.223233
661.000000 0.224923
662.000000 0.226560
663.000000 0.228248
664.000000 0.230057
665.000000 0.231890
666.000000 0.233759
667.000000 0.235809
668.000000 0.238081
669.000000 0.240441
670.000000 0.242921
671.000000 0.245740
672.000000 0.248883
673.000000 0.252497
674.000000 0.256378
675.000000 0.260479
676.000000 0.265078
677.000000 0.270101
678.000000 0.275372
679.000000 0.280506
680.000000 0.286048
681.000000 0.292453
682.000000 0.299454
683.000000 0.307006
684.000000 0.314793
685.000000 0.322941
686.000000 0.331790
687.000000 0.341196
688.000000 0.351020
689.000000 0.361203
690.000000 0.371253
691.000000 0.381414
692.000000 0.392206
693.000000 0.403241
694.000000 0.414391
695.000000 0.425639
696.000000 0.436369
697.000000 0.446782
698.000000 0.457459
699.000000 0.468013
700.000000 0.478229
701.000000 0.487912
702.000000 0.496661
703.000000 0.504690
704.000000 0.512229
705.000000 0.519039
706.000000 0.525145
707.000000 0.530413
708.000000 0.534749
709.000000 0.538027
710.000000 0.540137
711.000000 0.541193
712.000000 0.541238
713.000000 0.540244
714.000000 0.538235
715.000000 0.535219
716.000000 0.531210
717.000000 0.526175
718.000000 0.520158
719.000000 0.513540
720.000000 0.506209
721.000000 0.497932
722.000000 0.488926
723.000000 0.479234
724.000000 0.468922
725.000000 0.458260
726.000000 0.447392
727.000000 0.436185
728.000000 0.424492
729.000000 0.412438
730.000000 0.400204
731.000000 0.388621
732.000000 0.377269
733.000000 0.365310
734.000000 0.353069
735.000000 0.340697
736.000000 0.328414
737.000000 0.316219
738.000000 0.304073
739.000000 0.292075
740.000000 0.280214
741.000000 0.268550
742.000000 0.257238
743.000000 0.246221
744.000000 0.235388
745.000000 0.224664
746.000000 0.214173
747.000000 0.204005
748.000000 0.194223
749.000000 0.184767
750.000000 0.175633
751.000000 0.166800
752.000000 0.158197
753.000000 0.149912
754.000000 0.141946
755.000000 0.134279
756.000000 0.126988
757.000000 0.120070
758.000000 0.113470
759.000000 0.107097
760.000000 0.100973
761.000000 0.095234
762.000000 0.089773
763.000000 0.084547
764.000000 0.079620
765.000000 0.074977
766.000000 0.070607
767.000000 0.066502
768.000000 0.062664
769.000000 0.059024
770.000000 0.055575
771.000000 0.052385
772.000000 0.049448
773.000000 0.046760
774.000000 0.044235
775.000000 0.041845
776.000000 0.039526
777.000000 0.037333
778.000000 0.035365
779.000000 0.033570
780.000000 0.031956
781.000000 0.030546
782.000000 0.029262
783.000000 0.028099
784.000000 0.027051
785.000000 0.026083
786.000000 0.025196
787.000000 0.024378
788.000000 0.023623
789.000000 0.022951
790.000000 0.022373
791.000000 0.021866
792.000000 0.021443
793.000000 0.021065
794.000000 0.020709
795.000000 0.020426
796.000000 0.020191
797.000000 0.019975
798.000000 0.019759
799.000000 0.019566
800.000000 0.019413
801.000000 0.019276
802.000000 0.019185
803.000000 0.019103
804.000000 0.019065
805.000000 0.018995
806.000000 0.018955
807.000000 0.018990
808.000000 0.019014
809.000000 0.019029
810.000000 0.019002
811.000000 0.018951
812.000000 0.018876
813.000000 0.018809
814.000000 0.018792
815.000000 0.018797
816.000000 0.018761
817.000000 0.018657
818.000000 0.018528
819.000000 0.018421
820.000000 0.018322
821.000000 0.018218
822.000000 0.018084
823.000000 0.017924
824.000000 0.017755
825.000000 0.017539
826.000000 0.017331
827.000000 0.017154
828.000000 0.016956
829.000000 0.016734
830.000000 0.016453
831.000000 0.016198
832.000000 0.015949
833.000000 0.015628
834.000000 0.015319
835.000000 0.015033
836.000000 0.014745
837.000000 0.014431
838.000000 0.014148
839.000000 0.013859
840.000000 0.013532
841.000000 0.013196
842.000000 0.012895
843.000000 0.012609
844.000000 0.012306
845.000000 0.011978
846.000000 0.011622
847.000000 0.011306
848.000000 0.011017
849.000000 0.010734
850.000000 0.010448
851.000000 0.010134
852.000000 0.009842
853.000000 0.009583
854.000000 0.009281
855.000000 0.008981
856.000000 0.008764
857.000000 0.008587
858.000000 0.008411
859.000000 0.008223
860.000000 0.007980
861.000000 0.007749
862.000000 0.007554
863.000000 0.007333
864.000000 0.007148
865.000000 0.007019
866.000000 0.006872
867.000000 0.006721
868.000000 0.006564
869.000000 0.006436
870.000000 0.006311
871.000000 0.006149
872.000000 0.005964
873.000000 0.005771
874.000000 0.005604
875.000000 0.005429
876.000000 0.005316
877.000000 0.005234
878.000000 0.005133
879.000000 0.005030
880.000000 0.004919
881.000000 0.004826
882.000000 0.004729
883.000000 0.004654
884.000000 0.004605
885.000000 0.004536
886.000000 0.004492
887.000000 0.004461
888.000000 0.004399
889.000000 0.004330
890.000000 0.004249
891.000000 0.004174
892.000000 0.004121
893.000000 0.004066
894.000000 0.004003
895.000000 0.003963
896.000000 0.003913
897.000000 0.003849
898.000000 0.003819
899.000000 0.003797
900.000000 0.003779
