315.000000 0.162400
316.000000 0.163502
317.000000 0.164623
318.000000 0.166130
319.000000 0.167897
320.000000 0.170067
321.000000 0.171643
322.000000 0.173138
323.000000 0.174868
324.000000 0.175845
325.000000 0.177105
326.000000 0.178875
327.000000 0.180494
328.000000 0.181834
329.000000 0.183223
330.000000 0.185007
331.000000 0.186753
332.000000 0.188667
333.000000 0.190331
334.000000 0.191215
335.000000 0.192221
336.000000 0.193536
337.000000 0.194840
338.000000 0.195882
339.000000 0.197261
340.000000 0.198726
341.000000 0.199904
342.000000 0.201163
343.000000 0.202045
344.000000 0.202699
345.000000 0.203149
346.000000 0.203323
347.000000 0.203239
348.000000 0.203041
349.000000 0.202602
350.000000 0.201522
351.000000 0.200167
352.000000 0.198870
353.000000 0.197371
354.000000 0.195575
355.000000 0.193661
356.000000 0.191517
357.000000 0.189465
358.000000 0.187871
359.000000 0.186403
360.000000 0.184779
361.000000 0.183213
362.000000 0.181902
363.000000 0.180582
364.000000 0.179221
365.000000 0.178041
366.000000 0.177033
367.000000 0.176126
368.000000 0.175260
369.000000 0.174588
370.000000 0.174431
371.000000 0.174303
372.000000 0.173620
373.000000 0.172772
374.000000 0.171786
375.000000 0.171524
376.000000 0.171647
377.000000 0.171049
378.000000 0.170700
379.000000 0.171100
380.000000 0.171515
381.000000 0.171694
382.000000 0.172214
383.000000 0.173001
384.000000 0.173645
385.000000 0.174489
386.000000 0.175763
387.000000 0.177070
388.000000 0.178424
389.000000 0.179859
390.000000 0.181142
391.000000 0.182497
392.000000 0.184090
393.000000 0.186044
394.000000 0.188329
395.000000 0.190450
396.000000 0.192552
397.000000 0.194736
398.000000 0.197096
399.000000 0.199540
400.000000 0.201926
401.000000 0.204248
402.000000 0.206666
403.000000 0.209259
404.000000 0.211762
405.000000 0.214299
406.000000 0.216855
407.000000 0.219355
408.000000 0.221917
409.000000 0.224355
410.000000 0.226321
411.000000 0.228237
412.000000 0.230422
413.000000 0.232533
414.000000 0.234546
415.000000 0.236531
416.000000 0.238536
417.000000 0.240786
418.000000 0.243059
419.000000 0.245273
420.000000 0.247614
421.000000 0.250084
422.000000 0.252677
423.000000 0.255489
424.000000 0.258249
425.000000 0.260545
426.000000 0.262781
427.000000 0.264944
428.000000 0.266581
429.000000 0.267715
430.000000 0.268413
431.000000 0.268587
432.000000 0.268186
433.000000 0.266974
434.000000 0.264976
435.000000 0.262291
436.000000 0.259151
437.000000 0.256057
438.000000 0.252449
439.000000 0.248278
440.000000 0.244051
441.000000 0.239962
442.000000 0.236114
443.000000 0.232136
444.000000 0.228172
445.000000 0.224300
446.000000 0.220178
447.000000 0.216187
448.000000 0.212375
449.000000 0.208504
450.000000 0.204686
451.000000 0.200814
452.000000 0.196923
453.000000 0.193288
454.000000 0.189787
455.000000 0.186399
456.000000 0.183173
457.000000 0.180008
458.000000 0.177046
459.000000 0.174231
460.000000 0.171576
461.000000 0.169165
462.000000 0.166911
463.000000 0.164798
464.000000 0.162810
465.000000 0.161043
466.000000 0.159644
467.000000 0.158414
468.000000 0.157294
469.000000 0.156279
470.000000 0.155259
471.000000 0.154385
472.000000 0.153676
473.000000 0.153122
474.000000 0.152713
475.000000 0.152355
476.000000 0.152127
477.000000 0.151971
478.000000 0.151903
479.000000 0.151936
480.000000 0.152038
481.000000 0.152213
482.000000 0.152467
483.000000 0.152814
484.000000 0.153273
485.000000 0.153786
486.000000 0.154478
487.000000 0.155315
488.000000 0.156193
489.000000 0.156914
490.000000 0.157570
491.000000 0.158487
492.000000 0.159591
493.000000 0.161178
494.000000 0.163167
495.000000 0.165006
496.000000 0.166953
497.000000 0.168921
498.000000 0.170815
499.000000 0.172963
500.000000 0.175472
501.000000 0.178468
502.000000 0.181722
503.000000 0.185275
504.000000 0.188938
505.000000 0.192440
506.000000 0.196096
507.000000 0.200105
508.000000 0.204478
509.000000 0.209238
510.000000 0.214190
511.000000 0.219222
512.000000 0.224361
513.000000 0.229708
514.000000 0.234976
515.000000 0.240447
516.000000 0.245855
517.000000 0.250785
518.000000 0.255864
519.000000 0.260828
520.000000 0.265360
521.000000 0.269597
522.000000 0.273423
523.000000 0.276954
524.000000 0.280177
525.000000 0.282917
526.000000 0.285545
527.000000 0.287922
528.000000 0.289743
529.000000 0.291359
530.000000 0.292966
531.000000 0.293939
532.000000 0.294890
533.000000 0.296207
534.000000 0.297264
535.000000 0.298303
536.000000 0.299851
537.000000 0.302009
538.000000 0.304929
539.000000 0.308265
540.000000 0.311692
541.000000 0.316339
542.000000 0.322309
543.000000 0.329286
544.000000 0.337131
545.000000 0.345902
546.000000 0.355574
547.000000 0.366207
548.000000 0.377421
549.000000 0.388845
550.000000 0.400487
551.000000 0.412257
552.000000 0.424129
553.000000 0.435690
554.000000 0.446855
555.000000 0.457167
556.000000 0.466461
557.000000 0.474559
558.000000 0.481520
559.000000 0.486853
560.000000 0.490258
561.000000 0.491633
562.000000 0.490807
563.000000 0.487792
564.000000 0.482509
565.000000 0.475443
566.000000 0.466418
567.000000 0.455199
568.000000 0.442854
569.000000 0.428992
570.000000 0.413769
571.000000 0.397587
572.000000 0.380876
573.000000 0.363833
574.000000 0.346191
575.000000 0.329738
576.000000 0.313904
577.000000 0.298280
578.000000 0.283025
579.000000 0.268205
580.000000 0.254114
581.000000 0.240307
582.000000 0.227745
583.000000 0.216289
584.000000 0.205896
585.000000 0.196328
586.000000 0.187071
587.000000 0.178790
588.000000 0.171380
589.000000 0.164592
590.000000 0.158488
591.000000 0.152709
592.000000 0.147528
593.000000 0.143007
594.000000 0.139008
595.000000 0.135342
596.000000 0.131824
597.000000 0.128750
598.000000 0.125920
599.000000 0.123274
600.000000 0.121051
601.000000 0.119040
602.000000 0.117154
603.000000 0.115439
604.000000 0.113832
605.000000 0.112429
606.000000 0.111143
607.000000 0.109969
608.000000 0.108954
609.000000 0.108089
610.000000 0.107377
611.000000 0.106774
612.000000 0.106290
613.000000 0.105994
614.000000 0.105861
615.000000 0.105820
616.000000 0.105930
617.000000 0.106203
618.000000 0.106638
619.000000 0.107229
620.000000 0.108049
621.000000 0.109159
622.000000 0.110400
623.000000 0.111709
624.000000 0.113222
625.000000 0.114812
626.000000 0.116486
627.000000 0.118417
628.000000 0.120404
629.000000 0.122522
630.000000 0.124957
631.000000 0.127617
632.000000 0.130274
633.000000 0.133002
634.000000 0.136008
635.000000 0.139039
636.000000 0.142074
637.000000 0.145213
638.000000 0.148337
639.000000 0.151513
640.000000 0.154766
641.000000 0.158068
642.000000 0.161198
643.000000 0.164229
644.000000 0.167354
645.000000 0.170305
646.000000 0.173094
647.000000 0.175898
648.000000 0.178674
649.000000 0.181222
650.000000 0.183636
651.000000 0.186010
652.000000 0.188263
653.000000 0.190338
654.000000 0.192307
655.000000 0.194221
656.000000 0.195971
657.000000 0.197581
658.000000 0.199133
659.000000 0.200723
660.000000 0.202280
661.000000 0.203727
662.000000 0.205128
663.000000 0.206617
664.000000 0.208221
665.000000 0.209834
666.000000 0.211515
667.000000 0.213337
668.000000 0.215362
669.000000 0.217505
670.000000 0.219813
671.000000 0.222419
672.000000 0.225256
673.000000 0.228387
674.000000 0.231658
675.000000 0.235200
676.000000 0.239223
677.000000 0.243634
678.000000 0.248520
679.000000 0.253553
680.000000 0.258784
681.000000 0.264579
682.000000 0.270893
683.000000 0.277723
684.000000 0.284767
685.000000 0.292143
686.000000 0.300112
687.000000 0.308497
688.000000 0.317219
689.000000 0.326246
690.000000 0.335184
691.000000 0.344186
692.000000 0.353652
693.000000 0.363349
694.000000 0.373221
695.000000 0.383156
696.000000 0.392582
697.000000 0.401704
698.000000 0.410968
699.000000 0.420023
700.000000 0.428756
701.000000 0.437048
702.000000 0.444529
703.000000 0.451373
704.000000 0.457872
705.000000 0.463687
706.000000 0.468724
707.000000 0.472958
708.000000 0.476275
709.000000 0.478720
710.000000 0.480322
711.000000 0.481043
712.000000 0.480808
713.000000 0.479601
714.000000 0.477518
715.000000 0.474586
716.000000 0.470752
717.000000 0.466045
718.000000 0.460546
719.000000 0.454600
720.000000 0.448118
721.000000 0.440823
722.000000 0.432860
723.000000 0.424278
724.000000 0.415217
725.000000 0.405901
726.000000 0.396403
727.000000 0.386609
728.000000 0.376407
729.000000 0.365835
730.000000 0.355110
731.000000 0.344970
732.000000 0.334980
733.000000 0.324440
734.000000 0.313704
735.000000 0.302878
736.000000 0.292076
737.000000 0.281416
738.000000 0.270822
739.000000 0.260343
740.000000 0.249973
741.000000 0.239698
742.000000 0.229675
743.000000 0.219922
744.000000 0.210383
745.000000 0.201011
746.000000 0.191794
747.000000 0.182754
748.000000 0.174015
749.000000 0.165535
750.000000 0.157379
751.000000 0.149541
752.000000 0.141927
753.000000 0.134585
754.000000 0.127546
755.000000 0.120778
756.000000 0.114275
757.000000 0.108151
758.000000 0.102280
759.000000 0.096578
760.000000 0.091115
761.000000 0.085932
762.000000 0.081010
763.000000 0.076342
764.000000 0.071942
765.000000 0.067781
766.000000 0.063861
767.000000 0.060224
768.000000 0.056842
769.000000 0.053654
770.000000 0.050703
771.000000 0.047946
772.000000 0.045359
773.000000 0.042976
774.000000 0.040738
775.000000 0.038642
776.000000 0.036588
777.000000 0.034620
778.000000 0.032868
779.000000 0.031320
780.000000 0.029947
781.000000 0.028729
782.000000 0.027631
783.000000 0.026617
784.000000 0.025682
785.000000 0.024840
786.000000 0.024102
787.000000 0.023406
788.000000 0.022754
789.000000 0.022213
790.000000 0.021706
791.000000 0.021245
792.000000 0.020865
793.000000 0.020502
794.000000 0.020180
795.000000 0.019914
796.000000 0.019648
797.000000 0.019432
798.000000 0.019299
799.000000 0.019197
800.000000 0.019116
801.000000 0.019053
802.000000 0.019043
803.000000 0.018948
804.000000 0.018828
805.000000 0.018793
806.000000 0.018787
807.000000 0.018825
808.000000 0.018885
809.000000 0.018890
810.000000 0.018847
811.000000 0.018848
812.000000 0.018824
813.000000 0.018770
814.000000 0.018781
815.000000 0.018808
816.000000 0.018789
817.000000 0.018722
818.000000 0.018613
819.000000 0.018509
820.000000 0.018421
821.000000 0.018334
822.000000 0.018230
823.000000 0.018064
824.000000 0.017846
825.000000 0.017616
826.000000 0.017423
827.000000 0.017252
828.000000 0.017059
829.000000 0.016825
830.000000 0.016570
831.000000 0.016319
832.000000 0.016086
833.000000 0.015826
834.000000 0.015549
835.000000 0.015301
836.000000 0.015038
837.000000 0.014759
838.000000 0.014487
839.000000 0.014188
840.000000 0.013877
841.000000 0.013572
842.000000 0.013273
843.000000 0.012946
844.000000 0.012629
845.000000 0.012316
846.000000 0.011967
847.000000 0.011634
848.000000 0.011327
849.000000 0.011074
850.000000 0.010827
851.000000 0.010524
852.000000 0.010216
853.000000 0.009934
854.000000 0.009646
855.000000 0.009376
856.000000 0.009142
857.000000 0.008943
858.000000 0.008762
859.000000 0.008551
860.000000 0.008319
861.000000 0.008094
862.000000 0.007886
863.000000 0.007680
864.000000 0.007474
865.000000 0.007312
866.000000 0.007157
867.000000 0.006983
868.000000 0.006840
869.000000 0.006703
870.000000 0.006560
871.000000 0.006398
872.000000 0.006182
873.000000 0.005970
874.000000 0.005788
875.000000 0.005651
876.000000 0.005549
877.000000 0.005458
878.000000 0.005372
879.000000 0.005262
880.000000 0.005146
881.000000 0.005015
882.000000 0.004873
883.000000 0.004777
884.000000 0.004720
885.000000 0.004633
886.000000 0.004553
887.000000 0.004508
888.000000 0.004436
889.000000 0.004334
890.000000 0.004265
891.000000 0.004238
892.000000 0.004224
893.000000 0.004183
894.000000 0.004114
895.000000 0.004057
896.000000 0.004014
897.000000 0.003954
898.000000 0.003895
899.000000 0.003860
900.000000 0.003838
