315.000000 0.103438
316.000000 0.103304
317.000000 0.103872
318.000000 0.104369
319.000000 0.105320
320.000000 0.106797
321.000000 0.107785
322.000000 0.109318
323.000000 0.111291
324.000000 0.112758
325.000000 0.114726
326.000000 0.116880
327.000000 0.118196
328.000000 0.119196
329.000000 0.120411
330.000000 0.122246
331.000000 0.124278
332.000000 0.126949
333.000000 0.130026
334.000000 0.132113
335.000000 0.134112
336.000000 0.136900
337.000000 0.139857
338.000000 0.142570
339.000000 0.145305
340.000000 0.147966
341.000000 0.150898
342.000000 0.154215
343.000000 0.157172
344.000000 0.160032
345.000000 0.162798
346.000000 0.165144
347.000000 0.167380
348.000000 0.169689
349.000000 0.171659
350.000000 0.172985
351.000000 0.174065
352.000000 0.174951
353.000000 0.175447
354.000000 0.175663
355.000000 0.175651
356.000000 0.175213
357.000000 0.174526
358.000000 0.173981
359.000000 0.173320
360.000000 0.172386
361.000000 0.171369
362.000000 0.170349
363.000000 0.169262
364.000000 0.168046
365.000000 0.166831
366.000000 0.165686
367.000000 0.164424
368.000000 0.162933
369.000000 0.161338
370.000000 0.159992
371.000000 0.158619
372.000000 0.156807
373.000000 0.154637
374.000000 0.151985
375.000000 0.149374
376.000000 0.146799
377.000000 0.143853
378.000000 0.141177
379.000000 0.138674
380.000000 0.136380
381.000000 0.133933
382.000000 0.131195
383.000000 0.128902
384.000000 0.126553
385.000000 0.124544
386.000000 0.123070
387.000000 0.121668
388.000000 0.120598
389.000000 0.119801
390.000000 0.118891
391.000000 0.118205
392.000000 0.117877
393.000000 0.117757
394.000000 0.117949
395.000000 0.118227
396.000000 0.118456
397.000000 0.118892
398.000000 0.119544
399.000000 0.120082
400.000000 0.120770
401.000000 0.121805
402.000000 0.123008
403.000000 0.124225
404.000000 0.125500
405.000000 0.126711
406.000000 0.127873
407.000000 0.129081
408.000000 0.130399
409.000000 0.131544
410.000000 0.132189
411.000000 0.132899
412.000000 0.133768
413.000000 0.134599
414.000000 0.135568
415.000000 0.136634
416.000000 0.137948
417.000000 0.139702
418.000000 0.141710
419.000000 0.143863
420.000000 0.146521
421.000000 0.149811
422.000000 0.153519
423.000000 0.157788
424.000000 0.162493
425.000000 0.167332
426.000000 0.172654
427.000000 0.178100
428.000000 0.183003
429.000000 0.187671
430.000000 0.191854
431.000000 0.195062
432.000000 0.197411
433.000000 0.198644
434.000000 0.198722
435.000000 0.197491
436.000000 0.195020
437.000000 0.191525
438.000000 0.187167
439.000000 0.182163
440.000000 0.176449
441.000000 0.170598
442.000000 0.164903
443.000000 0.158881
444.000000 0.152759
445.000000 0.146905
446.000000 0.140948
447.000000 0.135264
448.000000 0.130025
449.000000 0.125058
450.000000 0.120458
451.000000 0.116100
452.000000 0.111998
453.000000 0.108379
454.000000 0.105076
455.000000 0.102046
456.000000 0.099268
457.000000 0.096611
458.000000 0.094236
459.000000 0.092040
460.000000 0.090031
461.000000 0.088106
462.000000 0.086165
463.000000 0.084322
464.000000 0.082545
465.000000 0.080908
466.000000 0.079509
467.000000 0.078195
468.000000 0.076935
469.000000 0.075640
470.000000 0.074239
471.000000 0.073008
472.000000 0.071888
473.000000 0.070789
474.000000 0.069768
475.000000 0.068764
476.000000 0.067881
477.000000 0.067045
478.000000 0.066210
479.000000 0.065434
480.000000 0.064728
481.000000 0.064059
482.000000 0.063388
483.000000 0.062854
484.000000 0.062397
485.000000 0.061882
486.000000 0.061426
487.000000 0.061083
488.000000 0.060853
489.000000 0.060333
490.000000 0.059656
491.000000 0.059286
492.000000 0.059183
493.000000 0.059223
494.000000 0.059659
495.000000 0.060036
496.000000 0.060128
497.000000 0.060417
498.000000 0.060359
499.000000 0.060339
500.000000 0.060826
501.000000 0.061511
502.000000 0.062157
503.000000 0.062768
504.000000 0.063336
505.000000 0.063981
506.000000 0.064974
507.000000 0.065956
508.000000 0.067026
509.000000 0.068317
510.000000 0.069629
511.000000 0.070762
512.000000 0.071668
513.000000 0.072845
514.000000 0.074263
515.000000 0.075609
516.000000 0.076845
517.000000 0.078093
518.000000 0.079465
519.000000 0.080789
520.000000 0.082281
521.000000 0.083472
522.000000 0.084168
523.000000 0.084860
524.000000 0.085517
525.000000 0.086438
526.000000 0.087381
527.000000 0.088284
528.000000 0.089124
529.000000 0.089718
530.000000 0.090202
531.000000 0.090300
532.000000 0.090902
533.000000 0.091899
534.000000 0.092339
535.000000 0.092682
536.000000 0.093406
537.000000 0.094379
538.000000 0.095621
539.000000 0.097116
540.000000 0.098507
541.000000 0.100239
542.000000 0.102588
543.000000 0.105315
544.000000 0.108108
545.000000 0.111139
546.000000 0.114597
547.000000 0.118592
548.000000 0.122704
549.000000 0.126693
550.000000 0.130652
551.000000 0.134609
552.000000 0.138660
553.000000 0.142663
554.000000 0.146644
555.000000 0.150432
556.000000 0.153817
557.000000 0.156750
558.000000 0.159457
559.000000 0.161644
560.000000 0.163206
561.000000 0.164232
562.000000 0.164784
563.000000 0.164863
564.000000 0.164437
565.000000 0.163652
566.000000 0.162257
567.000000 0.160230
568.000000 0.157773
569.000000 0.154813
570.000000 0.151624
571.000000 0.148419
572.000000 0.145206
573.000000 0.142157
574.000000 0.139082
575.000000 0.136325
576.000000 0.133823
577.000000 0.131404
578.000000 0.129245
579.000000 0.127403
580.000000 0.126004
581.000000 0.124930
582.000000 0.124183
583.000000 0.123765
584.000000 0.123756
585.000000 0.124090
586.000000 0.124809
587.000000 0.125831
588.000000 0.127106
589.000000 0.128507
590.000000 0.130129
591.000000 0.132149
592.000000 0.134333
593.000000 0.136731
594.000000 0.139199
595.000000 0.141607
596.000000 0.144239
597.000000 0.147023
598.000000 0.149789
599.000000 0.152684
600.000000 0.155692
601.000000 0.158726
602.000000 0.161720
603.000000 0.164665
604.000000 0.167850
605.000000 0.171077
606.000000 0.174289
607.000000 0.177695
608.000000 0.181081
609.000000 0.184600
610.000000 0.188340
611.000000 0.192035
612.000000 0.195879
613.000000 0.199952
614.000000 0.204239
615.000000 0.208959
616.000000 0.213718
617.000000 0.218694
618.000000 0.224294
619.000000 0.230095
620.000000 0.236196
621.000000 0.242966
622.000000 0.250029
623.000000 0.257372
624.000000 0.265452
625.000000 0.273872
626.000000 0.282677
627.000000 0.292363
628.000000 0.302330
629.000000 0.312744
630.000000 0.324163
631.000000 0.336277
632.000000 0.348413
633.000000 0.360885
634.000000 0.374418
635.000000 0.388175
636.000000 0.402192
637.000000 0.416966
638.000000 0.431602
639.000000 0.446317
640.000000 0.461729
641.000000 0.477387
642.000000 0.492306
643.000000 0.506927
644.000000 0.522248
645.000000 0.536983
646.000000 0.551165
647.000000 0.565524
648.000000 0.579730
649.000000 0.592970
650.000000 0.605389
651.000000 0.617629
652.000000 0.629373
653.000000 0.639978
654.000000 0.649699
655.000000 0.659123
656.000000 0.667904
657.000000 0.675720
658.000000 0.682817
659.000000 0.689540
660.000000 0.695705
661.000000 0.701221
662.000000 0.706365
663.000000 0.711458
664.000000 0.716370
665.000000 0.720904
666.000000 0.725397
667.000000 0.730268
668.000000 0.735436
669.000000 0.740741
670.000000 0.746559
671.000000 0.753326
672.000000 0.760915
673.000000 0.769393
674.000000 0.778209
675.000000 0.787894
676.000000 0.799535
677.000000 0.812747
678.000000 0.827346
679.000000 0.842673
680.000000 0.859164
681.000000 0.877779
682.000000 0.898361
683.000000 0.920961
684.000000 0.944718
685.000000 0.970042
686.000000 0.998074
687.000000 1.028307
688.000000 1.060402
689.000000 1.093940
690.000000 1.127742
691.000000 1.162966
692.000000 1.200960
693.000000 1.240760
694.000000 1.282012
695.000000 1.324444
696.000000 1.366275
697.000000 1.408024
698.000000 1.451543
699.000000 1.495483
700.000000 1.539358
701.000000 1.582688
702.000000 1.624009
703.000000 1.663521
704.000000 1.702463
705.000000 1.739853
706.000000 1.774421
707.000000 1.806000
708.000000 1.834716
709.000000 1.859896
710.000000 1.880706
711.000000 1.897245
712.000000 1.909955
713.000000 1.918569
714.000000 1.922150
715.000000 1.919458
716.000000 1.912133
717.000000 1.900633
718.000000 1.883834
719.000000 1.863305
720.000000 1.839114
721.000000 1.810296
722.000000 1.777283
723.000000 1.740762
724.000000 1.701478
725.000000 1.659884
726.000000 1.616805
727.000000 1.571973
728.000000 1.524856
729.000000 1.476141
730.000000 1.426449
731.000000 1.379535
732.000000 1.333522
733.000000 1.285273
734.000000 1.236046
735.000000 1.186834
736.000000 1.138475
737.000000 1.091168
738.000000 1.044749
739.000000 0.999164
740.000000 0.954693
741.000000 0.911517
742.000000 0.869784
743.000000 0.829405
744.000000 0.790398
745.000000 0.752501
746.000000 0.715768
747.000000 0.680204
748.000000 0.645947
749.000000 0.613019
750.000000 0.581428
751.000000 0.551128
752.000000 0.522057
753.000000 0.493961
754.000000 0.466773
755.000000 0.440712
756.000000 0.415737
757.000000 0.391884
758.000000 0.369113
759.000000 0.347206
760.000000 0.326098
761.000000 0.306025
762.000000 0.287009
763.000000 0.268839
764.000000 0.251468
765.000000 0.234806
766.000000 0.218957
767.000000 0.204145
768.000000 0.190262
769.000000 0.177154
770.000000 0.164873
771.000000 0.153369
772.000000 0.142517
773.000000 0.132374
774.000000 0.122917
775.000000 0.114078
776.000000 0.105267
777.000000 0.096810
778.000000 0.089313
779.000000 0.082482
780.000000 0.076255
781.000000 0.070517
782.000000 0.065197
783.000000 0.060311
784.000000 0.055830
785.000000 0.051754
786.000000 0.047998
787.000000 0.044493
788.000000 0.041146
789.000000 0.038074
790.000000 0.035337
791.000000 0.032857
792.000000 0.030650
793.000000 0.028621
794.000000 0.026742
795.000000 0.025042
796.000000 0.023480
797.000000 0.021988
798.000000 0.020624
799.000000 0.019473
800.000000 0.018448
801.000000 0.017483
802.000000 0.016626
803.000000 0.015821
804.000000 0.015047
805.000000 0.014349
806.000000 0.013728
807.000000 0.013167
808.000000 0.012695
809.000000 0.012265
810.000000 0.011815
811.000000 0.011448
812.000000 0.011097
813.000000 0.010750
814.000000 0.010456
815.000000 0.010211
816.000000 0.009963
817.000000 0.009675
818.000000 0.009420
819.000000 0.009194
820.000000 0.008971
821.000000 0.008772
822.000000 0.008610
823.000000 0.008421
824.000000 0.008231
825.000000 0.008035
826.000000 0.007853
827.000000 0.007689
828.000000 0.007496
829.000000 0.007321
830.000000 0.007172
831.000000 0.007018
832.000000 0.006830
833.000000 0.006607
834.000000 0.006425
835.000000 0.006300
836.000000 0.006172
837.000000 0.006055
838.000000 0.005912
839.000000 0.005745
840.000000 0.005609
841.000000 0.005488
842.000000 0.005383
843.000000 0.005269
844.000000 0.005136
845.000000 0.004987
846.000000 0.004842
847.000000 0.004700
848.000000 0.004557
849.000000 0.004453
850.000000 0.004346
851.000000 0.004224
852.000000 0.004120
853.000000 0.004018
854.000000 0.003904
855.000000 0.003810
856.000000 0.003768
857.000000 0.003727
858.000000 0.003656
859.000000 0.003596
860.000000 0.003522
861.000000 0.003448
862.000000 0.003375
863.000000 0.003291
864.000000 0.003228
865.000000 0.003209
866.000000 0.003186
867.000000 0.003128
868.000000 0.003084
869.000000 0.003074
870.000000 0.003062
871.000000 0.003014
872.000000 0.002891
873.000000 0.002768
874.000000 0.002718
875.000000 0.002683
876.000000 0.002663
877.000000 0.002651
878.000000 0.002624
879.000000 0.002601
880.000000 0.002580
881.000000 0.002567
882.000000 0.002543
883.000000 0.002534
884.000000 0.002535
885.000000 0.002493
886.000000 0.002483
887.000000 0.002503
888.000000 0.002490
889.000000 0.002474
890.000000 0.002460
891.000000 0.002458
892.000000 0.002471
893.000000 0.002468
894.000000 0.002444
895.000000 0.002411
896.000000 0.002386
897.000000 0.002372
898.000000 0.002358
899.000000 0.002337
900.000000 0.002326
