315.000000 0.114048
316.000000 0.115069
317.000000 0.116337
318.000000 0.117669
319.000000 0.119044
320.000000 0.121143
321.000000 0.122801
322.000000 0.124110
323.000000 0.125630
324.000000 0.127213
325.000000 0.129214
326.000000 0.131095
327.000000 0.132347
328.000000 0.133562
329.000000 0.134856
330.000000 0.136511
331.000000 0.138666
332.000000 0.141038
333.000000 0.143291
334.000000 0.145023
335.000000 0.146547
336.000000 0.148811
337.000000 0.151580
338.000000 0.154218
339.000000 0.156878
340.000000 0.159224
341.000000 0.161311
342.000000 0.163587
343.000000 0.165880
344.000000 0.168032
345.000000 0.169966
346.000000 0.171586
347.000000 0.172941
348.000000 0.174501
349.000000 0.175742
350.000000 0.176044
351.000000 0.176112
352.000000 0.176162
353.000000 0.175809
354.000000 0.175184
355.000000 0.174634
356.000000 0.173843
357.000000 0.172771
358.000000 0.171796
359.000000 0.170869
360.000000 0.169576
361.000000 0.168182
362.000000 0.166959
363.000000 0.165725
364.000000 0.164558
365.000000 0.163446
366.000000 0.162295
367.000000 0.161036
368.000000 0.159722
369.000000 0.158574
370.000000 0.157507
371.000000 0.156262
372.000000 0.155185
373.000000 0.153965
374.000000 0.152301
375.000000 0.150530
376.000000 0.148550
377.000000 0.146148
378.000000 0.143848
379.000000 0.142218
380.000000 0.140845
381.000000 0.139093
382.000000 0.137243
383.000000 0.135832
384.000000 0.134363
385.000000 0.133358
386.000000 0.132920
387.000000 0.132347
388.000000 0.131955
389.000000 0.131839
390.000000 0.131691
391.000000 0.131657
392.000000 0.131895
393.000000 0.132373
394.000000 0.133242
395.000000 0.134119
396.000000 0.134947
397.000000 0.136054
398.000000 0.137362
399.000000 0.138679
400.000000 0.140040
401.000000 0.141398
402.000000 0.142812
403.000000 0.144339
404.000000 0.146041
405.000000 0.147878
406.000000 0.149464
407.000000 0.150945
408.000000 0.152526
409.000000 0.153937
410.000000 0.155211
411.000000 0.156563
412.000000 0.157943
413.000000 0.159200
414.000000 0.160573
415.000000 0.162051
416.000000 0.163678
417.000000 0.165774
418.000000 0.168136
419.000000 0.170533
420.000000 0.173279
421.000000 0.176660
422.000000 0.180176
423.000000 0.184215
424.000000 0.188682
425.000000 0.192961
426.000000 0.197710
427.000000 0.202558
428.000000 0.206574
429.000000 0.210219
430.000000 0.213497
431.000000 0.215765
432.000000 0.217000
433.000000 0.217215
434.000000 0.216465
435.000000 0.214497
436.000000 0.211555
437.000000 0.207805
438.000000 0.203287
439.000000 0.198282
440.000000 0.192602
441.000000 0.186846
442.000000 0.181401
443.000000 0.175708
444.000000 0.169989
445.000000 0.164589
446.000000 0.159180
447.000000 0.154052
448.000000 0.149270
449.000000 0.144633
450.000000 0.140318
451.000000 0.136289
452.000000 0.132437
453.000000 0.128958
454.000000 0.125798
455.000000 0.122888
456.000000 0.120221
457.000000 0.117667
458.000000 0.115354
459.000000 0.113250
460.000000 0.111371
461.000000 0.109689
462.000000 0.108058
463.000000 0.106510
464.000000 0.105092
465.000000 0.103855
466.000000 0.102870
467.000000 0.101975
468.000000 0.101089
469.000000 0.100270
470.000000 0.099483
471.000000 0.098755
472.000000 0.098096
473.000000 0.097463
474.000000 0.096848
475.000000 0.096363
476.000000 0.096016
477.000000 0.095635
478.000000 0.095326
479.000000 0.095129
480.000000 0.094970
481.000000 0.094788
482.000000 0.094625
483.000000 0.094609
484.000000 0.094686
485.000000 0.094738
486.000000 0.094823
487.000000 0.095024
488.000000 0.095488
489.000000 0.095625
490.000000 0.095544
491.000000 0.095743
492.000000 0.096138
493.000000 0.096960
494.000000 0.097975
495.000000 0.098903
496.000000 0.099785
497.000000 0.100865
498.000000 0.102064
499.000000 0.103146
500.000000 0.104260
501.000000 0.105686
502.000000 0.107327
503.000000 0.109169
504.000000 0.111121
505.000000 0.113138
506.000000 0.115205
507.000000 0.117287
508.000000 0.119666
509.000000 0.122370
510.000000 0.125053
511.000000 0.127808
512.000000 0.130651
513.000000 0.133749
514.000000 0.136938
515.000000 0.140054
516.000000 0.142978
517.000000 0.145660
518.000000 0.148500
519.000000 0.151252
520.000000 0.153970
521.000000 0.156382
522.000000 0.158381
523.000000 0.160115
524.000000 0.161629
525.000000 0.163250
526.000000 0.164811
527.000000 0.166162
528.000000 0.167184
529.000000 0.167922
530.000000 0.168542
531.000000 0.168988
532.000000 0.169855
533.000000 0.170983
534.000000 0.171759
535.000000 0.172830
536.000000 0.174242
537.000000 0.175680
538.000000 0.177638
539.000000 0.179782
540.000000 0.181911
541.000000 0.184962
542.000000 0.189050
543.000000 0.193800
544.000000 0.198835
545.000000 0.204501
546.000000 0.210801
547.000000 0.217761
548.000000 0.225215
549.000000 0.232732
550.000000 0.240357
551.000000 0.247994
552.000000 0.255677
553.000000 0.263078
554.000000 0.270103
555.000000 0.276446
556.000000 0.282243
557.000000 0.287368
558.000000 0.291829
559.000000 0.295391
560.000000 0.297654
561.000000 0.298596
562.000000 0.298228
563.000000 0.296777
564.000000 0.294126
565.000000 0.290305
566.000000 0.285117
567.000000 0.278794
568.000000 0.271864
569.000000 0.263981
570.000000 0.255532
571.000000 0.246701
572.000000 0.237637
573.000000 0.228483
574.000000 0.219132
575.000000 0.210619
576.000000 0.202826
577.000000 0.195326
578.000000 0.187988
579.000000 0.181093
580.000000 0.174860
581.000000 0.169038
582.000000 0.164016
583.000000 0.159667
584.000000 0.155904
585.000000 0.152676
586.000000 0.149953
587.000000 0.147777
588.000000 0.146038
589.000000 0.144688
590.000000 0.143918
591.000000 0.143490
592.000000 0.143252
593.000000 0.143274
594.000000 0.143466
595.000000 0.143925
596.000000 0.144668
597.000000 0.145613
598.000000 0.146766
599.000000 0.147983
600.000000 0.149285
601.000000 0.150754
602.000000 0.152283
603.000000 0.153776
604.000000 0.155391
605.000000 0.157169
606.000000 0.158913
607.000000 0.160808
608.000000 0.162903
609.000000 0.165083
610.000000 0.167417
611.000000 0.169847
612.000000 0.172486
613.000000 0.175373
614.000000 0.178395
615.000000 0.181701
616.000000 0.185122
617.000000 0.188724
618.000000 0.192749
619.000000 0.197014
620.000000 0.201613
621.000000 0.206836
622.000000 0.212267
623.000000 0.217835
624.000000 0.223925
625.000000 0.230284
626.000000 0.237045
627.000000 0.244520
628.000000 0.252297
629.000000 0.260449
630.000000 0.269285
631.000000 0.278600
632.000000 0.287949
633.000000 0.297588
634.000000 0.308046
635.000000 0.318710
636.000000 0.329535
637.000000 0.340912
638.000000 0.352169
639.000000 0.363428
640.000000 0.375284
641.000000 0.387466
642.000000 0.398983
643.000000 0.410098
644.000000 0.421682
645.000000 0.432747
646.000000 0.443431
647.000000 0.454308
648.000000 0.464988
649.000000 0.474928
650.000000 0.484285
651.000000 0.493442
652.000000 0.502177
653.000000 0.510097
654.000000 0.517378
655.000000 0.524332
656.000000 0.530748
657.000000 0.536430
658.000000 0.541534
659.000000 0.546453
660.000000 0.551110
661.000000 0.555365
662.000000 0.559312
663.000000 0.563237
664.000000 0.567132
665.000000 0.570805
666.000000 0.574461
667.000000 0.578440
668.000000 0.582836
669.000000 0.587468
670.000000 0.592475
671.000000 0.598262
672.000000 0.604791
673.000000 0.612095
674.000000 0.619739
675.000000 0.628082
676.000000 0.637880
677.000000 0.648948
678.000000 0.661241
679.000000 0.674108
680.000000 0.687859
681.000000 0.703283
682.000000 0.720395
683.000000 0.739218
684.000000 0.758749
685.000000 0.779336
686.000000 0.802151
687.000000 0.826815
688.000000 0.852960
689.000000 0.880407
690.000000 0.907910
691.000000 0.936235
692.000000 0.966921
693.000000 0.999122
694.000000 1.032318
695.000000 1.066268
696.000000 1.099450
697.000000 1.132311
698.000000 1.166641
699.000000 1.201609
700.000000 1.236430
701.000000 1.270566
702.000000 1.302854
703.000000 1.333688
704.000000 1.364204
705.000000 1.393420
706.000000 1.420264
707.000000 1.444478
708.000000 1.466531
709.000000 1.486073
710.000000 1.502108
711.000000 1.514521
712.000000 1.523628
713.000000 1.529095
714.000000 1.530725
715.000000 1.528554
716.000000 1.522900
717.000000 1.513442
718.000000 1.499993
719.000000 1.483749
720.000000 1.464478
721.000000 1.441343
722.000000 1.414858
723.000000 1.385744
724.000000 1.354708
725.000000 1.322086
726.000000 1.287926
727.000000 1.252303
728.000000 1.215034
729.000000 1.176564
730.000000 1.137350
731.000000 1.100120
732.000000 1.063584
733.000000 1.025449
734.000000 0.986829
735.000000 0.948177
736.000000 0.909919
737.000000 0.872221
738.000000 0.835097
739.000000 0.798704
740.000000 0.763214
741.000000 0.728833
742.000000 0.695545
743.000000 0.663286
744.000000 0.632200
745.000000 0.602004
746.000000 0.572638
747.000000 0.544142
748.000000 0.516737
749.000000 0.490444
750.000000 0.465283
751.000000 0.441112
752.000000 0.417724
753.000000 0.395149
754.000000 0.373456
755.000000 0.352602
756.000000 0.332582
757.000000 0.313487
758.000000 0.295360
759.000000 0.278051
760.000000 0.261284
761.000000 0.245255
762.000000 0.230061
763.000000 0.215530
764.000000 0.201724
765.000000 0.188573
766.000000 0.175993
767.000000 0.164153
768.000000 0.153138
769.000000 0.142804
770.000000 0.133090
771.000000 0.123990
772.000000 0.115462
773.000000 0.107557
774.000000 0.100158
775.000000 0.093163
776.000000 0.086201
777.000000 0.079578
778.000000 0.073779
779.000000 0.068494
780.000000 0.063635
781.000000 0.059222
782.000000 0.055144
783.000000 0.051405
784.000000 0.047985
785.000000 0.044789
786.000000 0.041841
787.000000 0.039135
788.000000 0.036560
789.000000 0.034210
790.000000 0.032144
791.000000 0.030277
792.000000 0.028621
793.000000 0.027054
794.000000 0.025610
795.000000 0.024376
796.000000 0.023249
797.000000 0.022187
798.000000 0.021188
799.000000 0.020280
800.000000 0.019497
801.000000 0.018799
802.000000 0.018182
803.000000 0.017642
804.000000 0.017136
805.000000 0.016604
806.000000 0.016173
807.000000 0.015862
808.000000 0.015567
809.000000 0.015287
810.000000 0.014974
811.000000 0.014709
812.000000 0.014444
813.000000 0.014162
814.000000 0.013925
815.000000 0.013722
816.000000 0.013539
817.000000 0.013335
818.000000 0.013111
819.000000 0.012912
820.000000 0.012738
821.000000 0.012539
822.000000 0.012343
823.000000 0.012157
824.000000 0.012047
825.000000 0.011932
826.000000 0.011745
827.000000 0.011544
828.000000 0.011294
829.000000 0.011003
830.000000 0.010662
831.000000 0.010372
832.000000 0.010164
833.000000 0.009943
834.000000 0.009675
835.000000 0.009426
836.000000 0.009221
837.000000 0.009024
838.000000 0.008793
839.000000 0.008541
840.000000 0.008364
841.000000 0.008189
842.000000 0.007985
843.000000 0.007769
844.000000 0.007577
845.000000 0.007406
846.000000 0.007187
847.000000 0.006994
848.000000 0.006822
849.000000 0.006634
850.000000 0.006425
851.000000 0.006203
852.000000 0.005997
853.000000 0.005813
854.000000 0.005662
855.000000 0.005511
856.000000 0.005391
857.000000 0.005343
858.000000 0.005281
859.000000 0.005184
860.000000 0.005034
861.000000 0.004869
862.000000 0.004746
863.000000 0.004609
864.000000 0.004479
865.000000 0.004422
866.000000 0.004382
867.000000 0.004319
868.000000 0.004257
869.000000 0.004189
870.000000 0.004122
871.000000 0.004057
872.000000 0.003939
873.000000 0.003813
874.000000 0.003713
875.000000 0.003612
876.000000 0.003534
877.000000 0.003490
878.000000 0.003443
879.000000 0.003380
880.000000 0.003330
881.000000 0.003292
882.000000 0.003237
883.000000 0.003220
884.000000 0.003206
885.000000 0.003141
886.000000 0.003132
887.000000 0.003154
888.000000 0.003125
889.000000 0.003063
890.000000 0.003010
891.000000 0.002970
892.000000 0.002956
893.000000 0.002977
894.000000 0.002969
895.000000 0.002936
896.000000 0.002893
897.000000 0.002844
898.000000 0.002835
899.000000 0.002839
900.000000 0.002836
