315.000000 0.064872
316.000000 0.066405
317.000000 0.066686
318.000000 0.066662
319.000000 0.066914
320.000000 0.066737
321.000000 0.067335
322.000000 0.068528
323.000000 0.068774
324.000000 0.068973
325.000000 0.069615
326.000000 0.070597
327.000000 0.071415
328.000000 0.071814
329.000000 0.072352
330.000000 0.073094
331.000000 0.073641
332.000000 0.074103
333.000000 0.074585
334.000000 0.075338
335.000000 0.076340
336.000000 0.077305
337.000000 0.078534
338.000000 0.079683
339.000000 0.081139
340.000000 0.083138
341.000000 0.085061
342.000000 0.087012
343.000000 0.088897
344.000000 0.090781
345.000000 0.092672
346.000000 0.094323
347.000000 0.095746
348.000000 0.097318
349.000000 0.098981
350.000000 0.100444
351.000000 0.101493
352.000000 0.102333
353.000000 0.103287
354.000000 0.103751
355.000000 0.104010
356.000000 0.104296
357.000000 0.104357
358.000000 0.104499
359.000000 0.104420
360.000000 0.104144
361.000000 0.103797
362.000000 0.103377
363.000000 0.102936
364.000000 0.102524
365.000000 0.102132
366.000000 0.101701
367.000000 0.101344
368.000000 0.101072
369.000000 0.100851
370.000000 0.101309
371.000000 0.101345
372.000000 0.100982
373.000000 0.101172
374.000000 0.101633
375.000000 0.102173
376.000000 0.102037
377.000000 0.102288
378.000000 0.103086
379.000000 0.103703
380.000000 0.104307
381.000000 0.105099
382.000000 0.106174
383.000000 0.107003
384.000000 0.107757
385.000000 0.108658
386.000000 0.109124
387.000000 0.109363
388.000000 0.109834
389.000000 0.110038
390.000000 0.110279
391.000000 0.110668
392.000000 0.110518
393.000000 0.110232
394.000000 0.110134
395.000000 0.110235
396.000000 0.110421
397.000000 0.110587
398.000000 0.110606
399.000000 0.110138
400.000000 0.109223
401.000000 0.107879
402.000000 0.106212
403.000000 0.104269
404.000000 0.101955
405.000000 0.099235
406.000000 0.096455
407.000000 0.093972
408.000000 0.091452
409.000000 0.089087
410.000000 0.087136
411.000000 0.085183
412.000000 0.083298
413.000000 0.081655
414.000000 0.080189
415.000000 0.079077
416.000000 0.078099
417.000000 0.077316
418.000000 0.076705
419.000000 0.076117
420.000000 0.075697
421.000000 0.075363
422.000000 0.075017
423.000000 0.074569
424.000000 0.074216
425.000000 0.074046
426.000000 0.073873
427.000000 0.073659
428.000000 0.073516
429.000000 0.073409
430.000000 0.073342
431.000000 0.073502
432.000000 0.073821
433.000000 0.074123
434.000000 0.074511
435.000000 0.075226
436.000000 0.076135
437.000000 0.077269
438.000000 0.078754
439.000000 0.080377
440.000000 0.082133
441.000000 0.083929
442.000000 0.085736
443.000000 0.087626
444.000000 0.089546
445.000000 0.091437
446.000000 0.093288
447.000000 0.094993
448.000000 0.096511
449.000000 0.097812
450.000000 0.098841
451.000000 0.099656
452.000000 0.100210
453.000000 0.100577
454.000000 0.100825
455.000000 0.101025
456.000000 0.101255
457.000000 0.101473
458.000000 0.101801
459.000000 0.102456
460.000000 0.103421
461.000000 0.104739
462.000000 0.106633
463.000000 0.109135
464.000000 0.112331
465.000000 0.116132
466.000000 0.120264
467.000000 0.125058
468.000000 0.130489
469.000000 0.136498
470.000000 0.142855
471.000000 0.149106
472.000000 0.155652
473.000000 0.162066
474.000000 0.168104
475.000000 0.173755
476.000000 0.178621
477.000000 0.182854
478.000000 0.186246
479.000000 0.188583
480.000000 0.189945
481.000000 0.190360
482.000000 0.189970
483.000000 0.188961
484.000000 0.187249
485.000000 0.185041
486.000000 0.182445
487.000000 0.179496
488.000000 0.176305
489.000000 0.173363
490.000000 0.170484
491.000000 0.167299
492.000000 0.164091
493.000000 0.160892
494.000000 0.158071
495.000000 0.155252
496.000000 0.152582
497.000000 0.150768
498.000000 0.149148
499.000000 0.147748
500.000000 0.146906
501.000000 0.146427
502.000000 0.146597
503.000000 0.146903
504.000000 0.147379
505.000000 0.148591
506.000000 0.150367
507.000000 0.152740
508.000000 0.155566
509.000000 0.158736
510.000000 0.162462
511.000000 0.166988
512.000000 0.171923
513.000000 0.177038
514.000000 0.182504
515.000000 0.188087
516.000000 0.193578
517.000000 0.199062
518.000000 0.204607
519.000000 0.210192
520.000000 0.215876
521.000000 0.221470
522.000000 0.226713
523.000000 0.231803
524.000000 0.236468
525.000000 0.240435
526.000000 0.243777
527.000000 0.246641
528.000000 0.249353
529.000000 0.251640
530.000000 0.253374
531.000000 0.254547
532.000000 0.255409
533.000000 0.256210
534.000000 0.256844
535.000000 0.257286
536.000000 0.257368
537.000000 0.257392
538.000000 0.257928
539.000000 0.258750
540.000000 0.259863
541.000000 0.261698
542.000000 0.263904
543.000000 0.266964
544.000000 0.271017
545.000000 0.275636
546.000000 0.280719
547.000000 0.286645
548.000000 0.293593
549.000000 0.301166
550.000000 0.309402
551.000000 0.318208
552.000000 0.327717
553.000000 0.337961
554.000000 0.348697
555.000000 0.359914
556.000000 0.371498
557.000000 0.383329
558.000000 0.396091
559.000000 0.409103
560.000000 0.421947
561.000000 0.434498
562.000000 0.446420
563.000000 0.457158
564.000000 0.466692
565.000000 0.475064
566.000000 0.482038
567.000000 0.487735
568.000000 0.491565
569.000000 0.493314
570.000000 0.493128
571.000000 0.490996
572.000000 0.487006
573.000000 0.481042
574.000000 0.473122
575.000000 0.464417
576.000000 0.454768
577.000000 0.444224
578.000000 0.433419
579.000000 0.422133
580.000000 0.410541
581.000000 0.399165
582.000000 0.388807
583.000000 0.379175
584.000000 0.370102
585.000000 0.361733
586.000000 0.353905
587.000000 0.347048
588.000000 0.341116
589.000000 0.335945
590.000000 0.331461
591.000000 0.327691
592.000000 0.324879
593.000000 0.322694
594.000000 0.321106
595.000000 0.320063
596.000000 0.319274
597.000000 0.318843
598.000000 0.318744
599.000000 0.318870
600.000000 0.319149
601.000000 0.319619
602.000000 0.320316
603.000000 0.321002
604.000000 0.321615
605.000000 0.322110
606.000000 0.322466
607.000000 0.322677
608.000000 0.322519
609.000000 0.321868
610.000000 0.320693
611.000000 0.318916
612.000000 0.316426
613.000000 0.313260
614.000000 0.309301
615.000000 0.304399
616.000000 0.299025
617.000000 0.293153
618.000000 0.286292
619.000000 0.279007
620.000000 0.271286
621.000000 0.262823
622.000000 0.254281
623.000000 0.245688
624.000000 0.236864
625.000000 0.228244
626.000000 0.219798
627.000000 0.211357
628.000000 0.203459
629.000000 0.196025
630.000000 0.188767
631.000000 0.181888
632.000000 0.175724
633.000000 0.170141
634.000000 0.164892
635.000000 0.160248
636.000000 0.156127
637.000000 0.152454
638.000000 0.149363
639.000000 0.146751
640.000000 0.144574
641.000000 0.142834
642.000000 0.141430
643.000000 0.140267
644.000000 0.139397
645.000000 0.138851
646.000000 0.138555
647.000000 0.138477
648.000000 0.138512
649.000000 0.138719
650.000000 0.139079
651.000000 0.139585
652.000000 0.140229
653.000000 0.140955
654.000000 0.141683
655.000000 0.142448
656.000000 0.143368
657.000000 0.144282
658.000000 0.145189
659.000000 0.146205
660.000000 0.147317
661.000000 0.148469
662.000000 0.149704
663.000000 0.151035
664.000000 0.152373
665.000000 0.153728
666.000000 0.155176
667.000000 0.156714
668.000000 0.158339
669.000000 0.160081
670.000000 0.161956
671.000000 0.163983
672.000000 0.166133
673.000000 0.168417
674.000000 0.170725
675.000000 0.173180
676.000000 0.175930
677.000000 0.178825
678.000000 0.181791
679.000000 0.184657
680.000000 0.187614
681.000000 0.190941
682.000000 0.194530
683.000000 0.198332
684.000000 0.202175
685.000000 0.206090
686.000000 0.210240
687.000000 0.214495
688.000000 0.218860
689.000000 0.223415
690.000000 0.227941
691.000000 0.232520
692.000000 0.237381
693.000000 0.242375
694.000000 0.247451
695.000000 0.252665
696.000000 0.257799
697.000000 0.262889
698.000000 0.268219
699.000000 0.273636
700.000000 0.279035
701.000000 0.284418
702.000000 0.289494
703.000000 0.294424
704.000000 0.299582
705.000000 0.304800
706.000000 0.309897
707.000000 0.314876
708.000000 0.319838
709.000000 0.324716
710.000000 0.329242
711.000000 0.333521
712.000000 0.337727
713.000000 0.341730
714.000000 0.345403
715.000000 0.348786
716.000000 0.351928
717.000000 0.354839
718.000000 0.357652
719.000000 0.360212
720.000000 0.362522
721.000000 0.364671
722.000000 0.366603
723.000000 0.368393
724.000000 0.370069
725.000000 0.371658
726.000000 0.373137
727.000000 0.374484
728.000000 0.375801
729.000000 0.377203
730.000000 0.378746
731.000000 0.380328
732.000000 0.381989
733.000000 0.383900
734.000000 0.386057
735.000000 0.388339
736.000000 0.390693
737.000000 0.393279
738.000000 0.396234
739.000000 0.399642
740.000000 0.403530
741.000000 0.407873
742.000000 0.412662
743.000000 0.417885
744.000000 0.423614
745.000000 0.429854
746.000000 0.436520
747.000000 0.443607
748.000000 0.451074
749.000000 0.458899
750.000000 0.467214
751.000000 0.476047
752.000000 0.485355
753.000000 0.495268
754.000000 0.505791
755.000000 0.516873
756.000000 0.528499
757.000000 0.540476
758.000000 0.552785
759.000000 0.565721
760.000000 0.579295
761.000000 0.593379
762.000000 0.607801
763.000000 0.622474
764.000000 0.637635
765.000000 0.653445
766.000000 0.669816
767.000000 0.686533
768.000000 0.703450
769.000000 0.720568
770.000000 0.737775
771.000000 0.754789
772.000000 0.771682
773.000000 0.788624
774.000000 0.805686
775.000000 0.822552
776.000000 0.839895
777.000000 0.857074
778.000000 0.872597
779.000000 0.886850
780.000000 0.899892
781.000000 0.911543
782.000000 0.921632
783.000000 0.929943
784.000000 0.936149
785.000000 0.940171
786.000000 0.942076
787.000000 0.941576
788.000000 0.938465
789.000000 0.932948
790.000000 0.925254
791.000000 0.915080
792.000000 0.902262
793.000000 0.887014
794.000000 0.869380
795.000000 0.849459
796.000000 0.827383
797.000000 0.802196
798.000000 0.774841
799.000000 0.746847
800.000000 0.717834
801.000000 0.687999
802.000000 0.657697
803.000000 0.626926
804.000000 0.594458
805.000000 0.561450
806.000000 0.529910
807.000000 0.499124
808.000000 0.468787
809.000000 0.439122
810.000000 0.409132
811.000000 0.379793
812.000000 0.352623
813.000000 0.327132
814.000000 0.303034
815.000000 0.280122
816.000000 0.257544
817.000000 0.236090
818.000000 0.216751
819.000000 0.198980
820.000000 0.182455
821.000000 0.166624
822.000000 0.151843
823.000000 0.138625
824.000000 0.126779
825.000000 0.115736
826.000000 0.105505
827.000000 0.096391
828.000000 0.088165
829.000000 0.080669
830.000000 0.073521
831.000000 0.067047
832.000000 0.061463
833.000000 0.056425
834.000000 0.051708
835.000000 0.047390
836.000000 0.043602
837.000000 0.040132
838.000000 0.036994
839.000000 0.034272
840.000000 0.031833
841.000000 0.029502
842.000000 0.027325
843.000000 0.025437
844.000000 0.023770
845.000000 0.022184
846.000000 0.020723
847.000000 0.019504
848.000000 0.018378
849.000000 0.017279
850.000000 0.016338
851.000000 0.015469
852.000000 0.014657
853.000000 0.013953
854.000000 0.013262
855.000000 0.012604
856.000000 0.012028
857.000000 0.011505
858.000000 0.011024
859.000000 0.010590
860.000000 0.010183
861.000000 0.009802
862.000000 0.009463
863.000000 0.009172
864.000000 0.008905
865.000000 0.008660
866.000000 0.008426
867.000000 0.008174
868.000000 0.007958
869.000000 0.007784
870.000000 0.007613
871.000000 0.007473
872.000000 0.007353
873.000000 0.007248
874.000000 0.007140
875.000000 0.007004
876.000000 0.006869
877.000000 0.006783
878.000000 0.006704
879.000000 0.006621
880.000000 0.006560
881.000000 0.006517
882.000000 0.006464
883.000000 0.006410
884.000000 0.006369
885.000000 0.006312
886.000000 0.006298
887.000000 0.006321
888.000000 0.006327
889.000000 0.006297
890.000000 0.006256
891.000000 0.006221
892.000000 0.006200
893.000000 0.006175
894.000000 0.006149
895.000000 0.006142
896.000000 0.006142
897.000000 0.006145
898.000000 0.006175
899.000000 0.006195
900.000000 0.006186
