315.000000 0.065865
316.000000 0.067817
317.000000 0.068936
318.000000 0.069603
319.000000 0.070575
320.000000 0.071175
321.000000 0.071781
322.000000 0.072685
323.000000 0.073181
324.000000 0.073971
325.000000 0.074759
326.000000 0.075419
327.000000 0.076377
328.000000 0.077257
329.000000 0.078297
330.000000 0.079572
331.000000 0.080473
332.000000 0.081040
333.000000 0.081741
334.000000 0.083071
335.000000 0.084672
336.000000 0.086003
337.000000 0.087148
338.000000 0.088501
339.000000 0.090393
340.000000 0.092431
341.000000 0.094472
342.000000 0.096821
343.000000 0.099160
344.000000 0.101413
345.000000 0.103757
346.000000 0.105788
347.000000 0.107539
348.000000 0.109278
349.000000 0.110825
350.000000 0.112176
351.000000 0.113319
352.000000 0.114210
353.000000 0.114924
354.000000 0.115175
355.000000 0.115299
356.000000 0.115470
357.000000 0.115414
358.000000 0.115199
359.000000 0.114590
360.000000 0.113725
361.000000 0.112717
362.000000 0.111659
363.000000 0.110828
364.000000 0.110077
365.000000 0.109362
366.000000 0.108776
367.000000 0.108240
368.000000 0.107760
369.000000 0.107280
370.000000 0.106959
371.000000 0.106166
372.000000 0.105170
373.000000 0.105269
374.000000 0.106123
375.000000 0.107103
376.000000 0.107347
377.000000 0.107416
378.000000 0.107799
379.000000 0.108273
380.000000 0.109302
381.000000 0.110553
382.000000 0.111664
383.000000 0.112726
384.000000 0.113829
385.000000 0.114707
386.000000 0.115221
387.000000 0.115682
388.000000 0.116118
389.000000 0.116506
390.000000 0.116951
391.000000 0.117421
392.000000 0.118050
393.000000 0.118680
394.000000 0.119072
395.000000 0.119666
396.000000 0.120524
397.000000 0.121152
398.000000 0.121548
399.000000 0.121461
400.000000 0.120959
401.000000 0.120084
402.000000 0.118567
403.000000 0.116572
404.000000 0.114165
405.000000 0.111143
406.000000 0.107857
407.000000 0.104814
408.000000 0.101783
409.000000 0.098858
410.000000 0.096208
411.000000 0.093573
412.000000 0.091249
413.000000 0.089284
414.000000 0.087443
415.000000 0.085940
416.000000 0.084657
417.000000 0.083644
418.000000 0.082896
419.000000 0.082222
420.000000 0.081426
421.000000 0.080813
422.000000 0.080408
423.000000 0.079711
424.000000 0.079066
425.000000 0.078665
426.000000 0.078230
427.000000 0.077813
428.000000 0.077532
429.000000 0.077313
430.000000 0.077217
431.000000 0.077221
432.000000 0.077323
433.000000 0.077638
434.000000 0.078076
435.000000 0.078702
436.000000 0.079653
437.000000 0.080855
438.000000 0.082284
439.000000 0.083851
440.000000 0.085617
441.000000 0.087465
442.000000 0.089358
443.000000 0.091377
444.000000 0.093399
445.000000 0.095402
446.000000 0.097367
447.000000 0.099172
448.000000 0.100761
449.000000 0.102111
450.000000 0.103215
451.000000 0.104183
452.000000 0.104977
453.000000 0.105582
454.000000 0.106136
455.000000 0.106588
456.000000 0.106980
457.000000 0.107546
458.000000 0.108358
459.000000 0.109501
460.000000 0.111001
461.000000 0.112839
462.000000 0.115252
463.000000 0.118321
464.000000 0.122176
465.000000 0.126706
466.000000 0.131574
467.000000 0.137307
468.000000 0.143826
469.000000 0.150902
470.000000 0.158351
471.000000 0.165697
472.000000 0.173322
473.000000 0.180762
474.000000 0.187799
475.000000 0.194409
476.000000 0.200068
477.000000 0.204846
478.000000 0.208556
479.000000 0.211114
480.000000 0.212666
481.000000 0.213274
482.000000 0.212984
483.000000 0.211880
484.000000 0.209935
485.000000 0.207341
486.000000 0.204224
487.000000 0.200751
488.000000 0.197102
489.000000 0.193196
490.000000 0.189239
491.000000 0.185634
492.000000 0.182271
493.000000 0.178752
494.000000 0.175678
495.000000 0.172707
496.000000 0.169760
497.000000 0.167476
498.000000 0.165440
499.000000 0.163853
500.000000 0.162839
501.000000 0.162185
502.000000 0.162282
503.000000 0.162789
504.000000 0.163673
505.000000 0.165426
506.000000 0.167573
507.000000 0.170310
508.000000 0.173547
509.000000 0.177399
510.000000 0.182031
511.000000 0.187136
512.000000 0.192468
513.000000 0.198050
514.000000 0.204130
515.000000 0.210410
516.000000 0.216722
517.000000 0.223110
518.000000 0.229600
519.000000 0.236220
520.000000 0.242927
521.000000 0.249371
522.000000 0.255296
523.000000 0.260851
524.000000 0.265825
525.000000 0.270174
526.000000 0.274160
527.000000 0.277827
528.000000 0.280961
529.000000 0.283384
530.000000 0.285417
531.000000 0.286899
532.000000 0.287512
533.000000 0.287591
534.000000 0.287997
535.000000 0.288570
536.000000 0.288653
537.000000 0.288588
538.000000 0.289186
539.000000 0.290312
540.000000 0.291660
541.000000 0.293779
542.000000 0.296735
543.000000 0.300381
544.000000 0.304857
545.000000 0.310234
546.000000 0.316220
547.000000 0.322982
548.000000 0.330482
549.000000 0.338690
550.000000 0.347959
551.000000 0.358090
552.000000 0.368855
553.000000 0.380393
554.000000 0.392618
555.000000 0.405468
556.000000 0.418571
557.000000 0.432006
558.000000 0.446659
559.000000 0.461279
560.000000 0.475528
561.000000 0.489390
562.000000 0.502601
563.000000 0.515114
564.000000 0.526596
565.000000 0.536370
566.000000 0.544400
567.000000 0.550810
568.000000 0.554827
569.000000 0.556516
570.000000 0.555998
571.000000 0.553130
572.000000 0.548174
573.000000 0.541274
574.000000 0.532237
575.000000 0.522147
576.000000 0.511112
577.000000 0.499376
578.000000 0.486964
579.000000 0.473829
580.000000 0.460534
581.000000 0.447184
582.000000 0.434730
583.000000 0.423069
584.000000 0.412310
585.000000 0.402630
586.000000 0.393715
587.000000 0.385939
588.000000 0.379100
589.000000 0.373047
590.000000 0.367737
591.000000 0.363150
592.000000 0.359676
593.000000 0.356915
594.000000 0.354692
595.000000 0.353089
596.000000 0.351841
597.000000 0.350962
598.000000 0.350474
599.000000 0.350382
600.000000 0.350525
601.000000 0.350866
602.000000 0.351435
603.000000 0.352011
604.000000 0.352456
605.000000 0.352683
606.000000 0.352767
607.000000 0.352596
608.000000 0.351964
609.000000 0.350786
610.000000 0.348975
611.000000 0.346585
612.000000 0.343388
613.000000 0.339443
614.000000 0.334625
615.000000 0.328684
616.000000 0.322189
617.000000 0.314926
618.000000 0.306430
619.000000 0.297612
620.000000 0.288366
621.000000 0.278254
622.000000 0.268057
623.000000 0.257796
624.000000 0.247240
625.000000 0.236937
626.000000 0.226829
627.000000 0.216599
628.000000 0.206909
629.000000 0.197696
630.000000 0.188725
631.000000 0.180245
632.000000 0.172635
633.000000 0.165726
634.000000 0.159089
635.000000 0.153146
636.000000 0.147820
637.000000 0.142897
638.000000 0.138697
639.000000 0.135049
640.000000 0.131767
641.000000 0.129002
642.000000 0.126781
643.000000 0.124908
644.000000 0.123245
645.000000 0.121958
646.000000 0.121000
647.000000 0.120152
648.000000 0.119375
649.000000 0.118848
650.000000 0.118497
651.000000 0.118218
652.000000 0.118123
653.000000 0.118163
654.000000 0.118219
655.000000 0.118340
656.000000 0.118582
657.000000 0.118812
658.000000 0.119011
659.000000 0.119268
660.000000 0.119646
661.000000 0.120082
662.000000 0.120553
663.000000 0.121131
664.000000 0.121780
665.000000 0.122453
666.000000 0.123204
667.000000 0.124023
668.000000 0.124923
669.000000 0.125952
670.000000 0.127018
671.000000 0.128121
672.000000 0.129369
673.000000 0.130766
674.000000 0.132226
675.000000 0.133814
676.000000 0.135622
677.000000 0.137609
678.000000 0.139709
679.000000 0.141757
680.000000 0.143867
681.000000 0.146245
682.000000 0.148830
683.000000 0.151553
684.000000 0.154236
685.000000 0.156966
686.000000 0.159933
687.000000 0.163038
688.000000 0.166310
689.000000 0.169706
690.000000 0.173051
691.000000 0.176463
692.000000 0.180046
693.000000 0.183731
694.000000 0.187530
695.000000 0.191471
696.000000 0.195294
697.000000 0.198990
698.000000 0.202888
699.000000 0.206925
700.000000 0.210976
701.000000 0.215076
702.000000 0.219057
703.000000 0.222935
704.000000 0.226880
705.000000 0.230786
706.000000 0.234572
707.000000 0.238243
708.000000 0.241929
709.000000 0.245590
710.000000 0.248984
711.000000 0.252140
712.000000 0.255254
713.000000 0.258352
714.000000 0.261296
715.000000 0.264012
716.000000 0.266538
717.000000 0.268908
718.000000 0.271106
719.000000 0.273026
720.000000 0.274694
721.000000 0.276120
722.000000 0.277327
723.000000 0.278539
724.000000 0.279817
725.000000 0.281047
726.000000 0.282181
727.000000 0.283269
728.000000 0.284352
729.000000 0.285496
730.000000 0.286691
731.000000 0.287886
732.000000 0.289117
733.000000 0.290428
734.000000 0.291862
735.000000 0.293468
736.000000 0.295323
737.000000 0.297506
738.000000 0.299977
739.000000 0.302684
740.000000 0.305666
741.000000 0.308898
742.000000 0.312432
743.000000 0.316343
744.000000 0.320634
745.000000 0.325311
746.000000 0.330237
747.000000 0.335412
748.000000 0.340988
749.000000 0.346986
750.000000 0.353403
751.000000 0.360256
752.000000 0.367554
753.000000 0.375264
754.000000 0.383343
755.000000 0.391772
756.000000 0.400426
757.000000 0.409317
758.000000 0.418494
759.000000 0.428098
760.000000 0.438284
761.000000 0.448967
762.000000 0.459994
763.000000 0.471317
764.000000 0.483054
765.000000 0.495243
766.000000 0.507794
767.000000 0.520460
768.000000 0.533065
769.000000 0.545707
770.000000 0.558546
771.000000 0.571410
772.000000 0.584267
773.000000 0.597195
774.000000 0.610092
775.000000 0.622848
776.000000 0.636035
777.000000 0.649054
778.000000 0.660702
779.000000 0.671300
780.000000 0.681010
781.000000 0.689625
782.000000 0.696929
783.000000 0.702919
784.000000 0.707686
785.000000 0.711033
786.000000 0.712701
787.000000 0.712699
788.000000 0.710772
789.000000 0.706775
790.000000 0.700798
791.000000 0.692691
792.000000 0.682523
793.000000 0.670673
794.000000 0.657308
795.000000 0.642352
796.000000 0.625749
797.000000 0.606947
798.000000 0.586703
799.000000 0.565927
800.000000 0.544405
801.000000 0.522176
802.000000 0.499344
803.000000 0.476099
804.000000 0.451475
805.000000 0.426311
806.000000 0.402261
807.000000 0.378845
808.000000 0.355850
809.000000 0.333420
810.000000 0.310771
811.000000 0.288583
812.000000 0.267997
813.000000 0.248621
814.000000 0.230325
815.000000 0.212974
816.000000 0.195833
817.000000 0.179488
818.000000 0.164709
819.000000 0.151149
820.000000 0.138632
821.000000 0.126724
822.000000 0.115658
823.000000 0.105782
824.000000 0.096842
825.000000 0.088431
826.000000 0.080682
827.000000 0.073772
828.000000 0.067466
829.000000 0.061742
830.000000 0.056332
831.000000 0.051421
832.000000 0.047203
833.000000 0.043439
834.000000 0.039936
835.000000 0.036731
836.000000 0.033907
837.000000 0.031274
838.000000 0.028879
839.000000 0.026818
840.000000 0.024973
841.000000 0.023219
842.000000 0.021601
843.000000 0.020172
844.000000 0.018890
845.000000 0.017699
846.000000 0.016634
847.000000 0.015749
848.000000 0.014896
849.000000 0.014068
850.000000 0.013380
851.000000 0.012761
852.000000 0.012151
853.000000 0.011579
854.000000 0.011057
855.000000 0.010602
856.000000 0.010200
857.000000 0.009820
858.000000 0.009432
859.000000 0.009101
860.000000 0.008824
861.000000 0.008545
862.000000 0.008289
863.000000 0.008064
864.000000 0.007871
865.000000 0.007682
866.000000 0.007503
867.000000 0.007346
868.000000 0.007237
869.000000 0.007112
870.000000 0.006969
871.000000 0.006874
872.000000 0.006807
873.000000 0.006748
874.000000 0.006666
875.000000 0.006580
876.000000 0.006494
877.000000 0.006438
878.000000 0.006392
879.000000 0.006319
880.000000 0.006270
881.000000 0.006207
882.000000 0.006138
883.000000 0.006127
884.000000 0.006122
885.000000 0.006121
886.000000 0.006137
887.000000 0.006141
888.000000 0.006233
889.000000 0.006292
890.000000 0.006235
891.000000 0.006210
892.000000 0.006205
893.000000 0.006213
894.000000 0.006224
895.000000 0.006227
896.000000 0.006232
897.000000 0.006250
898.000000 0.006300
899.000000 0.006337
900.000000 0.006342
