315.000000 0.070828
316.000000 0.073250
317.000000 0.074407
318.000000 0.075121
319.000000 0.076130
320.000000 0.076799
321.000000 0.077511
322.000000 0.078111
323.000000 0.078399
324.000000 0.078755
325.000000 0.079693
326.000000 0.080454
327.000000 0.080939
328.000000 0.081866
329.000000 0.083346
330.000000 0.085057
331.000000 0.086285
332.000000 0.087444
333.000000 0.088548
334.000000 0.089843
335.000000 0.090885
336.000000 0.091867
337.000000 0.093539
338.000000 0.095086
339.000000 0.096734
340.000000 0.098761
341.000000 0.101108
342.000000 0.103643
343.000000 0.106089
344.000000 0.108400
345.000000 0.110389
346.000000 0.112295
347.000000 0.114114
348.000000 0.115943
349.000000 0.117587
350.000000 0.118844
351.000000 0.119873
352.000000 0.120860
353.000000 0.121724
354.000000 0.121889
355.000000 0.121882
356.000000 0.121947
357.000000 0.121739
358.000000 0.121279
359.000000 0.120483
360.000000 0.119685
361.000000 0.118812
362.000000 0.117838
363.000000 0.116763
364.000000 0.115555
365.000000 0.114485
366.000000 0.113723
367.000000 0.113035
368.000000 0.112378
369.000000 0.111943
370.000000 0.112024
371.000000 0.112335
372.000000 0.112235
373.000000 0.112435
374.000000 0.113157
375.000000 0.113569
376.000000 0.113369
377.000000 0.113554
378.000000 0.114176
379.000000 0.115087
380.000000 0.116320
381.000000 0.117381
382.000000 0.118444
383.000000 0.119052
384.000000 0.119572
385.000000 0.120202
386.000000 0.120417
387.000000 0.120622
388.000000 0.121195
389.000000 0.122090
390.000000 0.123129
391.000000 0.123861
392.000000 0.124376
393.000000 0.125085
394.000000 0.125831
395.000000 0.126887
396.000000 0.127960
397.000000 0.128690
398.000000 0.129281
399.000000 0.129399
400.000000 0.128898
401.000000 0.127671
402.000000 0.125897
403.000000 0.123870
404.000000 0.121441
405.000000 0.118329
406.000000 0.115041
407.000000 0.111909
408.000000 0.108579
409.000000 0.105368
410.000000 0.102651
411.000000 0.099988
412.000000 0.097312
413.000000 0.094896
414.000000 0.092746
415.000000 0.091090
416.000000 0.089587
417.000000 0.088270
418.000000 0.087263
419.000000 0.086423
420.000000 0.085621
421.000000 0.084973
422.000000 0.084418
423.000000 0.083549
424.000000 0.082724
425.000000 0.082112
426.000000 0.081625
427.000000 0.081204
428.000000 0.080876
429.000000 0.080605
430.000000 0.080307
431.000000 0.080209
432.000000 0.080271
433.000000 0.080499
434.000000 0.080916
435.000000 0.081497
436.000000 0.082332
437.000000 0.083404
438.000000 0.084771
439.000000 0.086387
440.000000 0.088221
441.000000 0.090070
442.000000 0.091823
443.000000 0.093687
444.000000 0.095681
445.000000 0.097621
446.000000 0.099546
447.000000 0.101399
448.000000 0.103083
449.000000 0.104524
450.000000 0.105604
451.000000 0.106604
452.000000 0.107543
453.000000 0.108283
454.000000 0.108821
455.000000 0.109280
456.000000 0.109810
457.000000 0.110423
458.000000 0.111221
459.000000 0.112418
460.000000 0.114051
461.000000 0.116059
462.000000 0.118738
463.000000 0.122199
464.000000 0.126455
465.000000 0.131331
466.000000 0.136506
467.000000 0.142520
468.000000 0.149305
469.000000 0.156703
470.000000 0.164590
471.000000 0.172358
472.000000 0.180371
473.000000 0.188248
474.000000 0.195653
475.000000 0.202607
476.000000 0.208580
477.000000 0.213545
478.000000 0.217425
479.000000 0.220185
480.000000 0.221882
481.000000 0.222539
482.000000 0.222205
483.000000 0.220978
484.000000 0.218854
485.000000 0.216065
486.000000 0.212761
487.000000 0.209147
488.000000 0.205371
489.000000 0.201557
490.000000 0.197852
491.000000 0.193989
492.000000 0.190201
493.000000 0.186516
494.000000 0.183139
495.000000 0.180029
496.000000 0.177344
497.000000 0.175317
498.000000 0.173283
499.000000 0.171640
500.000000 0.170652
501.000000 0.170012
502.000000 0.169948
503.000000 0.170331
504.000000 0.171359
505.000000 0.173144
506.000000 0.175329
507.000000 0.178191
508.000000 0.181616
509.000000 0.185552
510.000000 0.190076
511.000000 0.195468
512.000000 0.201372
513.000000 0.207348
514.000000 0.213813
515.000000 0.220551
516.000000 0.227214
517.000000 0.233994
518.000000 0.240981
519.000000 0.247882
520.000000 0.254820
521.000000 0.261720
522.000000 0.268151
523.000000 0.274051
524.000000 0.279222
525.000000 0.283980
526.000000 0.288535
527.000000 0.292279
528.000000 0.295385
529.000000 0.298062
530.000000 0.300217
531.000000 0.301800
532.000000 0.302559
533.000000 0.303036
534.000000 0.303476
535.000000 0.303599
536.000000 0.303784
537.000000 0.304224
538.000000 0.305123
539.000000 0.306197
540.000000 0.307495
541.000000 0.309473
542.000000 0.311897
543.000000 0.315533
544.000000 0.320258
545.000000 0.325397
546.000000 0.331273
547.000000 0.338398
548.000000 0.346327
549.000000 0.355001
550.000000 0.364656
551.000000 0.374939
552.000000 0.386323
553.000000 0.398779
554.000000 0.411783
555.000000 0.425316
556.000000 0.439093
557.000000 0.453169
558.000000 0.468422
559.000000 0.483738
560.000000 0.498775
561.000000 0.513536
562.000000 0.527702
563.000000 0.540779
564.000000 0.552452
565.000000 0.562439
566.000000 0.570560
567.000000 0.576964
568.000000 0.581152
569.000000 0.582937
570.000000 0.582460
571.000000 0.579587
572.000000 0.574505
573.000000 0.567393
574.000000 0.557964
575.000000 0.547434
576.000000 0.535767
577.000000 0.522991
578.000000 0.509562
579.000000 0.495395
580.000000 0.481126
581.000000 0.467088
582.000000 0.454072
583.000000 0.441888
584.000000 0.430486
585.000000 0.420108
586.000000 0.410470
587.000000 0.402021
588.000000 0.394574
589.000000 0.388178
590.000000 0.382822
591.000000 0.378129
592.000000 0.374299
593.000000 0.371114
594.000000 0.368538
595.000000 0.366657
596.000000 0.365251
597.000000 0.364341
598.000000 0.363831
599.000000 0.363612
600.000000 0.363705
601.000000 0.363978
602.000000 0.364291
603.000000 0.364535
604.000000 0.364763
605.000000 0.364919
606.000000 0.364842
607.000000 0.364479
608.000000 0.363782
609.000000 0.362550
610.000000 0.360569
611.000000 0.357872
612.000000 0.354335
613.000000 0.349969
614.000000 0.344608
615.000000 0.338055
616.000000 0.330971
617.000000 0.323190
618.000000 0.314102
619.000000 0.304545
620.000000 0.294576
621.000000 0.283844
622.000000 0.273009
623.000000 0.262052
624.000000 0.250773
625.000000 0.239725
626.000000 0.228849
627.000000 0.217857
628.000000 0.207555
629.000000 0.197804
630.000000 0.188215
631.000000 0.179096
632.000000 0.170819
633.000000 0.163230
634.000000 0.155939
635.000000 0.149388
636.000000 0.143522
637.000000 0.138088
638.000000 0.133433
639.000000 0.129385
640.000000 0.125718
641.000000 0.122509
642.000000 0.119814
643.000000 0.117513
644.000000 0.115479
645.000000 0.113832
646.000000 0.112473
647.000000 0.111237
648.000000 0.110179
649.000000 0.109396
650.000000 0.108742
651.000000 0.108216
652.000000 0.107849
653.000000 0.107566
654.000000 0.107329
655.000000 0.107136
656.000000 0.107047
657.000000 0.107000
658.000000 0.106918
659.000000 0.106854
660.000000 0.106869
661.000000 0.106979
662.000000 0.107208
663.000000 0.107491
664.000000 0.107757
665.000000 0.108093
666.000000 0.108506
667.000000 0.108918
668.000000 0.109394
669.000000 0.110031
670.000000 0.110797
671.000000 0.111611
672.000000 0.112520
673.000000 0.113561
674.000000 0.114645
675.000000 0.115850
676.000000 0.117241
677.000000 0.118803
678.000000 0.120485
679.000000 0.122124
680.000000 0.123792
681.000000 0.125650
682.000000 0.127666
683.000000 0.129786
684.000000 0.131952
685.000000 0.134225
686.000000 0.136743
687.000000 0.139442
688.000000 0.142228
689.000000 0.145075
690.000000 0.147874
691.000000 0.150763
692.000000 0.153849
693.000000 0.156991
694.000000 0.160106
695.000000 0.163316
696.000000 0.166531
697.000000 0.169691
698.000000 0.173036
699.000000 0.176506
700.000000 0.179991
701.000000 0.183515
702.000000 0.186860
703.000000 0.190022
704.000000 0.193258
705.000000 0.196552
706.000000 0.199807
707.000000 0.202997
708.000000 0.206163
709.000000 0.209238
710.000000 0.212097
711.000000 0.214801
712.000000 0.217492
713.000000 0.220166
714.000000 0.222666
715.000000 0.224932
716.000000 0.227031
717.000000 0.228899
718.000000 0.230506
719.000000 0.231909
720.000000 0.233275
721.000000 0.234605
722.000000 0.235848
723.000000 0.237064
724.000000 0.238194
725.000000 0.239223
726.000000 0.240185
727.000000 0.241121
728.000000 0.242093
729.000000 0.243083
730.000000 0.244013
731.000000 0.244864
732.000000 0.245760
733.000000 0.246818
734.000000 0.248077
735.000000 0.249550
736.000000 0.251211
737.000000 0.253071
738.000000 0.255055
739.000000 0.257179
740.000000 0.259602
741.000000 0.262353
742.000000 0.265407
743.000000 0.268711
744.000000 0.272309
745.000000 0.276245
746.000000 0.280427
747.000000 0.284931
748.000000 0.289815
749.000000 0.295022
750.000000 0.300545
751.000000 0.306357
752.000000 0.312415
753.000000 0.318708
754.000000 0.325265
755.000000 0.332180
756.000000 0.339522
757.000000 0.347236
758.000000 0.355257
759.000000 0.363688
760.000000 0.372486
761.000000 0.381599
762.000000 0.391001
763.000000 0.400625
764.000000 0.410559
765.000000 0.420833
766.000000 0.431265
767.000000 0.441677
768.000000 0.452213
769.000000 0.462973
770.000000 0.473895
771.000000 0.484941
772.000000 0.496107
773.000000 0.507251
774.000000 0.518280
775.000000 0.529081
776.000000 0.540230
777.000000 0.551349
778.000000 0.561306
779.000000 0.570275
780.000000 0.578311
781.000000 0.585389
782.000000 0.591549
783.000000 0.596782
784.000000 0.600994
785.000000 0.603935
786.000000 0.605451
787.000000 0.605442
788.000000 0.603531
789.000000 0.599723
790.000000 0.594427
791.000000 0.587702
792.000000 0.579536
793.000000 0.569830
794.000000 0.558604
795.000000 0.545975
796.000000 0.531991
797.000000 0.516111
798.000000 0.498944
799.000000 0.481325
800.000000 0.463093
801.000000 0.444204
802.000000 0.424622
803.000000 0.404693
804.000000 0.383854
805.000000 0.362634
806.000000 0.342381
807.000000 0.322717
808.000000 0.303315
809.000000 0.284245
810.000000 0.264915
811.000000 0.246031
812.000000 0.228554
813.000000 0.212171
814.000000 0.196639
815.000000 0.181783
816.000000 0.167146
817.000000 0.153222
818.000000 0.140661
819.000000 0.129235
820.000000 0.118645
821.000000 0.108519
822.000000 0.099136
823.000000 0.090738
824.000000 0.083110
825.000000 0.075883
826.000000 0.069229
827.000000 0.063391
828.000000 0.058085
829.000000 0.053230
830.000000 0.048661
831.000000 0.044504
832.000000 0.040952
833.000000 0.037780
834.000000 0.034777
835.000000 0.032036
836.000000 0.029615
837.000000 0.027352
838.000000 0.025328
839.000000 0.023561
840.000000 0.021964
841.000000 0.020458
842.000000 0.019074
843.000000 0.017896
844.000000 0.016845
845.000000 0.015864
846.000000 0.014967
847.000000 0.014204
848.000000 0.013518
849.000000 0.012855
850.000000 0.012266
851.000000 0.011737
852.000000 0.011206
853.000000 0.010723
854.000000 0.010280
855.000000 0.009899
856.000000 0.009576
857.000000 0.009241
858.000000 0.008923
859.000000 0.008671
860.000000 0.008467
861.000000 0.008238
862.000000 0.008016
863.000000 0.007836
864.000000 0.007667
865.000000 0.007502
866.000000 0.007348
867.000000 0.007185
868.000000 0.007054
869.000000 0.006994
870.000000 0.006894
871.000000 0.006750
872.000000 0.006671
873.000000 0.006637
874.000000 0.006590
875.000000 0.006548
876.000000 0.006493
877.000000 0.006443
878.000000 0.006390
879.000000 0.006346
880.000000 0.006363
881.000000 0.006373
882.000000 0.006339
883.000000 0.006317
884.000000 0.006305
885.000000 0.006284
886.000000 0.006289
887.000000 0.006313
888.000000 0.006312
889.000000 0.006307
890.000000 0.006335
891.000000 0.006343
892.000000 0.006346
893.000000 0.006351
894.000000 0.006339
895.000000 0.006340
896.000000 0.006347
897.000000 0.006369
898.000000 0.006435
899.000000 0.006496
900.000000 0.006525
