315.000000 0.070188
316.000000 0.072814
317.000000 0.073777
318.000000 0.074218
319.000000 0.074982
320.000000 0.075525
321.000000 0.076615
322.000000 0.077897
323.000000 0.079026
324.000000 0.080083
325.000000 0.081140
326.000000 0.082394
327.000000 0.083523
328.000000 0.084803
329.000000 0.085995
330.000000 0.086722
331.000000 0.087531
332.000000 0.088455
333.000000 0.089603
334.000000 0.091308
335.000000 0.093150
336.000000 0.094941
337.000000 0.096507
338.000000 0.097811
339.000000 0.099549
340.000000 0.102124
341.000000 0.104670
342.000000 0.107177
343.000000 0.110015
344.000000 0.112582
345.000000 0.114887
346.000000 0.116986
347.000000 0.118816
348.000000 0.120648
349.000000 0.122363
350.000000 0.123825
351.000000 0.125004
352.000000 0.125892
353.000000 0.126653
354.000000 0.127132
355.000000 0.127428
356.000000 0.127448
357.000000 0.127119
358.000000 0.126530
359.000000 0.125643
360.000000 0.124675
361.000000 0.123538
362.000000 0.122326
363.000000 0.121133
364.000000 0.120009
365.000000 0.118987
366.000000 0.118027
367.000000 0.117217
368.000000 0.116596
369.000000 0.116086
370.000000 0.116149
371.000000 0.116306
372.000000 0.116067
373.000000 0.116302
374.000000 0.116603
375.000000 0.116691
376.000000 0.116832
377.000000 0.117495
378.000000 0.118398
379.000000 0.118988
380.000000 0.119838
381.000000 0.120834
382.000000 0.121712
383.000000 0.122345
384.000000 0.123091
385.000000 0.123834
386.000000 0.124232
387.000000 0.124599
388.000000 0.125434
389.000000 0.126595
390.000000 0.127643
391.000000 0.128558
392.000000 0.129465
393.000000 0.130449
394.000000 0.131422
395.000000 0.132557
396.000000 0.133744
397.000000 0.134816
398.000000 0.135596
399.000000 0.135830
400.000000 0.135513
401.000000 0.134620
402.000000 0.133095
403.000000 0.130933
404.000000 0.128217
405.000000 0.125005
406.000000 0.121482
407.000000 0.118058
408.000000 0.114640
409.000000 0.111182
410.000000 0.108026
411.000000 0.105028
412.000000 0.101975
413.000000 0.099297
414.000000 0.097159
415.000000 0.095344
416.000000 0.093668
417.000000 0.092386
418.000000 0.091372
419.000000 0.090258
420.000000 0.089117
421.000000 0.088147
422.000000 0.087428
423.000000 0.086658
424.000000 0.085848
425.000000 0.085255
426.000000 0.084756
427.000000 0.084206
428.000000 0.083647
429.000000 0.083154
430.000000 0.082830
431.000000 0.082747
432.000000 0.082768
433.000000 0.082838
434.000000 0.083017
435.000000 0.083503
436.000000 0.084309
437.000000 0.085314
438.000000 0.086663
439.000000 0.088173
440.000000 0.089886
441.000000 0.091691
442.000000 0.093549
443.000000 0.095547
444.000000 0.097514
445.000000 0.099459
446.000000 0.101437
447.000000 0.103253
448.000000 0.104845
449.000000 0.106286
450.000000 0.107448
451.000000 0.108472
452.000000 0.109384
453.000000 0.110048
454.000000 0.110581
455.000000 0.111124
456.000000 0.111722
457.000000 0.112410
458.000000 0.113286
459.000000 0.114595
460.000000 0.116377
461.000000 0.118599
462.000000 0.121463
463.000000 0.125014
464.000000 0.129363
465.000000 0.134436
466.000000 0.139866
467.000000 0.146092
468.000000 0.153080
469.000000 0.160740
470.000000 0.168912
471.000000 0.176966
472.000000 0.185247
473.000000 0.193373
474.000000 0.201031
475.000000 0.208179
476.000000 0.214309
477.000000 0.219481
478.000000 0.223526
479.000000 0.226330
480.000000 0.228056
481.000000 0.228651
482.000000 0.228230
483.000000 0.226994
484.000000 0.224892
485.000000 0.222084
486.000000 0.218720
487.000000 0.215019
488.000000 0.211114
489.000000 0.207088
490.000000 0.203110
491.000000 0.199222
492.000000 0.195438
493.000000 0.191639
494.000000 0.188101
495.000000 0.184697
496.000000 0.181830
497.000000 0.179905
498.000000 0.178057
499.000000 0.176419
500.000000 0.175381
501.000000 0.174864
502.000000 0.174851
503.000000 0.175277
504.000000 0.176191
505.000000 0.177867
506.000000 0.180380
507.000000 0.183459
508.000000 0.186900
509.000000 0.190830
510.000000 0.195405
511.000000 0.200813
512.000000 0.206698
513.000000 0.212844
514.000000 0.219353
515.000000 0.226137
516.000000 0.233081
517.000000 0.240058
518.000000 0.247174
519.000000 0.254520
520.000000 0.262002
521.000000 0.269194
522.000000 0.275967
523.000000 0.282241
524.000000 0.287728
525.000000 0.292525
526.000000 0.296762
527.000000 0.300292
528.000000 0.303312
529.000000 0.306025
530.000000 0.308271
531.000000 0.309941
532.000000 0.311045
533.000000 0.311708
534.000000 0.312329
535.000000 0.312825
536.000000 0.313013
537.000000 0.313063
538.000000 0.313577
539.000000 0.314510
540.000000 0.315823
541.000000 0.317918
542.000000 0.320584
543.000000 0.324279
544.000000 0.329007
545.000000 0.334667
546.000000 0.340956
547.000000 0.348085
548.000000 0.356221
549.000000 0.365101
550.000000 0.374966
551.000000 0.385736
552.000000 0.397537
553.000000 0.410199
554.000000 0.423388
555.000000 0.437301
556.000000 0.451593
557.000000 0.466164
558.000000 0.481950
559.000000 0.497701
560.000000 0.513125
561.000000 0.528133
562.000000 0.542400
563.000000 0.555670
564.000000 0.567700
565.000000 0.578091
566.000000 0.586729
567.000000 0.593683
568.000000 0.598078
569.000000 0.599941
570.000000 0.599400
571.000000 0.596328
572.000000 0.590977
573.000000 0.583274
574.000000 0.573151
575.000000 0.562016
576.000000 0.549763
577.000000 0.536614
578.000000 0.522877
579.000000 0.508449
580.000000 0.493837
581.000000 0.479232
582.000000 0.465642
583.000000 0.452905
584.000000 0.441137
585.000000 0.430493
586.000000 0.420543
587.000000 0.411793
588.000000 0.404053
589.000000 0.397357
590.000000 0.391664
591.000000 0.386783
592.000000 0.383012
593.000000 0.379879
594.000000 0.377344
595.000000 0.375367
596.000000 0.373759
597.000000 0.372626
598.000000 0.371854
599.000000 0.371436
600.000000 0.371324
601.000000 0.371379
602.000000 0.371615
603.000000 0.371932
604.000000 0.372243
605.000000 0.372457
606.000000 0.372452
607.000000 0.372112
608.000000 0.371246
609.000000 0.369727
610.000000 0.367421
611.000000 0.364434
612.000000 0.360610
613.000000 0.355993
614.000000 0.350414
615.000000 0.343674
616.000000 0.336384
617.000000 0.328236
618.000000 0.318767
619.000000 0.308850
620.000000 0.298449
621.000000 0.287162
622.000000 0.275746
623.000000 0.264294
624.000000 0.252477
625.000000 0.240904
626.000000 0.229522
627.000000 0.217985
628.000000 0.207175
629.000000 0.196902
630.000000 0.186724
631.000000 0.177079
632.000000 0.168413
633.000000 0.160437
634.000000 0.152775
635.000000 0.145917
636.000000 0.139751
637.000000 0.133965
638.000000 0.128915
639.000000 0.124519
640.000000 0.120550
641.000000 0.117080
642.000000 0.114134
643.000000 0.111557
644.000000 0.109232
645.000000 0.107304
646.000000 0.105683
647.000000 0.104234
648.000000 0.102958
649.000000 0.101937
650.000000 0.101063
651.000000 0.100294
652.000000 0.099707
653.000000 0.099279
654.000000 0.098835
655.000000 0.098352
656.000000 0.098008
657.000000 0.097728
658.000000 0.097447
659.000000 0.097200
660.000000 0.097025
661.000000 0.096903
662.000000 0.096846
663.000000 0.096772
664.000000 0.096701
665.000000 0.096777
666.000000 0.096997
667.000000 0.097242
668.000000 0.097532
669.000000 0.097954
670.000000 0.098428
671.000000 0.098964
672.000000 0.099628
673.000000 0.100392
674.000000 0.101203
675.000000 0.102117
676.000000 0.103188
677.000000 0.104382
678.000000 0.105646
679.000000 0.106874
680.000000 0.108151
681.000000 0.109655
682.000000 0.111347
683.000000 0.113196
684.000000 0.115091
685.000000 0.117059
686.000000 0.119217
687.000000 0.121465
688.000000 0.123832
689.000000 0.126292
690.000000 0.128659
691.000000 0.131069
692.000000 0.133624
693.000000 0.136179
694.000000 0.138801
695.000000 0.141589
696.000000 0.144367
697.000000 0.147138
698.000000 0.150056
699.000000 0.153042
700.000000 0.155998
701.000000 0.158976
702.000000 0.161857
703.000000 0.164669
704.000000 0.167536
705.000000 0.170362
706.000000 0.173137
707.000000 0.175872
708.000000 0.178589
709.000000 0.181243
710.000000 0.183737
711.000000 0.186122
712.000000 0.188462
713.000000 0.190625
714.000000 0.192559
715.000000 0.194368
716.000000 0.196083
717.000000 0.197724
718.000000 0.199277
719.000000 0.200649
720.000000 0.201901
721.000000 0.203049
722.000000 0.204152
723.000000 0.205249
724.000000 0.206269
725.000000 0.207179
726.000000 0.207959
727.000000 0.208681
728.000000 0.209420
729.000000 0.210156
730.000000 0.210826
731.000000 0.211495
732.000000 0.212329
733.000000 0.213371
734.000000 0.214543
735.000000 0.215819
736.000000 0.217228
737.000000 0.218816
738.000000 0.220607
739.000000 0.222578
740.000000 0.224751
741.000000 0.227074
742.000000 0.229568
743.000000 0.232324
744.000000 0.235427
745.000000 0.238886
746.000000 0.242548
747.000000 0.246442
748.000000 0.250634
749.000000 0.255037
750.000000 0.259626
751.000000 0.264402
752.000000 0.269528
753.000000 0.275064
754.000000 0.280835
755.000000 0.286852
756.000000 0.293233
757.000000 0.299929
758.000000 0.306821
759.000000 0.314038
760.000000 0.321534
761.000000 0.329374
762.000000 0.337472
763.000000 0.345621
764.000000 0.354036
765.000000 0.362748
766.000000 0.371564
767.000000 0.380496
768.000000 0.389684
769.000000 0.399084
770.000000 0.408612
771.000000 0.418215
772.000000 0.427883
773.000000 0.437486
774.000000 0.447006
775.000000 0.456403
776.000000 0.466066
777.000000 0.475585
778.000000 0.483950
779.000000 0.491357
780.000000 0.498222
781.000000 0.504512
782.000000 0.509977
783.000000 0.514578
784.000000 0.518202
785.000000 0.520650
786.000000 0.521825
787.000000 0.521716
788.000000 0.520163
789.000000 0.517172
790.000000 0.512867
791.000000 0.507094
792.000000 0.499829
793.000000 0.491266
794.000000 0.481574
795.000000 0.470719
796.000000 0.458692
797.000000 0.445088
798.000000 0.430364
799.000000 0.415133
800.000000 0.399168
801.000000 0.382640
802.000000 0.365739
803.000000 0.348627
804.000000 0.330726
805.000000 0.312571
806.000000 0.295233
807.000000 0.278332
808.000000 0.261668
809.000000 0.245316
810.000000 0.228725
811.000000 0.212512
812.000000 0.197506
813.000000 0.183305
814.000000 0.169803
815.000000 0.156984
816.000000 0.144388
817.000000 0.132417
818.000000 0.121668
819.000000 0.111830
820.000000 0.102692
821.000000 0.093995
822.000000 0.085950
823.000000 0.078715
824.000000 0.072137
825.000000 0.065980
826.000000 0.060280
827.000000 0.055196
828.000000 0.050579
829.000000 0.046393
830.000000 0.042440
831.000000 0.038846
832.000000 0.035763
833.000000 0.033033
834.000000 0.030462
835.000000 0.028118
836.000000 0.026092
837.000000 0.024172
838.000000 0.022400
839.000000 0.020897
840.000000 0.019533
841.000000 0.018221
842.000000 0.017024
843.000000 0.015973
844.000000 0.015040
845.000000 0.014200
846.000000 0.013458
847.000000 0.012810
848.000000 0.012216
849.000000 0.011646
850.000000 0.011140
851.000000 0.010658
852.000000 0.010186
853.000000 0.009794
854.000000 0.009430
855.000000 0.009091
856.000000 0.008789
857.000000 0.008475
858.000000 0.008201
859.000000 0.008005
860.000000 0.007828
861.000000 0.007642
862.000000 0.007456
863.000000 0.007314
864.000000 0.007211
865.000000 0.007107
866.000000 0.006987
867.000000 0.006835
868.000000 0.006730
869.000000 0.006666
870.000000 0.006598
871.000000 0.006543
872.000000 0.006466
873.000000 0.006420
874.000000 0.006410
875.000000 0.006374
876.000000 0.006303
877.000000 0.006229
878.000000 0.006179
879.000000 0.006183
880.000000 0.006204
881.000000 0.006203
882.000000 0.006188
883.000000 0.006178
884.000000 0.006159
885.000000 0.006131
886.000000 0.006158
887.000000 0.006201
888.000000 0.006208
889.000000 0.006236
890.000000 0.006256
891.000000 0.006239
892.000000 0.006251
893.000000 0.006265
894.000000 0.006267
895.000000 0.006268
896.000000 0.006272
897.000000 0.006303
898.000000 0.006376
899.000000 0.006420
900.000000 0.006416
