315.000000 0.071577
316.000000 0.074215
317.000000 0.075984
318.000000 0.076642
319.000000 0.077136
320.000000 0.078472
321.000000 0.080123
322.000000 0.081213
323.000000 0.081878
324.000000 0.083083
325.000000 0.084744
326.000000 0.086372
327.000000 0.087737
328.000000 0.088857
329.000000 0.089919
330.000000 0.090902
331.000000 0.092105
332.000000 0.093702
333.000000 0.095325
334.000000 0.097115
335.000000 0.098412
336.000000 0.099558
337.000000 0.101186
338.000000 0.102984
339.000000 0.105177
340.000000 0.107703
341.000000 0.110212
342.000000 0.112966
343.000000 0.115793
344.000000 0.118312
345.000000 0.120573
346.000000 0.122640
347.000000 0.124433
348.000000 0.126419
349.000000 0.128295
350.000000 0.129562
351.000000 0.130704
352.000000 0.131686
353.000000 0.132369
354.000000 0.132683
355.000000 0.132927
356.000000 0.132910
357.000000 0.132527
358.000000 0.132059
359.000000 0.131175
360.000000 0.130064
361.000000 0.128918
362.000000 0.127608
363.000000 0.126193
364.000000 0.124912
365.000000 0.123800
366.000000 0.122821
367.000000 0.121979
368.000000 0.121378
369.000000 0.120957
370.000000 0.121030
371.000000 0.120834
372.000000 0.120112
373.000000 0.120222
374.000000 0.121102
375.000000 0.122164
376.000000 0.122861
377.000000 0.123489
378.000000 0.124178
379.000000 0.124876
380.000000 0.125799
381.000000 0.126856
382.000000 0.128056
383.000000 0.129046
384.000000 0.129725
385.000000 0.130161
386.000000 0.130294
387.000000 0.130412
388.000000 0.131082
389.000000 0.132245
390.000000 0.133408
391.000000 0.134388
392.000000 0.135555
393.000000 0.136865
394.000000 0.137903
395.000000 0.139126
396.000000 0.140525
397.000000 0.141671
398.000000 0.142591
399.000000 0.143081
400.000000 0.142801
401.000000 0.141840
402.000000 0.140286
403.000000 0.138130
404.000000 0.135504
405.000000 0.132201
406.000000 0.128507
407.000000 0.124978
408.000000 0.121282
409.000000 0.117588
410.000000 0.114242
411.000000 0.111067
412.000000 0.108078
413.000000 0.105473
414.000000 0.103265
415.000000 0.101266
416.000000 0.099445
417.000000 0.097886
418.000000 0.096362
419.000000 0.094995
420.000000 0.093876
421.000000 0.092939
422.000000 0.092099
423.000000 0.091129
424.000000 0.090130
425.000000 0.089331
426.000000 0.088720
427.000000 0.088007
428.000000 0.087331
429.000000 0.086749
430.000000 0.086287
431.000000 0.086072
432.000000 0.085962
433.000000 0.085968
434.000000 0.086096
435.000000 0.086445
436.000000 0.087161
437.000000 0.088109
438.000000 0.089280
439.000000 0.090701
440.000000 0.092300
441.000000 0.093976
442.000000 0.095736
443.000000 0.097592
444.000000 0.099448
445.000000 0.101295
446.000000 0.103192
447.000000 0.104946
448.000000 0.106535
449.000000 0.107957
450.000000 0.109055
451.000000 0.110035
452.000000 0.110900
453.000000 0.111588
454.000000 0.112224
455.000000 0.112753
456.000000 0.113280
457.000000 0.114014
458.000000 0.115013
459.000000 0.116427
460.000000 0.118254
461.000000 0.120465
462.000000 0.123366
463.000000 0.126995
464.000000 0.131444
465.000000 0.136697
466.000000 0.142288
467.000000 0.148688
468.000000 0.155917
469.000000 0.163777
470.000000 0.172104
471.000000 0.180342
472.000000 0.188839
473.000000 0.197184
474.000000 0.205110
475.000000 0.212506
476.000000 0.218773
477.000000 0.224031
478.000000 0.228170
479.000000 0.231079
480.000000 0.232801
481.000000 0.233318
482.000000 0.232840
483.000000 0.231563
484.000000 0.229388
485.000000 0.226528
486.000000 0.223146
487.000000 0.219370
488.000000 0.215341
489.000000 0.211422
490.000000 0.207542
491.000000 0.203430
492.000000 0.199412
493.000000 0.195500
494.000000 0.192064
495.000000 0.188869
496.000000 0.185912
497.000000 0.183673
498.000000 0.181791
499.000000 0.180115
500.000000 0.178744
501.000000 0.177931
502.000000 0.178068
503.000000 0.178650
504.000000 0.179705
505.000000 0.181667
506.000000 0.184254
507.000000 0.187625
508.000000 0.191386
509.000000 0.195495
510.000000 0.200323
511.000000 0.205950
512.000000 0.212093
513.000000 0.218457
514.000000 0.225147
515.000000 0.231967
516.000000 0.238885
517.000000 0.246120
518.000000 0.253557
519.000000 0.261038
520.000000 0.268531
521.000000 0.275584
522.000000 0.282143
523.000000 0.288440
524.000000 0.293958
525.000000 0.298787
526.000000 0.303141
527.000000 0.306811
528.000000 0.310115
529.000000 0.313032
530.000000 0.315237
531.000000 0.316741
532.000000 0.317745
533.000000 0.318397
534.000000 0.318913
535.000000 0.319147
536.000000 0.319165
537.000000 0.319454
538.000000 0.320228
539.000000 0.321205
540.000000 0.322601
541.000000 0.324933
542.000000 0.327714
543.000000 0.331375
544.000000 0.336209
545.000000 0.341839
546.000000 0.348260
547.000000 0.355836
548.000000 0.364183
549.000000 0.373213
550.000000 0.383391
551.000000 0.394442
552.000000 0.406416
553.000000 0.419259
554.000000 0.432717
555.000000 0.446823
556.000000 0.461290
557.000000 0.476124
558.000000 0.492260
559.000000 0.508479
560.000000 0.524343
561.000000 0.539742
562.000000 0.554425
563.000000 0.567979
564.000000 0.580294
565.000000 0.590991
566.000000 0.599767
567.000000 0.606658
568.000000 0.610862
569.000000 0.612554
570.000000 0.611907
571.000000 0.608881
572.000000 0.603533
573.000000 0.595775
574.000000 0.585526
575.000000 0.574024
576.000000 0.561402
577.000000 0.547829
578.000000 0.533701
579.000000 0.518824
580.000000 0.503837
581.000000 0.489159
582.000000 0.475364
583.000000 0.462234
584.000000 0.450030
585.000000 0.438908
586.000000 0.428415
587.000000 0.419328
588.000000 0.411566
589.000000 0.404759
590.000000 0.398765
591.000000 0.393525
592.000000 0.389445
593.000000 0.386159
594.000000 0.383550
595.000000 0.381532
596.000000 0.379879
597.000000 0.378761
598.000000 0.377954
599.000000 0.377450
600.000000 0.377339
601.000000 0.377429
602.000000 0.377620
603.000000 0.377711
604.000000 0.377725
605.000000 0.377685
606.000000 0.377475
607.000000 0.376982
608.000000 0.375994
609.000000 0.374379
610.000000 0.372006
611.000000 0.368881
612.000000 0.364893
613.000000 0.360053
614.000000 0.354198
615.000000 0.347107
616.000000 0.339376
617.000000 0.330839
618.000000 0.321000
619.000000 0.310739
620.000000 0.299993
621.000000 0.288382
622.000000 0.276661
623.000000 0.264778
624.000000 0.252519
625.000000 0.240535
626.000000 0.228756
627.000000 0.216866
628.000000 0.205679
629.000000 0.195016
630.000000 0.184477
631.000000 0.174441
632.000000 0.165360
633.000000 0.157000
634.000000 0.148999
635.000000 0.141864
636.000000 0.135414
637.000000 0.129344
638.000000 0.124050
639.000000 0.119365
640.000000 0.115089
641.000000 0.111351
642.000000 0.108179
643.000000 0.105407
644.000000 0.102861
645.000000 0.100678
646.000000 0.098813
647.000000 0.097129
648.000000 0.095601
649.000000 0.094347
650.000000 0.093275
651.000000 0.092335
652.000000 0.091561
653.000000 0.090911
654.000000 0.090267
655.000000 0.089605
656.000000 0.089082
657.000000 0.088596
658.000000 0.088081
659.000000 0.087608
660.000000 0.087174
661.000000 0.086841
662.000000 0.086610
663.000000 0.086337
664.000000 0.086116
665.000000 0.086037
666.000000 0.086009
667.000000 0.085940
668.000000 0.085935
669.000000 0.086112
670.000000 0.086362
671.000000 0.086668
672.000000 0.087058
673.000000 0.087509
674.000000 0.088047
675.000000 0.088707
676.000000 0.089508
677.000000 0.090406
678.000000 0.091390
679.000000 0.092384
680.000000 0.093445
681.000000 0.094675
682.000000 0.095985
683.000000 0.097390
684.000000 0.098885
685.000000 0.100467
686.000000 0.102216
687.000000 0.104074
688.000000 0.106033
689.000000 0.108069
690.000000 0.110054
691.000000 0.112116
692.000000 0.114327
693.000000 0.116579
694.000000 0.118841
695.000000 0.121128
696.000000 0.123369
697.000000 0.125625
698.000000 0.128044
699.000000 0.130544
700.000000 0.133081
701.000000 0.135673
702.000000 0.138123
703.000000 0.140449
704.000000 0.142861
705.000000 0.145330
706.000000 0.147731
707.000000 0.150030
708.000000 0.152247
709.000000 0.154402
710.000000 0.156476
711.000000 0.158447
712.000000 0.160403
713.000000 0.162371
714.000000 0.164193
715.000000 0.165775
716.000000 0.167229
717.000000 0.168571
718.000000 0.169748
719.000000 0.170806
720.000000 0.171813
721.000000 0.172754
722.000000 0.173662
723.000000 0.174616
724.000000 0.175496
725.000000 0.176230
726.000000 0.176911
727.000000 0.177574
728.000000 0.178237
729.000000 0.178906
730.000000 0.179560
731.000000 0.180163
732.000000 0.180804
733.000000 0.181535
734.000000 0.182372
735.000000 0.183379
736.000000 0.184566
737.000000 0.185946
738.000000 0.187471
739.000000 0.189159
740.000000 0.191026
741.000000 0.193032
742.000000 0.195210
743.000000 0.197604
744.000000 0.200261
745.000000 0.203092
746.000000 0.206040
747.000000 0.209250
748.000000 0.212745
749.000000 0.216519
750.000000 0.220581
751.000000 0.224862
752.000000 0.229371
753.000000 0.233998
754.000000 0.238706
755.000000 0.243651
756.000000 0.248952
757.000000 0.254560
758.000000 0.260366
759.000000 0.266484
760.000000 0.272892
761.000000 0.279585
762.000000 0.286505
763.000000 0.293537
764.000000 0.300781
765.000000 0.308295
766.000000 0.316021
767.000000 0.323764
768.000000 0.331439
769.000000 0.339243
770.000000 0.347113
771.000000 0.355000
772.000000 0.363027
773.000000 0.371086
774.000000 0.379120
775.000000 0.387036
776.000000 0.395189
777.000000 0.403263
778.000000 0.410516
779.000000 0.417028
780.000000 0.422942
781.000000 0.428175
782.000000 0.432559
783.000000 0.436140
784.000000 0.438954
785.000000 0.440928
786.000000 0.441916
787.000000 0.441884
788.000000 0.440615
789.000000 0.438055
790.000000 0.434427
791.000000 0.429699
792.000000 0.423842
793.000000 0.416832
794.000000 0.408693
795.000000 0.399381
796.000000 0.388970
797.000000 0.377271
798.000000 0.364726
799.000000 0.351886
800.000000 0.338655
801.000000 0.325029
802.000000 0.311010
803.000000 0.296783
804.000000 0.281734
805.000000 0.266244
806.000000 0.251338
807.000000 0.236877
808.000000 0.222713
809.000000 0.208805
810.000000 0.194710
811.000000 0.180921
812.000000 0.168158
813.000000 0.156159
814.000000 0.144846
815.000000 0.134131
816.000000 0.123538
817.000000 0.113405
818.000000 0.104259
819.000000 0.095856
820.000000 0.088032
821.000000 0.080605
822.000000 0.073732
823.000000 0.067598
824.000000 0.062062
825.000000 0.056830
826.000000 0.051993
827.000000 0.047692
828.000000 0.043764
829.000000 0.040215
830.000000 0.036885
831.000000 0.033860
832.000000 0.031275
833.000000 0.028939
834.000000 0.026765
835.000000 0.024795
836.000000 0.023029
837.000000 0.021385
838.000000 0.019884
839.000000 0.018604
840.000000 0.017453
841.000000 0.016355
842.000000 0.015370
843.000000 0.014505
844.000000 0.013740
845.000000 0.013030
846.000000 0.012358
847.000000 0.011793
848.000000 0.011301
849.000000 0.010796
850.000000 0.010356
851.000000 0.009960
852.000000 0.009540
853.000000 0.009157
854.000000 0.008813
855.000000 0.008531
856.000000 0.008307
857.000000 0.008125
858.000000 0.007917
859.000000 0.007709
860.000000 0.007547
861.000000 0.007374
862.000000 0.007197
863.000000 0.007067
864.000000 0.006947
865.000000 0.006845
866.000000 0.006773
867.000000 0.006673
868.000000 0.006593
869.000000 0.006540
870.000000 0.006493
871.000000 0.006471
872.000000 0.006411
873.000000 0.006351
874.000000 0.006316
875.000000 0.006255
876.000000 0.006189
877.000000 0.006161
878.000000 0.006185
879.000000 0.006217
880.000000 0.006198
881.000000 0.006142
882.000000 0.006111
883.000000 0.006107
884.000000 0.006112
885.000000 0.006102
886.000000 0.006120
887.000000 0.006169
888.000000 0.006207
889.000000 0.006242
890.000000 0.006275
891.000000 0.006282
892.000000 0.006296
893.000000 0.006303
894.000000 0.006308
895.000000 0.006343
896.000000 0.006381
897.000000 0.006415
898.000000 0.006467
899.000000 0.006516
900.000000 0.006539
