315.000000 0.059568
316.000000 0.059429
317.000000 0.058414
318.000000 0.057305
319.000000 0.056355
320.000000 0.055449
321.000000 0.055052
322.000000 0.054705
323.000000 0.054084
324.000000 0.053898
325.000000 0.054232
326.000000 0.054084
327.000000 0.053168
328.000000 0.052216
329.000000 0.051959
330.000000 0.052278
331.000000 0.052243
332.000000 0.051863
333.000000 0.051460
334.000000 0.051199
335.000000 0.050963
336.000000 0.050654
337.000000 0.050391
338.000000 0.050306
339.000000 0.050733
340.000000 0.051552
341.000000 0.052246
342.000000 0.052960
343.000000 0.054163
344.000000 0.055461
345.000000 0.056657
346.000000 0.058060
347.000000 0.059339
348.000000 0.060722
349.000000 0.062188
350.000000 0.063617
351.000000 0.064840
352.000000 0.065856
353.000000 0.067041
354.000000 0.067974
355.000000 0.069085
356.000000 0.070463
357.000000 0.071854
358.000000 0.073341
359.000000 0.074728
360.000000 0.076298
361.000000 0.077987
362.000000 0.079703
363.000000 0.081639
364.000000 0.083604
365.000000 0.085335
366.000000 0.086789
367.000000 0.088045
368.000000 0.089244
369.000000 0.090037
370.000000 0.090860
371.000000 0.091155
372.000000 0.090566
373.000000 0.090350
374.000000 0.090474
375.000000 0.090503
376.000000 0.090345
377.000000 0.090548
378.000000 0.091091
379.000000 0.091700
380.000000 0.092869
381.000000 0.094501
382.000000 0.096062
383.000000 0.096923
384.000000 0.097661
385.000000 0.098554
386.000000 0.098721
387.000000 0.098385
388.000000 0.097943
389.000000 0.096957
390.000000 0.095364
391.000000 0.093232
392.000000 0.090429
393.000000 0.087469
394.000000 0.084466
395.000000 0.081348
396.000000 0.078339
397.000000 0.075581
398.000000 0.073030
399.000000 0.070545
400.000000 0.068367
401.000000 0.066393
402.000000 0.064545
403.000000 0.063061
404.000000 0.061756
405.000000 0.060517
406.000000 0.059543
407.000000 0.058955
408.000000 0.058573
409.000000 0.058266
410.000000 0.058085
411.000000 0.057933
412.000000 0.057824
413.000000 0.057956
414.000000 0.058420
415.000000 0.058931
416.000000 0.059256
417.000000 0.059798
418.000000 0.060491
419.000000 0.061138
420.000000 0.061598
421.000000 0.061848
422.000000 0.061982
423.000000 0.061939
424.000000 0.061955
425.000000 0.062082
426.000000 0.062197
427.000000 0.062134
428.000000 0.062020
429.000000 0.061928
430.000000 0.061783
431.000000 0.061775
432.000000 0.061776
433.000000 0.061756
434.000000 0.061772
435.000000 0.061887
436.000000 0.062211
437.000000 0.062714
438.000000 0.063406
439.000000 0.064113
440.000000 0.064882
441.000000 0.065790
442.000000 0.066700
443.000000 0.067558
444.000000 0.068370
445.000000 0.069145
446.000000 0.069856
447.000000 0.070427
448.000000 0.070771
449.000000 0.070823
450.000000 0.070533
451.000000 0.070008
452.000000 0.069224
453.000000 0.068240
454.000000 0.067034
455.000000 0.065567
456.000000 0.063930
457.000000 0.062181
458.000000 0.060459
459.000000 0.058689
460.000000 0.057024
461.000000 0.055570
462.000000 0.054248
463.000000 0.053224
464.000000 0.052477
465.000000 0.052001
466.000000 0.051827
467.000000 0.051951
468.000000 0.052309
469.000000 0.052934
470.000000 0.053828
471.000000 0.054811
472.000000 0.055998
473.000000 0.057285
474.000000 0.058570
475.000000 0.059874
476.000000 0.061013
477.000000 0.061884
478.000000 0.062466
479.000000 0.062803
480.000000 0.062888
481.000000 0.062741
482.000000 0.062439
483.000000 0.061989
484.000000 0.061314
485.000000 0.060506
486.000000 0.059587
487.000000 0.058620
488.000000 0.057692
489.000000 0.056631
490.000000 0.055167
491.000000 0.053843
492.000000 0.052806
493.000000 0.051643
494.000000 0.050685
495.000000 0.049649
496.000000 0.048543
497.000000 0.047716
498.000000 0.047058
499.000000 0.046647
500.000000 0.046474
501.000000 0.046301
502.000000 0.046252
503.000000 0.046217
504.000000 0.046228
505.000000 0.046669
506.000000 0.047416
507.000000 0.048285
508.000000 0.049012
509.000000 0.049789
510.000000 0.050965
511.000000 0.052302
512.000000 0.053647
513.000000 0.055279
514.000000 0.057008
515.000000 0.058573
516.000000 0.060173
517.000000 0.061674
518.000000 0.063169
519.000000 0.064967
520.000000 0.067025
521.000000 0.069112
522.000000 0.070930
523.000000 0.072387
524.000000 0.073769
525.000000 0.075263
526.000000 0.076193
527.000000 0.077059
528.000000 0.078427
529.000000 0.079658
530.000000 0.080563
531.000000 0.081119
532.000000 0.081496
533.000000 0.081977
534.000000 0.082638
535.000000 0.083216
536.000000 0.083237
537.000000 0.083199
538.000000 0.083575
539.000000 0.083964
540.000000 0.084424
541.000000 0.085333
542.000000 0.086555
543.000000 0.088166
544.000000 0.089942
545.000000 0.091799
546.000000 0.093785
547.000000 0.095947
548.000000 0.098272
549.000000 0.100545
550.000000 0.103231
551.000000 0.106232
552.000000 0.109535
553.000000 0.113438
554.000000 0.117430
555.000000 0.121349
556.000000 0.125456
557.000000 0.129614
558.000000 0.134006
559.000000 0.138306
560.000000 0.142432
561.000000 0.146558
562.000000 0.150585
563.000000 0.154281
564.000000 0.157736
565.000000 0.160864
566.000000 0.163753
567.000000 0.166437
568.000000 0.168285
569.000000 0.169200
570.000000 0.169731
571.000000 0.169823
572.000000 0.169312
573.000000 0.168288
574.000000 0.166855
575.000000 0.165552
576.000000 0.164027
577.000000 0.161901
578.000000 0.159576
579.000000 0.157052
580.000000 0.154488
581.000000 0.152107
582.000000 0.149994
583.000000 0.147922
584.000000 0.145917
585.000000 0.144339
586.000000 0.142988
587.000000 0.141875
588.000000 0.141172
589.000000 0.140810
590.000000 0.140696
591.000000 0.140843
592.000000 0.141172
593.000000 0.141534
594.000000 0.142060
595.000000 0.142873
596.000000 0.143874
597.000000 0.144959
598.000000 0.146128
599.000000 0.147500
600.000000 0.149094
601.000000 0.150801
602.000000 0.152453
603.000000 0.154006
604.000000 0.155619
605.000000 0.157221
606.000000 0.158847
607.000000 0.160493
608.000000 0.162029
609.000000 0.163578
610.000000 0.165074
611.000000 0.166328
612.000000 0.167312
613.000000 0.168179
614.000000 0.168876
615.000000 0.169355
616.000000 0.169682
617.000000 0.169853
618.000000 0.169798
619.000000 0.169566
620.000000 0.169247
621.000000 0.168874
622.000000 0.168505
623.000000 0.168046
624.000000 0.167581
625.000000 0.167211
626.000000 0.166942
627.000000 0.166820
628.000000 0.166786
629.000000 0.166869
630.000000 0.167169
631.000000 0.167692
632.000000 0.168425
633.000000 0.169406
634.000000 0.170630
635.000000 0.172008
636.000000 0.173570
637.000000 0.175400
638.000000 0.177383
639.000000 0.179478
640.000000 0.181894
641.000000 0.184532
642.000000 0.187126
643.000000 0.189827
644.000000 0.192819
645.000000 0.195862
646.000000 0.198976
647.000000 0.202206
648.000000 0.205518
649.000000 0.208852
650.000000 0.212172
651.000000 0.215718
652.000000 0.219493
653.000000 0.223261
654.000000 0.226947
655.000000 0.230702
656.000000 0.234522
657.000000 0.238175
658.000000 0.241789
659.000000 0.245652
660.000000 0.249733
661.000000 0.253794
662.000000 0.257945
663.000000 0.262410
664.000000 0.267079
665.000000 0.271726
666.000000 0.276391
667.000000 0.281206
668.000000 0.286147
669.000000 0.291109
670.000000 0.296130
671.000000 0.301387
672.000000 0.306872
673.000000 0.312681
674.000000 0.318448
675.000000 0.324412
676.000000 0.330942
677.000000 0.337766
678.000000 0.344804
679.000000 0.351695
680.000000 0.358699
681.000000 0.366172
682.000000 0.373886
683.000000 0.382004
684.000000 0.390214
685.000000 0.398516
686.000000 0.407399
687.000000 0.416680
688.000000 0.426171
689.000000 0.435733
690.000000 0.445028
691.000000 0.454499
692.000000 0.464570
693.000000 0.474962
694.000000 0.485540
695.000000 0.496301
696.000000 0.506778
697.000000 0.517176
698.000000 0.528108
699.000000 0.539276
700.000000 0.550530
701.000000 0.561785
702.000000 0.572551
703.000000 0.582992
704.000000 0.593571
705.000000 0.604031
706.000000 0.614316
707.000000 0.624507
708.000000 0.634613
709.000000 0.644467
710.000000 0.653652
711.000000 0.662330
712.000000 0.670877
713.000000 0.679138
714.000000 0.686930
715.000000 0.694118
716.000000 0.700729
717.000000 0.706883
718.000000 0.712637
719.000000 0.717771
720.000000 0.722391
721.000000 0.726755
722.000000 0.730865
723.000000 0.734617
724.000000 0.738057
725.000000 0.741274
726.000000 0.744275
727.000000 0.747192
728.000000 0.750053
729.000000 0.752919
730.000000 0.755984
731.000000 0.759168
732.000000 0.762577
733.000000 0.766419
734.000000 0.770714
735.000000 0.775554
736.000000 0.780892
737.000000 0.786656
738.000000 0.792896
739.000000 0.799785
740.000000 0.807542
741.000000 0.816281
742.000000 0.825977
743.000000 0.836606
744.000000 0.848076
745.000000 0.860453
746.000000 0.873885
747.000000 0.888335
748.000000 0.903774
749.000000 0.920107
750.000000 0.937234
751.000000 0.955287
752.000000 0.974464
753.000000 0.994794
754.000000 1.016181
755.000000 1.038617
756.000000 1.062208
757.000000 1.086740
758.000000 1.112042
759.000000 1.138519
760.000000 1.166194
761.000000 1.194805
762.000000 1.224040
763.000000 1.253829
764.000000 1.284698
765.000000 1.317113
766.000000 1.350662
767.000000 1.384565
768.000000 1.418686
769.000000 1.453438
770.000000 1.488844
771.000000 1.523964
772.000000 1.558542
773.000000 1.592748
774.000000 1.626774
775.000000 1.660842
776.000000 1.696190
777.000000 1.731212
778.000000 1.762802
779.000000 1.791924
780.000000 1.818921
781.000000 1.842900
782.000000 1.863208
783.000000 1.879693
784.000000 1.892358
785.000000 1.900937
786.000000 1.905421
787.000000 1.905448
788.000000 1.900387
789.000000 1.889699
790.000000 1.873823
791.000000 1.852450
792.000000 1.825895
793.000000 1.794296
794.000000 1.757453
795.000000 1.715919
796.000000 1.669776
797.000000 1.617548
798.000000 1.561590
799.000000 1.504303
800.000000 1.444972
801.000000 1.383799
802.000000 1.321152
803.000000 1.257550
804.000000 1.190686
805.000000 1.123221
806.000000 1.058889
807.000000 0.996272
808.000000 0.934834
809.000000 0.874396
810.000000 0.813010
811.000000 0.753273
812.000000 0.698071
813.000000 0.646371
814.000000 0.597666
815.000000 0.551527
816.000000 0.506001
817.000000 0.462631
818.000000 0.423367
819.000000 0.387379
820.000000 0.354160
821.000000 0.322343
822.000000 0.292710
823.000000 0.266375
824.000000 0.242643
825.000000 0.220306
826.000000 0.199700
827.000000 0.181381
828.000000 0.164774
829.000000 0.149711
830.000000 0.135401
831.000000 0.122273
832.000000 0.110962
833.000000 0.100945
834.000000 0.091630
835.000000 0.083137
836.000000 0.075700
837.000000 0.068836
838.000000 0.062555
839.000000 0.057089
840.000000 0.052261
841.000000 0.047788
842.000000 0.043693
843.000000 0.040092
844.000000 0.036897
845.000000 0.033917
846.000000 0.031194
847.000000 0.028846
848.000000 0.026690
849.000000 0.024708
850.000000 0.022991
851.000000 0.021394
852.000000 0.019903
853.000000 0.018605
854.000000 0.017357
855.000000 0.016220
856.000000 0.015269
857.000000 0.014345
858.000000 0.013459
859.000000 0.012702
860.000000 0.012016
861.000000 0.011374
862.000000 0.010781
863.000000 0.010242
864.000000 0.009773
865.000000 0.009325
866.000000 0.008875
867.000000 0.008435
868.000000 0.008065
869.000000 0.007747
870.000000 0.007456
871.000000 0.007211
872.000000 0.006961
873.000000 0.006740
874.000000 0.006526
875.000000 0.006284
876.000000 0.006048
877.000000 0.005869
878.000000 0.005726
879.000000 0.005582
880.000000 0.005459
881.000000 0.005313
882.000000 0.005167
883.000000 0.005065
884.000000 0.004959
885.000000 0.004835
886.000000 0.004742
887.000000 0.004680
888.000000 0.004615
889.000000 0.004552
890.000000 0.004494
891.000000 0.004416
892.000000 0.004328
893.000000 0.004251
894.000000 0.004177
895.000000 0.004124
896.000000 0.004100
897.000000 0.004061
898.000000 0.004033
899.000000 0.004001
900.000000 0.003963
