315.000000 0.078408
316.000000 0.080135
317.000000 0.080902
318.000000 0.081913
319.000000 0.083096
320.000000 0.084168
321.000000 0.085469
322.000000 0.087077
323.000000 0.088236
324.000000 0.089384
325.000000 0.090953
326.000000 0.092610
327.000000 0.094531
328.000000 0.096539
329.000000 0.097996
330.000000 0.099612
331.000000 0.101306
332.000000 0.102512
333.000000 0.104070
334.000000 0.106343
335.000000 0.108308
336.000000 0.110225
337.000000 0.112562
338.000000 0.114762
339.000000 0.117012
340.000000 0.119662
341.000000 0.122287
342.000000 0.125043
343.000000 0.127887
344.000000 0.130520
345.000000 0.133119
346.000000 0.135490
347.000000 0.137471
348.000000 0.139637
349.000000 0.141749
350.000000 0.143189
351.000000 0.144289
352.000000 0.145325
353.000000 0.146220
354.000000 0.146671
355.000000 0.147076
356.000000 0.147281
357.000000 0.147015
358.000000 0.146444
359.000000 0.145463
360.000000 0.144414
361.000000 0.143238
362.000000 0.141961
363.000000 0.140665
364.000000 0.139354
365.000000 0.138225
366.000000 0.137282
367.000000 0.136415
368.000000 0.135769
369.000000 0.135484
370.000000 0.135726
371.000000 0.135783
372.000000 0.135439
373.000000 0.135890
374.000000 0.136600
375.000000 0.137058
376.000000 0.137553
377.000000 0.138275
378.000000 0.139061
379.000000 0.139839
380.000000 0.140773
381.000000 0.141801
382.000000 0.142956
383.000000 0.143745
384.000000 0.144497
385.000000 0.145268
386.000000 0.145745
387.000000 0.146333
388.000000 0.147366
389.000000 0.148787
390.000000 0.150117
391.000000 0.151388
392.000000 0.152863
393.000000 0.154401
394.000000 0.155866
395.000000 0.157625
396.000000 0.159417
397.000000 0.160878
398.000000 0.162125
399.000000 0.162780
400.000000 0.162681
401.000000 0.161808
402.000000 0.160141
403.000000 0.157759
404.000000 0.154783
405.000000 0.151347
406.000000 0.147654
407.000000 0.143788
408.000000 0.139671
409.000000 0.135522
410.000000 0.131801
411.000000 0.128125
412.000000 0.124362
413.000000 0.121133
414.000000 0.118264
415.000000 0.115769
416.000000 0.113548
417.000000 0.111605
418.000000 0.109927
419.000000 0.108304
420.000000 0.106665
421.000000 0.105061
422.000000 0.103687
423.000000 0.102302
424.000000 0.101055
425.000000 0.100081
426.000000 0.099138
427.000000 0.098205
428.000000 0.097336
429.000000 0.096425
430.000000 0.095543
431.000000 0.094873
432.000000 0.094429
433.000000 0.094200
434.000000 0.093962
435.000000 0.093856
436.000000 0.094185
437.000000 0.094823
438.000000 0.095699
439.000000 0.096793
440.000000 0.098111
441.000000 0.099563
442.000000 0.101003
443.000000 0.102442
444.000000 0.103960
445.000000 0.105578
446.000000 0.107239
447.000000 0.108738
448.000000 0.110056
449.000000 0.111169
450.000000 0.112028
451.000000 0.112827
452.000000 0.113469
453.000000 0.113939
454.000000 0.114421
455.000000 0.114974
456.000000 0.115585
457.000000 0.116308
458.000000 0.117290
459.000000 0.118695
460.000000 0.120501
461.000000 0.122615
462.000000 0.125415
463.000000 0.129028
464.000000 0.133504
465.000000 0.138816
466.000000 0.144528
467.000000 0.151079
468.000000 0.158409
469.000000 0.166350
470.000000 0.174740
471.000000 0.183020
472.000000 0.191595
473.000000 0.200019
474.000000 0.208001
475.000000 0.215444
476.000000 0.221823
477.000000 0.227185
478.000000 0.231414
479.000000 0.234383
480.000000 0.236101
481.000000 0.236647
482.000000 0.236174
483.000000 0.234793
484.000000 0.232436
485.000000 0.229414
486.000000 0.225923
487.000000 0.222075
488.000000 0.217951
489.000000 0.213600
490.000000 0.209366
491.000000 0.205334
492.000000 0.201385
493.000000 0.197472
494.000000 0.194006
495.000000 0.190663
496.000000 0.187500
497.000000 0.185066
498.000000 0.183157
499.000000 0.181484
500.000000 0.180386
501.000000 0.179924
502.000000 0.180115
503.000000 0.180880
504.000000 0.181894
505.000000 0.183624
506.000000 0.186255
507.000000 0.189535
508.000000 0.193296
509.000000 0.197589
510.000000 0.202507
511.000000 0.208335
512.000000 0.214623
513.000000 0.221261
514.000000 0.228295
515.000000 0.235370
516.000000 0.242319
517.000000 0.249415
518.000000 0.256852
519.000000 0.264302
520.000000 0.271841
521.000000 0.279230
522.000000 0.286102
523.000000 0.292393
524.000000 0.298089
525.000000 0.303211
526.000000 0.307811
527.000000 0.311707
528.000000 0.314896
529.000000 0.317527
530.000000 0.319684
531.000000 0.321228
532.000000 0.322199
533.000000 0.322822
534.000000 0.323371
535.000000 0.323644
536.000000 0.323490
537.000000 0.323742
538.000000 0.324497
539.000000 0.325710
540.000000 0.327446
541.000000 0.329646
542.000000 0.332513
543.000000 0.336357
544.000000 0.341147
545.000000 0.346781
546.000000 0.353086
547.000000 0.360606
548.000000 0.369326
549.000000 0.378753
550.000000 0.388971
551.000000 0.400098
552.000000 0.412261
553.000000 0.425376
554.000000 0.439269
555.000000 0.453841
556.000000 0.468626
557.000000 0.483709
558.000000 0.500149
559.000000 0.516499
560.000000 0.532410
561.000000 0.548009
562.000000 0.562944
563.000000 0.576745
564.000000 0.589112
565.000000 0.599884
566.000000 0.608735
567.000000 0.615447
568.000000 0.619560
569.000000 0.621235
570.000000 0.620636
571.000000 0.617384
572.000000 0.611572
573.000000 0.603487
574.000000 0.592933
575.000000 0.581206
576.000000 0.568325
577.000000 0.554432
578.000000 0.539918
579.000000 0.524688
580.000000 0.509237
581.000000 0.493814
582.000000 0.479450
583.000000 0.466098
584.000000 0.453666
585.000000 0.442230
586.000000 0.431609
587.000000 0.422318
588.000000 0.414167
589.000000 0.407061
590.000000 0.401013
591.000000 0.395757
592.000000 0.391494
593.000000 0.387996
594.000000 0.385102
595.000000 0.382824
596.000000 0.380991
597.000000 0.379687
598.000000 0.378807
599.000000 0.378260
600.000000 0.378021
601.000000 0.377975
602.000000 0.378049
603.000000 0.378149
604.000000 0.378199
605.000000 0.378042
606.000000 0.377720
607.000000 0.377092
608.000000 0.375876
609.000000 0.374000
610.000000 0.371315
611.000000 0.367907
612.000000 0.363621
613.000000 0.358546
614.000000 0.352510
615.000000 0.345123
616.000000 0.337094
617.000000 0.328252
618.000000 0.318106
619.000000 0.307489
620.000000 0.296305
621.000000 0.284156
622.000000 0.271863
623.000000 0.259512
624.000000 0.246816
625.000000 0.234436
626.000000 0.222242
627.000000 0.209892
628.000000 0.198227
629.000000 0.187100
630.000000 0.176118
631.000000 0.165671
632.000000 0.156211
633.000000 0.147481
634.000000 0.139126
635.000000 0.131573
636.000000 0.124677
637.000000 0.118203
638.000000 0.112472
639.000000 0.107353
640.000000 0.102731
641.000000 0.098634
642.000000 0.095073
643.000000 0.091929
644.000000 0.089001
645.000000 0.086507
646.000000 0.084396
647.000000 0.082413
648.000000 0.080573
649.000000 0.078950
650.000000 0.077481
651.000000 0.076140
652.000000 0.074898
653.000000 0.073786
654.000000 0.072735
655.000000 0.071723
656.000000 0.070814
657.000000 0.069986
658.000000 0.069146
659.000000 0.068264
660.000000 0.067448
661.000000 0.066710
662.000000 0.066031
663.000000 0.065356
664.000000 0.064724
665.000000 0.064208
666.000000 0.063769
667.000000 0.063349
668.000000 0.062992
669.000000 0.062747
670.000000 0.062513
671.000000 0.062304
672.000000 0.062150
673.000000 0.062015
674.000000 0.061991
675.000000 0.062089
676.000000 0.062287
677.000000 0.062616
678.000000 0.063016
679.000000 0.063400
680.000000 0.063838
681.000000 0.064439
682.000000 0.065135
683.000000 0.065941
684.000000 0.066819
685.000000 0.067703
686.000000 0.068676
687.000000 0.069759
688.000000 0.070912
689.000000 0.072090
690.000000 0.073304
691.000000 0.074584
692.000000 0.075919
693.000000 0.077285
694.000000 0.078678
695.000000 0.080102
696.000000 0.081523
697.000000 0.082970
698.000000 0.084515
699.000000 0.086170
700.000000 0.087844
701.000000 0.089486
702.000000 0.091068
703.000000 0.092589
704.000000 0.094154
705.000000 0.095727
706.000000 0.097265
707.000000 0.098747
708.000000 0.100200
709.000000 0.101590
710.000000 0.102851
711.000000 0.104026
712.000000 0.105147
713.000000 0.106298
714.000000 0.107441
715.000000 0.108489
716.000000 0.109480
717.000000 0.110420
718.000000 0.111291
719.000000 0.112077
720.000000 0.112776
721.000000 0.113389
722.000000 0.114004
723.000000 0.114610
724.000000 0.115087
725.000000 0.115495
726.000000 0.115832
727.000000 0.116146
728.000000 0.116544
729.000000 0.116978
730.000000 0.117438
731.000000 0.117927
732.000000 0.118388
733.000000 0.118876
734.000000 0.119491
735.000000 0.120203
736.000000 0.120957
737.000000 0.121762
738.000000 0.122672
739.000000 0.123722
740.000000 0.124882
741.000000 0.126144
742.000000 0.127556
743.000000 0.129100
744.000000 0.130820
745.000000 0.132651
746.000000 0.134508
747.000000 0.136486
748.000000 0.138642
749.000000 0.140971
750.000000 0.143479
751.000000 0.146196
752.000000 0.149125
753.000000 0.152227
754.000000 0.155455
755.000000 0.158796
756.000000 0.162295
757.000000 0.165973
758.000000 0.169772
759.000000 0.173689
760.000000 0.177721
761.000000 0.181893
762.000000 0.186196
763.000000 0.190589
764.000000 0.195112
765.000000 0.199903
766.000000 0.204906
767.000000 0.209951
768.000000 0.214982
769.000000 0.220068
770.000000 0.225232
771.000000 0.230402
772.000000 0.235621
773.000000 0.240801
774.000000 0.245858
775.000000 0.250798
776.000000 0.255935
777.000000 0.261104
778.000000 0.265755
779.000000 0.269986
780.000000 0.273898
781.000000 0.277320
782.000000 0.280175
783.000000 0.282475
784.000000 0.284192
785.000000 0.285331
786.000000 0.285867
787.000000 0.285777
788.000000 0.284947
789.000000 0.283326
790.000000 0.281042
791.000000 0.278053
792.000000 0.274338
793.000000 0.269841
794.000000 0.264644
795.000000 0.258831
796.000000 0.252313
797.000000 0.244811
798.000000 0.236683
799.000000 0.228328
800.000000 0.219598
801.000000 0.210699
802.000000 0.201674
803.000000 0.192541
804.000000 0.182932
805.000000 0.173089
806.000000 0.163683
807.000000 0.154570
808.000000 0.145556
809.000000 0.136636
810.000000 0.127607
811.000000 0.118716
812.000000 0.110420
813.000000 0.102648
814.000000 0.095317
815.000000 0.088368
816.000000 0.081555
817.000000 0.075058
818.000000 0.069225
819.000000 0.063871
820.000000 0.058829
821.000000 0.054009
822.000000 0.049545
823.000000 0.045578
824.000000 0.041995
825.000000 0.038611
826.000000 0.035488
827.000000 0.032738
828.000000 0.030240
829.000000 0.027914
830.000000 0.025739
831.000000 0.023798
832.000000 0.022131
833.000000 0.020628
834.000000 0.019199
835.000000 0.017856
836.000000 0.016655
837.000000 0.015617
838.000000 0.014678
839.000000 0.013824
840.000000 0.013057
841.000000 0.012340
842.000000 0.011672
843.000000 0.011088
844.000000 0.010586
845.000000 0.010122
846.000000 0.009708
847.000000 0.009352
848.000000 0.009050
849.000000 0.008737
850.000000 0.008446
851.000000 0.008170
852.000000 0.007877
853.000000 0.007654
854.000000 0.007469
855.000000 0.007267
856.000000 0.007089
857.000000 0.006952
858.000000 0.006830
859.000000 0.006714
860.000000 0.006586
861.000000 0.006436
862.000000 0.006290
863.000000 0.006211
864.000000 0.006170
865.000000 0.006135
866.000000 0.006086
867.000000 0.006019
868.000000 0.005988
869.000000 0.006001
870.000000 0.005976
871.000000 0.005907
872.000000 0.005872
873.000000 0.005866
874.000000 0.005860
875.000000 0.005850
876.000000 0.005821
877.000000 0.005820
878.000000 0.005832
879.000000 0.005811
880.000000 0.005815
881.000000 0.005830
882.000000 0.005819
883.000000 0.005823
884.000000 0.005832
885.000000 0.005826
886.000000 0.005864
887.000000 0.005928
888.000000 0.005955
889.000000 0.005978
890.000000 0.006011
891.000000 0.006030
892.000000 0.006058
893.000000 0.006078
894.000000 0.006093
895.000000 0.006116
896.000000 0.006157
897.000000 0.006211
898.000000 0.006271
899.000000 0.006315
900.000000 0.006325
