315.000000 0.080180
316.000000 0.083872
317.000000 0.085736
318.000000 0.086928
319.000000 0.088456
320.000000 0.089887
321.000000 0.091600
322.000000 0.093516
323.000000 0.094966
324.000000 0.096570
325.000000 0.098208
326.000000 0.099923
327.000000 0.101272
328.000000 0.102238
329.000000 0.103570
330.000000 0.105468
331.000000 0.107318
332.000000 0.108693
333.000000 0.110471
334.000000 0.112915
335.000000 0.115431
336.000000 0.117774
337.000000 0.119924
338.000000 0.121922
339.000000 0.124548
340.000000 0.127698
341.000000 0.130533
342.000000 0.133304
343.000000 0.136286
344.000000 0.139199
345.000000 0.141741
346.000000 0.144064
347.000000 0.146253
348.000000 0.148439
349.000000 0.150422
350.000000 0.151919
351.000000 0.153119
352.000000 0.154132
353.000000 0.154896
354.000000 0.155224
355.000000 0.155712
356.000000 0.156077
357.000000 0.155899
358.000000 0.155425
359.000000 0.154610
360.000000 0.153813
361.000000 0.152747
362.000000 0.151479
363.000000 0.150414
364.000000 0.149333
365.000000 0.148131
366.000000 0.146983
367.000000 0.146092
368.000000 0.145560
369.000000 0.145257
370.000000 0.145914
371.000000 0.146493
372.000000 0.146140
373.000000 0.146650
374.000000 0.147601
375.000000 0.148371
376.000000 0.148845
377.000000 0.149421
378.000000 0.150393
379.000000 0.151403
380.000000 0.152344
381.000000 0.153461
382.000000 0.154956
383.000000 0.155854
384.000000 0.156452
385.000000 0.157193
386.000000 0.157682
387.000000 0.158086
388.000000 0.158888
389.000000 0.160244
390.000000 0.161842
391.000000 0.163278
392.000000 0.164670
393.000000 0.166453
394.000000 0.168005
395.000000 0.169432
396.000000 0.171219
397.000000 0.172861
398.000000 0.174164
399.000000 0.174829
400.000000 0.174623
401.000000 0.173653
402.000000 0.172031
403.000000 0.169706
404.000000 0.166730
405.000000 0.163151
406.000000 0.159204
407.000000 0.155303
408.000000 0.151293
409.000000 0.147244
410.000000 0.143462
411.000000 0.139741
412.000000 0.136098
413.000000 0.132651
414.000000 0.129455
415.000000 0.126763
416.000000 0.124267
417.000000 0.121913
418.000000 0.119871
419.000000 0.118058
420.000000 0.116183
421.000000 0.114548
422.000000 0.113091
423.000000 0.111315
424.000000 0.109764
425.000000 0.108482
426.000000 0.107159
427.000000 0.105821
428.000000 0.104572
429.000000 0.103367
430.000000 0.102229
431.000000 0.101303
432.000000 0.100519
433.000000 0.099876
434.000000 0.099429
435.000000 0.099254
436.000000 0.099290
437.000000 0.099553
438.000000 0.100124
439.000000 0.100858
440.000000 0.101822
441.000000 0.102991
442.000000 0.104190
443.000000 0.105464
444.000000 0.106795
445.000000 0.108096
446.000000 0.109411
447.000000 0.110693
448.000000 0.111799
449.000000 0.112591
450.000000 0.113147
451.000000 0.113700
452.000000 0.114207
453.000000 0.114617
454.000000 0.114948
455.000000 0.115254
456.000000 0.115690
457.000000 0.116308
458.000000 0.117149
459.000000 0.118455
460.000000 0.120203
461.000000 0.122297
462.000000 0.125090
463.000000 0.128653
464.000000 0.133066
465.000000 0.138211
466.000000 0.143682
467.000000 0.150022
468.000000 0.157179
469.000000 0.164949
470.000000 0.173167
471.000000 0.181282
472.000000 0.189647
473.000000 0.197846
474.000000 0.205648
475.000000 0.212958
476.000000 0.219186
477.000000 0.224378
478.000000 0.228401
479.000000 0.231141
480.000000 0.232782
481.000000 0.233315
482.000000 0.232784
483.000000 0.231366
484.000000 0.229046
485.000000 0.226054
486.000000 0.222511
487.000000 0.218604
488.000000 0.214474
489.000000 0.210221
490.000000 0.205894
491.000000 0.201628
492.000000 0.197645
493.000000 0.193815
494.000000 0.190433
495.000000 0.187380
496.000000 0.184411
497.000000 0.181983
498.000000 0.180158
499.000000 0.178730
500.000000 0.177618
501.000000 0.176994
502.000000 0.177132
503.000000 0.177604
504.000000 0.178652
505.000000 0.180581
506.000000 0.183083
507.000000 0.186257
508.000000 0.189856
509.000000 0.194115
510.000000 0.199092
511.000000 0.204778
512.000000 0.211023
513.000000 0.217595
514.000000 0.224397
515.000000 0.231320
516.000000 0.238326
517.000000 0.245479
518.000000 0.252779
519.000000 0.259870
520.000000 0.267354
521.000000 0.275036
522.000000 0.282043
523.000000 0.288324
524.000000 0.293821
525.000000 0.298671
526.000000 0.303045
527.000000 0.306688
528.000000 0.309866
529.000000 0.312675
530.000000 0.315089
531.000000 0.316739
532.000000 0.317563
533.000000 0.318066
534.000000 0.318381
535.000000 0.318492
536.000000 0.318629
537.000000 0.318883
538.000000 0.319572
539.000000 0.320563
540.000000 0.321720
541.000000 0.323513
542.000000 0.326109
543.000000 0.330084
544.000000 0.335148
545.000000 0.341112
546.000000 0.347556
547.000000 0.354763
548.000000 0.363162
549.000000 0.372479
550.000000 0.382743
551.000000 0.393787
552.000000 0.405640
553.000000 0.418613
554.000000 0.432406
555.000000 0.446663
556.000000 0.461127
557.000000 0.476052
558.000000 0.492243
559.000000 0.508278
560.000000 0.523954
561.000000 0.539479
562.000000 0.554212
563.000000 0.567615
564.000000 0.579796
565.000000 0.590324
566.000000 0.598935
567.000000 0.605717
568.000000 0.609993
569.000000 0.611791
570.000000 0.611183
571.000000 0.607846
572.000000 0.602038
573.000000 0.593864
574.000000 0.583240
575.000000 0.571584
576.000000 0.558781
577.000000 0.545111
578.000000 0.530894
579.000000 0.515873
580.000000 0.500657
581.000000 0.485545
582.000000 0.471399
583.000000 0.458023
584.000000 0.445603
585.000000 0.434369
586.000000 0.423889
587.000000 0.414599
588.000000 0.406419
589.000000 0.399387
590.000000 0.393278
591.000000 0.388056
592.000000 0.384030
593.000000 0.380544
594.000000 0.377646
595.000000 0.375419
596.000000 0.373594
597.000000 0.372249
598.000000 0.371305
599.000000 0.370660
600.000000 0.370286
601.000000 0.370120
602.000000 0.370084
603.000000 0.370104
604.000000 0.370120
605.000000 0.369984
606.000000 0.369604
607.000000 0.368891
608.000000 0.367715
609.000000 0.365913
610.000000 0.363308
611.000000 0.359930
612.000000 0.355631
613.000000 0.350552
614.000000 0.344508
615.000000 0.337094
616.000000 0.329093
617.000000 0.320331
618.000000 0.310173
619.000000 0.299600
620.000000 0.288554
621.000000 0.276511
622.000000 0.264369
623.000000 0.252149
624.000000 0.239527
625.000000 0.227184
626.000000 0.215030
627.000000 0.202712
628.000000 0.191072
629.000000 0.179996
630.000000 0.169069
631.000000 0.158643
632.000000 0.149194
633.000000 0.140490
634.000000 0.132088
635.000000 0.124548
636.000000 0.117658
637.000000 0.111121
638.000000 0.105425
639.000000 0.100336
640.000000 0.095636
641.000000 0.091444
642.000000 0.087842
643.000000 0.084651
644.000000 0.081632
645.000000 0.079042
646.000000 0.076791
647.000000 0.074648
648.000000 0.072653
649.000000 0.070943
650.000000 0.069390
651.000000 0.067929
652.000000 0.066628
653.000000 0.065485
654.000000 0.064385
655.000000 0.063266
656.000000 0.062225
657.000000 0.061232
658.000000 0.060237
659.000000 0.059220
660.000000 0.058254
661.000000 0.057375
662.000000 0.056592
663.000000 0.055799
664.000000 0.054964
665.000000 0.054279
666.000000 0.053710
667.000000 0.053126
668.000000 0.052573
669.000000 0.052069
670.000000 0.051629
671.000000 0.051273
672.000000 0.050941
673.000000 0.050637
674.000000 0.050450
675.000000 0.050380
676.000000 0.050394
677.000000 0.050490
678.000000 0.050624
679.000000 0.050750
680.000000 0.050936
681.000000 0.051246
682.000000 0.051642
683.000000 0.052149
684.000000 0.052709
685.000000 0.053273
686.000000 0.053969
687.000000 0.054794
688.000000 0.055643
689.000000 0.056503
690.000000 0.057371
691.000000 0.058268
692.000000 0.059220
693.000000 0.060207
694.000000 0.061219
695.000000 0.062254
696.000000 0.063277
697.000000 0.064342
698.000000 0.065513
699.000000 0.066748
700.000000 0.067989
701.000000 0.069219
702.000000 0.070389
703.000000 0.071542
704.000000 0.072761
705.000000 0.073985
706.000000 0.075130
707.000000 0.076193
708.000000 0.077286
709.000000 0.078339
710.000000 0.079261
711.000000 0.080185
712.000000 0.081139
713.000000 0.082103
714.000000 0.083046
715.000000 0.083874
716.000000 0.084618
717.000000 0.085297
718.000000 0.085892
719.000000 0.086425
720.000000 0.086944
721.000000 0.087389
722.000000 0.087803
723.000000 0.088279
724.000000 0.088692
725.000000 0.089012
726.000000 0.089337
727.000000 0.089684
728.000000 0.090031
729.000000 0.090378
730.000000 0.090676
731.000000 0.090914
732.000000 0.091147
733.000000 0.091493
734.000000 0.091966
735.000000 0.092467
736.000000 0.093025
737.000000 0.093674
738.000000 0.094385
739.000000 0.095190
740.000000 0.096090
741.000000 0.097054
742.000000 0.098113
743.000000 0.099256
744.000000 0.100525
745.000000 0.101918
746.000000 0.103363
747.000000 0.104844
748.000000 0.106436
749.000000 0.108194
750.000000 0.110162
751.000000 0.112281
752.000000 0.114499
753.000000 0.116814
754.000000 0.119154
755.000000 0.121609
756.000000 0.124285
757.000000 0.127110
758.000000 0.129961
759.000000 0.132881
760.000000 0.135902
761.000000 0.139096
762.000000 0.142438
763.000000 0.145859
764.000000 0.149440
765.000000 0.153131
766.000000 0.156874
767.000000 0.160593
768.000000 0.164255
769.000000 0.168016
770.000000 0.171833
771.000000 0.175676
772.000000 0.179653
773.000000 0.183642
774.000000 0.187579
775.000000 0.191417
776.000000 0.195373
777.000000 0.199376
778.000000 0.202973
779.000000 0.206188
780.000000 0.209066
781.000000 0.211522
782.000000 0.213591
783.000000 0.215263
784.000000 0.216511
785.000000 0.217354
786.000000 0.217745
787.000000 0.217706
788.000000 0.217133
789.000000 0.215900
790.000000 0.214089
791.000000 0.211770
792.000000 0.208963
793.000000 0.205627
794.000000 0.201678
795.000000 0.197118
796.000000 0.192056
797.000000 0.186380
798.000000 0.180299
799.000000 0.174097
800.000000 0.167678
801.000000 0.161039
802.000000 0.154213
803.000000 0.147303
804.000000 0.139976
805.000000 0.132487
806.000000 0.125371
807.000000 0.118446
808.000000 0.111587
809.000000 0.104781
810.000000 0.097876
811.000000 0.091148
812.000000 0.084927
813.000000 0.079137
814.000000 0.073661
815.000000 0.068405
816.000000 0.063273
817.000000 0.058363
818.000000 0.053884
819.000000 0.049772
820.000000 0.045936
821.000000 0.042307
822.000000 0.038908
823.000000 0.035882
824.000000 0.033232
825.000000 0.030687
826.000000 0.028315
827.000000 0.026217
828.000000 0.024280
829.000000 0.022500
830.000000 0.020837
831.000000 0.019371
832.000000 0.018103
833.000000 0.016935
834.000000 0.015853
835.000000 0.014865
836.000000 0.013963
837.000000 0.013145
838.000000 0.012424
839.000000 0.011794
840.000000 0.011224
841.000000 0.010666
842.000000 0.010149
843.000000 0.009698
844.000000 0.009317
845.000000 0.008992
846.000000 0.008663
847.000000 0.008362
848.000000 0.008094
849.000000 0.007832
850.000000 0.007624
851.000000 0.007421
852.000000 0.007191
853.000000 0.007007
854.000000 0.006840
855.000000 0.006713
856.000000 0.006599
857.000000 0.006471
858.000000 0.006332
859.000000 0.006216
860.000000 0.006129
861.000000 0.006011
862.000000 0.005926
863.000000 0.005875
864.000000 0.005849
865.000000 0.005832
866.000000 0.005782
867.000000 0.005729
868.000000 0.005693
869.000000 0.005671
870.000000 0.005635
871.000000 0.005638
872.000000 0.005638
873.000000 0.005618
874.000000 0.005607
875.000000 0.005590
876.000000 0.005582
877.000000 0.005591
878.000000 0.005602
879.000000 0.005618
880.000000 0.005647
881.000000 0.005646
882.000000 0.005623
883.000000 0.005649
884.000000 0.005686
885.000000 0.005670
886.000000 0.005693
887.000000 0.005757
888.000000 0.005784
889.000000 0.005799
890.000000 0.005842
891.000000 0.005877
892.000000 0.005922
893.000000 0.005941
894.000000 0.005928
895.000000 0.005918
896.000000 0.005919
897.000000 0.005949
898.000000 0.006007
899.000000 0.006055
900.000000 0.006068
