315.000000 0.089886
316.000000 0.092323
317.000000 0.094382
318.000000 0.096077
319.000000 0.097904
320.000000 0.099408
321.000000 0.101086
322.000000 0.103254
323.000000 0.104619
324.000000 0.105833
325.000000 0.107797
326.000000 0.110309
327.000000 0.112645
328.000000 0.114215
329.000000 0.115473
330.000000 0.117240
331.000000 0.119203
332.000000 0.121189
333.000000 0.123157
334.000000 0.125324
335.000000 0.127470
336.000000 0.129720
337.000000 0.132559
338.000000 0.135196
339.000000 0.137834
340.000000 0.140884
341.000000 0.143941
342.000000 0.147072
343.000000 0.150401
344.000000 0.153526
345.000000 0.156343
346.000000 0.158942
347.000000 0.160996
348.000000 0.162803
349.000000 0.164668
350.000000 0.166314
351.000000 0.167701
352.000000 0.169087
353.000000 0.170420
354.000000 0.171241
355.000000 0.171957
356.000000 0.172544
357.000000 0.172700
358.000000 0.172481
359.000000 0.171967
360.000000 0.171347
361.000000 0.170545
362.000000 0.169656
363.000000 0.168675
364.000000 0.167707
365.000000 0.166861
366.000000 0.166217
367.000000 0.165887
368.000000 0.165719
369.000000 0.165695
370.000000 0.165710
371.000000 0.165848
372.000000 0.166303
373.000000 0.167392
374.000000 0.168758
375.000000 0.169851
376.000000 0.170497
377.000000 0.171256
378.000000 0.172806
379.000000 0.174359
380.000000 0.175440
381.000000 0.176718
382.000000 0.178190
383.000000 0.178943
384.000000 0.179722
385.000000 0.180778
386.000000 0.181489
387.000000 0.182073
388.000000 0.183091
389.000000 0.184510
390.000000 0.186086
391.000000 0.187791
392.000000 0.189384
393.000000 0.191049
394.000000 0.192528
395.000000 0.194042
396.000000 0.195688
397.000000 0.197181
398.000000 0.198357
399.000000 0.198891
400.000000 0.198770
401.000000 0.197846
402.000000 0.196181
403.000000 0.193876
404.000000 0.190990
405.000000 0.187334
406.000000 0.183236
407.000000 0.179234
408.000000 0.175125
409.000000 0.170885
410.000000 0.166745
411.000000 0.162542
412.000000 0.158644
413.000000 0.155289
414.000000 0.151995
415.000000 0.148883
416.000000 0.145948
417.000000 0.143260
418.000000 0.140804
419.000000 0.138450
420.000000 0.136137
421.000000 0.134017
422.000000 0.131924
423.000000 0.129542
424.000000 0.127354
425.000000 0.125485
426.000000 0.123582
427.000000 0.121647
428.000000 0.119893
429.000000 0.118185
430.000000 0.116692
431.000000 0.115401
432.000000 0.114026
433.000000 0.112769
434.000000 0.111681
435.000000 0.110759
436.000000 0.110003
437.000000 0.109522
438.000000 0.109457
439.000000 0.109584
440.000000 0.109889
441.000000 0.110374
442.000000 0.110929
443.000000 0.111508
444.000000 0.112091
445.000000 0.112682
446.000000 0.113308
447.000000 0.113934
448.000000 0.114459
449.000000 0.114746
450.000000 0.114841
451.000000 0.114936
452.000000 0.114962
453.000000 0.114901
454.000000 0.114777
455.000000 0.114755
456.000000 0.114872
457.000000 0.115016
458.000000 0.115416
459.000000 0.116276
460.000000 0.117549
461.000000 0.119213
462.000000 0.121478
463.000000 0.124479
464.000000 0.128315
465.000000 0.132864
466.000000 0.137759
467.000000 0.143425
468.000000 0.149811
469.000000 0.156823
470.000000 0.164309
471.000000 0.171661
472.000000 0.179205
473.000000 0.186595
474.000000 0.193688
475.000000 0.200361
476.000000 0.205990
477.000000 0.210664
478.000000 0.214259
479.000000 0.216688
480.000000 0.218073
481.000000 0.218374
482.000000 0.217758
483.000000 0.216385
484.000000 0.214124
485.000000 0.211211
486.000000 0.207818
487.000000 0.204098
488.000000 0.200179
489.000000 0.196197
490.000000 0.192172
491.000000 0.188397
492.000000 0.184934
493.000000 0.181188
494.000000 0.177626
495.000000 0.174444
496.000000 0.171623
497.000000 0.169271
498.000000 0.167337
499.000000 0.165958
500.000000 0.164997
501.000000 0.164511
502.000000 0.164707
503.000000 0.165329
504.000000 0.166320
505.000000 0.167996
506.000000 0.170306
507.000000 0.173308
508.000000 0.176877
509.000000 0.180951
510.000000 0.185547
511.000000 0.190823
512.000000 0.196612
513.000000 0.202574
514.000000 0.208790
515.000000 0.215310
516.000000 0.221896
517.000000 0.228651
518.000000 0.235622
519.000000 0.242577
520.000000 0.249622
521.000000 0.256352
522.000000 0.262597
523.000000 0.268349
524.000000 0.273355
525.000000 0.278018
526.000000 0.282333
527.000000 0.285976
528.000000 0.288951
529.000000 0.291238
530.000000 0.293076
531.000000 0.294478
532.000000 0.295457
533.000000 0.295953
534.000000 0.296337
535.000000 0.296717
536.000000 0.296682
537.000000 0.296715
538.000000 0.297395
539.000000 0.298458
540.000000 0.299831
541.000000 0.301736
542.000000 0.304003
543.000000 0.307384
544.000000 0.311889
545.000000 0.317249
546.000000 0.323259
547.000000 0.330138
548.000000 0.337968
549.000000 0.346450
550.000000 0.355755
551.000000 0.365899
552.000000 0.377190
553.000000 0.389425
554.000000 0.402128
555.000000 0.415381
556.000000 0.429005
557.000000 0.442818
558.000000 0.457819
559.000000 0.472857
560.000000 0.487378
561.000000 0.501507
562.000000 0.515077
563.000000 0.527663
564.000000 0.539010
565.000000 0.548916
566.000000 0.556819
567.000000 0.562907
568.000000 0.566878
569.000000 0.568508
570.000000 0.567835
571.000000 0.564693
572.000000 0.559423
573.000000 0.551985
574.000000 0.542131
575.000000 0.531250
576.000000 0.519352
577.000000 0.506482
578.000000 0.493098
579.000000 0.479065
580.000000 0.464856
581.000000 0.450707
582.000000 0.437384
583.000000 0.424834
584.000000 0.413304
585.000000 0.402792
586.000000 0.392866
587.000000 0.384260
588.000000 0.376765
589.000000 0.370130
590.000000 0.364354
591.000000 0.359378
592.000000 0.355390
593.000000 0.352065
594.000000 0.349408
595.000000 0.347349
596.000000 0.345634
597.000000 0.344316
598.000000 0.343368
599.000000 0.342728
600.000000 0.342340
601.000000 0.342174
602.000000 0.342190
603.000000 0.342215
604.000000 0.342094
605.000000 0.341767
606.000000 0.341205
607.000000 0.340359
608.000000 0.339080
609.000000 0.337289
610.000000 0.334795
611.000000 0.331544
612.000000 0.327513
613.000000 0.322754
614.000000 0.317013
615.000000 0.310091
616.000000 0.302634
617.000000 0.294336
618.000000 0.284757
619.000000 0.274858
620.000000 0.264479
621.000000 0.253192
622.000000 0.241802
623.000000 0.230278
624.000000 0.218417
625.000000 0.206875
626.000000 0.195465
627.000000 0.183930
628.000000 0.173047
629.000000 0.162598
630.000000 0.152260
631.000000 0.142380
632.000000 0.133452
633.000000 0.125240
634.000000 0.117252
635.000000 0.110042
636.000000 0.103497
637.000000 0.097286
638.000000 0.091839
639.000000 0.086996
640.000000 0.082502
641.000000 0.078440
642.000000 0.074945
643.000000 0.071845
644.000000 0.068892
645.000000 0.066342
646.000000 0.064108
647.000000 0.061945
648.000000 0.059901
649.000000 0.058134
650.000000 0.056549
651.000000 0.055017
652.000000 0.053613
653.000000 0.052355
654.000000 0.051133
655.000000 0.049918
656.000000 0.048802
657.000000 0.047728
658.000000 0.046631
659.000000 0.045547
660.000000 0.044496
661.000000 0.043497
662.000000 0.042556
663.000000 0.041611
664.000000 0.040661
665.000000 0.039826
666.000000 0.039102
667.000000 0.038359
668.000000 0.037604
669.000000 0.036956
670.000000 0.036386
671.000000 0.035789
672.000000 0.035225
673.000000 0.034741
674.000000 0.034371
675.000000 0.034054
676.000000 0.033755
677.000000 0.033555
678.000000 0.033429
679.000000 0.033295
680.000000 0.033170
681.000000 0.033164
682.000000 0.033239
683.000000 0.033402
684.000000 0.033617
685.000000 0.033844
686.000000 0.034116
687.000000 0.034449
688.000000 0.034836
689.000000 0.035234
690.000000 0.035642
691.000000 0.036096
692.000000 0.036565
693.000000 0.037026
694.000000 0.037527
695.000000 0.038111
696.000000 0.038762
697.000000 0.039409
698.000000 0.040075
699.000000 0.040760
700.000000 0.041440
701.000000 0.042145
702.000000 0.042813
703.000000 0.043445
704.000000 0.044112
705.000000 0.044796
706.000000 0.045418
707.000000 0.046001
708.000000 0.046637
709.000000 0.047276
710.000000 0.047852
711.000000 0.048392
712.000000 0.048955
713.000000 0.049533
714.000000 0.050043
715.000000 0.050475
716.000000 0.050935
717.000000 0.051360
718.000000 0.051699
719.000000 0.051991
720.000000 0.052300
721.000000 0.052595
722.000000 0.052869
723.000000 0.053176
724.000000 0.053425
725.000000 0.053613
726.000000 0.053788
727.000000 0.053942
728.000000 0.054078
729.000000 0.054197
730.000000 0.054309
731.000000 0.054454
732.000000 0.054669
733.000000 0.054944
734.000000 0.055247
735.000000 0.055568
736.000000 0.055870
737.000000 0.056246
738.000000 0.056674
739.000000 0.057099
740.000000 0.057558
741.000000 0.058060
742.000000 0.058650
743.000000 0.059308
744.000000 0.060084
745.000000 0.060939
746.000000 0.061795
747.000000 0.062698
748.000000 0.063676
749.000000 0.064732
750.000000 0.065841
751.000000 0.066991
752.000000 0.068286
753.000000 0.069687
754.000000 0.071075
755.000000 0.072460
756.000000 0.073920
757.000000 0.075511
758.000000 0.077158
759.000000 0.078856
760.000000 0.080642
761.000000 0.082555
762.000000 0.084522
763.000000 0.086468
764.000000 0.088486
765.000000 0.090554
766.000000 0.092637
767.000000 0.094743
768.000000 0.096875
769.000000 0.099110
770.000000 0.101422
771.000000 0.103722
772.000000 0.106010
773.000000 0.108278
774.000000 0.110569
775.000000 0.112814
776.000000 0.115093
777.000000 0.117379
778.000000 0.119381
779.000000 0.121118
780.000000 0.122659
781.000000 0.124025
782.000000 0.125204
783.000000 0.126228
784.000000 0.127087
785.000000 0.127664
786.000000 0.127886
787.000000 0.127836
788.000000 0.127482
789.000000 0.126785
790.000000 0.125825
791.000000 0.124533
792.000000 0.122885
793.000000 0.120834
794.000000 0.118414
795.000000 0.115751
796.000000 0.112891
797.000000 0.109676
798.000000 0.106192
799.000000 0.102636
800.000000 0.099012
801.000000 0.095238
802.000000 0.091255
803.000000 0.087203
804.000000 0.082958
805.000000 0.078652
806.000000 0.074546
807.000000 0.070586
808.000000 0.066681
809.000000 0.062797
810.000000 0.058869
811.000000 0.055042
812.000000 0.051472
813.000000 0.048071
814.000000 0.044845
815.000000 0.041807
816.000000 0.038839
817.000000 0.035985
818.000000 0.033390
819.000000 0.031016
820.000000 0.028813
821.000000 0.026724
822.000000 0.024780
823.000000 0.023027
824.000000 0.021438
825.000000 0.019936
826.000000 0.018540
827.000000 0.017274
828.000000 0.016125
829.000000 0.015081
830.000000 0.014120
831.000000 0.013263
832.000000 0.012475
833.000000 0.011792
834.000000 0.011192
835.000000 0.010645
836.000000 0.010147
837.000000 0.009643
838.000000 0.009210
839.000000 0.008864
840.000000 0.008515
841.000000 0.008138
842.000000 0.007812
843.000000 0.007528
844.000000 0.007263
845.000000 0.007034
846.000000 0.006855
847.000000 0.006722
848.000000 0.006595
849.000000 0.006441
850.000000 0.006310
851.000000 0.006187
852.000000 0.006039
853.000000 0.005908
854.000000 0.005770
855.000000 0.005680
856.000000 0.005612
857.000000 0.005487
858.000000 0.005384
859.000000 0.005365
860.000000 0.005382
861.000000 0.005375
862.000000 0.005317
863.000000 0.005275
864.000000 0.005269
865.000000 0.005247
866.000000 0.005230
867.000000 0.005196
868.000000 0.005163
869.000000 0.005165
870.000000 0.005122
871.000000 0.005050
872.000000 0.005003
873.000000 0.005003
874.000000 0.005030
875.000000 0.005048
876.000000 0.005049
877.000000 0.005063
878.000000 0.005061
879.000000 0.005059
880.000000 0.005109
881.000000 0.005143
882.000000 0.005160
883.000000 0.005190
884.000000 0.005191
885.000000 0.005162
886.000000 0.005168
887.000000 0.005223
888.000000 0.005267
889.000000 0.005301
890.000000 0.005344
891.000000 0.005367
892.000000 0.005393
893.000000 0.005410
894.000000 0.005405
895.000000 0.005415
896.000000 0.005448
897.000000 0.005498
898.000000 0.005564
899.000000 0.005613
900.000000 0.005631
