315.000000 0.058538
316.000000 0.058621
317.000000 0.057678
318.000000 0.056106
319.000000 0.055288
320.000000 0.054353
321.000000 0.053760
322.000000 0.053733
323.000000 0.054076
324.000000 0.054237
325.000000 0.054059
326.000000 0.054198
327.000000 0.054452
328.000000 0.054492
329.000000 0.054434
330.000000 0.054631
331.000000 0.054810
332.000000 0.054615
333.000000 0.054528
334.000000 0.054792
335.000000 0.054512
336.000000 0.054359
337.000000 0.054794
338.000000 0.054955
339.000000 0.055402
340.000000 0.056413
341.000000 0.057336
342.000000 0.058528
343.000000 0.060102
344.000000 0.061565
345.000000 0.063115
346.000000 0.064551
347.000000 0.065762
348.000000 0.067211
349.000000 0.068537
350.000000 0.069652
351.000000 0.070678
352.000000 0.071774
353.000000 0.073109
354.000000 0.074014
355.000000 0.074867
356.000000 0.075943
357.000000 0.077066
358.000000 0.078327
359.000000 0.079357
360.000000 0.080435
361.000000 0.081639
362.000000 0.082877
363.000000 0.084316
364.000000 0.085750
365.000000 0.086984
366.000000 0.088021
367.000000 0.088861
368.000000 0.089712
369.000000 0.090325
370.000000 0.090816
371.000000 0.090748
372.000000 0.090245
373.000000 0.090268
374.000000 0.090460
375.000000 0.090683
376.000000 0.090613
377.000000 0.090863
378.000000 0.091434
379.000000 0.092079
380.000000 0.093242
381.000000 0.094794
382.000000 0.096302
383.000000 0.097462
384.000000 0.098756
385.000000 0.099869
386.000000 0.100338
387.000000 0.100017
388.000000 0.099345
389.000000 0.098552
390.000000 0.097453
391.000000 0.095881
392.000000 0.093579
393.000000 0.091318
394.000000 0.089102
395.000000 0.086665
396.000000 0.084326
397.000000 0.082062
398.000000 0.080080
399.000000 0.078356
400.000000 0.076510
401.000000 0.074505
402.000000 0.072738
403.000000 0.071185
404.000000 0.069692
405.000000 0.068199
406.000000 0.066873
407.000000 0.065781
408.000000 0.064807
409.000000 0.064020
410.000000 0.063622
411.000000 0.063253
412.000000 0.062572
413.000000 0.062015
414.000000 0.061919
415.000000 0.062121
416.000000 0.062270
417.000000 0.062646
418.000000 0.062930
419.000000 0.063150
420.000000 0.063415
421.000000 0.063666
422.000000 0.063845
423.000000 0.063648
424.000000 0.063538
425.000000 0.063607
426.000000 0.063713
427.000000 0.063749
428.000000 0.063745
429.000000 0.063715
430.000000 0.063667
431.000000 0.063598
432.000000 0.063600
433.000000 0.063801
434.000000 0.063928
435.000000 0.064194
436.000000 0.064668
437.000000 0.065289
438.000000 0.066187
439.000000 0.067107
440.000000 0.068137
441.000000 0.069293
442.000000 0.070399
443.000000 0.071532
444.000000 0.072672
445.000000 0.073740
446.000000 0.074711
447.000000 0.075545
448.000000 0.076149
449.000000 0.076453
450.000000 0.076478
451.000000 0.076294
452.000000 0.075804
453.000000 0.075054
454.000000 0.074112
455.000000 0.073066
456.000000 0.071883
457.000000 0.070539
458.000000 0.069271
459.000000 0.068149
460.000000 0.067146
461.000000 0.066265
462.000000 0.065624
463.000000 0.065398
464.000000 0.065556
465.000000 0.066049
466.000000 0.066828
467.000000 0.067951
468.000000 0.069455
469.000000 0.071313
470.000000 0.073457
471.000000 0.075606
472.000000 0.077876
473.000000 0.080180
474.000000 0.082372
475.000000 0.084499
476.000000 0.086367
477.000000 0.087968
478.000000 0.089230
479.000000 0.090083
480.000000 0.090606
481.000000 0.090712
482.000000 0.090417
483.000000 0.089841
484.000000 0.088916
485.000000 0.087748
486.000000 0.086411
487.000000 0.084896
488.000000 0.083306
489.000000 0.081604
490.000000 0.079935
491.000000 0.078546
492.000000 0.077050
493.000000 0.075431
494.000000 0.074145
495.000000 0.072832
496.000000 0.071469
497.000000 0.070194
498.000000 0.069135
499.000000 0.068662
500.000000 0.068336
501.000000 0.068166
502.000000 0.068404
503.000000 0.068437
504.000000 0.068218
505.000000 0.068505
506.000000 0.069319
507.000000 0.070379
508.000000 0.071634
509.000000 0.073219
510.000000 0.075135
511.000000 0.077308
512.000000 0.079639
513.000000 0.081965
514.000000 0.084246
515.000000 0.086492
516.000000 0.088844
517.000000 0.091212
518.000000 0.093698
519.000000 0.096362
520.000000 0.099137
521.000000 0.101880
522.000000 0.104445
523.000000 0.106731
524.000000 0.108692
525.000000 0.110597
526.000000 0.112455
527.000000 0.114123
528.000000 0.115656
529.000000 0.116957
530.000000 0.117875
531.000000 0.118514
532.000000 0.118911
533.000000 0.119156
534.000000 0.119642
535.000000 0.120134
536.000000 0.120254
537.000000 0.120364
538.000000 0.120930
539.000000 0.121451
540.000000 0.122024
541.000000 0.123174
542.000000 0.124536
543.000000 0.126388
544.000000 0.128729
545.000000 0.131425
546.000000 0.134251
547.000000 0.137326
548.000000 0.140728
549.000000 0.144305
550.000000 0.148293
551.000000 0.152576
552.000000 0.157117
553.000000 0.162091
554.000000 0.167332
555.000000 0.172793
556.000000 0.178480
557.000000 0.184334
558.000000 0.190695
559.000000 0.197141
560.000000 0.203381
561.000000 0.209372
562.000000 0.215066
563.000000 0.220234
564.000000 0.224994
565.000000 0.229345
566.000000 0.233022
567.000000 0.235955
568.000000 0.238069
569.000000 0.239424
570.000000 0.240277
571.000000 0.240273
572.000000 0.239122
573.000000 0.237023
574.000000 0.234066
575.000000 0.230781
576.000000 0.227087
577.000000 0.223073
578.000000 0.219128
579.000000 0.215087
580.000000 0.210717
581.000000 0.206293
582.000000 0.202236
583.000000 0.198543
584.000000 0.195170
585.000000 0.192134
586.000000 0.189381
587.000000 0.187006
588.000000 0.185092
589.000000 0.183645
590.000000 0.182666
591.000000 0.182115
592.000000 0.181823
593.000000 0.181763
594.000000 0.182084
595.000000 0.182545
596.000000 0.183080
597.000000 0.183821
598.000000 0.184748
599.000000 0.185847
600.000000 0.187115
601.000000 0.188465
602.000000 0.189854
603.000000 0.191239
604.000000 0.192790
605.000000 0.194450
606.000000 0.196017
607.000000 0.197394
608.000000 0.198499
609.000000 0.199399
610.000000 0.200142
611.000000 0.200651
612.000000 0.200972
613.000000 0.201188
614.000000 0.201011
615.000000 0.200328
616.000000 0.199405
617.000000 0.198305
618.000000 0.196817
619.000000 0.195078
620.000000 0.193186
621.000000 0.191097
622.000000 0.188928
623.000000 0.186744
624.000000 0.184615
625.000000 0.182575
626.000000 0.180633
627.000000 0.178813
628.000000 0.177177
629.000000 0.175664
630.000000 0.174317
631.000000 0.173317
632.000000 0.172676
633.000000 0.172284
634.000000 0.172124
635.000000 0.172268
636.000000 0.172704
637.000000 0.173462
638.000000 0.174441
639.000000 0.175602
640.000000 0.177126
641.000000 0.178887
642.000000 0.180647
643.000000 0.182540
644.000000 0.184733
645.000000 0.187052
646.000000 0.189501
647.000000 0.192099
648.000000 0.194837
649.000000 0.197648
650.000000 0.200467
651.000000 0.203440
652.000000 0.206530
653.000000 0.209576
654.000000 0.212613
655.000000 0.215800
656.000000 0.219124
657.000000 0.222330
658.000000 0.225483
659.000000 0.228827
660.000000 0.232307
661.000000 0.235735
662.000000 0.239170
663.000000 0.242884
664.000000 0.246817
665.000000 0.250784
666.000000 0.254832
667.000000 0.259066
668.000000 0.263474
669.000000 0.267901
670.000000 0.272390
671.000000 0.277149
672.000000 0.282120
673.000000 0.287199
674.000000 0.292168
675.000000 0.297311
676.000000 0.302933
677.000000 0.308894
678.000000 0.315104
679.000000 0.321215
680.000000 0.327427
681.000000 0.334140
682.000000 0.341241
683.000000 0.348652
684.000000 0.356015
685.000000 0.363422
686.000000 0.371237
687.000000 0.379343
688.000000 0.387741
689.000000 0.396391
690.000000 0.404917
691.000000 0.413386
692.000000 0.422432
693.000000 0.431916
694.000000 0.441396
695.000000 0.450894
696.000000 0.460131
697.000000 0.469379
698.000000 0.479127
699.000000 0.489107
700.000000 0.499149
701.000000 0.509195
702.000000 0.518836
703.000000 0.528334
704.000000 0.538053
705.000000 0.547692
706.000000 0.557078
707.000000 0.566115
708.000000 0.575062
709.000000 0.583749
710.000000 0.591684
711.000000 0.599283
712.000000 0.606886
713.000000 0.614249
714.000000 0.621227
715.000000 0.627719
716.000000 0.633838
717.000000 0.639594
718.000000 0.644913
719.000000 0.649533
720.000000 0.653574
721.000000 0.657333
722.000000 0.660813
723.000000 0.664082
724.000000 0.667212
725.000000 0.670136
726.000000 0.672867
727.000000 0.675505
728.000000 0.678037
729.000000 0.680476
730.000000 0.683003
731.000000 0.685686
732.000000 0.688696
733.000000 0.692171
734.000000 0.696034
735.000000 0.700298
736.000000 0.705033
737.000000 0.710391
738.000000 0.716297
739.000000 0.722772
740.000000 0.729938
741.000000 0.737711
742.000000 0.746094
743.000000 0.755061
744.000000 0.764855
745.000000 0.775721
746.000000 0.787556
747.000000 0.800385
748.000000 0.814174
749.000000 0.828941
750.000000 0.844695
751.000000 0.861363
752.000000 0.878893
753.000000 0.897210
754.000000 0.916201
755.000000 0.936020
756.000000 0.956961
757.000000 0.978775
758.000000 1.001300
759.000000 1.024896
760.000000 1.049627
761.000000 1.075352
762.000000 1.101649
763.000000 1.128488
764.000000 1.156306
765.000000 1.185289
766.000000 1.215189
767.000000 1.245406
768.000000 1.276087
769.000000 1.307382
770.000000 1.338965
771.000000 1.370576
772.000000 1.402092
773.000000 1.433500
774.000000 1.464665
775.000000 1.495083
776.000000 1.526104
777.000000 1.556929
778.000000 1.585025
779.000000 1.610762
780.000000 1.634532
781.000000 1.655843
782.000000 1.673980
783.000000 1.689244
784.000000 1.701536
785.000000 1.710043
786.000000 1.714194
787.000000 1.714154
788.000000 1.709020
789.000000 1.698411
790.000000 1.683670
791.000000 1.664498
792.000000 1.640331
793.000000 1.611832
794.000000 1.579078
795.000000 1.542147
796.000000 1.501222
797.000000 1.454395
798.000000 1.404130
799.000000 1.353023
800.000000 1.300017
801.000000 1.245036
802.000000 1.188845
803.000000 1.131963
804.000000 1.072161
805.000000 1.012032
806.000000 0.954562
807.000000 0.898401
808.000000 0.843254
809.000000 0.789210
810.000000 0.734146
811.000000 0.680275
812.000000 0.630589
813.000000 0.583996
814.000000 0.540127
815.000000 0.498591
816.000000 0.457604
817.000000 0.418735
818.000000 0.383774
819.000000 0.351703
820.000000 0.321886
821.000000 0.293324
822.000000 0.266815
823.000000 0.243218
824.000000 0.221837
825.000000 0.201644
826.000000 0.183007
827.000000 0.166479
828.000000 0.151607
829.000000 0.138116
830.000000 0.125222
831.000000 0.113433
832.000000 0.103306
833.000000 0.094310
834.000000 0.085957
835.000000 0.078327
836.000000 0.071567
837.000000 0.065268
838.000000 0.059501
839.000000 0.054509
840.000000 0.050103
841.000000 0.046011
842.000000 0.042287
843.000000 0.038979
844.000000 0.035978
845.000000 0.033182
846.000000 0.030637
847.000000 0.028460
848.000000 0.026481
849.000000 0.024619
850.000000 0.023004
851.000000 0.021493
852.000000 0.020013
853.000000 0.018716
854.000000 0.017550
855.000000 0.016493
856.000000 0.015559
857.000000 0.014635
858.000000 0.013762
859.000000 0.013013
860.000000 0.012336
861.000000 0.011696
862.000000 0.011107
863.000000 0.010604
864.000000 0.010150
865.000000 0.009705
866.000000 0.009268
867.000000 0.008866
868.000000 0.008510
869.000000 0.008184
870.000000 0.007884
871.000000 0.007621
872.000000 0.007387
873.000000 0.007173
874.000000 0.006966
875.000000 0.006763
876.000000 0.006542
877.000000 0.006347
878.000000 0.006161
879.000000 0.005964
880.000000 0.005828
881.000000 0.005693
882.000000 0.005568
883.000000 0.005478
884.000000 0.005355
885.000000 0.005238
886.000000 0.005169
887.000000 0.005125
888.000000 0.005058
889.000000 0.004986
890.000000 0.004932
891.000000 0.004881
892.000000 0.004825
893.000000 0.004747
894.000000 0.004685
895.000000 0.004636
896.000000 0.004591
897.000000 0.004546
898.000000 0.004514
899.000000 0.004479
900.000000 0.004441
