315.000000 0.059438
316.000000 0.059978
317.000000 0.059124
318.000000 0.057891
319.000000 0.057420
320.000000 0.056474
321.000000 0.055562
322.000000 0.056043
323.000000 0.056610
324.000000 0.056670
325.000000 0.057169
326.000000 0.057837
327.000000 0.057938
328.000000 0.057841
329.000000 0.057889
330.000000 0.058031
331.000000 0.058133
332.000000 0.057959
333.000000 0.057942
334.000000 0.058337
335.000000 0.058568
336.000000 0.058714
337.000000 0.059127
338.000000 0.059779
339.000000 0.060640
340.000000 0.061556
341.000000 0.062541
342.000000 0.063850
343.000000 0.065506
344.000000 0.067029
345.000000 0.068471
346.000000 0.069954
347.000000 0.071253
348.000000 0.072772
349.000000 0.074353
350.000000 0.075604
351.000000 0.076791
352.000000 0.077916
353.000000 0.078922
354.000000 0.079604
355.000000 0.080272
356.000000 0.081083
357.000000 0.081986
358.000000 0.082989
359.000000 0.083856
360.000000 0.084857
361.000000 0.085725
362.000000 0.086574
363.000000 0.087659
364.000000 0.088601
365.000000 0.089381
366.000000 0.090033
367.000000 0.090536
368.000000 0.090985
369.000000 0.091418
370.000000 0.092310
371.000000 0.092433
372.000000 0.091439
373.000000 0.091238
374.000000 0.091794
375.000000 0.092229
376.000000 0.092184
377.000000 0.092303
378.000000 0.092903
379.000000 0.093899
380.000000 0.095225
381.000000 0.096576
382.000000 0.097903
383.000000 0.098966
384.000000 0.099962
385.000000 0.100738
386.000000 0.100895
387.000000 0.100746
388.000000 0.100615
389.000000 0.100172
390.000000 0.099304
391.000000 0.098159
392.000000 0.096509
393.000000 0.094604
394.000000 0.092619
395.000000 0.090694
396.000000 0.088948
397.000000 0.087414
398.000000 0.085978
399.000000 0.084500
400.000000 0.082934
401.000000 0.081131
402.000000 0.079473
403.000000 0.078025
404.000000 0.076391
405.000000 0.074583
406.000000 0.072920
407.000000 0.071496
408.000000 0.070183
409.000000 0.068996
410.000000 0.068181
411.000000 0.067763
412.000000 0.067269
413.000000 0.066639
414.000000 0.066133
415.000000 0.065869
416.000000 0.065668
417.000000 0.065680
418.000000 0.065714
419.000000 0.065740
420.000000 0.065898
421.000000 0.066005
422.000000 0.066242
423.000000 0.066430
424.000000 0.066409
425.000000 0.066359
426.000000 0.066328
427.000000 0.066257
428.000000 0.066222
429.000000 0.066188
430.000000 0.066068
431.000000 0.065982
432.000000 0.066034
433.000000 0.066184
434.000000 0.066472
435.000000 0.066926
436.000000 0.067502
437.000000 0.068358
438.000000 0.069758
439.000000 0.071045
440.000000 0.072112
441.000000 0.073292
442.000000 0.074488
443.000000 0.075796
444.000000 0.077128
445.000000 0.078398
446.000000 0.079625
447.000000 0.080761
448.000000 0.081624
449.000000 0.082157
450.000000 0.082373
451.000000 0.082361
452.000000 0.082191
453.000000 0.081876
454.000000 0.081297
455.000000 0.080453
456.000000 0.079499
457.000000 0.078520
458.000000 0.077688
459.000000 0.077039
460.000000 0.076568
461.000000 0.076325
462.000000 0.076292
463.000000 0.076637
464.000000 0.077489
465.000000 0.078755
466.000000 0.080291
467.000000 0.082275
468.000000 0.084731
469.000000 0.087611
470.000000 0.090773
471.000000 0.093928
472.000000 0.097309
473.000000 0.100662
474.000000 0.103819
475.000000 0.106829
476.000000 0.109366
477.000000 0.111407
478.000000 0.113005
479.000000 0.114131
480.000000 0.114771
481.000000 0.114905
482.000000 0.114622
483.000000 0.113980
484.000000 0.112939
485.000000 0.111643
486.000000 0.110091
487.000000 0.108286
488.000000 0.106339
489.000000 0.104362
490.000000 0.102214
491.000000 0.100076
492.000000 0.098395
493.000000 0.096848
494.000000 0.095229
495.000000 0.093448
496.000000 0.091706
497.000000 0.090192
498.000000 0.088758
499.000000 0.087762
500.000000 0.087323
501.000000 0.087014
502.000000 0.086907
503.000000 0.087001
504.000000 0.087274
505.000000 0.088089
506.000000 0.089334
507.000000 0.090922
508.000000 0.092753
509.000000 0.094488
510.000000 0.096258
511.000000 0.098794
512.000000 0.101752
513.000000 0.104603
514.000000 0.107568
515.000000 0.110654
516.000000 0.113675
517.000000 0.116797
518.000000 0.120099
519.000000 0.123393
520.000000 0.126777
521.000000 0.130101
522.000000 0.133271
523.000000 0.136255
524.000000 0.138834
525.000000 0.141189
526.000000 0.143434
527.000000 0.145425
528.000000 0.147142
529.000000 0.148661
530.000000 0.149905
531.000000 0.150865
532.000000 0.151639
533.000000 0.152153
534.000000 0.152464
535.000000 0.152577
536.000000 0.152486
537.000000 0.152502
538.000000 0.153184
539.000000 0.154106
540.000000 0.154839
541.000000 0.156035
542.000000 0.157667
543.000000 0.159822
544.000000 0.162569
545.000000 0.165530
546.000000 0.168888
547.000000 0.172865
548.000000 0.177039
549.000000 0.181334
550.000000 0.186100
551.000000 0.191400
552.000000 0.197518
553.000000 0.204101
554.000000 0.210573
555.000000 0.217287
556.000000 0.224228
557.000000 0.231304
558.000000 0.239086
559.000000 0.246964
560.000000 0.254748
561.000000 0.262592
562.000000 0.269986
563.000000 0.276583
564.000000 0.282547
565.000000 0.287774
566.000000 0.292161
567.000000 0.295697
568.000000 0.298011
569.000000 0.299183
570.000000 0.299393
571.000000 0.298641
572.000000 0.296910
573.000000 0.294268
574.000000 0.290582
575.000000 0.286395
576.000000 0.281697
577.000000 0.276382
578.000000 0.270720
579.000000 0.264552
580.000000 0.258263
581.000000 0.252138
582.000000 0.246580
583.000000 0.241457
584.000000 0.236631
585.000000 0.232337
586.000000 0.228641
587.000000 0.225627
588.000000 0.222812
589.000000 0.220382
590.000000 0.218468
591.000000 0.217030
592.000000 0.216143
593.000000 0.215483
594.000000 0.215250
595.000000 0.215448
596.000000 0.215851
597.000000 0.216380
598.000000 0.217117
599.000000 0.218129
600.000000 0.219275
601.000000 0.220430
602.000000 0.221597
603.000000 0.222799
604.000000 0.224043
605.000000 0.225250
606.000000 0.226372
607.000000 0.227405
608.000000 0.228297
609.000000 0.229057
610.000000 0.229660
611.000000 0.229838
612.000000 0.229473
613.000000 0.228757
614.000000 0.227608
615.000000 0.225948
616.000000 0.223985
617.000000 0.221694
618.000000 0.218926
619.000000 0.215973
620.000000 0.212864
621.000000 0.209485
622.000000 0.205992
623.000000 0.202355
624.000000 0.198633
625.000000 0.195029
626.000000 0.191586
627.000000 0.188219
628.000000 0.185077
629.000000 0.182216
630.000000 0.179574
631.000000 0.177229
632.000000 0.175309
633.000000 0.173768
634.000000 0.172509
635.000000 0.171581
636.000000 0.170937
637.000000 0.170649
638.000000 0.170735
639.000000 0.171101
640.000000 0.171790
641.000000 0.172741
642.000000 0.173768
643.000000 0.174903
644.000000 0.176319
645.000000 0.177941
646.000000 0.179728
647.000000 0.181702
648.000000 0.183843
649.000000 0.186112
650.000000 0.188422
651.000000 0.190856
652.000000 0.193433
653.000000 0.196010
654.000000 0.198562
655.000000 0.201171
656.000000 0.203890
657.000000 0.206511
658.000000 0.209104
659.000000 0.211912
660.000000 0.214878
661.000000 0.217860
662.000000 0.220891
663.000000 0.224149
664.000000 0.227546
665.000000 0.230925
666.000000 0.234399
667.000000 0.238022
668.000000 0.241726
669.000000 0.245462
670.000000 0.249300
671.000000 0.253415
672.000000 0.257785
673.000000 0.262300
674.000000 0.266728
675.000000 0.271344
676.000000 0.276349
677.000000 0.281504
678.000000 0.286811
679.000000 0.292033
680.000000 0.297366
681.000000 0.303218
682.000000 0.309476
683.000000 0.316076
684.000000 0.322652
685.000000 0.329240
686.000000 0.336354
687.000000 0.343836
688.000000 0.351442
689.000000 0.359129
690.000000 0.366559
691.000000 0.374022
692.000000 0.381938
693.000000 0.390098
694.000000 0.398481
695.000000 0.407147
696.000000 0.415596
697.000000 0.423940
698.000000 0.432668
699.000000 0.441558
700.000000 0.450479
701.000000 0.459409
702.000000 0.467933
703.000000 0.476193
704.000000 0.484710
705.000000 0.493283
706.000000 0.501742
707.000000 0.510036
708.000000 0.518207
709.000000 0.526161
710.000000 0.533509
711.000000 0.540340
712.000000 0.546894
713.000000 0.553222
714.000000 0.559354
715.000000 0.565165
716.000000 0.570663
717.000000 0.575845
718.000000 0.580620
719.000000 0.584819
720.000000 0.588602
721.000000 0.592144
722.000000 0.595437
723.000000 0.598503
724.000000 0.601234
725.000000 0.603642
726.000000 0.605892
727.000000 0.607959
728.000000 0.610104
729.000000 0.612487
730.000000 0.615000
731.000000 0.617565
732.000000 0.620283
733.000000 0.623405
734.000000 0.626872
735.000000 0.630735
736.000000 0.635036
737.000000 0.639701
738.000000 0.644706
739.000000 0.650226
740.000000 0.656521
741.000000 0.663569
742.000000 0.671325
743.000000 0.679837
744.000000 0.689101
745.000000 0.699074
746.000000 0.709663
747.000000 0.720907
748.000000 0.732962
749.000000 0.746003
750.000000 0.759971
751.000000 0.774759
752.000000 0.790413
753.000000 0.806966
754.000000 0.824323
755.000000 0.842463
756.000000 0.861476
757.000000 0.881227
758.000000 0.901503
759.000000 0.922496
760.000000 0.944319
761.000000 0.966928
762.000000 0.990230
763.000000 1.014251
764.000000 1.039264
765.000000 1.065334
766.000000 1.092252
767.000000 1.119700
768.000000 1.147447
769.000000 1.175513
770.000000 1.203838
771.000000 1.232145
772.000000 1.260317
773.000000 1.287943
774.000000 1.315359
775.000000 1.342595
776.000000 1.370818
777.000000 1.399167
778.000000 1.424881
779.000000 1.448232
780.000000 1.469335
781.000000 1.488117
782.000000 1.504200
783.000000 1.517715
784.000000 1.528399
785.000000 1.535481
786.000000 1.539303
787.000000 1.539578
788.000000 1.535370
789.000000 1.526800
790.000000 1.514301
791.000000 1.497297
792.000000 1.475836
793.000000 1.450257
794.000000 1.420457
795.000000 1.386686
796.000000 1.349401
797.000000 1.307378
798.000000 1.262465
799.000000 1.216667
800.000000 1.169397
801.000000 1.120625
802.000000 1.070625
803.000000 1.019879
804.000000 0.966437
805.000000 0.912393
806.000000 0.860778
807.000000 0.810290
808.000000 0.760488
809.000000 0.711848
810.000000 0.662819
811.000000 0.614758
812.000000 0.570169
813.000000 0.528489
814.000000 0.489207
815.000000 0.451907
816.000000 0.415050
817.000000 0.380070
818.000000 0.348581
819.000000 0.319704
820.000000 0.292862
821.000000 0.267108
822.000000 0.243259
823.000000 0.222091
824.000000 0.202937
825.000000 0.184812
826.000000 0.168030
827.000000 0.153156
828.000000 0.139698
829.000000 0.127441
830.000000 0.115705
831.000000 0.104934
832.000000 0.095728
833.000000 0.087567
834.000000 0.079948
835.000000 0.072958
836.000000 0.066825
837.000000 0.061183
838.000000 0.056036
839.000000 0.051566
840.000000 0.047591
841.000000 0.043840
842.000000 0.040357
843.000000 0.037332
844.000000 0.034631
845.000000 0.032050
846.000000 0.029666
847.000000 0.027658
848.000000 0.025854
849.000000 0.024147
850.000000 0.022616
851.000000 0.021166
852.000000 0.019817
853.000000 0.018653
854.000000 0.017549
855.000000 0.016520
856.000000 0.015632
857.000000 0.014766
858.000000 0.013939
859.000000 0.013233
860.000000 0.012585
861.000000 0.011960
862.000000 0.011375
863.000000 0.010860
864.000000 0.010416
865.000000 0.010004
866.000000 0.009589
867.000000 0.009182
868.000000 0.008838
869.000000 0.008542
870.000000 0.008244
871.000000 0.007972
872.000000 0.007702
873.000000 0.007460
874.000000 0.007246
875.000000 0.007021
876.000000 0.006816
877.000000 0.006647
878.000000 0.006480
879.000000 0.006338
880.000000 0.006235
881.000000 0.006091
882.000000 0.005967
883.000000 0.005896
884.000000 0.005810
885.000000 0.005700
886.000000 0.005618
887.000000 0.005568
888.000000 0.005506
889.000000 0.005452
890.000000 0.005401
891.000000 0.005323
892.000000 0.005256
893.000000 0.005179
894.000000 0.005098
895.000000 0.005059
896.000000 0.005016
897.000000 0.004957
898.000000 0.004932
899.000000 0.004911
900.000000 0.004885
