315.000000 0.060812
316.000000 0.060658
317.000000 0.060813
318.000000 0.060358
319.000000 0.060075
320.000000 0.060055
321.000000 0.059907
322.000000 0.059950
323.000000 0.059695
324.000000 0.059479
325.000000 0.059645
326.000000 0.059848
327.000000 0.059798
328.000000 0.060181
329.000000 0.060909
330.000000 0.061365
331.000000 0.061369
332.000000 0.060911
333.000000 0.061097
334.000000 0.062182
335.000000 0.062671
336.000000 0.062975
337.000000 0.063656
338.000000 0.064051
339.000000 0.064772
340.000000 0.065972
341.000000 0.067328
342.000000 0.068794
343.000000 0.070381
344.000000 0.071949
345.000000 0.073545
346.000000 0.075218
347.000000 0.076732
348.000000 0.078510
349.000000 0.080326
350.000000 0.081757
351.000000 0.082867
352.000000 0.083842
353.000000 0.084814
354.000000 0.085339
355.000000 0.085850
356.000000 0.086494
357.000000 0.087140
358.000000 0.087741
359.000000 0.088053
360.000000 0.088571
361.000000 0.089255
362.000000 0.089868
363.000000 0.090406
364.000000 0.090916
365.000000 0.091459
366.000000 0.091991
367.000000 0.092371
368.000000 0.092709
369.000000 0.092956
370.000000 0.093636
371.000000 0.093923
372.000000 0.093343
373.000000 0.093390
374.000000 0.093644
375.000000 0.093629
376.000000 0.093406
377.000000 0.093646
378.000000 0.094298
379.000000 0.095066
380.000000 0.096405
381.000000 0.097871
382.000000 0.099116
383.000000 0.099954
384.000000 0.100877
385.000000 0.101738
386.000000 0.102022
387.000000 0.102092
388.000000 0.102013
389.000000 0.101699
390.000000 0.101304
391.000000 0.100586
392.000000 0.099471
393.000000 0.098253
394.000000 0.096718
395.000000 0.095199
396.000000 0.094015
397.000000 0.092888
398.000000 0.091802
399.000000 0.090707
400.000000 0.089299
401.000000 0.087604
402.000000 0.085888
403.000000 0.084216
404.000000 0.082531
405.000000 0.080505
406.000000 0.078472
407.000000 0.076859
408.000000 0.075464
409.000000 0.074174
410.000000 0.073031
411.000000 0.071998
412.000000 0.070861
413.000000 0.069727
414.000000 0.069146
415.000000 0.069081
416.000000 0.068900
417.000000 0.068701
418.000000 0.068642
419.000000 0.068582
420.000000 0.068472
421.000000 0.068396
422.000000 0.068337
423.000000 0.068164
424.000000 0.068022
425.000000 0.067981
426.000000 0.067969
427.000000 0.067917
428.000000 0.067905
429.000000 0.067871
430.000000 0.067856
431.000000 0.067940
432.000000 0.068075
433.000000 0.068342
434.000000 0.068713
435.000000 0.069258
436.000000 0.069952
437.000000 0.070854
438.000000 0.072059
439.000000 0.073386
440.000000 0.074840
441.000000 0.076324
442.000000 0.077752
443.000000 0.079230
444.000000 0.080826
445.000000 0.082349
446.000000 0.083739
447.000000 0.085008
448.000000 0.086100
449.000000 0.086935
450.000000 0.087468
451.000000 0.087790
452.000000 0.087906
453.000000 0.087780
454.000000 0.087433
455.000000 0.087013
456.000000 0.086510
457.000000 0.085926
458.000000 0.085404
459.000000 0.085096
460.000000 0.085002
461.000000 0.085198
462.000000 0.085811
463.000000 0.086846
464.000000 0.088439
465.000000 0.090475
466.000000 0.092812
467.000000 0.095699
468.000000 0.099062
469.000000 0.102854
470.000000 0.106867
471.000000 0.110819
472.000000 0.115047
473.000000 0.119267
474.000000 0.123323
475.000000 0.127229
476.000000 0.130620
477.000000 0.133432
478.000000 0.135533
479.000000 0.136924
480.000000 0.137729
481.000000 0.137942
482.000000 0.137589
483.000000 0.136810
484.000000 0.135561
485.000000 0.133918
486.000000 0.131928
487.000000 0.129802
488.000000 0.127607
489.000000 0.125415
490.000000 0.123096
491.000000 0.120852
492.000000 0.118793
493.000000 0.116304
494.000000 0.113979
495.000000 0.112019
496.000000 0.110205
497.000000 0.108822
498.000000 0.107743
499.000000 0.106817
500.000000 0.106009
501.000000 0.105436
502.000000 0.105426
503.000000 0.105416
504.000000 0.105455
505.000000 0.106251
506.000000 0.107442
507.000000 0.109097
508.000000 0.111218
509.000000 0.113692
510.000000 0.116578
511.000000 0.119821
512.000000 0.123185
513.000000 0.126463
514.000000 0.130072
515.000000 0.133879
516.000000 0.137565
517.000000 0.141233
518.000000 0.144958
519.000000 0.149042
520.000000 0.153576
521.000000 0.157831
522.000000 0.161671
523.000000 0.165448
524.000000 0.168565
525.000000 0.171110
526.000000 0.173432
527.000000 0.175540
528.000000 0.177540
529.000000 0.179230
530.000000 0.180653
531.000000 0.181777
532.000000 0.182729
533.000000 0.183443
534.000000 0.183955
535.000000 0.184185
536.000000 0.184194
537.000000 0.184476
538.000000 0.185023
539.000000 0.185560
540.000000 0.186271
541.000000 0.187610
542.000000 0.189443
543.000000 0.192028
544.000000 0.195179
545.000000 0.198677
546.000000 0.202600
547.000000 0.207252
548.000000 0.212286
549.000000 0.217327
550.000000 0.223021
551.000000 0.229365
552.000000 0.236312
553.000000 0.243828
554.000000 0.251625
555.000000 0.259953
556.000000 0.268626
557.000000 0.277299
558.000000 0.286574
559.000000 0.295761
560.000000 0.304667
561.000000 0.313412
562.000000 0.321807
563.000000 0.329677
564.000000 0.336892
565.000000 0.343160
566.000000 0.348254
567.000000 0.352439
568.000000 0.355525
569.000000 0.357240
570.000000 0.357502
571.000000 0.356306
572.000000 0.353790
573.000000 0.349912
574.000000 0.344744
575.000000 0.339068
576.000000 0.332834
577.000000 0.326147
578.000000 0.319236
579.000000 0.311863
580.000000 0.304151
581.000000 0.296407
582.000000 0.289254
583.000000 0.282571
584.000000 0.276443
585.000000 0.271065
586.000000 0.266034
587.000000 0.261606
588.000000 0.257892
589.000000 0.254925
590.000000 0.252703
591.000000 0.250869
592.000000 0.249565
593.000000 0.248624
594.000000 0.247839
595.000000 0.247403
596.000000 0.247326
597.000000 0.247525
598.000000 0.247949
599.000000 0.248562
600.000000 0.249355
601.000000 0.250322
602.000000 0.251438
603.000000 0.252718
604.000000 0.254015
605.000000 0.255070
606.000000 0.255931
607.000000 0.256693
608.000000 0.257163
609.000000 0.257347
610.000000 0.257273
611.000000 0.256864
612.000000 0.256072
613.000000 0.254772
614.000000 0.252794
615.000000 0.250161
616.000000 0.247160
617.000000 0.243771
618.000000 0.239801
619.000000 0.235609
620.000000 0.231110
621.000000 0.226148
622.000000 0.221092
623.000000 0.215987
624.000000 0.210859
625.000000 0.205937
626.000000 0.201117
627.000000 0.196273
628.000000 0.191727
629.000000 0.187430
630.000000 0.183353
631.000000 0.179674
632.000000 0.176506
633.000000 0.173769
634.000000 0.171288
635.000000 0.169232
636.000000 0.167599
637.000000 0.166336
638.000000 0.165504
639.000000 0.164977
640.000000 0.164778
641.000000 0.164933
642.000000 0.165296
643.000000 0.165826
644.000000 0.166602
645.000000 0.167584
646.000000 0.168733
647.000000 0.170067
648.000000 0.171557
649.000000 0.173194
650.000000 0.174918
651.000000 0.176753
652.000000 0.178708
653.000000 0.180731
654.000000 0.182767
655.000000 0.184879
656.000000 0.187126
657.000000 0.189334
658.000000 0.191556
659.000000 0.193880
660.000000 0.196239
661.000000 0.198583
662.000000 0.201007
663.000000 0.203606
664.000000 0.206327
665.000000 0.209129
666.000000 0.212042
667.000000 0.215079
668.000000 0.218244
669.000000 0.221504
670.000000 0.224845
671.000000 0.228377
672.000000 0.232043
673.000000 0.235792
674.000000 0.239523
675.000000 0.243444
676.000000 0.247761
677.000000 0.252362
678.000000 0.257183
679.000000 0.261902
680.000000 0.266656
681.000000 0.271802
682.000000 0.277241
683.000000 0.282977
684.000000 0.288756
685.000000 0.294577
686.000000 0.300739
687.000000 0.307184
688.000000 0.313843
689.000000 0.320661
690.000000 0.327378
691.000000 0.334184
692.000000 0.341389
693.000000 0.348825
694.000000 0.356324
695.000000 0.363871
696.000000 0.371158
697.000000 0.378341
698.000000 0.385989
699.000000 0.393918
700.000000 0.401940
701.000000 0.409931
702.000000 0.417551
703.000000 0.425043
704.000000 0.432782
705.000000 0.440516
706.000000 0.448037
707.000000 0.455301
708.000000 0.462350
709.000000 0.469177
710.000000 0.475570
711.000000 0.481675
712.000000 0.487796
713.000000 0.493732
714.000000 0.499275
715.000000 0.504307
716.000000 0.508960
717.000000 0.513423
718.000000 0.517637
719.000000 0.521351
720.000000 0.524600
721.000000 0.527605
722.000000 0.530452
723.000000 0.533200
724.000000 0.535749
725.000000 0.538092
726.000000 0.540327
727.000000 0.542485
728.000000 0.544585
729.000000 0.546573
730.000000 0.548566
731.000000 0.550619
732.000000 0.552792
733.000000 0.555367
734.000000 0.558401
735.000000 0.561789
736.000000 0.565573
737.000000 0.569818
738.000000 0.574484
739.000000 0.579669
740.000000 0.585422
741.000000 0.591655
742.000000 0.598397
743.000000 0.605764
744.000000 0.613721
745.000000 0.622329
746.000000 0.631752
747.000000 0.641997
748.000000 0.653024
749.000000 0.664778
750.000000 0.677206
751.000000 0.690358
752.000000 0.704320
753.000000 0.719046
754.000000 0.734314
755.000000 0.750131
756.000000 0.766711
757.000000 0.784146
758.000000 0.802303
759.000000 0.821248
760.000000 0.841083
761.000000 0.861708
762.000000 0.882846
763.000000 0.904307
764.000000 0.926358
765.000000 0.949256
766.000000 0.972917
767.000000 0.997168
768.000000 1.021825
769.000000 1.046788
770.000000 1.072046
771.000000 1.097275
772.000000 1.122522
773.000000 1.147643
774.000000 1.172593
775.000000 1.197327
776.000000 1.222728
777.000000 1.247715
778.000000 1.269910
779.000000 1.289960
780.000000 1.308484
781.000000 1.325252
782.000000 1.339910
783.000000 1.352211
784.000000 1.361868
785.000000 1.368606
786.000000 1.371935
787.000000 1.371956
788.000000 1.368314
789.000000 1.360470
790.000000 1.348688
791.000000 1.333271
792.000000 1.314278
793.000000 1.291438
794.000000 1.265137
795.000000 1.235763
796.000000 1.203365
797.000000 1.166563
798.000000 1.126743
799.000000 1.085634
800.000000 1.042987
801.000000 0.999268
802.000000 0.954859
803.000000 0.909861
804.000000 0.862444
805.000000 0.814390
806.000000 0.768547
807.000000 0.723975
808.000000 0.680231
809.000000 0.637162
810.000000 0.593254
811.000000 0.550349
812.000000 0.510591
813.000000 0.473181
814.000000 0.437896
815.000000 0.404520
816.000000 0.371691
817.000000 0.340492
818.000000 0.312392
819.000000 0.286712
820.000000 0.262892
821.000000 0.240027
822.000000 0.218759
823.000000 0.199842
824.000000 0.182716
825.000000 0.166501
826.000000 0.151519
827.000000 0.138235
828.000000 0.126189
829.000000 0.115252
830.000000 0.104853
831.000000 0.095358
832.000000 0.087174
833.000000 0.079856
834.000000 0.073039
835.000000 0.066787
836.000000 0.061280
837.000000 0.056197
838.000000 0.051541
839.000000 0.047492
840.000000 0.043890
841.000000 0.040505
842.000000 0.037434
843.000000 0.034731
844.000000 0.032297
845.000000 0.030017
846.000000 0.027885
847.000000 0.026045
848.000000 0.024352
849.000000 0.022747
850.000000 0.021341
851.000000 0.020065
852.000000 0.018976
853.000000 0.017927
854.000000 0.016818
855.000000 0.015852
856.000000 0.015040
857.000000 0.014260
858.000000 0.013509
859.000000 0.012872
860.000000 0.012263
861.000000 0.011687
862.000000 0.011141
863.000000 0.010644
864.000000 0.010216
865.000000 0.009826
866.000000 0.009480
867.000000 0.009148
868.000000 0.008836
869.000000 0.008557
870.000000 0.008283
871.000000 0.008027
872.000000 0.007791
873.000000 0.007590
874.000000 0.007436
875.000000 0.007255
876.000000 0.007038
877.000000 0.006888
878.000000 0.006764
879.000000 0.006607
880.000000 0.006477
881.000000 0.006377
882.000000 0.006276
883.000000 0.006187
884.000000 0.006098
885.000000 0.005987
886.000000 0.005927
887.000000 0.005893
888.000000 0.005804
889.000000 0.005699
890.000000 0.005644
891.000000 0.005609
892.000000 0.005580
893.000000 0.005553
894.000000 0.005503
895.000000 0.005457
896.000000 0.005437
897.000000 0.005417
898.000000 0.005389
899.000000 0.005369
900.000000 0.005363
