315.000000 0.070467
316.000000 0.070960
317.000000 0.072118
318.000000 0.073083
319.000000 0.074434
320.000000 0.076138
321.000000 0.077905
322.000000 0.079835
323.000000 0.081733
324.000000 0.083519
325.000000 0.085328
326.000000 0.087306
327.000000 0.088809
328.000000 0.090081
329.000000 0.091519
330.000000 0.093537
331.000000 0.096338
332.000000 0.099117
333.000000 0.101778
334.000000 0.104639
335.000000 0.107700
336.000000 0.110994
337.000000 0.113959
338.000000 0.116826
339.000000 0.120015
340.000000 0.123393
341.000000 0.127188
342.000000 0.131007
343.000000 0.134829
344.000000 0.138765
345.000000 0.142462
346.000000 0.145600
347.000000 0.148324
348.000000 0.150997
349.000000 0.153659
350.000000 0.155738
351.000000 0.157377
352.000000 0.158839
353.000000 0.159892
354.000000 0.160488
355.000000 0.160861
356.000000 0.161191
357.000000 0.161331
358.000000 0.161078
359.000000 0.160509
360.000000 0.159779
361.000000 0.158872
362.000000 0.158003
363.000000 0.157231
364.000000 0.156278
365.000000 0.155285
366.000000 0.154325
367.000000 0.153135
368.000000 0.151708
369.000000 0.150154
370.000000 0.148754
371.000000 0.147211
372.000000 0.145288
373.000000 0.143053
374.000000 0.140061
375.000000 0.136552
376.000000 0.133647
377.000000 0.130861
378.000000 0.127459
379.000000 0.124188
380.000000 0.121134
381.000000 0.117786
382.000000 0.114704
383.000000 0.112158
384.000000 0.109433
385.000000 0.106800
386.000000 0.104507
387.000000 0.102565
388.000000 0.100777
389.000000 0.099214
390.000000 0.098082
391.000000 0.097108
392.000000 0.096562
393.000000 0.096298
394.000000 0.095990
395.000000 0.095823
396.000000 0.095776
397.000000 0.095816
398.000000 0.096039
399.000000 0.096550
400.000000 0.097152
401.000000 0.097674
402.000000 0.098081
403.000000 0.098554
404.000000 0.099090
405.000000 0.099602
406.000000 0.100312
407.000000 0.100929
408.000000 0.101417
409.000000 0.101894
410.000000 0.102021
411.000000 0.102113
412.000000 0.102289
413.000000 0.102496
414.000000 0.103233
415.000000 0.104268
416.000000 0.105382
417.000000 0.106768
418.000000 0.108560
419.000000 0.110879
420.000000 0.113849
421.000000 0.117438
422.000000 0.121433
423.000000 0.126013
424.000000 0.131278
425.000000 0.136793
426.000000 0.142764
427.000000 0.148885
428.000000 0.154439
429.000000 0.159800
430.000000 0.164811
431.000000 0.168917
432.000000 0.171962
433.000000 0.173812
434.000000 0.174327
435.000000 0.173425
436.000000 0.171202
437.000000 0.167705
438.000000 0.163215
439.000000 0.158104
440.000000 0.152224
441.000000 0.146037
442.000000 0.139923
443.000000 0.133376
444.000000 0.126668
445.000000 0.120390
446.000000 0.114187
447.000000 0.108166
448.000000 0.102518
449.000000 0.097338
450.000000 0.092711
451.000000 0.088224
452.000000 0.084084
453.000000 0.080433
454.000000 0.076963
455.000000 0.073827
456.000000 0.071008
457.000000 0.068384
458.000000 0.066056
459.000000 0.063838
460.000000 0.061739
461.000000 0.059855
462.000000 0.058064
463.000000 0.056365
464.000000 0.054700
465.000000 0.053053
466.000000 0.051519
467.000000 0.050085
468.000000 0.048728
469.000000 0.047326
470.000000 0.045922
471.000000 0.044644
472.000000 0.043376
473.000000 0.042159
474.000000 0.041027
475.000000 0.039886
476.000000 0.038762
477.000000 0.037656
478.000000 0.036568
479.000000 0.035516
480.000000 0.034610
481.000000 0.033735
482.000000 0.032847
483.000000 0.032045
484.000000 0.031254
485.000000 0.030514
486.000000 0.029826
487.000000 0.029184
488.000000 0.028555
489.000000 0.027714
490.000000 0.026717
491.000000 0.025761
492.000000 0.025158
493.000000 0.024670
494.000000 0.024229
495.000000 0.023970
496.000000 0.023772
497.000000 0.023440
498.000000 0.023089
499.000000 0.022928
500.000000 0.022888
501.000000 0.022954
502.000000 0.022642
503.000000 0.022323
504.000000 0.022146
505.000000 0.021833
506.000000 0.021495
507.000000 0.021213
508.000000 0.021140
509.000000 0.021020
510.000000 0.020990
511.000000 0.021177
512.000000 0.021063
513.000000 0.020901
514.000000 0.020781
515.000000 0.020533
516.000000 0.020148
517.000000 0.019843
518.000000 0.019900
519.000000 0.020057
520.000000 0.020259
521.000000 0.020428
522.000000 0.020418
523.000000 0.020287
524.000000 0.020112
525.000000 0.020082
526.000000 0.020196
527.000000 0.020373
528.000000 0.020712
529.000000 0.020873
530.000000 0.020913
531.000000 0.021033
532.000000 0.021056
533.000000 0.021186
534.000000 0.021538
535.000000 0.021967
536.000000 0.022304
537.000000 0.022780
538.000000 0.023263
539.000000 0.023468
540.000000 0.023604
541.000000 0.024051
542.000000 0.024859
543.000000 0.025742
544.000000 0.026721
545.000000 0.027684
546.000000 0.028566
547.000000 0.029450
548.000000 0.030383
549.000000 0.031258
550.000000 0.031851
551.000000 0.032555
552.000000 0.033555
553.000000 0.034484
554.000000 0.035255
555.000000 0.035983
556.000000 0.036664
557.000000 0.037205
558.000000 0.037938
559.000000 0.038861
560.000000 0.039932
561.000000 0.041079
562.000000 0.042207
563.000000 0.043406
564.000000 0.044673
565.000000 0.045937
566.000000 0.047219
567.000000 0.048687
568.000000 0.050217
569.000000 0.051758
570.000000 0.053448
571.000000 0.055318
572.000000 0.057128
573.000000 0.059076
574.000000 0.061329
575.000000 0.063669
576.000000 0.066121
577.000000 0.068613
578.000000 0.071304
579.000000 0.074242
580.000000 0.077288
581.000000 0.080471
582.000000 0.083856
583.000000 0.087460
584.000000 0.090807
585.000000 0.094147
586.000000 0.097968
587.000000 0.101832
588.000000 0.105788
589.000000 0.109912
590.000000 0.114087
591.000000 0.118548
592.000000 0.122970
593.000000 0.127182
594.000000 0.131203
595.000000 0.135349
596.000000 0.139823
597.000000 0.144127
598.000000 0.148456
599.000000 0.152957
600.000000 0.157280
601.000000 0.161555
602.000000 0.165892
603.000000 0.170255
604.000000 0.174726
605.000000 0.179091
606.000000 0.183543
607.000000 0.188319
608.000000 0.193001
609.000000 0.197678
610.000000 0.202688
611.000000 0.207653
612.000000 0.212734
613.000000 0.218001
614.000000 0.223507
615.000000 0.229689
616.000000 0.235905
617.000000 0.242279
618.000000 0.249416
619.000000 0.256782
620.000000 0.264403
621.000000 0.272812
622.000000 0.281607
623.000000 0.290824
624.000000 0.300953
625.000000 0.311406
626.000000 0.322453
627.000000 0.334609
628.000000 0.346917
629.000000 0.359732
630.000000 0.373723
631.000000 0.388560
632.000000 0.403621
633.000000 0.419163
634.000000 0.435882
635.000000 0.452809
636.000000 0.470102
637.000000 0.488421
638.000000 0.506620
639.000000 0.524803
640.000000 0.543689
641.000000 0.562889
642.000000 0.581163
643.000000 0.598974
644.000000 0.617574
645.000000 0.635478
646.000000 0.652799
647.000000 0.670232
648.000000 0.687234
649.000000 0.703076
650.000000 0.717933
651.000000 0.732317
652.000000 0.746008
653.000000 0.758479
654.000000 0.769827
655.000000 0.780587
656.000000 0.790494
657.000000 0.799243
658.000000 0.807136
659.000000 0.814665
660.000000 0.821647
661.000000 0.827861
662.000000 0.833659
663.000000 0.839415
664.000000 0.845041
665.000000 0.850484
666.000000 0.856014
667.000000 0.861914
668.000000 0.868284
669.000000 0.875035
670.000000 0.882392
671.000000 0.890790
672.000000 0.900325
673.000000 0.911205
674.000000 0.922765
675.000000 0.935517
676.000000 0.950425
677.000000 0.967179
678.000000 0.985846
679.000000 1.005619
680.000000 1.026961
681.000000 1.051135
682.000000 1.077952
683.000000 1.107352
684.000000 1.138104
685.000000 1.170523
686.000000 1.206270
687.000000 1.244822
688.000000 1.285746
689.000000 1.328805
690.000000 1.372174
691.000000 1.417131
692.000000 1.465660
693.000000 1.516369
694.000000 1.569212
695.000000 1.624126
696.000000 1.677934
697.000000 1.730690
698.000000 1.785835
699.000000 1.842013
700.000000 1.897669
701.000000 1.952669
702.000000 2.004844
703.000000 2.053651
704.000000 2.101902
705.000000 2.148260
706.000000 2.190821
707.000000 2.229635
708.000000 2.265799
709.000000 2.297903
710.000000 2.323514
711.000000 2.344178
712.000000 2.359006
713.000000 2.365785
714.000000 2.368235
715.000000 2.366675
716.000000 2.359456
717.000000 2.345980
718.000000 2.327344
719.000000 2.304075
720.000000 2.274535
721.000000 2.239027
722.000000 2.197813
723.000000 2.151872
724.000000 2.102717
725.000000 2.050042
726.000000 1.994735
727.000000 1.937821
728.000000 1.878274
729.000000 1.816832
730.000000 1.755127
731.000000 1.697299
732.000000 1.640231
733.000000 1.580442
734.000000 1.520240
735.000000 1.460140
736.000000 1.400620
737.000000 1.342416
738.000000 1.285573
739.000000 1.229765
740.000000 1.175382
741.000000 1.123013
742.000000 1.072795
743.000000 1.024598
744.000000 0.978166
745.000000 0.933259
746.000000 0.889877
747.000000 0.848060
748.000000 0.807916
749.000000 0.769353
750.000000 0.732509
751.000000 0.697199
752.000000 0.663174
753.000000 0.630419
754.000000 0.599024
755.000000 0.568899
756.000000 0.539836
757.000000 0.511932
758.000000 0.485216
759.000000 0.459421
760.000000 0.434484
761.000000 0.410590
762.000000 0.387862
763.000000 0.366252
764.000000 0.345520
765.000000 0.325398
766.000000 0.306039
767.000000 0.287676
768.000000 0.270340
769.000000 0.253909
770.000000 0.238241
771.000000 0.223371
772.000000 0.209269
773.000000 0.195902
774.000000 0.183131
775.000000 0.171020
776.000000 0.158891
777.000000 0.147140
778.000000 0.136639
779.000000 0.126973
780.000000 0.117950
781.000000 0.109448
782.000000 0.101468
783.000000 0.093969
784.000000 0.086899
785.000000 0.080289
786.000000 0.074066
787.000000 0.068239
788.000000 0.062706
789.000000 0.057526
790.000000 0.052926
791.000000 0.048730
792.000000 0.044822
793.000000 0.041208
794.000000 0.037862
795.000000 0.034762
796.000000 0.031949
797.000000 0.029343
798.000000 0.026904
799.000000 0.024671
800.000000 0.022649
801.000000 0.020856
802.000000 0.019243
803.000000 0.017778
804.000000 0.016335
805.000000 0.014966
806.000000 0.013728
807.000000 0.012607
808.000000 0.011654
809.000000 0.010834
810.000000 0.010023
811.000000 0.009227
812.000000 0.008524
813.000000 0.007926
814.000000 0.007388
815.000000 0.006876
816.000000 0.006431
817.000000 0.006038
818.000000 0.005650
819.000000 0.005267
820.000000 0.004951
821.000000 0.004688
822.000000 0.004427
823.000000 0.004136
824.000000 0.003868
825.000000 0.003670
826.000000 0.003507
827.000000 0.003373
828.000000 0.003239
829.000000 0.003091
830.000000 0.002950
831.000000 0.002828
832.000000 0.002805
833.000000 0.002855
834.000000 0.002808
835.000000 0.002690
836.000000 0.002603
837.000000 0.002431
838.000000 0.002272
839.000000 0.002193
840.000000 0.002101
841.000000 0.002041
842.000000 0.002019
843.000000 0.002011
844.000000 0.001950
845.000000 0.001881
846.000000 0.001856
847.000000 0.001891
848.000000 0.001874
849.000000 0.001792
850.000000 0.001758
851.000000 0.001742
852.000000 0.001712
853.000000 0.001656
854.000000 0.001607
855.000000 0.001571
856.000000 0.001531
857.000000 0.001491
858.000000 0.001466
859.000000 0.001422
860.000000 0.001413
861.000000 0.001445
862.000000 0.001442
863.000000 0.001427
864.000000 0.001417
865.000000 0.001413
866.000000 0.001402
867.000000 0.001352
868.000000 0.001317
869.000000 0.001308
870.000000 0.001305
871.000000 0.001298
872.000000 0.001274
873.000000 0.001263
874.000000 0.001251
875.000000 0.001219
876.000000 0.001197
877.000000 0.001193
878.000000 0.001165
879.000000 0.001132
880.000000 0.001106
881.000000 0.001092
882.000000 0.001094
883.000000 0.001091
884.000000 0.001127
885.000000 0.001159
886.000000 0.001113
887.000000 0.001059
888.000000 0.001029
889.000000 0.000987
890.000000 0.001005
891.000000 0.001022
892.000000 0.000988
893.000000 0.000963
894.000000 0.000960
895.000000 0.000952
896.000000 0.000920
897.000000 0.000920
898.000000 0.000931
899.000000 0.000910
900.000000 0.000893
