315.000000 0.074124
316.000000 0.075629
317.000000 0.076951
318.000000 0.078473
319.000000 0.079909
320.000000 0.081516
321.000000 0.083408
322.000000 0.085497
323.000000 0.087423
324.000000 0.089088
325.000000 0.090420
326.000000 0.091695
327.000000 0.093423
328.000000 0.094917
329.000000 0.096348
330.000000 0.098723
331.000000 0.101397
332.000000 0.103674
333.000000 0.106238
334.000000 0.109199
335.000000 0.112073
336.000000 0.115216
337.000000 0.118105
338.000000 0.120695
339.000000 0.123744
340.000000 0.127385
341.000000 0.131123
342.000000 0.134489
343.000000 0.137959
344.000000 0.141750
345.000000 0.145395
346.000000 0.148156
347.000000 0.150614
348.000000 0.153158
349.000000 0.155522
350.000000 0.157407
351.000000 0.158934
352.000000 0.160366
353.000000 0.161517
354.000000 0.162093
355.000000 0.162395
356.000000 0.162628
357.000000 0.162468
358.000000 0.162103
359.000000 0.161644
360.000000 0.160943
361.000000 0.159936
362.000000 0.158913
363.000000 0.158035
364.000000 0.157103
365.000000 0.156054
366.000000 0.154874
367.000000 0.153582
368.000000 0.152123
369.000000 0.150504
370.000000 0.148505
371.000000 0.146025
372.000000 0.143811
373.000000 0.141921
374.000000 0.139374
375.000000 0.136231
376.000000 0.133061
377.000000 0.130106
378.000000 0.127091
379.000000 0.123847
380.000000 0.120433
381.000000 0.117033
382.000000 0.114355
383.000000 0.111874
384.000000 0.109108
385.000000 0.106531
386.000000 0.104261
387.000000 0.102104
388.000000 0.100116
389.000000 0.098766
390.000000 0.097699
391.000000 0.096633
392.000000 0.095854
393.000000 0.095275
394.000000 0.094763
395.000000 0.094513
396.000000 0.094523
397.000000 0.094681
398.000000 0.095043
399.000000 0.095494
400.000000 0.095959
401.000000 0.096515
402.000000 0.097069
403.000000 0.097554
404.000000 0.097948
405.000000 0.098421
406.000000 0.099043
407.000000 0.099581
408.000000 0.100026
409.000000 0.100423
410.000000 0.100904
411.000000 0.101390
412.000000 0.101685
413.000000 0.102019
414.000000 0.102804
415.000000 0.103759
416.000000 0.104622
417.000000 0.105681
418.000000 0.107341
419.000000 0.109581
420.000000 0.112431
421.000000 0.115763
422.000000 0.119445
423.000000 0.123886
424.000000 0.129020
425.000000 0.134389
426.000000 0.140167
427.000000 0.146167
428.000000 0.151728
429.000000 0.157043
430.000000 0.161873
431.000000 0.165816
432.000000 0.168843
433.000000 0.170583
434.000000 0.170940
435.000000 0.170048
436.000000 0.167922
437.000000 0.164547
438.000000 0.160161
439.000000 0.155074
440.000000 0.149239
441.000000 0.143158
442.000000 0.137108
443.000000 0.130625
444.000000 0.123993
445.000000 0.117767
446.000000 0.111620
447.000000 0.105665
448.000000 0.100140
449.000000 0.095058
450.000000 0.090468
451.000000 0.086015
452.000000 0.081873
453.000000 0.078277
454.000000 0.074888
455.000000 0.071727
456.000000 0.068888
457.000000 0.066254
458.000000 0.063868
459.000000 0.061605
460.000000 0.059528
461.000000 0.057627
462.000000 0.055760
463.000000 0.053979
464.000000 0.052254
465.000000 0.050587
466.000000 0.049030
467.000000 0.047568
468.000000 0.046097
469.000000 0.044608
470.000000 0.043170
471.000000 0.041830
472.000000 0.040540
473.000000 0.039278
474.000000 0.038050
475.000000 0.036821
476.000000 0.035668
477.000000 0.034574
478.000000 0.033453
479.000000 0.032383
480.000000 0.031460
481.000000 0.030573
482.000000 0.029700
483.000000 0.028861
484.000000 0.027948
485.000000 0.027080
486.000000 0.026322
487.000000 0.025672
488.000000 0.025073
489.000000 0.024388
490.000000 0.023686
491.000000 0.022955
492.000000 0.022448
493.000000 0.022123
494.000000 0.021594
495.000000 0.021173
496.000000 0.020912
497.000000 0.020619
498.000000 0.020252
499.000000 0.019842
500.000000 0.019599
501.000000 0.019438
502.000000 0.019222
503.000000 0.018995
504.000000 0.018888
505.000000 0.018641
506.000000 0.018274
507.000000 0.017976
508.000000 0.017854
509.000000 0.017952
510.000000 0.017928
511.000000 0.017709
512.000000 0.017525
513.000000 0.017440
514.000000 0.017204
515.000000 0.016878
516.000000 0.016548
517.000000 0.016331
518.000000 0.016121
519.000000 0.016037
520.000000 0.016256
521.000000 0.016412
522.000000 0.016526
523.000000 0.016567
524.000000 0.016573
525.000000 0.016736
526.000000 0.016961
527.000000 0.017124
528.000000 0.017339
529.000000 0.017458
530.000000 0.017604
531.000000 0.017908
532.000000 0.018008
533.000000 0.018177
534.000000 0.018601
535.000000 0.018952
536.000000 0.019311
537.000000 0.019853
538.000000 0.020420
539.000000 0.020919
540.000000 0.021325
541.000000 0.021846
542.000000 0.022472
543.000000 0.023147
544.000000 0.024113
545.000000 0.025311
546.000000 0.026474
547.000000 0.027334
548.000000 0.028047
549.000000 0.028971
550.000000 0.029834
551.000000 0.030581
552.000000 0.031447
553.000000 0.032357
554.000000 0.033209
555.000000 0.034103
556.000000 0.035089
557.000000 0.036004
558.000000 0.036936
559.000000 0.037901
560.000000 0.038942
561.000000 0.040074
562.000000 0.041198
563.000000 0.042399
564.000000 0.043663
565.000000 0.045008
566.000000 0.046345
567.000000 0.047712
568.000000 0.049208
569.000000 0.050839
570.000000 0.052525
571.000000 0.054291
572.000000 0.056193
573.000000 0.058271
574.000000 0.060571
575.000000 0.063004
576.000000 0.065500
577.000000 0.067929
578.000000 0.070594
579.000000 0.073466
580.000000 0.076481
581.000000 0.079614
582.000000 0.082779
583.000000 0.086164
584.000000 0.089559
585.000000 0.092989
586.000000 0.096756
587.000000 0.100540
588.000000 0.104356
589.000000 0.108264
590.000000 0.112152
591.000000 0.116346
592.000000 0.120597
593.000000 0.124787
594.000000 0.128865
595.000000 0.132938
596.000000 0.137262
597.000000 0.141484
598.000000 0.145652
599.000000 0.150048
600.000000 0.154401
601.000000 0.158623
602.000000 0.162818
603.000000 0.167036
604.000000 0.171402
605.000000 0.175717
606.000000 0.180059
607.000000 0.184614
608.000000 0.189112
609.000000 0.193627
610.000000 0.198461
611.000000 0.203325
612.000000 0.208376
613.000000 0.213681
614.000000 0.219133
615.000000 0.225090
616.000000 0.231042
617.000000 0.237233
618.000000 0.244206
619.000000 0.251346
620.000000 0.258803
621.000000 0.267074
622.000000 0.275679
623.000000 0.284629
624.000000 0.294435
625.000000 0.304578
626.000000 0.315321
627.000000 0.327216
628.000000 0.339295
629.000000 0.351764
630.000000 0.365320
631.000000 0.379728
632.000000 0.394329
633.000000 0.409401
634.000000 0.425692
635.000000 0.442161
636.000000 0.458925
637.000000 0.476702
638.000000 0.494326
639.000000 0.511920
640.000000 0.530318
641.000000 0.549038
642.000000 0.566795
643.000000 0.584103
644.000000 0.602175
645.000000 0.619526
646.000000 0.636293
647.000000 0.653218
648.000000 0.669747
649.000000 0.685105
650.000000 0.699396
651.000000 0.713309
652.000000 0.726646
653.000000 0.738759
654.000000 0.749842
655.000000 0.760340
656.000000 0.770035
657.000000 0.778625
658.000000 0.786352
659.000000 0.793695
660.000000 0.800473
661.000000 0.806514
662.000000 0.812092
663.000000 0.817679
664.000000 0.823234
665.000000 0.828632
666.000000 0.834144
667.000000 0.839973
668.000000 0.846159
669.000000 0.852726
670.000000 0.859888
671.000000 0.868109
672.000000 0.877433
673.000000 0.888002
674.000000 0.899167
675.000000 0.911407
676.000000 0.925888
677.000000 0.942255
678.000000 0.960337
679.000000 0.979495
680.000000 1.000263
681.000000 1.023802
682.000000 1.049836
683.000000 1.078315
684.000000 1.108194
685.000000 1.139753
686.000000 1.174444
687.000000 1.211752
688.000000 1.251415
689.000000 1.293299
690.000000 1.335476
691.000000 1.379033
692.000000 1.426200
693.000000 1.475607
694.000000 1.526700
695.000000 1.579586
696.000000 1.631798
697.000000 1.683597
698.000000 1.737388
699.000000 1.791809
700.000000 1.846104
701.000000 1.899377
702.000000 1.950217
703.000000 1.998897
704.000000 2.046546
705.000000 2.091297
706.000000 2.132568
707.000000 2.170904
708.000000 2.205892
709.000000 2.235625
710.000000 2.259874
711.000000 2.279038
712.000000 2.293400
713.000000 2.302575
714.000000 2.307270
715.000000 2.306974
716.000000 2.298449
717.000000 2.283638
718.000000 2.264301
719.000000 2.239796
720.000000 2.210336
721.000000 2.175794
722.000000 2.136638
723.000000 2.092926
724.000000 2.045316
725.000000 1.995079
726.000000 1.942922
727.000000 1.888183
728.000000 1.830735
729.000000 1.771671
730.000000 1.711711
731.000000 1.655124
732.000000 1.599272
733.000000 1.541099
734.000000 1.482437
735.000000 1.424107
736.000000 1.366527
737.000000 1.309786
738.000000 1.254596
739.000000 1.200637
740.000000 1.147698
741.000000 1.096506
742.000000 1.047449
743.000000 1.000338
744.000000 0.955004
745.000000 0.911287
746.000000 0.869173
747.000000 0.828486
748.000000 0.789256
749.000000 0.751600
750.000000 0.715533
751.000000 0.680936
752.000000 0.647670
753.000000 0.615610
754.000000 0.584847
755.000000 0.555364
756.000000 0.527102
757.000000 0.499938
758.000000 0.473824
759.000000 0.448657
760.000000 0.424302
761.000000 0.400982
762.000000 0.378752
763.000000 0.357529
764.000000 0.337154
765.000000 0.317405
766.000000 0.298444
767.000000 0.280530
768.000000 0.263638
769.000000 0.247556
770.000000 0.232163
771.000000 0.217528
772.000000 0.203648
773.000000 0.190574
774.000000 0.178190
775.000000 0.166390
776.000000 0.154471
777.000000 0.142951
778.000000 0.132716
779.000000 0.123294
780.000000 0.114490
781.000000 0.106211
782.000000 0.098456
783.000000 0.091185
784.000000 0.084274
785.000000 0.077832
786.000000 0.071853
787.000000 0.066226
788.000000 0.060888
789.000000 0.055890
790.000000 0.051386
791.000000 0.047242
792.000000 0.043406
793.000000 0.039908
794.000000 0.036711
795.000000 0.033701
796.000000 0.030921
797.000000 0.028380
798.000000 0.025990
799.000000 0.023775
800.000000 0.021769
801.000000 0.020020
802.000000 0.018485
803.000000 0.017088
804.000000 0.015713
805.000000 0.014416
806.000000 0.013267
807.000000 0.012194
808.000000 0.011211
809.000000 0.010339
810.000000 0.009541
811.000000 0.008799
812.000000 0.008115
813.000000 0.007551
814.000000 0.007072
815.000000 0.006617
816.000000 0.006176
817.000000 0.005784
818.000000 0.005419
819.000000 0.005045
820.000000 0.004744
821.000000 0.004501
822.000000 0.004244
823.000000 0.003960
824.000000 0.003695
825.000000 0.003478
826.000000 0.003312
827.000000 0.003172
828.000000 0.003030
829.000000 0.002914
830.000000 0.002791
831.000000 0.002671
832.000000 0.002584
833.000000 0.002490
834.000000 0.002381
835.000000 0.002317
836.000000 0.002309
837.000000 0.002264
838.000000 0.002187
839.000000 0.002101
840.000000 0.002017
841.000000 0.001951
842.000000 0.001888
843.000000 0.001841
844.000000 0.001778
845.000000 0.001709
846.000000 0.001658
847.000000 0.001624
848.000000 0.001581
849.000000 0.001556
850.000000 0.001558
851.000000 0.001533
852.000000 0.001488
853.000000 0.001419
854.000000 0.001375
855.000000 0.001373
856.000000 0.001339
857.000000 0.001302
858.000000 0.001278
859.000000 0.001235
860.000000 0.001221
861.000000 0.001245
862.000000 0.001256
863.000000 0.001246
864.000000 0.001209
865.000000 0.001181
866.000000 0.001175
867.000000 0.001150
868.000000 0.001144
869.000000 0.001180
870.000000 0.001186
871.000000 0.001153
872.000000 0.001114
873.000000 0.001104
874.000000 0.001128
875.000000 0.001096
876.000000 0.001036
877.000000 0.001011
878.000000 0.000983
879.000000 0.000962
880.000000 0.000978
881.000000 0.000989
882.000000 0.000975
883.000000 0.000957
884.000000 0.000939
885.000000 0.000913
886.000000 0.000878
887.000000 0.000863
888.000000 0.000865
889.000000 0.000827
890.000000 0.000816
891.000000 0.000813
892.000000 0.000778
893.000000 0.000767
894.000000 0.000757
895.000000 0.000722
896.000000 0.000653
897.000000 0.000627
898.000000 0.000653
899.000000 0.000670
900.000000 0.000677
