315.000000 0.158978
316.000000 0.160107
317.000000 0.161046
318.000000 0.162206
319.000000 0.164178
320.000000 0.165673
321.000000 0.166860
322.000000 0.168284
323.000000 0.169580
324.000000 0.171000
325.000000 0.172500
326.000000 0.173392
327.000000 0.174094
328.000000 0.175163
329.000000 0.176299
330.000000 0.177960
331.000000 0.179881
332.000000 0.181378
333.000000 0.182790
334.000000 0.184597
335.000000 0.186445
336.000000 0.188171
337.000000 0.189792
338.000000 0.191176
339.000000 0.192617
340.000000 0.194277
341.000000 0.196183
342.000000 0.198287
343.000000 0.200264
344.000000 0.202108
345.000000 0.203731
346.000000 0.204884
347.000000 0.205903
348.000000 0.206871
349.000000 0.207941
350.000000 0.208795
351.000000 0.209458
352.000000 0.209973
353.000000 0.210070
354.000000 0.209995
355.000000 0.209770
356.000000 0.209424
357.000000 0.209027
358.000000 0.208438
359.000000 0.207655
360.000000 0.206813
361.000000 0.205918
362.000000 0.204951
363.000000 0.203963
364.000000 0.203036
365.000000 0.202232
366.000000 0.201427
367.000000 0.200404
368.000000 0.199250
369.000000 0.198104
370.000000 0.197010
371.000000 0.195737
372.000000 0.194037
373.000000 0.192304
374.000000 0.190406
375.000000 0.188150
376.000000 0.185911
377.000000 0.183813
378.000000 0.181778
379.000000 0.179649
380.000000 0.177580
381.000000 0.175593
382.000000 0.173556
383.000000 0.171702
384.000000 0.169834
385.000000 0.168069
386.000000 0.166611
387.000000 0.165049
388.000000 0.163595
389.000000 0.162600
390.000000 0.161686
391.000000 0.160817
392.000000 0.160313
393.000000 0.159930
394.000000 0.159620
395.000000 0.159432
396.000000 0.159286
397.000000 0.159344
398.000000 0.159601
399.000000 0.159850
400.000000 0.160044
401.000000 0.160164
402.000000 0.160324
403.000000 0.160652
404.000000 0.160929
405.000000 0.161166
406.000000 0.161496
407.000000 0.161908
408.000000 0.162299
409.000000 0.162654
410.000000 0.163100
411.000000 0.163562
412.000000 0.163850
413.000000 0.164158
414.000000 0.164774
415.000000 0.165504
416.000000 0.166079
417.000000 0.166605
418.000000 0.167448
419.000000 0.168676
420.000000 0.170047
421.000000 0.171568
422.000000 0.173313
423.000000 0.175361
424.000000 0.177687
425.000000 0.179969
426.000000 0.182433
427.000000 0.185001
428.000000 0.187218
429.000000 0.189238
430.000000 0.191123
431.000000 0.192564
432.000000 0.193473
433.000000 0.193895
434.000000 0.193659
435.000000 0.192716
436.000000 0.191097
437.000000 0.188847
438.000000 0.186008
439.000000 0.182648
440.000000 0.178765
441.000000 0.174715
442.000000 0.170654
443.000000 0.166173
444.000000 0.161424
445.000000 0.156797
446.000000 0.152122
447.000000 0.147417
448.000000 0.142707
449.000000 0.138121
450.000000 0.133848
451.000000 0.129534
452.000000 0.125315
453.000000 0.121414
454.000000 0.117520
455.000000 0.113756
456.000000 0.110218
457.000000 0.106756
458.000000 0.103479
459.000000 0.100201
460.000000 0.097020
461.000000 0.094050
462.000000 0.091035
463.000000 0.088021
464.000000 0.085065
465.000000 0.082176
466.000000 0.079447
467.000000 0.076802
468.000000 0.074197
469.000000 0.071574
470.000000 0.068950
471.000000 0.066523
472.000000 0.064143
473.000000 0.061792
474.000000 0.059532
475.000000 0.057276
476.000000 0.055082
477.000000 0.052969
478.000000 0.050941
479.000000 0.049011
480.000000 0.047268
481.000000 0.045600
482.000000 0.043980
483.000000 0.042525
484.000000 0.041118
485.000000 0.039756
486.000000 0.038439
487.000000 0.037236
488.000000 0.036196
489.000000 0.035200
490.000000 0.034228
491.000000 0.033247
492.000000 0.032528
493.000000 0.031644
494.000000 0.030758
495.000000 0.030456
496.000000 0.030283
497.000000 0.029985
498.000000 0.029500
499.000000 0.029227
500.000000 0.029363
501.000000 0.029532
502.000000 0.029409
503.000000 0.029201
504.000000 0.029206
505.000000 0.029343
506.000000 0.029508
507.000000 0.029663
508.000000 0.030006
509.000000 0.030449
510.000000 0.030741
511.000000 0.031042
512.000000 0.031360
513.000000 0.031783
514.000000 0.032111
515.000000 0.032490
516.000000 0.032816
517.000000 0.033112
518.000000 0.033577
519.000000 0.034127
520.000000 0.034953
521.000000 0.035629
522.000000 0.036010
523.000000 0.036299
524.000000 0.036419
525.000000 0.036448
526.000000 0.036628
527.000000 0.037054
528.000000 0.037412
529.000000 0.037525
530.000000 0.037752
531.000000 0.038021
532.000000 0.038162
533.000000 0.038290
534.000000 0.038587
535.000000 0.038939
536.000000 0.039251
537.000000 0.039798
538.000000 0.040298
539.000000 0.040596
540.000000 0.040986
541.000000 0.041523
542.000000 0.042449
543.000000 0.043707
544.000000 0.045181
545.000000 0.046987
546.000000 0.048836
547.000000 0.050533
548.000000 0.052251
549.000000 0.054055
550.000000 0.055776
551.000000 0.057405
552.000000 0.059066
553.000000 0.060715
554.000000 0.062342
555.000000 0.063851
556.000000 0.065185
557.000000 0.066320
558.000000 0.067357
559.000000 0.068298
560.000000 0.069113
561.000000 0.069699
562.000000 0.070009
563.000000 0.070152
564.000000 0.069985
565.000000 0.069658
566.000000 0.069228
567.000000 0.068540
568.000000 0.067669
569.000000 0.066777
570.000000 0.065956
571.000000 0.065095
572.000000 0.064164
573.000000 0.063190
574.000000 0.062339
575.000000 0.061720
576.000000 0.061172
577.000000 0.060602
578.000000 0.060146
579.000000 0.059823
580.000000 0.059576
581.000000 0.059474
582.000000 0.059634
583.000000 0.060032
584.000000 0.060494
585.000000 0.061044
586.000000 0.061888
587.000000 0.062817
588.000000 0.063777
589.000000 0.064862
590.000000 0.065955
591.000000 0.067220
592.000000 0.068560
593.000000 0.069896
594.000000 0.071238
595.000000 0.072717
596.000000 0.074364
597.000000 0.075970
598.000000 0.077625
599.000000 0.079307
600.000000 0.080946
601.000000 0.082563
602.000000 0.084186
603.000000 0.085896
604.000000 0.087685
605.000000 0.089530
606.000000 0.091447
607.000000 0.093450
608.000000 0.095361
609.000000 0.097229
610.000000 0.099304
611.000000 0.101512
612.000000 0.103893
613.000000 0.106326
614.000000 0.108793
615.000000 0.111576
616.000000 0.114376
617.000000 0.117256
618.000000 0.120495
619.000000 0.123811
620.000000 0.127298
621.000000 0.131182
622.000000 0.135206
623.000000 0.139361
624.000000 0.143915
625.000000 0.148628
626.000000 0.153618
627.000000 0.159154
628.000000 0.164684
629.000000 0.170286
630.000000 0.176418
631.000000 0.182964
632.000000 0.189507
633.000000 0.196237
634.000000 0.203472
635.000000 0.210697
636.000000 0.218030
637.000000 0.225756
638.000000 0.233334
639.000000 0.240863
640.000000 0.248685
641.000000 0.256619
642.000000 0.264149
643.000000 0.271480
644.000000 0.279099
645.000000 0.286289
646.000000 0.293135
647.000000 0.299983
648.000000 0.306665
649.000000 0.313009
650.000000 0.318990
651.000000 0.324728
652.000000 0.330140
653.000000 0.334977
654.000000 0.339469
655.000000 0.343811
656.000000 0.347794
657.000000 0.351380
658.000000 0.354670
659.000000 0.357862
660.000000 0.360929
661.000000 0.363798
662.000000 0.366564
663.000000 0.369413
664.000000 0.372333
665.000000 0.375227
666.000000 0.378184
667.000000 0.381351
668.000000 0.384734
669.000000 0.388346
670.000000 0.392306
671.000000 0.396769
672.000000 0.401814
673.000000 0.407525
674.000000 0.413446
675.000000 0.419832
676.000000 0.427227
677.000000 0.435476
678.000000 0.444575
679.000000 0.454129
680.000000 0.464358
681.000000 0.475786
682.000000 0.488308
683.000000 0.501854
684.000000 0.515834
685.000000 0.530445
686.000000 0.546403
687.000000 0.563495
688.000000 0.581525
689.000000 0.600284
690.000000 0.618860
691.000000 0.637892
692.000000 0.658323
693.000000 0.679468
694.000000 0.701114
695.000000 0.723248
696.000000 0.744688
697.000000 0.765656
698.000000 0.787377
699.000000 0.809257
700.000000 0.830787
701.000000 0.851751
702.000000 0.871263
703.000000 0.889403
704.000000 0.906943
705.000000 0.923465
706.000000 0.938462
707.000000 0.951702
708.000000 0.963208
709.000000 0.972885
710.000000 0.980456
711.000000 0.985885
712.000000 0.989314
713.000000 0.990440
714.000000 0.989058
715.000000 0.985236
716.000000 0.979237
717.000000 0.970933
718.000000 0.960168
719.000000 0.947798
720.000000 0.933782
721.000000 0.917488
722.000000 0.899275
723.000000 0.879485
724.000000 0.858491
725.000000 0.836658
726.000000 0.814220
727.000000 0.790986
728.000000 0.766719
729.000000 0.741792
730.000000 0.716624
731.000000 0.692904
732.000000 0.669677
733.000000 0.645437
734.000000 0.620979
735.000000 0.596616
736.000000 0.572591
737.000000 0.549003
738.000000 0.525939
739.000000 0.503396
740.000000 0.481487
741.000000 0.460232
742.000000 0.439670
743.000000 0.419839
744.000000 0.400701
745.000000 0.382168
746.000000 0.364221
747.000000 0.346935
748.000000 0.330371
749.000000 0.314522
750.000000 0.299367
751.000000 0.284764
752.000000 0.270621
753.000000 0.257007
754.000000 0.244025
755.000000 0.231577
756.000000 0.219556
757.000000 0.207951
758.000000 0.196803
759.000000 0.186114
760.000000 0.175787
761.000000 0.165934
762.000000 0.156626
763.000000 0.147808
764.000000 0.139311
765.000000 0.130937
766.000000 0.122784
767.000000 0.115115
768.000000 0.108012
769.000000 0.101356
770.000000 0.094976
771.000000 0.088845
772.000000 0.083030
773.000000 0.077640
774.000000 0.072570
775.000000 0.067730
776.000000 0.062881
777.000000 0.058192
778.000000 0.054060
779.000000 0.050258
780.000000 0.046676
781.000000 0.043333
782.000000 0.040223
783.000000 0.037281
784.000000 0.034506
785.000000 0.031936
786.000000 0.029549
787.000000 0.027307
788.000000 0.025173
789.000000 0.023200
790.000000 0.021439
791.000000 0.019849
792.000000 0.018402
793.000000 0.017060
794.000000 0.015798
795.000000 0.014606
796.000000 0.013507
797.000000 0.012529
798.000000 0.011646
799.000000 0.010800
800.000000 0.010031
801.000000 0.009439
802.000000 0.008938
803.000000 0.008437
804.000000 0.007919
805.000000 0.007405
806.000000 0.006945
807.000000 0.006533
808.000000 0.006182
809.000000 0.005873
810.000000 0.005553
811.000000 0.005263
812.000000 0.005003
813.000000 0.004799
814.000000 0.004624
815.000000 0.004457
816.000000 0.004309
817.000000 0.004136
818.000000 0.003983
819.000000 0.003836
820.000000 0.003675
821.000000 0.003570
822.000000 0.003493
823.000000 0.003387
824.000000 0.003287
825.000000 0.003205
826.000000 0.003121
827.000000 0.003047
828.000000 0.002952
829.000000 0.002866
830.000000 0.002819
831.000000 0.002732
832.000000 0.002643
833.000000 0.002559
834.000000 0.002463
835.000000 0.002402
836.000000 0.002360
837.000000 0.002317
838.000000 0.002268
839.000000 0.002228
840.000000 0.002189
841.000000 0.002123
842.000000 0.002061
843.000000 0.002019
844.000000 0.001970
845.000000 0.001925
846.000000 0.001861
847.000000 0.001796
848.000000 0.001745
849.000000 0.001708
850.000000 0.001680
851.000000 0.001628
852.000000 0.001563
853.000000 0.001504
854.000000 0.001464
855.000000 0.001404
856.000000 0.001324
857.000000 0.001304
858.000000 0.001304
859.000000 0.001253
860.000000 0.001221
861.000000 0.001212
862.000000 0.001211
863.000000 0.001198
864.000000 0.001157
865.000000 0.001110
866.000000 0.001067
867.000000 0.001061
868.000000 0.001066
869.000000 0.001031
870.000000 0.001012
871.000000 0.001021
872.000000 0.000993
873.000000 0.000977
874.000000 0.000961
875.000000 0.000902
876.000000 0.000856
877.000000 0.000822
878.000000 0.000778
879.000000 0.000731
880.000000 0.000699
881.000000 0.000674
882.000000 0.000678
883.000000 0.000684
884.000000 0.000677
885.000000 0.000649
886.000000 0.000614
887.000000 0.000619
888.000000 0.000612
889.000000 0.000579
890.000000 0.000561
891.000000 0.000532
892.000000 0.000503
893.000000 0.000479
894.000000 0.000437
895.000000 0.000414
896.000000 0.000372
897.000000 0.000358
898.000000 0.000380
899.000000 0.000376
900.000000 0.000370
