315.000000 0.164494
316.000000 0.166092
317.000000 0.167726
318.000000 0.169107
319.000000 0.170879
320.000000 0.172809
321.000000 0.174487
322.000000 0.176404
323.000000 0.178303
324.000000 0.180206
325.000000 0.182021
326.000000 0.183370
327.000000 0.184487
328.000000 0.185372
329.000000 0.185907
330.000000 0.186882
331.000000 0.188515
332.000000 0.190169
333.000000 0.191626
334.000000 0.193420
335.000000 0.195459
336.000000 0.197200
337.000000 0.198219
338.000000 0.199250
339.000000 0.200794
340.000000 0.202506
341.000000 0.204272
342.000000 0.205928
343.000000 0.207657
344.000000 0.209597
345.000000 0.211185
346.000000 0.211943
347.000000 0.212696
348.000000 0.213590
349.000000 0.214414
350.000000 0.215203
351.000000 0.215773
352.000000 0.216158
353.000000 0.216181
354.000000 0.215842
355.000000 0.215414
356.000000 0.215070
357.000000 0.214774
358.000000 0.214278
359.000000 0.213504
360.000000 0.212596
361.000000 0.211744
362.000000 0.211068
363.000000 0.210266
364.000000 0.209309
365.000000 0.208480
366.000000 0.207665
367.000000 0.206603
368.000000 0.205326
369.000000 0.204129
370.000000 0.201938
371.000000 0.199608
372.000000 0.198204
373.000000 0.196762
374.000000 0.194942
375.000000 0.192812
376.000000 0.190968
377.000000 0.189367
378.000000 0.187769
379.000000 0.185946
380.000000 0.184071
381.000000 0.182079
382.000000 0.180438
383.000000 0.179125
384.000000 0.177389
385.000000 0.175484
386.000000 0.173985
387.000000 0.172912
388.000000 0.171787
389.000000 0.171258
390.000000 0.170821
391.000000 0.169977
392.000000 0.169289
393.000000 0.168877
394.000000 0.168572
395.000000 0.168320
396.000000 0.168142
397.000000 0.168140
398.000000 0.168449
399.000000 0.168626
400.000000 0.168718
401.000000 0.168865
402.000000 0.169067
403.000000 0.169363
404.000000 0.169563
405.000000 0.169772
406.000000 0.170143
407.000000 0.170482
408.000000 0.170943
409.000000 0.171526
410.000000 0.171872
411.000000 0.172156
412.000000 0.172451
413.000000 0.172714
414.000000 0.173237
415.000000 0.173701
416.000000 0.174026
417.000000 0.174431
418.000000 0.175156
419.000000 0.176309
420.000000 0.177586
421.000000 0.178885
422.000000 0.180245
423.000000 0.181837
424.000000 0.183603
425.000000 0.185403
426.000000 0.187504
427.000000 0.189564
428.000000 0.191209
429.000000 0.192777
430.000000 0.194320
431.000000 0.195518
432.000000 0.196121
433.000000 0.196169
434.000000 0.195740
435.000000 0.194791
436.000000 0.193259
437.000000 0.191124
438.000000 0.188544
439.000000 0.185591
440.000000 0.182098
441.000000 0.178380
442.000000 0.174660
443.000000 0.170549
444.000000 0.166163
445.000000 0.161879
446.000000 0.157412
447.000000 0.152868
448.000000 0.148381
449.000000 0.144047
450.000000 0.139961
451.000000 0.135715
452.000000 0.131505
453.000000 0.127566
454.000000 0.123659
455.000000 0.119932
456.000000 0.116312
457.000000 0.112673
458.000000 0.109258
459.000000 0.105875
460.000000 0.102561
461.000000 0.099450
462.000000 0.096325
463.000000 0.093205
464.000000 0.090109
465.000000 0.087108
466.000000 0.084274
467.000000 0.081413
468.000000 0.078595
469.000000 0.075841
470.000000 0.073138
471.000000 0.070639
472.000000 0.068147
473.000000 0.065650
474.000000 0.063203
475.000000 0.060840
476.000000 0.058617
477.000000 0.056388
478.000000 0.054183
479.000000 0.052123
480.000000 0.050274
481.000000 0.048484
482.000000 0.046813
483.000000 0.045319
484.000000 0.043784
485.000000 0.042314
486.000000 0.040994
487.000000 0.039808
488.000000 0.038740
489.000000 0.037281
490.000000 0.035741
491.000000 0.034535
492.000000 0.033794
493.000000 0.033317
494.000000 0.032450
495.000000 0.031705
496.000000 0.031226
497.000000 0.030836
498.000000 0.030634
499.000000 0.030598
500.000000 0.030779
501.000000 0.031042
502.000000 0.031167
503.000000 0.031173
504.000000 0.031285
505.000000 0.031495
506.000000 0.031669
507.000000 0.031707
508.000000 0.032081
509.000000 0.032879
510.000000 0.033494
511.000000 0.033946
512.000000 0.034360
513.000000 0.034812
514.000000 0.035261
515.000000 0.035756
516.000000 0.036136
517.000000 0.036485
518.000000 0.036983
519.000000 0.037467
520.000000 0.038161
521.000000 0.038937
522.000000 0.039624
523.000000 0.040165
524.000000 0.040635
525.000000 0.041006
526.000000 0.041240
527.000000 0.041520
528.000000 0.041831
529.000000 0.041972
530.000000 0.042043
531.000000 0.042177
532.000000 0.042206
533.000000 0.042489
534.000000 0.042926
535.000000 0.043104
536.000000 0.043345
537.000000 0.043753
538.000000 0.044209
539.000000 0.044675
540.000000 0.045278
541.000000 0.046151
542.000000 0.047251
543.000000 0.048883
544.000000 0.050666
545.000000 0.052301
546.000000 0.054079
547.000000 0.056092
548.000000 0.058133
549.000000 0.059990
550.000000 0.061957
551.000000 0.063989
552.000000 0.065944
553.000000 0.067904
554.000000 0.069699
555.000000 0.071307
556.000000 0.072692
557.000000 0.073872
558.000000 0.074984
559.000000 0.075875
560.000000 0.076668
561.000000 0.077257
562.000000 0.077593
563.000000 0.077536
564.000000 0.077031
565.000000 0.076370
566.000000 0.075545
567.000000 0.074444
568.000000 0.073121
569.000000 0.071605
570.000000 0.070085
571.000000 0.068577
572.000000 0.066938
573.000000 0.065315
574.000000 0.063745
575.000000 0.062424
576.000000 0.061194
577.000000 0.060004
578.000000 0.059040
579.000000 0.058205
580.000000 0.057475
581.000000 0.056868
582.000000 0.056525
583.000000 0.056366
584.000000 0.056215
585.000000 0.056187
586.000000 0.056423
587.000000 0.056681
588.000000 0.057026
589.000000 0.057561
590.000000 0.058160
591.000000 0.058977
592.000000 0.059871
593.000000 0.060761
594.000000 0.061695
595.000000 0.062648
596.000000 0.063674
597.000000 0.064751
598.000000 0.065937
599.000000 0.067158
600.000000 0.068325
601.000000 0.069505
602.000000 0.070803
603.000000 0.072149
604.000000 0.073512
605.000000 0.074880
606.000000 0.076245
607.000000 0.077716
608.000000 0.079197
609.000000 0.080701
610.000000 0.082437
611.000000 0.084219
612.000000 0.086001
613.000000 0.087854
614.000000 0.089821
615.000000 0.092017
616.000000 0.094201
617.000000 0.096540
618.000000 0.099212
619.000000 0.101965
620.000000 0.104801
621.000000 0.107865
622.000000 0.111068
623.000000 0.114489
624.000000 0.118243
625.000000 0.122031
626.000000 0.125981
627.000000 0.130370
628.000000 0.134795
629.000000 0.139334
630.000000 0.144272
631.000000 0.149464
632.000000 0.154689
633.000000 0.160036
634.000000 0.165724
635.000000 0.171406
636.000000 0.177174
637.000000 0.183261
638.000000 0.189228
639.000000 0.195092
640.000000 0.201172
641.000000 0.207308
642.000000 0.213029
643.000000 0.218639
644.000000 0.224518
645.000000 0.230092
646.000000 0.235432
647.000000 0.240791
648.000000 0.245972
649.000000 0.250764
650.000000 0.255231
651.000000 0.259574
652.000000 0.263758
653.000000 0.267571
654.000000 0.271070
655.000000 0.274408
656.000000 0.277573
657.000000 0.280473
658.000000 0.283133
659.000000 0.285722
660.000000 0.288213
661.000000 0.290513
662.000000 0.292785
663.000000 0.295229
664.000000 0.297736
665.000000 0.300202
666.000000 0.302728
667.000000 0.305507
668.000000 0.308478
669.000000 0.311598
670.000000 0.315020
671.000000 0.318885
672.000000 0.323228
673.000000 0.328070
674.000000 0.333044
675.000000 0.338432
676.000000 0.344692
677.000000 0.351598
678.000000 0.359108
679.000000 0.366910
680.000000 0.375224
681.000000 0.384571
682.000000 0.394826
683.000000 0.405868
684.000000 0.417233
685.000000 0.429137
686.000000 0.442091
687.000000 0.455803
688.000000 0.470151
689.000000 0.485025
690.000000 0.499773
691.000000 0.514837
692.000000 0.530901
693.000000 0.547428
694.000000 0.564261
695.000000 0.581434
696.000000 0.598050
697.000000 0.614240
698.000000 0.630749
699.000000 0.647068
700.000000 0.663030
701.000000 0.678513
702.000000 0.692793
703.000000 0.706073
704.000000 0.718980
705.000000 0.730982
706.000000 0.741722
707.000000 0.751070
708.000000 0.759004
709.000000 0.765496
710.000000 0.770352
711.000000 0.773561
712.000000 0.775111
713.000000 0.774805
714.000000 0.772710
715.000000 0.768875
716.000000 0.763272
717.000000 0.755923
718.000000 0.746890
719.000000 0.736842
720.000000 0.725562
721.000000 0.712533
722.000000 0.698230
723.000000 0.682891
724.000000 0.666597
725.000000 0.649574
726.000000 0.632037
727.000000 0.613886
728.000000 0.594961
729.000000 0.575642
730.000000 0.556227
731.000000 0.537868
732.000000 0.519911
733.000000 0.501300
734.000000 0.482557
735.000000 0.463799
736.000000 0.445222
737.000000 0.426922
738.000000 0.409046
739.000000 0.391610
740.000000 0.374619
741.000000 0.358123
742.000000 0.342224
743.000000 0.326980
744.000000 0.312202
745.000000 0.297786
746.000000 0.283870
747.000000 0.270504
748.000000 0.257656
749.000000 0.245244
750.000000 0.233336
751.000000 0.221926
752.000000 0.210927
753.000000 0.200312
754.000000 0.190105
755.000000 0.180309
756.000000 0.170899
757.000000 0.161860
758.000000 0.153154
759.000000 0.144806
760.000000 0.136739
761.000000 0.128970
762.000000 0.121610
763.000000 0.114689
764.000000 0.108075
765.000000 0.101603
766.000000 0.095332
767.000000 0.089381
768.000000 0.083824
769.000000 0.078581
770.000000 0.073573
771.000000 0.068823
772.000000 0.064345
773.000000 0.060145
774.000000 0.056192
775.000000 0.052486
776.000000 0.048750
777.000000 0.045105
778.000000 0.041878
779.000000 0.038907
780.000000 0.036110
781.000000 0.033507
782.000000 0.031098
783.000000 0.028842
784.000000 0.026752
785.000000 0.024837
786.000000 0.023038
787.000000 0.021358
788.000000 0.019772
789.000000 0.018269
790.000000 0.016912
791.000000 0.015651
792.000000 0.014519
793.000000 0.013517
794.000000 0.012554
795.000000 0.011628
796.000000 0.010777
797.000000 0.010036
798.000000 0.009375
799.000000 0.008731
800.000000 0.008132
801.000000 0.007657
802.000000 0.007284
803.000000 0.006974
804.000000 0.006724
805.000000 0.006430
806.000000 0.005994
807.000000 0.005580
808.000000 0.005296
809.000000 0.005054
810.000000 0.004813
811.000000 0.004569
812.000000 0.004394
813.000000 0.004301
814.000000 0.004187
815.000000 0.004051
816.000000 0.003932
817.000000 0.003839
818.000000 0.003720
819.000000 0.003568
820.000000 0.003449
821.000000 0.003394
822.000000 0.003331
823.000000 0.003194
824.000000 0.003077
825.000000 0.003003
826.000000 0.002913
827.000000 0.002811
828.000000 0.002688
829.000000 0.002590
830.000000 0.002548
831.000000 0.002511
832.000000 0.002473
833.000000 0.002423
834.000000 0.002327
835.000000 0.002245
836.000000 0.002213
837.000000 0.002175
838.000000 0.002120
839.000000 0.002071
840.000000 0.002009
841.000000 0.001949
842.000000 0.001918
843.000000 0.001891
844.000000 0.001810
845.000000 0.001741
846.000000 0.001692
847.000000 0.001634
848.000000 0.001555
849.000000 0.001503
850.000000 0.001511
851.000000 0.001470
852.000000 0.001408
853.000000 0.001351
854.000000 0.001292
855.000000 0.001235
856.000000 0.001160
857.000000 0.001125
858.000000 0.001114
859.000000 0.001056
860.000000 0.001011
861.000000 0.001015
862.000000 0.000989
863.000000 0.000929
864.000000 0.000881
865.000000 0.000840
866.000000 0.000799
867.000000 0.000789
868.000000 0.000804
869.000000 0.000772
870.000000 0.000745
871.000000 0.000738
872.000000 0.000700
873.000000 0.000692
874.000000 0.000685
875.000000 0.000633
876.000000 0.000590
877.000000 0.000559
878.000000 0.000524
879.000000 0.000488
880.000000 0.000470
881.000000 0.000468
882.000000 0.000453
883.000000 0.000431
884.000000 0.000408
885.000000 0.000363
886.000000 0.000323
887.000000 0.000322
888.000000 0.000321
889.000000 0.000287
890.000000 0.000264
891.000000 0.000237
892.000000 0.000210
893.000000 0.000193
894.000000 0.000150
895.000000 0.000115
896.000000 0.000091
897.000000 0.000095
898.000000 0.000110
899.000000 0.000096
900.000000 0.000077
