315.000000 0.172025
316.000000 0.174381
317.000000 0.176098
318.000000 0.177386
319.000000 0.178897
320.000000 0.181138
321.000000 0.183608
322.000000 0.185593
323.000000 0.187118
324.000000 0.188545
325.000000 0.189384
326.000000 0.189904
327.000000 0.190737
328.000000 0.191717
329.000000 0.192769
330.000000 0.194071
331.000000 0.195782
332.000000 0.197570
333.000000 0.199212
334.000000 0.200969
335.000000 0.202770
336.000000 0.204388
337.000000 0.205349
338.000000 0.206213
339.000000 0.207413
340.000000 0.208881
341.000000 0.210558
342.000000 0.211894
343.000000 0.213069
344.000000 0.214576
345.000000 0.216193
346.000000 0.217311
347.000000 0.217961
348.000000 0.218591
349.000000 0.219237
350.000000 0.219578
351.000000 0.219705
352.000000 0.219773
353.000000 0.219767
354.000000 0.219504
355.000000 0.218967
356.000000 0.218436
357.000000 0.217991
358.000000 0.217435
359.000000 0.216660
360.000000 0.215818
361.000000 0.214850
362.000000 0.213945
363.000000 0.213064
364.000000 0.212050
365.000000 0.211079
366.000000 0.210162
367.000000 0.209183
368.000000 0.208039
369.000000 0.206869
370.000000 0.204932
371.000000 0.202825
372.000000 0.201410
373.000000 0.200088
374.000000 0.198555
375.000000 0.196539
376.000000 0.194501
377.000000 0.193076
378.000000 0.191935
379.000000 0.190354
380.000000 0.188519
381.000000 0.186891
382.000000 0.185343
383.000000 0.184007
384.000000 0.182718
385.000000 0.181054
386.000000 0.179467
387.000000 0.178247
388.000000 0.177034
389.000000 0.176254
390.000000 0.175759
391.000000 0.175041
392.000000 0.174620
393.000000 0.174382
394.000000 0.174111
395.000000 0.173874
396.000000 0.173764
397.000000 0.173806
398.000000 0.173893
399.000000 0.174017
400.000000 0.174131
401.000000 0.174182
402.000000 0.174242
403.000000 0.174473
404.000000 0.174762
405.000000 0.175062
406.000000 0.175469
407.000000 0.175730
408.000000 0.175980
409.000000 0.176428
410.000000 0.176888
411.000000 0.177425
412.000000 0.177741
413.000000 0.177807
414.000000 0.178216
415.000000 0.178748
416.000000 0.179108
417.000000 0.179571
418.000000 0.180348
419.000000 0.181359
420.000000 0.182417
421.000000 0.183451
422.000000 0.184583
423.000000 0.185887
424.000000 0.187399
425.000000 0.189000
426.000000 0.190663
427.000000 0.192308
428.000000 0.193734
429.000000 0.195018
430.000000 0.196093
431.000000 0.196905
432.000000 0.197267
433.000000 0.197125
434.000000 0.196539
435.000000 0.195490
436.000000 0.193928
437.000000 0.191850
438.000000 0.189385
439.000000 0.186560
440.000000 0.183230
441.000000 0.179748
442.000000 0.176270
443.000000 0.172406
444.000000 0.168326
445.000000 0.164261
446.000000 0.160034
447.000000 0.155737
448.000000 0.151332
449.000000 0.147060
450.000000 0.143051
451.000000 0.138867
452.000000 0.134730
453.000000 0.130866
454.000000 0.127014
455.000000 0.123287
456.000000 0.119692
457.000000 0.116143
458.000000 0.112811
459.000000 0.109519
460.000000 0.106240
461.000000 0.103060
462.000000 0.099892
463.000000 0.096752
464.000000 0.093604
465.000000 0.090509
466.000000 0.087703
467.000000 0.084949
468.000000 0.082172
469.000000 0.079443
470.000000 0.076772
471.000000 0.074248
472.000000 0.071707
473.000000 0.069254
474.000000 0.066925
475.000000 0.064609
476.000000 0.062385
477.000000 0.060207
478.000000 0.058096
479.000000 0.056146
480.000000 0.054368
481.000000 0.052637
482.000000 0.050990
483.000000 0.049465
484.000000 0.047956
485.000000 0.046507
486.000000 0.045147
487.000000 0.043953
488.000000 0.042910
489.000000 0.041829
490.000000 0.040829
491.000000 0.039959
492.000000 0.039313
493.000000 0.038884
494.000000 0.038135
495.000000 0.037745
496.000000 0.037741
497.000000 0.037398
498.000000 0.037121
499.000000 0.037140
500.000000 0.037488
501.000000 0.037839
502.000000 0.037978
503.000000 0.037946
504.000000 0.038204
505.000000 0.038629
506.000000 0.038969
507.000000 0.039314
508.000000 0.039717
509.000000 0.040330
510.000000 0.040971
511.000000 0.041570
512.000000 0.042179
513.000000 0.042945
514.000000 0.043677
515.000000 0.044447
516.000000 0.045049
517.000000 0.045611
518.000000 0.046361
519.000000 0.047038
520.000000 0.047915
521.000000 0.048842
522.000000 0.049506
523.000000 0.050008
524.000000 0.050323
525.000000 0.050685
526.000000 0.051156
527.000000 0.051503
528.000000 0.051873
529.000000 0.052117
530.000000 0.052363
531.000000 0.052662
532.000000 0.052644
533.000000 0.052678
534.000000 0.053001
535.000000 0.053291
536.000000 0.053586
537.000000 0.054127
538.000000 0.054665
539.000000 0.055196
540.000000 0.055978
541.000000 0.057011
542.000000 0.058038
543.000000 0.059448
544.000000 0.061388
545.000000 0.063563
546.000000 0.065942
547.000000 0.068226
548.000000 0.070510
549.000000 0.072907
550.000000 0.075205
551.000000 0.077322
552.000000 0.079479
553.000000 0.081712
554.000000 0.083738
555.000000 0.085623
556.000000 0.087425
557.000000 0.088855
558.000000 0.090085
559.000000 0.090998
560.000000 0.091549
561.000000 0.091840
562.000000 0.091752
563.000000 0.091381
564.000000 0.090712
565.000000 0.089855
566.000000 0.088628
567.000000 0.087012
568.000000 0.085195
569.000000 0.083136
570.000000 0.080949
571.000000 0.078647
572.000000 0.076339
573.000000 0.074152
574.000000 0.072023
575.000000 0.070132
576.000000 0.068247
577.000000 0.066251
578.000000 0.064420
579.000000 0.062787
580.000000 0.061352
581.000000 0.060058
582.000000 0.059064
583.000000 0.058288
584.000000 0.057530
585.000000 0.056814
586.000000 0.056364
587.000000 0.056150
588.000000 0.056061
589.000000 0.056270
590.000000 0.056529
591.000000 0.056734
592.000000 0.057084
593.000000 0.057485
594.000000 0.057941
595.000000 0.058484
596.000000 0.059082
597.000000 0.059800
598.000000 0.060658
599.000000 0.061523
600.000000 0.062348
601.000000 0.063230
602.000000 0.064197
603.000000 0.065180
604.000000 0.066147
605.000000 0.067155
606.000000 0.068240
607.000000 0.069379
608.000000 0.070505
609.000000 0.071698
610.000000 0.073056
611.000000 0.074446
612.000000 0.075912
613.000000 0.077437
614.000000 0.078991
615.000000 0.080772
616.000000 0.082619
617.000000 0.084549
618.000000 0.086708
619.000000 0.088930
620.000000 0.091255
621.000000 0.093873
622.000000 0.096628
623.000000 0.099469
624.000000 0.102573
625.000000 0.105639
626.000000 0.108895
627.000000 0.112598
628.000000 0.116301
629.000000 0.120127
630.000000 0.124259
631.000000 0.128597
632.000000 0.132929
633.000000 0.137324
634.000000 0.142046
635.000000 0.146786
636.000000 0.151533
637.000000 0.156513
638.000000 0.161396
639.000000 0.166248
640.000000 0.171241
641.000000 0.176220
642.000000 0.180924
643.000000 0.185500
644.000000 0.190211
645.000000 0.194641
646.000000 0.198889
647.000000 0.203226
648.000000 0.207415
649.000000 0.211248
650.000000 0.214826
651.000000 0.218318
652.000000 0.221685
653.000000 0.224732
654.000000 0.227585
655.000000 0.230353
656.000000 0.232955
657.000000 0.235279
658.000000 0.237371
659.000000 0.239452
660.000000 0.241531
661.000000 0.243489
662.000000 0.245419
663.000000 0.247453
664.000000 0.249588
665.000000 0.251767
666.000000 0.254024
667.000000 0.256461
668.000000 0.259092
669.000000 0.261872
670.000000 0.264856
671.000000 0.268227
672.000000 0.272004
673.000000 0.276244
674.000000 0.280557
675.000000 0.285159
676.000000 0.290563
677.000000 0.296568
678.000000 0.303071
679.000000 0.309835
680.000000 0.317041
681.000000 0.325054
682.000000 0.333751
683.000000 0.343051
684.000000 0.352573
685.000000 0.362511
686.000000 0.373336
687.000000 0.384817
688.000000 0.396793
689.000000 0.409101
690.000000 0.421256
691.000000 0.433655
692.000000 0.446848
693.000000 0.460439
694.000000 0.474204
695.000000 0.488135
696.000000 0.501476
697.000000 0.514388
698.000000 0.527618
699.000000 0.540715
700.000000 0.553433
701.000000 0.565630
702.000000 0.576781
703.000000 0.587091
704.000000 0.597030
705.000000 0.606127
706.000000 0.614139
707.000000 0.620998
708.000000 0.626712
709.000000 0.631264
710.000000 0.634537
711.000000 0.636444
712.000000 0.636975
713.000000 0.636114
714.000000 0.634009
715.000000 0.630492
716.000000 0.625256
717.000000 0.618570
718.000000 0.610716
719.000000 0.602252
720.000000 0.592938
721.000000 0.582122
722.000000 0.570086
723.000000 0.557215
724.000000 0.543727
725.000000 0.529785
726.000000 0.515503
727.000000 0.500729
728.000000 0.485415
729.000000 0.469706
730.000000 0.453824
731.000000 0.438906
732.000000 0.424372
733.000000 0.409275
734.000000 0.394120
735.000000 0.379006
736.000000 0.363997
737.000000 0.349156
738.000000 0.334641
739.000000 0.320399
740.000000 0.306414
741.000000 0.292835
742.000000 0.279867
743.000000 0.267401
744.000000 0.255308
745.000000 0.243653
746.000000 0.232401
747.000000 0.221444
748.000000 0.210857
749.000000 0.200719
750.000000 0.191006
751.000000 0.181669
752.000000 0.172638
753.000000 0.163928
754.000000 0.155581
755.000000 0.147558
756.000000 0.139821
757.000000 0.132403
758.000000 0.125336
759.000000 0.118577
760.000000 0.112001
761.000000 0.105647
762.000000 0.099593
763.000000 0.093890
764.000000 0.088516
765.000000 0.083227
766.000000 0.078028
767.000000 0.073138
768.000000 0.068631
769.000000 0.064422
770.000000 0.060362
771.000000 0.056483
772.000000 0.052870
773.000000 0.049492
774.000000 0.046293
775.000000 0.043273
776.000000 0.040204
777.000000 0.037213
778.000000 0.034597
779.000000 0.032234
780.000000 0.029993
781.000000 0.027857
782.000000 0.025899
783.000000 0.024080
784.000000 0.022377
785.000000 0.020854
786.000000 0.019422
787.000000 0.018002
788.000000 0.016708
789.000000 0.015571
790.000000 0.014529
791.000000 0.013499
792.000000 0.012575
793.000000 0.011808
794.000000 0.011082
795.000000 0.010375
796.000000 0.009727
797.000000 0.009132
798.000000 0.008575
799.000000 0.008070
800.000000 0.007625
801.000000 0.007269
802.000000 0.007002
803.000000 0.006779
804.000000 0.006560
805.000000 0.006296
806.000000 0.005986
807.000000 0.005702
808.000000 0.005503
809.000000 0.005318
810.000000 0.005112
811.000000 0.004954
812.000000 0.004828
813.000000 0.004732
814.000000 0.004650
815.000000 0.004515
816.000000 0.004367
817.000000 0.004276
818.000000 0.004206
819.000000 0.004101
820.000000 0.003980
821.000000 0.003875
822.000000 0.003754
823.000000 0.003631
824.000000 0.003556
825.000000 0.003503
826.000000 0.003464
827.000000 0.003428
828.000000 0.003325
829.000000 0.003216
830.000000 0.003139
831.000000 0.003078
832.000000 0.003057
833.000000 0.002994
834.000000 0.002872
835.000000 0.002777
836.000000 0.002714
837.000000 0.002652
838.000000 0.002609
839.000000 0.002581
840.000000 0.002528
841.000000 0.002470
842.000000 0.002424
843.000000 0.002383
844.000000 0.002322
845.000000 0.002235
846.000000 0.002148
847.000000 0.002096
848.000000 0.002040
849.000000 0.001960
850.000000 0.001893
851.000000 0.001849
852.000000 0.001820
853.000000 0.001761
854.000000 0.001675
855.000000 0.001617
856.000000 0.001540
857.000000 0.001463
858.000000 0.001433
859.000000 0.001373
860.000000 0.001342
861.000000 0.001330
862.000000 0.001303
863.000000 0.001286
864.000000 0.001262
865.000000 0.001230
866.000000 0.001176
867.000000 0.001132
868.000000 0.001103
869.000000 0.001074
870.000000 0.001076
871.000000 0.001078
872.000000 0.001055
873.000000 0.001041
874.000000 0.000994
875.000000 0.000916
876.000000 0.000888
877.000000 0.000877
878.000000 0.000818
879.000000 0.000759
880.000000 0.000731
881.000000 0.000708
882.000000 0.000690
883.000000 0.000685
884.000000 0.000669
885.000000 0.000620
886.000000 0.000583
887.000000 0.000561
888.000000 0.000524
889.000000 0.000493
890.000000 0.000499
891.000000 0.000498
892.000000 0.000466
893.000000 0.000430
894.000000 0.000387
895.000000 0.000332
896.000000 0.000290
897.000000 0.000280
898.000000 0.000273
899.000000 0.000271
900.000000 0.000280
