315.000000 0.180275
316.000000 0.182286
317.000000 0.183619
318.000000 0.184625
319.000000 0.186013
320.000000 0.187592
321.000000 0.189797
322.000000 0.191618
323.000000 0.192902
324.000000 0.194361
325.000000 0.195685
326.000000 0.196869
327.000000 0.198168
328.000000 0.198788
329.000000 0.199073
330.000000 0.199943
331.000000 0.201107
332.000000 0.202241
333.000000 0.203460
334.000000 0.205309
335.000000 0.207146
336.000000 0.208580
337.000000 0.209331
338.000000 0.210091
339.000000 0.211187
340.000000 0.212117
341.000000 0.213156
342.000000 0.214027
343.000000 0.214757
344.000000 0.215689
345.000000 0.216487
346.000000 0.216723
347.000000 0.216912
348.000000 0.217148
349.000000 0.217230
350.000000 0.217236
351.000000 0.217386
352.000000 0.217200
353.000000 0.216533
354.000000 0.215687
355.000000 0.214570
356.000000 0.213375
357.000000 0.212360
358.000000 0.211348
359.000000 0.210265
360.000000 0.209060
361.000000 0.207608
362.000000 0.206441
363.000000 0.205429
364.000000 0.204391
365.000000 0.203574
366.000000 0.202707
367.000000 0.201567
368.000000 0.200287
369.000000 0.199188
370.000000 0.197945
371.000000 0.196342
372.000000 0.194588
373.000000 0.193281
374.000000 0.192028
375.000000 0.190337
376.000000 0.189028
377.000000 0.187737
378.000000 0.186231
379.000000 0.184638
380.000000 0.183231
381.000000 0.181982
382.000000 0.181051
383.000000 0.180294
384.000000 0.179039
385.000000 0.177869
386.000000 0.176937
387.000000 0.176085
388.000000 0.175224
389.000000 0.174625
390.000000 0.174287
391.000000 0.174078
392.000000 0.173947
393.000000 0.173769
394.000000 0.173848
395.000000 0.173976
396.000000 0.174023
397.000000 0.174152
398.000000 0.174407
399.000000 0.174721
400.000000 0.175088
401.000000 0.175511
402.000000 0.175902
403.000000 0.176287
404.000000 0.176600
405.000000 0.176981
406.000000 0.177566
407.000000 0.178233
408.000000 0.178913
409.000000 0.179505
410.000000 0.179941
411.000000 0.180457
412.000000 0.181026
413.000000 0.181514
414.000000 0.182159
415.000000 0.182857
416.000000 0.183399
417.000000 0.184004
418.000000 0.184895
419.000000 0.185885
420.000000 0.186964
421.000000 0.188127
422.000000 0.189305
423.000000 0.190597
424.000000 0.191981
425.000000 0.193403
426.000000 0.194817
427.000000 0.196126
428.000000 0.197239
429.000000 0.198122
430.000000 0.198806
431.000000 0.199150
432.000000 0.198948
433.000000 0.198282
434.000000 0.197194
435.000000 0.195681
436.000000 0.193713
437.000000 0.191331
438.000000 0.188688
439.000000 0.185743
440.000000 0.182369
441.000000 0.178903
442.000000 0.175473
443.000000 0.171727
444.000000 0.167849
445.000000 0.164085
446.000000 0.160205
447.000000 0.156256
448.000000 0.152301
449.000000 0.148437
450.000000 0.144711
451.000000 0.140877
452.000000 0.137167
453.000000 0.133691
454.000000 0.130180
455.000000 0.126767
456.000000 0.123463
457.000000 0.120231
458.000000 0.117176
459.000000 0.114139
460.000000 0.111226
461.000000 0.108490
462.000000 0.105824
463.000000 0.103190
464.000000 0.100558
465.000000 0.097990
466.000000 0.095615
467.000000 0.093371
468.000000 0.091128
469.000000 0.088895
470.000000 0.086698
471.000000 0.084654
472.000000 0.082655
473.000000 0.080684
474.000000 0.078826
475.000000 0.077031
476.000000 0.075333
477.000000 0.073651
478.000000 0.072025
479.000000 0.070602
480.000000 0.069360
481.000000 0.068118
482.000000 0.066932
483.000000 0.065885
484.000000 0.064877
485.000000 0.063946
486.000000 0.063122
487.000000 0.062441
488.000000 0.061862
489.000000 0.061179
490.000000 0.060423
491.000000 0.059819
492.000000 0.059666
493.000000 0.059834
494.000000 0.059945
495.000000 0.060242
496.000000 0.060609
497.000000 0.060401
498.000000 0.060492
499.000000 0.061167
500.000000 0.061915
501.000000 0.062771
502.000000 0.063470
503.000000 0.064304
504.000000 0.065553
505.000000 0.066670
506.000000 0.067565
507.000000 0.068652
508.000000 0.070011
509.000000 0.071764
510.000000 0.073329
511.000000 0.074582
512.000000 0.076060
513.000000 0.077777
514.000000 0.079527
515.000000 0.081220
516.000000 0.082737
517.000000 0.084216
518.000000 0.085833
519.000000 0.087453
520.000000 0.089067
521.000000 0.090632
522.000000 0.091960
523.000000 0.093005
524.000000 0.093825
525.000000 0.094564
526.000000 0.095372
527.000000 0.096204
528.000000 0.096793
529.000000 0.097031
530.000000 0.097316
531.000000 0.097683
532.000000 0.097912
533.000000 0.098164
534.000000 0.098659
535.000000 0.099156
536.000000 0.099644
537.000000 0.100314
538.000000 0.101215
539.000000 0.102304
540.000000 0.103593
541.000000 0.105402
542.000000 0.107711
543.000000 0.110810
544.000000 0.114434
545.000000 0.118095
546.000000 0.121758
547.000000 0.125433
548.000000 0.129576
549.000000 0.134032
550.000000 0.138374
551.000000 0.142713
552.000000 0.147025
553.000000 0.151124
554.000000 0.154933
555.000000 0.158509
556.000000 0.161665
557.000000 0.164259
558.000000 0.166429
559.000000 0.167942
560.000000 0.168781
561.000000 0.168814
562.000000 0.168060
563.000000 0.166767
564.000000 0.164822
565.000000 0.162351
566.000000 0.159245
567.000000 0.155261
568.000000 0.150790
569.000000 0.145905
570.000000 0.140829
571.000000 0.135574
572.000000 0.130002
573.000000 0.124359
574.000000 0.118755
575.000000 0.113626
576.000000 0.108616
577.000000 0.103698
578.000000 0.099162
579.000000 0.094849
580.000000 0.090692
581.000000 0.086604
582.000000 0.083088
583.000000 0.080082
584.000000 0.077234
585.000000 0.074639
586.000000 0.072348
587.000000 0.070343
588.000000 0.068614
589.000000 0.067180
590.000000 0.065977
591.000000 0.064907
592.000000 0.063946
593.000000 0.063085
594.000000 0.062441
595.000000 0.062023
596.000000 0.061634
597.000000 0.061366
598.000000 0.061316
599.000000 0.061263
600.000000 0.061235
601.000000 0.061308
602.000000 0.061450
603.000000 0.061653
604.000000 0.061862
605.000000 0.062142
606.000000 0.062524
607.000000 0.062955
608.000000 0.063386
609.000000 0.063887
610.000000 0.064502
611.000000 0.065163
612.000000 0.065967
613.000000 0.066886
614.000000 0.067797
615.000000 0.068812
616.000000 0.069863
617.000000 0.070998
618.000000 0.072381
619.000000 0.073841
620.000000 0.075327
621.000000 0.076991
622.000000 0.078740
623.000000 0.080559
624.000000 0.082597
625.000000 0.084681
626.000000 0.086927
627.000000 0.089469
628.000000 0.091924
629.000000 0.094429
630.000000 0.097222
631.000000 0.100166
632.000000 0.103140
633.000000 0.106199
634.000000 0.109449
635.000000 0.112672
636.000000 0.115910
637.000000 0.119312
638.000000 0.122630
639.000000 0.125879
640.000000 0.129249
641.000000 0.132653
642.000000 0.135836
643.000000 0.138895
644.000000 0.142049
645.000000 0.145056
646.000000 0.147943
647.000000 0.150801
648.000000 0.153544
649.000000 0.156114
650.000000 0.158465
651.000000 0.160736
652.000000 0.163013
653.000000 0.165119
654.000000 0.167053
655.000000 0.168906
656.000000 0.170635
657.000000 0.172222
658.000000 0.173724
659.000000 0.175213
660.000000 0.176660
661.000000 0.178024
662.000000 0.179402
663.000000 0.180893
664.000000 0.182448
665.000000 0.184053
666.000000 0.185758
667.000000 0.187590
668.000000 0.189523
669.000000 0.191547
670.000000 0.193774
671.000000 0.196323
672.000000 0.199165
673.000000 0.202322
674.000000 0.205588
675.000000 0.209047
676.000000 0.213020
677.000000 0.217422
678.000000 0.222163
679.000000 0.227084
680.000000 0.232321
681.000000 0.238141
682.000000 0.244474
683.000000 0.251211
684.000000 0.258037
685.000000 0.265146
686.000000 0.272880
687.000000 0.280980
688.000000 0.289391
689.000000 0.298064
690.000000 0.306613
691.000000 0.315255
692.000000 0.324338
693.000000 0.333659
694.000000 0.343064
695.000000 0.352491
696.000000 0.361517
697.000000 0.370214
698.000000 0.378956
699.000000 0.387502
700.000000 0.395758
701.000000 0.403633
702.000000 0.410685
703.000000 0.417074
704.000000 0.423201
705.000000 0.428753
706.000000 0.433599
707.000000 0.437619
708.000000 0.440795
709.000000 0.443123
710.000000 0.444566
711.000000 0.445172
712.000000 0.444874
713.000000 0.443642
714.000000 0.441492
715.000000 0.438352
716.000000 0.434224
717.000000 0.429191
718.000000 0.423316
719.000000 0.417040
720.000000 0.410282
721.000000 0.402636
722.000000 0.394222
723.000000 0.385236
724.000000 0.375817
725.000000 0.366059
726.000000 0.356107
727.000000 0.346005
728.000000 0.335595
729.000000 0.324830
730.000000 0.313943
731.000000 0.303740
732.000000 0.293799
733.000000 0.283425
734.000000 0.273013
735.000000 0.262709
736.000000 0.252560
737.000000 0.242512
738.000000 0.232599
739.000000 0.222843
740.000000 0.213291
741.000000 0.204000
742.000000 0.194996
743.000000 0.186350
744.000000 0.178045
745.000000 0.170022
746.000000 0.162259
747.000000 0.154719
748.000000 0.147420
749.000000 0.140388
750.000000 0.133678
751.000000 0.127274
752.000000 0.121086
753.000000 0.115069
754.000000 0.109277
755.000000 0.103671
756.000000 0.098267
757.000000 0.093111
758.000000 0.088184
759.000000 0.083488
760.000000 0.078936
761.000000 0.074560
762.000000 0.070369
763.000000 0.066433
764.000000 0.062715
765.000000 0.059059
766.000000 0.055501
767.000000 0.052120
768.000000 0.049007
769.000000 0.046120
770.000000 0.043338
771.000000 0.040666
772.000000 0.038182
773.000000 0.035868
774.000000 0.033690
775.000000 0.031663
776.000000 0.029631
777.000000 0.027654
778.000000 0.025895
779.000000 0.024268
780.000000 0.022744
781.000000 0.021362
782.000000 0.020077
783.000000 0.018856
784.000000 0.017768
785.000000 0.016808
786.000000 0.015854
787.000000 0.014917
788.000000 0.014048
789.000000 0.013256
790.000000 0.012558
791.000000 0.011906
792.000000 0.011357
793.000000 0.010898
794.000000 0.010450
795.000000 0.009968
796.000000 0.009523
797.000000 0.009201
798.000000 0.008909
799.000000 0.008592
800.000000 0.008325
801.000000 0.008121
802.000000 0.007941
803.000000 0.007842
804.000000 0.007767
805.000000 0.007618
806.000000 0.007438
807.000000 0.007306
808.000000 0.007181
809.000000 0.007070
810.000000 0.006943
811.000000 0.006823
812.000000 0.006755
813.000000 0.006695
814.000000 0.006648
815.000000 0.006574
816.000000 0.006510
817.000000 0.006453
818.000000 0.006380
819.000000 0.006318
820.000000 0.006240
821.000000 0.006175
822.000000 0.006096
823.000000 0.005959
824.000000 0.005843
825.000000 0.005757
826.000000 0.005669
827.000000 0.005576
828.000000 0.005440
829.000000 0.005323
830.000000 0.005241
831.000000 0.005140
832.000000 0.005026
833.000000 0.004899
834.000000 0.004788
835.000000 0.004684
836.000000 0.004596
837.000000 0.004518
838.000000 0.004427
839.000000 0.004328
840.000000 0.004196
841.000000 0.004040
842.000000 0.003889
843.000000 0.003770
844.000000 0.003662
845.000000 0.003551
846.000000 0.003446
847.000000 0.003341
848.000000 0.003243
849.000000 0.003161
850.000000 0.003067
851.000000 0.002973
852.000000 0.002905
853.000000 0.002790
854.000000 0.002668
855.000000 0.002572
856.000000 0.002445
857.000000 0.002372
858.000000 0.002339
859.000000 0.002247
860.000000 0.002175
861.000000 0.002153
862.000000 0.002149
863.000000 0.002104
864.000000 0.002008
865.000000 0.001934
866.000000 0.001873
867.000000 0.001796
868.000000 0.001725
869.000000 0.001640
870.000000 0.001574
871.000000 0.001510
872.000000 0.001431
873.000000 0.001401
874.000000 0.001387
875.000000 0.001339
876.000000 0.001282
877.000000 0.001235
878.000000 0.001189
879.000000 0.001153
880.000000 0.001106
881.000000 0.001062
882.000000 0.001033
883.000000 0.001013
884.000000 0.000990
885.000000 0.000932
886.000000 0.000877
887.000000 0.000855
888.000000 0.000839
889.000000 0.000792
890.000000 0.000752
891.000000 0.000716
892.000000 0.000665
893.000000 0.000623
894.000000 0.000581
895.000000 0.000538
896.000000 0.000492
897.000000 0.000491
898.000000 0.000508
899.000000 0.000490
900.000000 0.000467
