315.000000 0.182341
316.000000 0.184809
317.000000 0.186567
318.000000 0.187553
319.000000 0.188506
320.000000 0.189815
321.000000 0.191705
322.000000 0.193618
323.000000 0.195312
324.000000 0.197188
325.000000 0.198713
326.000000 0.199710
327.000000 0.200645
328.000000 0.201578
329.000000 0.202496
330.000000 0.203607
331.000000 0.204684
332.000000 0.205329
333.000000 0.205872
334.000000 0.207095
335.000000 0.208488
336.000000 0.210776
337.000000 0.211655
338.000000 0.211091
339.000000 0.211486
340.000000 0.212308
341.000000 0.213579
342.000000 0.214559
343.000000 0.215448
344.000000 0.216250
345.000000 0.216687
346.000000 0.216768
347.000000 0.216655
348.000000 0.216442
349.000000 0.216170
350.000000 0.215688
351.000000 0.215217
352.000000 0.214762
353.000000 0.213943
354.000000 0.212866
355.000000 0.211612
356.000000 0.210319
357.000000 0.209217
358.000000 0.208236
359.000000 0.207229
360.000000 0.206019
361.000000 0.204573
362.000000 0.203318
363.000000 0.202234
364.000000 0.201026
365.000000 0.199880
366.000000 0.198879
367.000000 0.197758
368.000000 0.196483
369.000000 0.195354
370.000000 0.194254
371.000000 0.193171
372.000000 0.191983
373.000000 0.190824
374.000000 0.189704
375.000000 0.188238
376.000000 0.186545
377.000000 0.185066
378.000000 0.183978
379.000000 0.182450
380.000000 0.180721
381.000000 0.179453
382.000000 0.178543
383.000000 0.177844
384.000000 0.176897
385.000000 0.175743
386.000000 0.174855
387.000000 0.174231
388.000000 0.173685
389.000000 0.173255
390.000000 0.172920
391.000000 0.172825
392.000000 0.172942
393.000000 0.173022
394.000000 0.173207
395.000000 0.173410
396.000000 0.173564
397.000000 0.173878
398.000000 0.174413
399.000000 0.174915
400.000000 0.175186
401.000000 0.175399
402.000000 0.175637
403.000000 0.176089
404.000000 0.176604
405.000000 0.177084
406.000000 0.177739
407.000000 0.178396
408.000000 0.179040
409.000000 0.179706
410.000000 0.180497
411.000000 0.181370
412.000000 0.182005
413.000000 0.182502
414.000000 0.183234
415.000000 0.184091
416.000000 0.184847
417.000000 0.185538
418.000000 0.186366
419.000000 0.187356
420.000000 0.188460
421.000000 0.189654
422.000000 0.190907
423.000000 0.192222
424.000000 0.193648
425.000000 0.195083
426.000000 0.196353
427.000000 0.197556
428.000000 0.198550
429.000000 0.199283
430.000000 0.199816
431.000000 0.199923
432.000000 0.199427
433.000000 0.198539
434.000000 0.197313
435.000000 0.195575
436.000000 0.193471
437.000000 0.191034
438.000000 0.188229
439.000000 0.185244
440.000000 0.181947
441.000000 0.178611
442.000000 0.175313
443.000000 0.171651
444.000000 0.167781
445.000000 0.164006
446.000000 0.160166
447.000000 0.156332
448.000000 0.152558
449.000000 0.148879
450.000000 0.145334
451.000000 0.141645
452.000000 0.138085
453.000000 0.134705
454.000000 0.131271
455.000000 0.128061
456.000000 0.125002
457.000000 0.121916
458.000000 0.118988
459.000000 0.116105
460.000000 0.113352
461.000000 0.110837
462.000000 0.108315
463.000000 0.105805
464.000000 0.103381
465.000000 0.101044
466.000000 0.098871
467.000000 0.096816
468.000000 0.094809
469.000000 0.092833
470.000000 0.090891
471.000000 0.089090
472.000000 0.087322
473.000000 0.085611
474.000000 0.083999
475.000000 0.082479
476.000000 0.081027
477.000000 0.079557
478.000000 0.078161
479.000000 0.076863
480.000000 0.075803
481.000000 0.074822
482.000000 0.073847
483.000000 0.072982
484.000000 0.072141
485.000000 0.071368
486.000000 0.070719
487.000000 0.070222
488.000000 0.069872
489.000000 0.069539
490.000000 0.069276
491.000000 0.069006
492.000000 0.069075
493.000000 0.069369
494.000000 0.069569
495.000000 0.069895
496.000000 0.070259
497.000000 0.070624
498.000000 0.071189
499.000000 0.071981
500.000000 0.073003
501.000000 0.074120
502.000000 0.075026
503.000000 0.076137
504.000000 0.077747
505.000000 0.079352
506.000000 0.080649
507.000000 0.082007
508.000000 0.083651
509.000000 0.085600
510.000000 0.087514
511.000000 0.089286
512.000000 0.091205
513.000000 0.093254
514.000000 0.095108
515.000000 0.096967
516.000000 0.098735
517.000000 0.100606
518.000000 0.102693
519.000000 0.104542
520.000000 0.106410
521.000000 0.108223
522.000000 0.109772
523.000000 0.111151
524.000000 0.112260
525.000000 0.113061
526.000000 0.113915
527.000000 0.114802
528.000000 0.115490
529.000000 0.115949
530.000000 0.116402
531.000000 0.116995
532.000000 0.117404
533.000000 0.117885
534.000000 0.118473
535.000000 0.118869
536.000000 0.119508
537.000000 0.120476
538.000000 0.121686
539.000000 0.122882
540.000000 0.124245
541.000000 0.126261
542.000000 0.128991
543.000000 0.132442
544.000000 0.136232
545.000000 0.140291
546.000000 0.144721
547.000000 0.149470
548.000000 0.154456
549.000000 0.159597
550.000000 0.164659
551.000000 0.169704
552.000000 0.174783
553.000000 0.179593
554.000000 0.184046
555.000000 0.188102
556.000000 0.191647
557.000000 0.194587
558.000000 0.197125
559.000000 0.198927
560.000000 0.199868
561.000000 0.199983
562.000000 0.199152
563.000000 0.197536
564.000000 0.195091
565.000000 0.191902
566.000000 0.187827
567.000000 0.182795
568.000000 0.177312
569.000000 0.171398
570.000000 0.165212
571.000000 0.158760
572.000000 0.152028
573.000000 0.145160
574.000000 0.138221
575.000000 0.131789
576.000000 0.125560
577.000000 0.119413
578.000000 0.113629
579.000000 0.108164
580.000000 0.103073
581.000000 0.098187
582.000000 0.093769
583.000000 0.089770
584.000000 0.086030
585.000000 0.082620
586.000000 0.079610
587.000000 0.077103
588.000000 0.074856
589.000000 0.072806
590.000000 0.070998
591.000000 0.069409
592.000000 0.068086
593.000000 0.066860
594.000000 0.065799
595.000000 0.064940
596.000000 0.064090
597.000000 0.063465
598.000000 0.063089
599.000000 0.062662
600.000000 0.062246
601.000000 0.061998
602.000000 0.061860
603.000000 0.061749
604.000000 0.061670
605.000000 0.061711
606.000000 0.061830
607.000000 0.061986
608.000000 0.062174
609.000000 0.062390
610.000000 0.062739
611.000000 0.063177
612.000000 0.063681
613.000000 0.064306
614.000000 0.064966
615.000000 0.065728
616.000000 0.066578
617.000000 0.067474
618.000000 0.068532
619.000000 0.069686
620.000000 0.070854
621.000000 0.072134
622.000000 0.073526
623.000000 0.075053
624.000000 0.076792
625.000000 0.078565
626.000000 0.080491
627.000000 0.082627
628.000000 0.084714
629.000000 0.086899
630.000000 0.089292
631.000000 0.091767
632.000000 0.094258
633.000000 0.096853
634.000000 0.099600
635.000000 0.102310
636.000000 0.105047
637.000000 0.107957
638.000000 0.110789
639.000000 0.113550
640.000000 0.116412
641.000000 0.119295
642.000000 0.121992
643.000000 0.124602
644.000000 0.127305
645.000000 0.129850
646.000000 0.132270
647.000000 0.134733
648.000000 0.137092
649.000000 0.139255
650.000000 0.141293
651.000000 0.143259
652.000000 0.145151
653.000000 0.146871
654.000000 0.148480
655.000000 0.150053
656.000000 0.151555
657.000000 0.152943
658.000000 0.154204
659.000000 0.155421
660.000000 0.156662
661.000000 0.157888
662.000000 0.159168
663.000000 0.160557
664.000000 0.161969
665.000000 0.163394
666.000000 0.164864
667.000000 0.166440
668.000000 0.168166
669.000000 0.170039
670.000000 0.172095
671.000000 0.174384
672.000000 0.176889
673.000000 0.179670
674.000000 0.182544
675.000000 0.185658
676.000000 0.189227
677.000000 0.193127
678.000000 0.197353
679.000000 0.201710
680.000000 0.206301
681.000000 0.211408
682.000000 0.216962
683.000000 0.222860
684.000000 0.228854
685.000000 0.235105
686.000000 0.241874
687.000000 0.248959
688.000000 0.256287
689.000000 0.263780
690.000000 0.271126
691.000000 0.278574
692.000000 0.286429
693.000000 0.294430
694.000000 0.302464
695.000000 0.310532
696.000000 0.318274
697.000000 0.325680
698.000000 0.333057
699.000000 0.340289
700.000000 0.347266
701.000000 0.353869
702.000000 0.359853
703.000000 0.365299
704.000000 0.370362
705.000000 0.374825
706.000000 0.378683
707.000000 0.381859
708.000000 0.384321
709.000000 0.386085
710.000000 0.387121
711.000000 0.387418
712.000000 0.386908
713.000000 0.385532
714.000000 0.383323
715.000000 0.380370
716.000000 0.376673
717.000000 0.372211
718.000000 0.367048
719.000000 0.361508
720.000000 0.355505
721.000000 0.348733
722.000000 0.341406
723.000000 0.333677
724.000000 0.325605
725.000000 0.317286
726.000000 0.308731
727.000000 0.299971
728.000000 0.290947
729.000000 0.281695
730.000000 0.272375
731.000000 0.263580
732.000000 0.255018
733.000000 0.246084
734.000000 0.237115
735.000000 0.228268
736.000000 0.219489
737.000000 0.210765
738.000000 0.202184
739.000000 0.193813
740.000000 0.185679
741.000000 0.177768
742.000000 0.170109
743.000000 0.162704
744.000000 0.155529
745.000000 0.148557
746.000000 0.141819
747.000000 0.135266
748.000000 0.128878
749.000000 0.122786
750.000000 0.116991
751.000000 0.111416
752.000000 0.106037
753.000000 0.100817
754.000000 0.095787
755.000000 0.090946
756.000000 0.086314
757.000000 0.081855
758.000000 0.077560
759.000000 0.073446
760.000000 0.069456
761.000000 0.065622
762.000000 0.061988
763.000000 0.058574
764.000000 0.055333
765.000000 0.052196
766.000000 0.049137
767.000000 0.046218
768.000000 0.043457
769.000000 0.040947
770.000000 0.038606
771.000000 0.036293
772.000000 0.034091
773.000000 0.032077
774.000000 0.030230
775.000000 0.028518
776.000000 0.026771
777.000000 0.025067
778.000000 0.023583
779.000000 0.022189
780.000000 0.020903
781.000000 0.019704
782.000000 0.018574
783.000000 0.017516
784.000000 0.016558
785.000000 0.015729
786.000000 0.014960
787.000000 0.014205
788.000000 0.013493
789.000000 0.012878
790.000000 0.012333
791.000000 0.011829
792.000000 0.011342
793.000000 0.010885
794.000000 0.010520
795.000000 0.010168
796.000000 0.009867
797.000000 0.009636
798.000000 0.009389
799.000000 0.009119
800.000000 0.008876
801.000000 0.008705
802.000000 0.008589
803.000000 0.008524
804.000000 0.008437
805.000000 0.008291
806.000000 0.008128
807.000000 0.007983
808.000000 0.007915
809.000000 0.007867
810.000000 0.007769
811.000000 0.007692
812.000000 0.007640
813.000000 0.007604
814.000000 0.007561
815.000000 0.007484
816.000000 0.007413
817.000000 0.007352
818.000000 0.007296
819.000000 0.007201
820.000000 0.007096
821.000000 0.007070
822.000000 0.007025
823.000000 0.006892
824.000000 0.006773
825.000000 0.006682
826.000000 0.006560
827.000000 0.006440
828.000000 0.006303
829.000000 0.006162
830.000000 0.006049
831.000000 0.005925
832.000000 0.005831
833.000000 0.005724
834.000000 0.005593
835.000000 0.005471
836.000000 0.005355
837.000000 0.005254
838.000000 0.005156
839.000000 0.005028
840.000000 0.004877
841.000000 0.004754
842.000000 0.004647
843.000000 0.004550
844.000000 0.004420
845.000000 0.004277
846.000000 0.004158
847.000000 0.004045
848.000000 0.003910
849.000000 0.003782
850.000000 0.003695
851.000000 0.003614
852.000000 0.003491
853.000000 0.003334
854.000000 0.003203
855.000000 0.003081
856.000000 0.002963
857.000000 0.002869
858.000000 0.002791
859.000000 0.002692
860.000000 0.002602
861.000000 0.002535
862.000000 0.002471
863.000000 0.002377
864.000000 0.002268
865.000000 0.002196
866.000000 0.002114
867.000000 0.002017
868.000000 0.001957
869.000000 0.001899
870.000000 0.001863
871.000000 0.001823
872.000000 0.001741
873.000000 0.001699
874.000000 0.001654
875.000000 0.001598
876.000000 0.001558
877.000000 0.001515
878.000000 0.001480
879.000000 0.001421
880.000000 0.001350
881.000000 0.001304
882.000000 0.001276
883.000000 0.001262
884.000000 0.001219
885.000000 0.001154
886.000000 0.001122
887.000000 0.001095
888.000000 0.001051
889.000000 0.000988
890.000000 0.000946
891.000000 0.000928
892.000000 0.000894
893.000000 0.000852
894.000000 0.000790
895.000000 0.000728
896.000000 0.000691
897.000000 0.000688
898.000000 0.000689
899.000000 0.000686
900.000000 0.000693
