315.000000 0.183619
316.000000 0.184992
317.000000 0.186742
318.000000 0.188191
319.000000 0.189404
320.000000 0.190772
321.000000 0.192391
322.000000 0.194069
323.000000 0.195466
324.000000 0.196870
325.000000 0.198024
326.000000 0.199171
327.000000 0.200325
328.000000 0.201453
329.000000 0.202569
330.000000 0.203621
331.000000 0.205023
332.000000 0.206144
333.000000 0.207083
334.000000 0.208264
335.000000 0.209228
336.000000 0.210123
337.000000 0.210831
338.000000 0.211498
339.000000 0.212103
340.000000 0.212450
341.000000 0.213315
342.000000 0.214193
343.000000 0.214852
344.000000 0.215698
345.000000 0.216087
346.000000 0.215870
347.000000 0.215633
348.000000 0.215358
349.000000 0.215012
350.000000 0.214446
351.000000 0.213808
352.000000 0.213102
353.000000 0.212057
354.000000 0.210782
355.000000 0.209509
356.000000 0.208332
357.000000 0.207200
358.000000 0.205964
359.000000 0.204617
360.000000 0.203212
361.000000 0.201783
362.000000 0.200471
363.000000 0.199115
364.000000 0.197838
365.000000 0.196716
366.000000 0.195557
367.000000 0.194345
368.000000 0.193186
369.000000 0.192127
370.000000 0.190854
371.000000 0.189405
372.000000 0.188315
373.000000 0.187538
374.000000 0.186551
375.000000 0.185249
376.000000 0.183868
377.000000 0.182502
378.000000 0.181258
379.000000 0.179908
380.000000 0.178388
381.000000 0.177386
382.000000 0.176523
383.000000 0.175381
384.000000 0.174331
385.000000 0.173697
386.000000 0.173251
387.000000 0.172614
388.000000 0.171922
389.000000 0.171388
390.000000 0.171207
391.000000 0.171203
392.000000 0.171332
393.000000 0.171421
394.000000 0.171570
395.000000 0.171835
396.000000 0.172106
397.000000 0.172451
398.000000 0.172926
399.000000 0.173398
400.000000 0.173885
401.000000 0.174442
402.000000 0.174910
403.000000 0.175447
404.000000 0.175876
405.000000 0.176383
406.000000 0.177135
407.000000 0.177887
408.000000 0.178759
409.000000 0.179551
410.000000 0.180158
411.000000 0.180835
412.000000 0.181539
413.000000 0.182293
414.000000 0.183159
415.000000 0.183955
416.000000 0.184747
417.000000 0.185507
418.000000 0.186281
419.000000 0.187261
420.000000 0.188493
421.000000 0.189743
422.000000 0.190825
423.000000 0.191967
424.000000 0.193225
425.000000 0.194500
426.000000 0.195884
427.000000 0.197094
428.000000 0.197937
429.000000 0.198552
430.000000 0.198958
431.000000 0.199045
432.000000 0.198616
433.000000 0.197729
434.000000 0.196390
435.000000 0.194573
436.000000 0.192354
437.000000 0.189805
438.000000 0.187043
439.000000 0.184096
440.000000 0.180767
441.000000 0.177466
442.000000 0.174250
443.000000 0.170635
444.000000 0.166846
445.000000 0.163209
446.000000 0.159514
447.000000 0.155783
448.000000 0.152075
449.000000 0.148422
450.000000 0.144910
451.000000 0.141278
452.000000 0.137732
453.000000 0.134426
454.000000 0.131116
455.000000 0.127955
456.000000 0.124948
457.000000 0.121987
458.000000 0.119222
459.000000 0.116519
460.000000 0.113925
461.000000 0.111494
462.000000 0.109070
463.000000 0.106691
464.000000 0.104338
465.000000 0.102091
466.000000 0.099958
467.000000 0.097915
468.000000 0.096044
469.000000 0.094197
470.000000 0.092391
471.000000 0.090754
472.000000 0.089162
473.000000 0.087611
474.000000 0.086175
475.000000 0.084789
476.000000 0.083462
477.000000 0.082196
478.000000 0.080964
479.000000 0.079851
480.000000 0.078906
481.000000 0.077991
482.000000 0.077158
483.000000 0.076424
484.000000 0.075721
485.000000 0.075144
486.000000 0.074676
487.000000 0.074323
488.000000 0.074084
489.000000 0.073674
490.000000 0.073165
491.000000 0.072978
492.000000 0.073119
493.000000 0.073211
494.000000 0.073439
495.000000 0.074145
496.000000 0.074845
497.000000 0.075388
498.000000 0.076238
499.000000 0.077393
500.000000 0.078725
501.000000 0.079947
502.000000 0.080904
503.000000 0.081848
504.000000 0.083324
505.000000 0.085108
506.000000 0.086564
507.000000 0.088008
508.000000 0.089770
509.000000 0.091866
510.000000 0.094014
511.000000 0.096037
512.000000 0.098064
513.000000 0.100343
514.000000 0.102493
515.000000 0.104438
516.000000 0.106316
517.000000 0.108337
518.000000 0.110510
519.000000 0.112658
520.000000 0.114793
521.000000 0.116674
522.000000 0.118322
523.000000 0.119883
524.000000 0.121337
525.000000 0.122439
526.000000 0.123365
527.000000 0.124252
528.000000 0.124989
529.000000 0.125548
530.000000 0.126041
531.000000 0.126406
532.000000 0.126701
533.000000 0.127167
534.000000 0.127828
535.000000 0.128477
536.000000 0.129132
537.000000 0.130134
538.000000 0.131315
539.000000 0.132414
540.000000 0.134018
541.000000 0.136541
542.000000 0.139387
543.000000 0.142780
544.000000 0.146867
545.000000 0.151477
546.000000 0.156459
547.000000 0.161531
548.000000 0.166763
549.000000 0.172186
550.000000 0.177758
551.000000 0.183197
552.000000 0.188451
553.000000 0.193594
554.000000 0.198425
555.000000 0.202770
556.000000 0.206514
557.000000 0.209601
558.000000 0.212401
559.000000 0.214464
560.000000 0.215480
561.000000 0.215581
562.000000 0.214760
563.000000 0.212973
564.000000 0.210193
565.000000 0.206841
566.000000 0.202606
567.000000 0.197225
568.000000 0.191231
569.000000 0.184601
570.000000 0.177694
571.000000 0.170676
572.000000 0.163378
573.000000 0.155925
574.000000 0.148479
575.000000 0.141513
576.000000 0.134745
577.000000 0.128193
578.000000 0.121998
579.000000 0.115895
580.000000 0.110020
581.000000 0.104497
582.000000 0.099560
583.000000 0.095037
584.000000 0.090848
585.000000 0.087017
586.000000 0.083642
587.000000 0.080685
588.000000 0.077977
589.000000 0.075591
590.000000 0.073410
591.000000 0.071531
592.000000 0.069980
593.000000 0.068544
594.000000 0.067285
595.000000 0.066289
596.000000 0.065371
597.000000 0.064595
598.000000 0.063965
599.000000 0.063350
600.000000 0.062831
601.000000 0.062401
602.000000 0.062036
603.000000 0.061760
604.000000 0.061505
605.000000 0.061332
606.000000 0.061295
607.000000 0.061333
608.000000 0.061433
609.000000 0.061602
610.000000 0.061855
611.000000 0.062146
612.000000 0.062534
613.000000 0.062928
614.000000 0.063324
615.000000 0.063901
616.000000 0.064540
617.000000 0.065279
618.000000 0.066214
619.000000 0.067294
620.000000 0.068387
621.000000 0.069564
622.000000 0.070870
623.000000 0.072206
624.000000 0.073720
625.000000 0.075271
626.000000 0.076937
627.000000 0.078836
628.000000 0.080722
629.000000 0.082689
630.000000 0.084820
631.000000 0.087072
632.000000 0.089360
633.000000 0.091707
634.000000 0.094180
635.000000 0.096653
636.000000 0.099181
637.000000 0.101851
638.000000 0.104434
639.000000 0.106958
640.000000 0.109568
641.000000 0.112175
642.000000 0.114599
643.000000 0.116957
644.000000 0.119401
645.000000 0.121663
646.000000 0.123840
647.000000 0.126056
648.000000 0.128176
649.000000 0.130122
650.000000 0.131913
651.000000 0.133621
652.000000 0.135326
653.000000 0.136902
654.000000 0.138384
655.000000 0.139843
656.000000 0.141189
657.000000 0.142413
658.000000 0.143562
659.000000 0.144740
660.000000 0.145911
661.000000 0.146997
662.000000 0.148121
663.000000 0.149358
664.000000 0.150647
665.000000 0.151953
666.000000 0.153337
667.000000 0.154873
668.000000 0.156502
669.000000 0.158222
670.000000 0.160099
671.000000 0.162206
672.000000 0.164571
673.000000 0.167188
674.000000 0.169850
675.000000 0.172706
676.000000 0.175995
677.000000 0.179626
678.000000 0.183580
679.000000 0.187667
680.000000 0.191901
681.000000 0.196574
682.000000 0.201715
683.000000 0.207184
684.000000 0.212726
685.000000 0.218474
686.000000 0.224677
687.000000 0.231180
688.000000 0.237924
689.000000 0.244822
690.000000 0.251548
691.000000 0.258352
692.000000 0.265558
693.000000 0.272885
694.000000 0.280177
695.000000 0.287471
696.000000 0.294422
697.000000 0.301055
698.000000 0.307708
699.000000 0.314225
700.000000 0.320479
701.000000 0.326324
702.000000 0.331566
703.000000 0.336342
704.000000 0.340766
705.000000 0.344630
706.000000 0.347907
707.000000 0.350580
708.000000 0.352611
709.000000 0.353968
710.000000 0.354672
711.000000 0.354736
712.000000 0.354089
713.000000 0.352662
714.000000 0.350428
715.000000 0.347490
716.000000 0.343999
717.000000 0.339899
718.000000 0.335111
719.000000 0.330013
720.000000 0.324485
721.000000 0.318263
722.000000 0.311574
723.000000 0.304479
724.000000 0.297084
725.000000 0.289502
726.000000 0.281790
727.000000 0.273896
728.000000 0.265721
729.000000 0.257353
730.000000 0.248940
731.000000 0.240981
732.000000 0.233233
733.000000 0.225195
734.000000 0.217093
735.000000 0.209028
736.000000 0.201090
737.000000 0.193264
738.000000 0.185512
739.000000 0.177871
740.000000 0.170421
741.000000 0.163242
742.000000 0.156318
743.000000 0.149641
744.000000 0.143126
745.000000 0.136778
746.000000 0.130658
747.000000 0.124677
748.000000 0.118847
749.000000 0.113262
750.000000 0.107944
751.000000 0.102825
752.000000 0.097916
753.000000 0.093155
754.000000 0.088555
755.000000 0.084092
756.000000 0.079789
757.000000 0.075715
758.000000 0.071800
759.000000 0.068044
760.000000 0.064418
761.000000 0.060916
762.000000 0.057566
763.000000 0.054385
764.000000 0.051350
765.000000 0.048433
766.000000 0.045622
767.000000 0.042949
768.000000 0.040484
769.000000 0.038199
770.000000 0.035997
771.000000 0.033883
772.000000 0.031890
773.000000 0.030037
774.000000 0.028312
775.000000 0.026718
776.000000 0.025095
777.000000 0.023525
778.000000 0.022141
779.000000 0.020885
780.000000 0.019724
781.000000 0.018624
782.000000 0.017629
783.000000 0.016672
784.000000 0.015764
785.000000 0.014998
786.000000 0.014352
787.000000 0.013701
788.000000 0.013046
789.000000 0.012502
790.000000 0.012028
791.000000 0.011549
792.000000 0.011140
793.000000 0.010777
794.000000 0.010416
795.000000 0.010062
796.000000 0.009783
797.000000 0.009579
798.000000 0.009385
799.000000 0.009162
800.000000 0.008933
801.000000 0.008809
802.000000 0.008747
803.000000 0.008668
804.000000 0.008596
805.000000 0.008520
806.000000 0.008403
807.000000 0.008254
808.000000 0.008150
809.000000 0.008095
810.000000 0.008023
811.000000 0.007972
812.000000 0.007927
813.000000 0.007899
814.000000 0.007861
815.000000 0.007793
816.000000 0.007759
817.000000 0.007728
818.000000 0.007684
819.000000 0.007616
820.000000 0.007540
821.000000 0.007463
822.000000 0.007351
823.000000 0.007236
824.000000 0.007131
825.000000 0.007023
826.000000 0.006927
827.000000 0.006828
828.000000 0.006704
829.000000 0.006588
830.000000 0.006488
831.000000 0.006363
832.000000 0.006253
833.000000 0.006133
834.000000 0.005964
835.000000 0.005829
836.000000 0.005725
837.000000 0.005597
838.000000 0.005460
839.000000 0.005347
840.000000 0.005237
841.000000 0.005083
842.000000 0.004907
843.000000 0.004751
844.000000 0.004597
845.000000 0.004471
846.000000 0.004360
847.000000 0.004229
848.000000 0.004068
849.000000 0.003941
850.000000 0.003845
851.000000 0.003700
852.000000 0.003570
853.000000 0.003438
854.000000 0.003301
855.000000 0.003196
856.000000 0.003079
857.000000 0.002969
858.000000 0.002904
859.000000 0.002803
860.000000 0.002691
861.000000 0.002610
862.000000 0.002534
863.000000 0.002456
864.000000 0.002345
865.000000 0.002239
866.000000 0.002162
867.000000 0.002085
868.000000 0.002014
869.000000 0.001957
870.000000 0.001920
871.000000 0.001895
872.000000 0.001843
873.000000 0.001816
874.000000 0.001791
875.000000 0.001698
876.000000 0.001600
877.000000 0.001553
878.000000 0.001491
879.000000 0.001416
880.000000 0.001369
881.000000 0.001329
882.000000 0.001295
883.000000 0.001277
884.000000 0.001248
885.000000 0.001187
886.000000 0.001130
887.000000 0.001099
888.000000 0.001049
889.000000 0.000965
890.000000 0.000911
891.000000 0.000873
892.000000 0.000822
893.000000 0.000770
894.000000 0.000743
895.000000 0.000717
896.000000 0.000668
897.000000 0.000654
898.000000 0.000669
899.000000 0.000679
900.000000 0.000685
