315.000000 0.186764
316.000000 0.188772
317.000000 0.190588
318.000000 0.191724
319.000000 0.192542
320.000000 0.193600
321.000000 0.195402
322.000000 0.197379
323.000000 0.198970
324.000000 0.200391
325.000000 0.201269
326.000000 0.202498
327.000000 0.203654
328.000000 0.204394
329.000000 0.205062
330.000000 0.205854
331.000000 0.206969
332.000000 0.207733
333.000000 0.208785
334.000000 0.210030
335.000000 0.210918
336.000000 0.212043
337.000000 0.212670
338.000000 0.212714
339.000000 0.213112
340.000000 0.213741
341.000000 0.214678
342.000000 0.215434
343.000000 0.215757
344.000000 0.216104
345.000000 0.216335
346.000000 0.216221
347.000000 0.215922
348.000000 0.215559
349.000000 0.215074
350.000000 0.214409
351.000000 0.213870
352.000000 0.213227
353.000000 0.212084
354.000000 0.210777
355.000000 0.209412
356.000000 0.208020
357.000000 0.206551
358.000000 0.205083
359.000000 0.203738
360.000000 0.202371
361.000000 0.200877
362.000000 0.199517
363.000000 0.198259
364.000000 0.196997
365.000000 0.195809
366.000000 0.194567
367.000000 0.193386
368.000000 0.192249
369.000000 0.191090
370.000000 0.190007
371.000000 0.188994
372.000000 0.187859
373.000000 0.186729
374.000000 0.185330
375.000000 0.183823
376.000000 0.182529
377.000000 0.180901
378.000000 0.179300
379.000000 0.177964
380.000000 0.176755
381.000000 0.175880
382.000000 0.175206
383.000000 0.174518
384.000000 0.173632
385.000000 0.172838
386.000000 0.172230
387.000000 0.171473
388.000000 0.170725
389.000000 0.170363
390.000000 0.170259
391.000000 0.170214
392.000000 0.170428
393.000000 0.170643
394.000000 0.170709
395.000000 0.170863
396.000000 0.171048
397.000000 0.171368
398.000000 0.171916
399.000000 0.172530
400.000000 0.173152
401.000000 0.173691
402.000000 0.174166
403.000000 0.174724
404.000000 0.175177
405.000000 0.175712
406.000000 0.176461
407.000000 0.177110
408.000000 0.177805
409.000000 0.178478
410.000000 0.179259
411.000000 0.180009
412.000000 0.180327
413.000000 0.180728
414.000000 0.181526
415.000000 0.182416
416.000000 0.183236
417.000000 0.183958
418.000000 0.184826
419.000000 0.185845
420.000000 0.187022
421.000000 0.188328
422.000000 0.189579
423.000000 0.190884
424.000000 0.192243
425.000000 0.193495
426.000000 0.194683
427.000000 0.195809
428.000000 0.196611
429.000000 0.197140
430.000000 0.197466
431.000000 0.197476
432.000000 0.197033
433.000000 0.196088
434.000000 0.194697
435.000000 0.192975
436.000000 0.190892
437.000000 0.188422
438.000000 0.185660
439.000000 0.182660
440.000000 0.179407
441.000000 0.176161
442.000000 0.172987
443.000000 0.169548
444.000000 0.165943
445.000000 0.162438
446.000000 0.158842
447.000000 0.155179
448.000000 0.151532
449.000000 0.147992
450.000000 0.144594
451.000000 0.141007
452.000000 0.137489
453.000000 0.134239
454.000000 0.130981
455.000000 0.127848
456.000000 0.124790
457.000000 0.121802
458.000000 0.119056
459.000000 0.116330
460.000000 0.113705
461.000000 0.111277
462.000000 0.108904
463.000000 0.106603
464.000000 0.104326
465.000000 0.102138
466.000000 0.100169
467.000000 0.098283
468.000000 0.096437
469.000000 0.094615
470.000000 0.092858
471.000000 0.091311
472.000000 0.089805
473.000000 0.088305
474.000000 0.086886
475.000000 0.085536
476.000000 0.084245
477.000000 0.082998
478.000000 0.081834
479.000000 0.080813
480.000000 0.079956
481.000000 0.079137
482.000000 0.078396
483.000000 0.077763
484.000000 0.077131
485.000000 0.076507
486.000000 0.075999
487.000000 0.075710
488.000000 0.075567
489.000000 0.075216
490.000000 0.075104
491.000000 0.075264
492.000000 0.075476
493.000000 0.075723
494.000000 0.075859
495.000000 0.076478
496.000000 0.077214
497.000000 0.077696
498.000000 0.078388
499.000000 0.079380
500.000000 0.080825
501.000000 0.082097
502.000000 0.083055
503.000000 0.084349
504.000000 0.085976
505.000000 0.087588
506.000000 0.089118
507.000000 0.090733
508.000000 0.092507
509.000000 0.094784
510.000000 0.097229
511.000000 0.099418
512.000000 0.101502
513.000000 0.103775
514.000000 0.105893
515.000000 0.107837
516.000000 0.109888
517.000000 0.111933
518.000000 0.113950
519.000000 0.115994
520.000000 0.118091
521.000000 0.120250
522.000000 0.122203
523.000000 0.123682
524.000000 0.124909
525.000000 0.126017
526.000000 0.126946
527.000000 0.127737
528.000000 0.128358
529.000000 0.128816
530.000000 0.129507
531.000000 0.130233
532.000000 0.130650
533.000000 0.131012
534.000000 0.131508
535.000000 0.131971
536.000000 0.132514
537.000000 0.133425
538.000000 0.134684
539.000000 0.136168
540.000000 0.138198
541.000000 0.140796
542.000000 0.143486
543.000000 0.146743
544.000000 0.150836
545.000000 0.155386
546.000000 0.160383
547.000000 0.165700
548.000000 0.170946
549.000000 0.176416
550.000000 0.182056
551.000000 0.187594
552.000000 0.192965
553.000000 0.198032
554.000000 0.202834
555.000000 0.207293
556.000000 0.211184
557.000000 0.214330
558.000000 0.216917
559.000000 0.218795
560.000000 0.219903
561.000000 0.220010
562.000000 0.219079
563.000000 0.217318
564.000000 0.214588
565.000000 0.211114
566.000000 0.206738
567.000000 0.201232
568.000000 0.195134
569.000000 0.188557
570.000000 0.181671
571.000000 0.174483
572.000000 0.166974
573.000000 0.159282
574.000000 0.151429
575.000000 0.144217
576.000000 0.137389
577.000000 0.130650
578.000000 0.124173
579.000000 0.117894
580.000000 0.111873
581.000000 0.106067
582.000000 0.100961
583.000000 0.096491
584.000000 0.092289
585.000000 0.088349
586.000000 0.084801
587.000000 0.081795
588.000000 0.079096
589.000000 0.076594
590.000000 0.074403
591.000000 0.072468
592.000000 0.070762
593.000000 0.069143
594.000000 0.067764
595.000000 0.066681
596.000000 0.065593
597.000000 0.064681
598.000000 0.064022
599.000000 0.063340
600.000000 0.062746
601.000000 0.062259
602.000000 0.061860
603.000000 0.061559
604.000000 0.061264
605.000000 0.061062
606.000000 0.060915
607.000000 0.060849
608.000000 0.060874
609.000000 0.060915
610.000000 0.061086
611.000000 0.061329
612.000000 0.061631
613.000000 0.062030
614.000000 0.062470
615.000000 0.063000
616.000000 0.063584
617.000000 0.064290
618.000000 0.065159
619.000000 0.066054
620.000000 0.067006
621.000000 0.068107
622.000000 0.069287
623.000000 0.070575
624.000000 0.072031
625.000000 0.073487
626.000000 0.075074
627.000000 0.076863
628.000000 0.078618
629.000000 0.080487
630.000000 0.082585
631.000000 0.084779
632.000000 0.086938
633.000000 0.089160
634.000000 0.091542
635.000000 0.093891
636.000000 0.096279
637.000000 0.098819
638.000000 0.101279
639.000000 0.103665
640.000000 0.106111
641.000000 0.108568
642.000000 0.110851
643.000000 0.113048
644.000000 0.115351
645.000000 0.117524
646.000000 0.119595
647.000000 0.121672
648.000000 0.123676
649.000000 0.125526
650.000000 0.127218
651.000000 0.128868
652.000000 0.130505
653.000000 0.131996
654.000000 0.133412
655.000000 0.134780
656.000000 0.136069
657.000000 0.137269
658.000000 0.138364
659.000000 0.139483
660.000000 0.140648
661.000000 0.141719
662.000000 0.142762
663.000000 0.143983
664.000000 0.145294
665.000000 0.146617
666.000000 0.147977
667.000000 0.149432
668.000000 0.151024
669.000000 0.152736
670.000000 0.154570
671.000000 0.156616
672.000000 0.158923
673.000000 0.161476
674.000000 0.164086
675.000000 0.166881
676.000000 0.170046
677.000000 0.173512
678.000000 0.177284
679.000000 0.181166
680.000000 0.185241
681.000000 0.189782
682.000000 0.194731
683.000000 0.199968
684.000000 0.205317
685.000000 0.210859
686.000000 0.216755
687.000000 0.222931
688.000000 0.229364
689.000000 0.235941
690.000000 0.242357
691.000000 0.248867
692.000000 0.255703
693.000000 0.262608
694.000000 0.269510
695.000000 0.276389
696.000000 0.282921
697.000000 0.289213
698.000000 0.295533
699.000000 0.301639
700.000000 0.307456
701.000000 0.312882
702.000000 0.317672
703.000000 0.322005
704.000000 0.326104
705.000000 0.329728
706.000000 0.332809
707.000000 0.335262
708.000000 0.337001
709.000000 0.338091
710.000000 0.338618
711.000000 0.338535
712.000000 0.337759
713.000000 0.336318
714.000000 0.334218
715.000000 0.331444
716.000000 0.327999
717.000000 0.323893
718.000000 0.319211
719.000000 0.314294
720.000000 0.309027
721.000000 0.303115
722.000000 0.296700
723.000000 0.289947
724.000000 0.282935
725.000000 0.275687
726.000000 0.268327
727.000000 0.260865
728.000000 0.253202
729.000000 0.245335
730.000000 0.237391
731.000000 0.229946
732.000000 0.222665
733.000000 0.215046
734.000000 0.207361
735.000000 0.199702
736.000000 0.192159
737.000000 0.184741
738.000000 0.177440
739.000000 0.170260
740.000000 0.163256
741.000000 0.156429
742.000000 0.149812
743.000000 0.143428
744.000000 0.137209
745.000000 0.131140
746.000000 0.125265
747.000000 0.119570
748.000000 0.114056
749.000000 0.108716
750.000000 0.103569
751.000000 0.098651
752.000000 0.093936
753.000000 0.089402
754.000000 0.085036
755.000000 0.080793
756.000000 0.076722
757.000000 0.072824
758.000000 0.069075
759.000000 0.065474
760.000000 0.061964
761.000000 0.058613
762.000000 0.055410
763.000000 0.052401
764.000000 0.049562
765.000000 0.046752
766.000000 0.044003
767.000000 0.041425
768.000000 0.039073
769.000000 0.036889
770.000000 0.034803
771.000000 0.032819
772.000000 0.030951
773.000000 0.029180
774.000000 0.027520
775.000000 0.025942
776.000000 0.024346
777.000000 0.022833
778.000000 0.021527
779.000000 0.020370
780.000000 0.019277
781.000000 0.018251
782.000000 0.017317
783.000000 0.016437
784.000000 0.015620
785.000000 0.014901
786.000000 0.014227
787.000000 0.013553
788.000000 0.012975
789.000000 0.012450
790.000000 0.011945
791.000000 0.011507
792.000000 0.011138
793.000000 0.010794
794.000000 0.010445
795.000000 0.010115
796.000000 0.009849
797.000000 0.009646
798.000000 0.009427
799.000000 0.009195
800.000000 0.009017
801.000000 0.008917
802.000000 0.008848
803.000000 0.008786
804.000000 0.008740
805.000000 0.008662
806.000000 0.008547
807.000000 0.008416
808.000000 0.008329
809.000000 0.008273
810.000000 0.008204
811.000000 0.008168
812.000000 0.008122
813.000000 0.008085
814.000000 0.008042
815.000000 0.007983
816.000000 0.007939
817.000000 0.007885
818.000000 0.007832
819.000000 0.007743
820.000000 0.007664
821.000000 0.007635
822.000000 0.007582
823.000000 0.007465
824.000000 0.007303
825.000000 0.007181
826.000000 0.007103
827.000000 0.007016
828.000000 0.006895
829.000000 0.006779
830.000000 0.006676
831.000000 0.006569
832.000000 0.006476
833.000000 0.006336
834.000000 0.006194
835.000000 0.006087
836.000000 0.005962
837.000000 0.005835
838.000000 0.005741
839.000000 0.005637
840.000000 0.005478
841.000000 0.005308
842.000000 0.005157
843.000000 0.005019
844.000000 0.004874
845.000000 0.004748
846.000000 0.004619
847.000000 0.004489
848.000000 0.004346
849.000000 0.004204
850.000000 0.004093
851.000000 0.003955
852.000000 0.003820
853.000000 0.003669
854.000000 0.003531
855.000000 0.003423
856.000000 0.003302
857.000000 0.003215
858.000000 0.003139
859.000000 0.003006
860.000000 0.002889
861.000000 0.002825
862.000000 0.002759
863.000000 0.002657
864.000000 0.002544
865.000000 0.002460
866.000000 0.002386
867.000000 0.002310
868.000000 0.002239
869.000000 0.002162
870.000000 0.002119
871.000000 0.002087
872.000000 0.002015
873.000000 0.001945
874.000000 0.001854
875.000000 0.001743
876.000000 0.001681
877.000000 0.001644
878.000000 0.001571
879.000000 0.001495
880.000000 0.001438
881.000000 0.001387
882.000000 0.001352
883.000000 0.001346
884.000000 0.001338
885.000000 0.001296
886.000000 0.001253
887.000000 0.001211
888.000000 0.001138
889.000000 0.001059
890.000000 0.001013
891.000000 0.000969
892.000000 0.000915
893.000000 0.000862
894.000000 0.000807
895.000000 0.000770
896.000000 0.000748
897.000000 0.000748
898.000000 0.000736
899.000000 0.000689
900.000000 0.000654
