315.000000 0.117420
316.000000 0.117823
317.000000 0.118954
318.000000 0.119674
319.000000 0.120207
320.000000 0.120759
321.000000 0.121725
322.000000 0.122903
323.000000 0.124219
324.000000 0.125918
325.000000 0.127129
326.000000 0.128005
327.000000 0.129016
328.000000 0.129792
329.000000 0.130494
330.000000 0.132017
331.000000 0.133884
332.000000 0.135331
333.000000 0.136946
334.000000 0.138841
335.000000 0.140943
336.000000 0.143442
337.000000 0.145532
338.000000 0.147494
339.000000 0.149889
340.000000 0.152431
341.000000 0.155247
342.000000 0.158003
343.000000 0.160388
344.000000 0.163043
345.000000 0.165780
346.000000 0.167800
347.000000 0.169344
348.000000 0.171056
349.000000 0.172802
350.000000 0.174078
351.000000 0.175118
352.000000 0.175941
353.000000 0.176415
354.000000 0.176534
355.000000 0.176331
356.000000 0.176043
357.000000 0.175649
358.000000 0.175115
359.000000 0.174372
360.000000 0.173376
361.000000 0.172209
362.000000 0.171038
363.000000 0.169869
364.000000 0.168715
365.000000 0.167640
366.000000 0.166387
367.000000 0.164945
368.000000 0.163493
369.000000 0.161873
370.000000 0.160248
371.000000 0.158266
372.000000 0.156115
373.000000 0.154294
374.000000 0.151872
375.000000 0.148743
376.000000 0.145750
377.000000 0.142668
378.000000 0.139635
379.000000 0.136803
380.000000 0.133711
381.000000 0.130753
382.000000 0.128231
383.000000 0.125966
384.000000 0.123418
385.000000 0.121014
386.000000 0.119115
387.000000 0.117352
388.000000 0.115722
389.000000 0.114430
390.000000 0.113409
391.000000 0.112543
392.000000 0.111997
393.000000 0.111685
394.000000 0.111417
395.000000 0.111118
396.000000 0.110890
397.000000 0.110921
398.000000 0.111211
399.000000 0.111633
400.000000 0.112038
401.000000 0.112304
402.000000 0.112546
403.000000 0.112937
404.000000 0.113298
405.000000 0.113781
406.000000 0.114350
407.000000 0.114766
408.000000 0.115226
409.000000 0.115623
410.000000 0.115990
411.000000 0.116419
412.000000 0.116648
413.000000 0.116880
414.000000 0.117447
415.000000 0.118089
416.000000 0.118905
417.000000 0.119962
418.000000 0.121398
419.000000 0.123254
420.000000 0.125494
421.000000 0.128331
422.000000 0.131583
423.000000 0.135326
424.000000 0.139498
425.000000 0.143799
426.000000 0.148520
427.000000 0.153403
428.000000 0.157863
429.000000 0.162112
430.000000 0.165942
431.000000 0.169020
432.000000 0.171330
433.000000 0.172640
434.000000 0.172775
435.000000 0.171766
436.000000 0.169644
437.000000 0.166508
438.000000 0.162640
439.000000 0.158155
440.000000 0.152935
441.000000 0.147483
442.000000 0.142152
443.000000 0.136460
444.000000 0.130554
445.000000 0.124901
446.000000 0.119262
447.000000 0.113759
448.000000 0.108556
449.000000 0.103681
450.000000 0.099255
451.000000 0.094967
452.000000 0.090896
453.000000 0.087236
454.000000 0.083782
455.000000 0.080588
456.000000 0.077679
457.000000 0.074919
458.000000 0.072361
459.000000 0.069940
460.000000 0.067629
461.000000 0.065465
462.000000 0.063368
463.000000 0.061280
464.000000 0.059237
465.000000 0.057247
466.000000 0.055350
467.000000 0.053542
468.000000 0.051777
469.000000 0.050029
470.000000 0.048323
471.000000 0.046760
472.000000 0.045161
473.000000 0.043567
474.000000 0.042075
475.000000 0.040622
476.000000 0.039260
477.000000 0.037866
478.000000 0.036441
479.000000 0.035159
480.000000 0.034054
481.000000 0.032955
482.000000 0.031921
483.000000 0.030961
484.000000 0.029957
485.000000 0.028973
486.000000 0.028027
487.000000 0.027203
488.000000 0.026484
489.000000 0.025525
490.000000 0.024519
491.000000 0.023730
492.000000 0.023281
493.000000 0.022795
494.000000 0.022098
495.000000 0.021694
496.000000 0.021344
497.000000 0.020731
498.000000 0.020204
499.000000 0.019962
500.000000 0.020088
501.000000 0.020376
502.000000 0.020389
503.000000 0.020320
504.000000 0.020117
505.000000 0.019804
506.000000 0.019651
507.000000 0.019512
508.000000 0.019544
509.000000 0.019796
510.000000 0.019915
511.000000 0.019890
512.000000 0.019650
513.000000 0.019520
514.000000 0.019642
515.000000 0.019651
516.000000 0.019618
517.000000 0.019687
518.000000 0.019655
519.000000 0.019687
520.000000 0.020052
521.000000 0.020366
522.000000 0.020542
523.000000 0.020642
524.000000 0.020701
525.000000 0.020810
526.000000 0.020840
527.000000 0.021140
528.000000 0.021532
529.000000 0.021573
530.000000 0.021727
531.000000 0.022101
532.000000 0.022237
533.000000 0.022432
534.000000 0.023068
535.000000 0.023449
536.000000 0.023453
537.000000 0.023775
538.000000 0.024342
539.000000 0.024809
540.000000 0.025320
541.000000 0.025944
542.000000 0.026670
543.000000 0.027789
544.000000 0.029080
545.000000 0.030224
546.000000 0.031426
547.000000 0.032727
548.000000 0.034034
549.000000 0.035157
550.000000 0.036197
551.000000 0.037400
552.000000 0.038753
553.000000 0.040113
554.000000 0.041276
555.000000 0.042349
556.000000 0.043451
557.000000 0.044585
558.000000 0.045843
559.000000 0.046929
560.000000 0.047887
561.000000 0.048835
562.000000 0.049795
563.000000 0.050756
564.000000 0.051530
565.000000 0.052343
566.000000 0.053169
567.000000 0.053955
568.000000 0.054675
569.000000 0.055417
570.000000 0.056299
571.000000 0.057186
572.000000 0.058036
573.000000 0.059011
574.000000 0.060254
575.000000 0.061601
576.000000 0.062953
577.000000 0.064389
578.000000 0.066024
579.000000 0.067817
580.000000 0.069701
581.000000 0.071756
582.000000 0.073896
583.000000 0.076132
584.000000 0.078432
585.000000 0.080895
586.000000 0.083646
587.000000 0.086414
588.000000 0.089330
589.000000 0.092421
590.000000 0.095478
591.000000 0.098613
592.000000 0.101760
593.000000 0.104933
594.000000 0.108070
595.000000 0.111265
596.000000 0.114613
597.000000 0.117916
598.000000 0.121299
599.000000 0.124759
600.000000 0.128080
601.000000 0.131001
602.000000 0.134181
603.000000 0.137816
604.000000 0.141308
605.000000 0.144762
606.000000 0.148288
607.000000 0.151931
608.000000 0.155525
609.000000 0.159097
610.000000 0.162977
611.000000 0.166956
612.000000 0.171003
613.000000 0.175203
614.000000 0.179582
615.000000 0.184401
616.000000 0.189243
617.000000 0.194283
618.000000 0.199923
619.000000 0.205654
620.000000 0.211685
621.000000 0.218432
622.000000 0.225395
623.000000 0.232640
624.000000 0.240589
625.000000 0.248772
626.000000 0.257433
627.000000 0.266996
628.000000 0.276622
629.000000 0.286634
630.000000 0.297661
631.000000 0.309278
632.000000 0.320936
633.000000 0.333004
634.000000 0.346060
635.000000 0.359206
636.000000 0.372522
637.000000 0.386676
638.000000 0.400788
639.000000 0.414835
640.000000 0.429436
641.000000 0.444311
642.000000 0.458449
643.000000 0.472230
644.000000 0.486635
645.000000 0.500462
646.000000 0.513728
647.000000 0.527055
648.000000 0.540060
649.000000 0.552176
650.000000 0.563496
651.000000 0.574512
652.000000 0.585109
653.000000 0.594691
654.000000 0.603398
655.000000 0.611593
656.000000 0.619136
657.000000 0.625941
658.000000 0.632071
659.000000 0.637802
660.000000 0.643086
661.000000 0.647869
662.000000 0.652392
663.000000 0.656927
664.000000 0.661418
665.000000 0.665808
666.000000 0.670244
667.000000 0.674934
668.000000 0.680019
669.000000 0.685424
670.000000 0.691232
671.000000 0.697820
672.000000 0.705260
673.000000 0.713772
674.000000 0.722888
675.000000 0.732996
676.000000 0.744832
677.000000 0.758046
678.000000 0.772696
679.000000 0.788243
680.000000 0.805130
681.000000 0.824235
682.000000 0.845284
683.000000 0.868074
684.000000 0.891877
685.000000 0.917187
686.000000 0.944895
687.000000 0.974638
688.000000 1.006416
689.000000 1.040019
690.000000 1.073756
691.000000 1.108541
692.000000 1.146342
693.000000 1.186010
694.000000 1.226589
695.000000 1.268195
696.000000 1.309069
697.000000 1.349719
698.000000 1.392390
699.000000 1.435421
700.000000 1.478234
701.000000 1.520415
702.000000 1.559996
703.000000 1.597479
704.000000 1.634540
705.000000 1.670029
706.000000 1.702973
707.000000 1.732884
708.000000 1.759510
709.000000 1.782770
710.000000 1.801919
711.000000 1.816793
712.000000 1.828322
713.000000 1.835838
714.000000 1.838541
715.000000 1.836203
716.000000 1.829076
717.000000 1.817419
718.000000 1.800737
719.000000 1.780158
720.000000 1.756107
721.000000 1.727370
722.000000 1.694642
723.000000 1.659015
724.000000 1.620929
725.000000 1.580768
726.000000 1.538648
727.000000 1.494616
728.000000 1.448852
729.000000 1.401944
730.000000 1.354502
731.000000 1.309672
732.000000 1.265372
733.000000 1.219234
734.000000 1.172858
735.000000 1.126508
736.000000 1.080755
737.000000 1.035838
738.000000 0.991929
739.000000 0.949014
740.000000 0.907003
741.000000 0.866454
742.000000 0.827621
743.000000 0.790265
744.000000 0.754278
745.000000 0.719422
746.000000 0.685902
747.000000 0.653518
748.000000 0.622294
749.000000 0.592402
750.000000 0.563774
751.000000 0.536382
752.000000 0.510092
753.000000 0.484740
754.000000 0.460340
755.000000 0.436896
756.000000 0.414301
757.000000 0.392581
758.000000 0.371789
759.000000 0.351760
760.000000 0.332475
761.000000 0.314093
762.000000 0.296542
763.000000 0.279763
764.000000 0.263658
765.000000 0.248061
766.000000 0.233088
767.000000 0.218900
768.000000 0.205524
769.000000 0.192857
770.000000 0.180753
771.000000 0.169231
772.000000 0.158302
773.000000 0.148000
774.000000 0.138264
775.000000 0.129025
776.000000 0.119725
777.000000 0.110712
778.000000 0.102663
779.000000 0.095276
780.000000 0.088373
781.000000 0.081873
782.000000 0.075782
783.000000 0.070054
784.000000 0.064675
785.000000 0.059676
786.000000 0.055010
787.000000 0.050654
788.000000 0.046517
789.000000 0.042695
790.000000 0.039296
791.000000 0.036120
792.000000 0.033177
793.000000 0.030485
794.000000 0.028001
795.000000 0.025666
796.000000 0.023525
797.000000 0.021564
798.000000 0.019721
799.000000 0.018071
800.000000 0.016618
801.000000 0.015349
802.000000 0.014227
803.000000 0.013228
804.000000 0.012223
805.000000 0.011222
806.000000 0.010310
807.000000 0.009476
808.000000 0.008780
809.000000 0.008151
810.000000 0.007531
811.000000 0.006991
812.000000 0.006524
813.000000 0.006123
814.000000 0.005700
815.000000 0.005272
816.000000 0.004925
817.000000 0.004669
818.000000 0.004467
819.000000 0.004218
820.000000 0.003962
821.000000 0.003738
822.000000 0.003522
823.000000 0.003310
824.000000 0.003114
825.000000 0.002993
826.000000 0.002883
827.000000 0.002750
828.000000 0.002609
829.000000 0.002499
830.000000 0.002444
831.000000 0.002353
832.000000 0.002267
833.000000 0.002176
834.000000 0.002038
835.000000 0.001939
836.000000 0.001891
837.000000 0.001859
838.000000 0.001835
839.000000 0.001797
840.000000 0.001721
841.000000 0.001636
842.000000 0.001578
843.000000 0.001534
844.000000 0.001459
845.000000 0.001394
846.000000 0.001349
847.000000 0.001336
848.000000 0.001327
849.000000 0.001270
850.000000 0.001222
851.000000 0.001192
852.000000 0.001179
853.000000 0.001111
854.000000 0.001018
855.000000 0.001012
856.000000 0.001025
857.000000 0.001033
858.000000 0.001038
859.000000 0.000980
860.000000 0.000950
861.000000 0.000974
862.000000 0.000976
863.000000 0.000946
864.000000 0.000903
865.000000 0.000891
866.000000 0.000895
867.000000 0.000883
868.000000 0.000860
869.000000 0.000809
870.000000 0.000763
871.000000 0.000755
872.000000 0.000760
873.000000 0.000788
874.000000 0.000790
875.000000 0.000752
876.000000 0.000718
877.000000 0.000686
878.000000 0.000660
879.000000 0.000633
880.000000 0.000665
881.000000 0.000688
882.000000 0.000637
883.000000 0.000598
884.000000 0.000587
885.000000 0.000569
886.000000 0.000539
887.000000 0.000509
888.000000 0.000476
889.000000 0.000443
890.000000 0.000435
891.000000 0.000404
892.000000 0.000355
893.000000 0.000330
894.000000 0.000314
895.000000 0.000294
896.000000 0.000291
897.000000 0.000329
898.000000 0.000346
899.000000 0.000334
900.000000 0.000323
