315.000000 0.086474
316.000000 0.087009
317.000000 0.087903
318.000000 0.089211
319.000000 0.090970
320.000000 0.093162
321.000000 0.095277
322.000000 0.097175
323.000000 0.098636
324.000000 0.100741
325.000000 0.103693
326.000000 0.106099
327.000000 0.108369
328.000000 0.110837
329.000000 0.113547
330.000000 0.116661
331.000000 0.119370
332.000000 0.121902
333.000000 0.124863
334.000000 0.128043
335.000000 0.131564
336.000000 0.135511
337.000000 0.139105
338.000000 0.142407
339.000000 0.145796
340.000000 0.149086
341.000000 0.152482
342.000000 0.155994
343.000000 0.159681
344.000000 0.163268
345.000000 0.166487
346.000000 0.169328
347.000000 0.171956
348.000000 0.174516
349.000000 0.176585
350.000000 0.178175
351.000000 0.179448
352.000000 0.180095
353.000000 0.180063
354.000000 0.179848
355.000000 0.179413
356.000000 0.178788
357.000000 0.178056
358.000000 0.177221
359.000000 0.176239
360.000000 0.174890
361.000000 0.173571
362.000000 0.172359
363.000000 0.171059
364.000000 0.169628
365.000000 0.168092
366.000000 0.166475
367.000000 0.164663
368.000000 0.162748
369.000000 0.160589
370.000000 0.158472
371.000000 0.156297
372.000000 0.153561
373.000000 0.150665
374.000000 0.147495
375.000000 0.143811
376.000000 0.139844
377.000000 0.135921
378.000000 0.131834
379.000000 0.127422
380.000000 0.123933
381.000000 0.121258
382.000000 0.118331
383.000000 0.115443
384.000000 0.112847
385.000000 0.110537
386.000000 0.108545
387.000000 0.106965
388.000000 0.105687
389.000000 0.104448
390.000000 0.103334
391.000000 0.102684
392.000000 0.102598
393.000000 0.102775
394.000000 0.103015
395.000000 0.103281
396.000000 0.103476
397.000000 0.103861
398.000000 0.104671
399.000000 0.105673
400.000000 0.106711
401.000000 0.107791
402.000000 0.108906
403.000000 0.109897
404.000000 0.110956
405.000000 0.112159
406.000000 0.113325
407.000000 0.114297
408.000000 0.115053
409.000000 0.115847
410.000000 0.117001
411.000000 0.118094
412.000000 0.118983
413.000000 0.120120
414.000000 0.121373
415.000000 0.123120
416.000000 0.125509
417.000000 0.128304
418.000000 0.131551
419.000000 0.135290
420.000000 0.139848
421.000000 0.145142
422.000000 0.150659
423.000000 0.156754
424.000000 0.163659
425.000000 0.170707
426.000000 0.177793
427.000000 0.184436
428.000000 0.190072
429.000000 0.195116
430.000000 0.199215
431.000000 0.201878
432.000000 0.203204
433.000000 0.202960
434.000000 0.201140
435.000000 0.197764
436.000000 0.193012
437.000000 0.187030
438.000000 0.180109
439.000000 0.172874
440.000000 0.165186
441.000000 0.157491
442.000000 0.150061
443.000000 0.142408
444.000000 0.134880
445.000000 0.127923
446.000000 0.121174
447.000000 0.114804
448.000000 0.108840
449.000000 0.103326
450.000000 0.098589
451.000000 0.094107
452.000000 0.089775
453.000000 0.085972
454.000000 0.082526
455.000000 0.079288
456.000000 0.076285
457.000000 0.073504
458.000000 0.070969
459.000000 0.068471
460.000000 0.066073
461.000000 0.063939
462.000000 0.061859
463.000000 0.059758
464.000000 0.057697
465.000000 0.055698
466.000000 0.053906
467.000000 0.052209
468.000000 0.050500
469.000000 0.048908
470.000000 0.047394
471.000000 0.045951
472.000000 0.044577
473.000000 0.043256
474.000000 0.041919
475.000000 0.040607
476.000000 0.039449
477.000000 0.038379
478.000000 0.037353
479.000000 0.036287
480.000000 0.035289
481.000000 0.034448
482.000000 0.033642
483.000000 0.032874
484.000000 0.032096
485.000000 0.031323
486.000000 0.030615
487.000000 0.029959
488.000000 0.029288
489.000000 0.028523
490.000000 0.027833
491.000000 0.027384
492.000000 0.027172
493.000000 0.026944
494.000000 0.026821
495.000000 0.026508
496.000000 0.026061
497.000000 0.025396
498.000000 0.024681
499.000000 0.024423
500.000000 0.024430
501.000000 0.024323
502.000000 0.024042
503.000000 0.023745
504.000000 0.023650
505.000000 0.023926
506.000000 0.023972
507.000000 0.023644
508.000000 0.023387
509.000000 0.023427
510.000000 0.023646
511.000000 0.023875
512.000000 0.023897
513.000000 0.023772
514.000000 0.023595
515.000000 0.023757
516.000000 0.024064
517.000000 0.023865
518.000000 0.023588
519.000000 0.023534
520.000000 0.023852
521.000000 0.024376
522.000000 0.024799
523.000000 0.025134
524.000000 0.025493
525.000000 0.025825
526.000000 0.026195
527.000000 0.026730
528.000000 0.027235
529.000000 0.027886
530.000000 0.028556
531.000000 0.029427
532.000000 0.030191
533.000000 0.030615
534.000000 0.031223
535.000000 0.031891
536.000000 0.032625
537.000000 0.033356
538.000000 0.033918
539.000000 0.034823
540.000000 0.035952
541.000000 0.036985
542.000000 0.038103
543.000000 0.039259
544.000000 0.040478
545.000000 0.041803
546.000000 0.042871
547.000000 0.043973
548.000000 0.045224
549.000000 0.046513
550.000000 0.047630
551.000000 0.048610
552.000000 0.049803
553.000000 0.050985
554.000000 0.052158
555.000000 0.053328
556.000000 0.054416
557.000000 0.055399
558.000000 0.056746
559.000000 0.058423
560.000000 0.060104
561.000000 0.061725
562.000000 0.063338
563.000000 0.064970
564.000000 0.066725
565.000000 0.068534
566.000000 0.070453
567.000000 0.072825
568.000000 0.075312
569.000000 0.077932
570.000000 0.080785
571.000000 0.083673
572.000000 0.086674
573.000000 0.089845
574.000000 0.093260
575.000000 0.096801
576.000000 0.100563
577.000000 0.104194
578.000000 0.107996
579.000000 0.112269
580.000000 0.116666
581.000000 0.121215
582.000000 0.125737
583.000000 0.130499
584.000000 0.135481
585.000000 0.140485
586.000000 0.145639
587.000000 0.150755
588.000000 0.155810
589.000000 0.161049
590.000000 0.166352
591.000000 0.171898
592.000000 0.177344
593.000000 0.182558
594.000000 0.187797
595.000000 0.193075
596.000000 0.198472
597.000000 0.203768
598.000000 0.209105
599.000000 0.214733
600.000000 0.220438
601.000000 0.226187
602.000000 0.231911
603.000000 0.237651
604.000000 0.243737
605.000000 0.249846
606.000000 0.256160
607.000000 0.262965
608.000000 0.269892
609.000000 0.277024
610.000000 0.284587
611.000000 0.292359
612.000000 0.300623
613.000000 0.309313
614.000000 0.318362
615.000000 0.328236
616.000000 0.338244
617.000000 0.348674
618.000000 0.360191
619.000000 0.372003
620.000000 0.384410
621.000000 0.397968
622.000000 0.411868
623.000000 0.426221
624.000000 0.441674
625.000000 0.457474
626.000000 0.473886
627.000000 0.491599
628.000000 0.509314
629.000000 0.527401
630.000000 0.546804
631.000000 0.566866
632.000000 0.586598
633.000000 0.606496
634.000000 0.627468
635.000000 0.648190
636.000000 0.668862
637.000000 0.690144
638.000000 0.710710
639.000000 0.730712
640.000000 0.750880
641.000000 0.770664
642.000000 0.789002
643.000000 0.806266
644.000000 0.823545
645.000000 0.839664
646.000000 0.854762
647.000000 0.869501
648.000000 0.883543
649.000000 0.896301
650.000000 0.907981
651.000000 0.919109
652.000000 0.929501
653.000000 0.938865
654.000000 0.947333
655.000000 0.955510
656.000000 0.963391
657.000000 0.970707
658.000000 0.977868
659.000000 0.985367
660.000000 0.993061
661.000000 1.000729
662.000000 1.008798
663.000000 1.017871
664.000000 1.027831
665.000000 1.038352
666.000000 1.049775
667.000000 1.062696
668.000000 1.077073
669.000000 1.092340
670.000000 1.108863
671.000000 1.127620
672.000000 1.148491
673.000000 1.171465
674.000000 1.194954
675.000000 1.220087
676.000000 1.248955
677.000000 1.280547
678.000000 1.314633
679.000000 1.349636
680.000000 1.386349
681.000000 1.426522
682.000000 1.469216
683.000000 1.514615
684.000000 1.561026
685.000000 1.608648
686.000000 1.659877
687.000000 1.713484
688.000000 1.768180
689.000000 1.824127
690.000000 1.879452
691.000000 1.933653
692.000000 1.989092
693.000000 2.045082
694.000000 2.100969
695.000000 2.156508
696.000000 2.208287
697.000000 2.255405
698.000000 2.301118
699.000000 2.343970
700.000000 2.383730
701.000000 2.419166
702.000000 2.448240
703.000000 2.472605
704.000000 2.492921
705.000000 2.506562
706.000000 2.513083
707.000000 2.515610
708.000000 2.512620
709.000000 2.502723
710.000000 2.489215
711.000000 2.469983
712.000000 2.444006
713.000000 2.412639
714.000000 2.376339
715.000000 2.334277
716.000000 2.285183
717.000000 2.232361
718.000000 2.177175
719.000000 2.122738
720.000000 2.066354
721.000000 2.005107
722.000000 1.941875
723.000000 1.878168
724.000000 1.813821
725.000000 1.749348
726.000000 1.685393
727.000000 1.621538
728.000000 1.557668
729.000000 1.494201
730.000000 1.431740
731.000000 1.374322
732.000000 1.318992
733.000000 1.262154
734.000000 1.205794
735.000000 1.150354
736.000000 1.096120
737.000000 1.043800
738.000000 0.992841
739.000000 0.943032
740.000000 0.894882
741.000000 0.848532
742.000000 0.804080
743.000000 0.761207
744.000000 0.719715
745.000000 0.679510
746.000000 0.640797
747.000000 0.603574
748.000000 0.567861
749.000000 0.533616
750.000000 0.500860
751.000000 0.469513
752.000000 0.439512
753.000000 0.410836
754.000000 0.383507
755.000000 0.357605
756.000000 0.333070
757.000000 0.309826
758.000000 0.287817
759.000000 0.267001
760.000000 0.247324
761.000000 0.228805
762.000000 0.211438
763.000000 0.195188
764.000000 0.179975
765.000000 0.165608
766.000000 0.152082
767.000000 0.139560
768.000000 0.128073
769.000000 0.117490
770.000000 0.107660
771.000000 0.098587
772.000000 0.090253
773.000000 0.082623
774.000000 0.075579
775.000000 0.069132
776.000000 0.062830
777.000000 0.056837
778.000000 0.051647
779.000000 0.047004
780.000000 0.042766
781.000000 0.038907
782.000000 0.035471
783.000000 0.032368
784.000000 0.029502
785.000000 0.026847
786.000000 0.024443
787.000000 0.022326
788.000000 0.020288
789.000000 0.018329
790.000000 0.016628
791.000000 0.015148
792.000000 0.013819
793.000000 0.012580
794.000000 0.011480
795.000000 0.010507
796.000000 0.009628
797.000000 0.008779
798.000000 0.007962
799.000000 0.007306
800.000000 0.006735
801.000000 0.006123
802.000000 0.005569
803.000000 0.005118
804.000000 0.004675
805.000000 0.004251
806.000000 0.003897
807.000000 0.003533
808.000000 0.003230
809.000000 0.002996
810.000000 0.002714
811.000000 0.002496
812.000000 0.002354
813.000000 0.002219
814.000000 0.002093
815.000000 0.001976
816.000000 0.001743
817.000000 0.001473
818.000000 0.001318
819.000000 0.001181
820.000000 0.001050
821.000000 0.000909
822.000000 0.000776
823.000000 0.000711
824.000000 0.000599
825.000000 0.000531
826.000000 0.000550
827.000000 0.000531
828.000000 0.000494
829.000000 0.000459
830.000000 0.000401
831.000000 0.000335
832.000000 0.000278
833.000000 0.000228
834.000000 0.000166
835.000000 0.000154
836.000000 0.000139
837.000000 0.000065
838.000000 0.000039
839.000000 0.000037
840.000000 0.000006
841.000000 -0.000065
842.000000 -0.000119
843.000000 -0.000162
844.000000 -0.000177
845.000000 -0.000164
846.000000 -0.000201
847.000000 -0.000245
848.000000 -0.000278
849.000000 -0.000297
850.000000 -0.000300
851.000000 -0.000371
852.000000 -0.000480
853.000000 -0.000475
854.000000 -0.000443
855.000000 -0.000457
856.000000 -0.000431
857.000000 -0.000440
858.000000 -0.000499
859.000000 -0.000520
860.000000 -0.000499
861.000000 -0.000501
862.000000 -0.000511
863.000000 -0.000474
864.000000 -0.000417
865.000000 -0.000404
866.000000 -0.000417
867.000000 -0.000432
868.000000 -0.000445
869.000000 -0.000477
870.000000 -0.000492
871.000000 -0.000529
872.000000 -0.000567
873.000000 -0.000555
874.000000 -0.000559
875.000000 -0.000564
876.000000 -0.000561
877.000000 -0.000570
878.000000 -0.000571
879.000000 -0.000563
880.000000 -0.000602
881.000000 -0.000616
882.000000 -0.000605
883.000000 -0.000612
884.000000 -0.000626
885.000000 -0.000681
886.000000 -0.000703
887.000000 -0.000737
888.000000 -0.000789
889.000000 -0.000763
890.000000 -0.000724
891.000000 -0.000687
892.000000 -0.000689
893.000000 -0.000747
894.000000 -0.000775
895.000000 -0.000795
896.000000 -0.000817
897.000000 -0.000815
898.000000 -0.000831
899.000000 -0.000821
900.000000 -0.000790
