315.000000 0.069385
316.000000 0.065861
317.000000 0.063716
318.000000 0.062652
319.000000 0.061239
320.000000 0.059523
321.000000 0.058581
322.000000 0.058122
323.000000 0.057200
324.000000 0.056969
325.000000 0.056599
326.000000 0.055859
327.000000 0.055528
328.000000 0.055112
329.000000 0.054477
330.000000 0.054356
331.000000 0.054062
332.000000 0.053418
333.000000 0.053195
334.000000 0.053091
335.000000 0.052824
336.000000 0.052335
337.000000 0.052092
338.000000 0.052614
339.000000 0.053067
340.000000 0.053192
341.000000 0.053715
342.000000 0.054509
343.000000 0.055057
344.000000 0.055918
345.000000 0.057114
346.000000 0.058184
347.000000 0.059373
348.000000 0.060750
349.000000 0.062111
350.000000 0.063369
351.000000 0.064725
352.000000 0.066185
353.000000 0.067550
354.000000 0.068912
355.000000 0.070506
356.000000 0.072253
357.000000 0.073977
358.000000 0.075702
359.000000 0.077659
360.000000 0.080110
361.000000 0.082943
362.000000 0.085883
363.000000 0.088937
364.000000 0.091804
365.000000 0.094310
366.000000 0.096526
367.000000 0.098448
368.000000 0.099987
369.000000 0.101148
370.000000 0.101868
371.000000 0.102154
372.000000 0.102139
373.000000 0.102035
374.000000 0.101776
375.000000 0.101782
376.000000 0.102186
377.000000 0.102533
378.000000 0.103345
379.000000 0.104286
380.000000 0.105388
381.000000 0.107085
382.000000 0.108699
383.000000 0.109859
384.000000 0.110668
385.000000 0.111402
386.000000 0.111535
387.000000 0.111021
388.000000 0.110013
389.000000 0.108269
390.000000 0.105867
391.000000 0.102761
392.000000 0.098726
393.000000 0.094326
394.000000 0.090133
395.000000 0.085596
396.000000 0.081077
397.000000 0.076911
398.000000 0.072854
399.000000 0.069326
400.000000 0.066489
401.000000 0.064011
402.000000 0.061843
403.000000 0.060043
404.000000 0.058826
405.000000 0.058061
406.000000 0.057646
407.000000 0.057630
408.000000 0.057810
409.000000 0.058021
410.000000 0.058528
411.000000 0.059314
412.000000 0.060180
413.000000 0.060943
414.000000 0.061811
415.000000 0.062765
416.000000 0.063485
417.000000 0.064135
418.000000 0.064773
419.000000 0.065398
420.000000 0.066151
421.000000 0.066915
422.000000 0.067339
423.000000 0.067595
424.000000 0.067773
425.000000 0.067698
426.000000 0.067549
427.000000 0.067480
428.000000 0.067275
429.000000 0.067103
430.000000 0.066921
431.000000 0.066595
432.000000 0.066264
433.000000 0.065971
434.000000 0.065778
435.000000 0.065651
436.000000 0.065655
437.000000 0.065869
438.000000 0.066193
439.000000 0.066651
440.000000 0.067194
441.000000 0.067812
442.000000 0.068363
443.000000 0.068785
444.000000 0.069240
445.000000 0.069601
446.000000 0.069817
447.000000 0.069879
448.000000 0.069634
449.000000 0.069145
450.000000 0.068340
451.000000 0.067095
452.000000 0.065608
453.000000 0.064002
454.000000 0.062027
455.000000 0.059681
456.000000 0.057060
457.000000 0.054263
458.000000 0.051570
459.000000 0.048811
460.000000 0.045934
461.000000 0.043126
462.000000 0.040398
463.000000 0.037823
464.000000 0.035315
465.000000 0.032936
466.000000 0.030871
467.000000 0.029001
468.000000 0.027311
469.000000 0.025766
470.000000 0.024470
471.000000 0.023420
472.000000 0.022362
473.000000 0.021368
474.000000 0.020609
475.000000 0.019997
476.000000 0.019418
477.000000 0.018916
478.000000 0.018510
479.000000 0.018109
480.000000 0.017753
481.000000 0.017394
482.000000 0.017023
483.000000 0.016719
484.000000 0.016422
485.000000 0.016087
486.000000 0.015741
487.000000 0.015455
488.000000 0.015146
489.000000 0.014448
490.000000 0.013398
491.000000 0.012939
492.000000 0.012932
493.000000 0.012729
494.000000 0.012584
495.000000 0.012467
496.000000 0.012324
497.000000 0.012079
498.000000 0.011806
499.000000 0.011529
500.000000 0.011049
501.000000 0.010574
502.000000 0.010078
503.000000 0.009674
504.000000 0.009484
505.000000 0.009240
506.000000 0.009152
507.000000 0.009191
508.000000 0.009252
509.000000 0.009209
510.000000 0.009055
511.000000 0.009352
512.000000 0.009563
513.000000 0.009310
514.000000 0.008960
515.000000 0.008690
516.000000 0.008659
517.000000 0.008809
518.000000 0.009044
519.000000 0.009359
520.000000 0.009557
521.000000 0.009689
522.000000 0.009938
523.000000 0.009957
524.000000 0.009949
525.000000 0.009910
526.000000 0.009871
527.000000 0.009838
528.000000 0.009760
529.000000 0.009814
530.000000 0.010236
531.000000 0.010857
532.000000 0.011318
533.000000 0.011738
534.000000 0.011973
535.000000 0.012342
536.000000 0.012858
537.000000 0.013366
538.000000 0.013700
539.000000 0.013588
540.000000 0.013564
541.000000 0.014101
542.000000 0.014586
543.000000 0.014891
544.000000 0.015585
545.000000 0.016133
546.000000 0.016620
547.000000 0.017284
548.000000 0.017773
549.000000 0.018142
550.000000 0.018473
551.000000 0.018846
552.000000 0.019301
553.000000 0.019836
554.000000 0.020554
555.000000 0.021334
556.000000 0.021958
557.000000 0.022665
558.000000 0.023418
559.000000 0.024030
560.000000 0.024566
561.000000 0.025266
562.000000 0.026178
563.000000 0.026938
564.000000 0.027584
565.000000 0.028324
566.000000 0.029087
567.000000 0.029951
568.000000 0.030827
569.000000 0.031891
570.000000 0.032802
571.000000 0.033585
572.000000 0.034784
573.000000 0.036119
574.000000 0.037326
575.000000 0.038314
576.000000 0.039295
577.000000 0.040422
578.000000 0.041609
579.000000 0.042830
580.000000 0.044114
581.000000 0.045419
582.000000 0.046660
583.000000 0.047936
584.000000 0.049320
585.000000 0.050845
586.000000 0.052443
587.000000 0.053912
588.000000 0.055406
589.000000 0.056946
590.000000 0.058507
591.000000 0.060249
592.000000 0.062071
593.000000 0.063901
594.000000 0.065701
595.000000 0.067530
596.000000 0.069485
597.000000 0.071431
598.000000 0.073383
599.000000 0.075452
600.000000 0.077501
601.000000 0.079567
602.000000 0.081738
603.000000 0.084018
604.000000 0.086400
605.000000 0.088749
606.000000 0.091087
607.000000 0.093533
608.000000 0.095948
609.000000 0.098332
610.000000 0.100927
611.000000 0.103586
612.000000 0.106330
613.000000 0.109146
614.000000 0.112018
615.000000 0.115048
616.000000 0.117946
617.000000 0.120878
618.000000 0.124071
619.000000 0.127236
620.000000 0.130441
621.000000 0.133833
622.000000 0.137272
623.000000 0.140727
624.000000 0.144255
625.000000 0.147863
626.000000 0.151654
627.000000 0.155693
628.000000 0.159639
629.000000 0.163630
630.000000 0.167897
631.000000 0.172299
632.000000 0.176595
633.000000 0.180842
634.000000 0.185294
635.000000 0.189772
636.000000 0.194352
637.000000 0.199205
638.000000 0.203973
639.000000 0.208648
640.000000 0.213576
641.000000 0.218663
642.000000 0.223573
643.000000 0.228473
644.000000 0.233700
645.000000 0.238825
646.000000 0.243934
647.000000 0.249292
648.000000 0.254725
649.000000 0.260021
650.000000 0.265359
651.000000 0.270962
652.000000 0.276623
653.000000 0.282042
654.000000 0.287368
655.000000 0.292996
656.000000 0.298772
657.000000 0.304325
658.000000 0.309933
659.000000 0.315885
660.000000 0.321991
661.000000 0.327959
662.000000 0.333957
663.000000 0.340410
664.000000 0.347109
665.000000 0.353680
666.000000 0.360327
667.000000 0.367354
668.000000 0.374556
669.000000 0.381644
670.000000 0.388856
671.000000 0.396499
672.000000 0.404432
673.000000 0.412701
674.000000 0.420771
675.000000 0.429056
676.000000 0.438125
677.000000 0.447509
678.000000 0.457221
679.000000 0.466924
680.000000 0.476814
681.000000 0.487283
682.000000 0.498182
683.000000 0.509511
684.000000 0.520800
685.000000 0.532299
686.000000 0.544538
687.000000 0.557193
688.000000 0.570143
689.000000 0.583322
690.000000 0.596202
691.000000 0.609197
692.000000 0.622934
693.000000 0.637097
694.000000 0.651555
695.000000 0.666308
696.000000 0.680613
697.000000 0.694783
698.000000 0.709633
699.000000 0.724795
700.000000 0.740070
701.000000 0.755285
702.000000 0.769848
703.000000 0.784111
704.000000 0.798715
705.000000 0.813264
706.000000 0.827507
707.000000 0.841381
708.000000 0.854972
709.000000 0.868236
710.000000 0.880668
711.000000 0.892424
712.000000 0.904056
713.000000 0.915379
714.000000 0.926103
715.000000 0.936031
716.000000 0.945395
717.000000 0.954164
718.000000 0.962235
719.000000 0.969427
720.000000 0.975922
721.000000 0.982078
722.000000 0.987805
723.000000 0.993104
724.000000 0.998046
725.000000 1.002662
726.000000 1.007017
727.000000 1.011260
728.000000 1.015382
729.000000 1.019586
730.000000 1.024054
731.000000 1.028454
732.000000 1.033003
733.000000 1.038205
734.000000 1.044022
735.000000 1.050567
736.000000 1.057816
737.000000 1.065829
738.000000 1.074828
739.000000 1.084922
740.000000 1.096208
741.000000 1.108547
742.000000 1.121769
743.000000 1.136134
744.000000 1.151825
745.000000 1.168868
746.000000 1.187260
747.000000 1.206944
748.000000 1.228118
749.000000 1.250509
750.000000 1.273882
751.000000 1.298789
752.000000 1.325284
753.000000 1.353069
754.000000 1.382095
755.000000 1.412323
756.000000 1.443786
757.000000 1.476589
758.000000 1.510743
759.000000 1.546276
760.000000 1.583218
761.000000 1.621494
762.000000 1.661085
763.000000 1.701747
764.000000 1.743658
765.000000 1.787773
766.000000 1.833470
767.000000 1.879416
768.000000 1.925742
769.000000 1.972376
770.000000 2.019312
771.000000 2.066233
772.000000 2.112905
773.000000 2.159748
774.000000 2.206555
775.000000 2.251333
776.000000 2.296141
777.000000 2.340566
778.000000 2.380942
779.000000 2.420489
780.000000 2.457068
781.000000 2.487894
782.000000 2.514149
783.000000 2.535697
784.000000 2.552964
785.000000 2.563862
786.000000 2.568717
787.000000 2.568882
788.000000 2.564509
789.000000 2.551000
790.000000 2.529066
791.000000 2.502271
792.000000 2.469655
793.000000 2.430164
794.000000 2.383957
795.000000 2.330141
796.000000 2.267473
797.000000 2.196537
798.000000 2.121111
799.000000 2.043496
800.000000 1.963043
801.000000 1.880375
802.000000 1.795820
803.000000 1.710447
804.000000 1.620085
805.000000 1.528707
806.000000 1.441970
807.000000 1.357222
808.000000 1.273680
809.000000 1.192042
810.000000 1.108951
811.000000 1.027910
812.000000 0.953053
813.000000 0.882620
814.000000 0.816019
815.000000 0.752626
816.000000 0.689681
817.000000 0.629927
818.000000 0.576134
819.000000 0.526724
820.000000 0.480972
821.000000 0.437259
822.000000 0.396684
823.000000 0.360470
824.000000 0.327525
825.000000 0.296401
826.000000 0.267829
827.000000 0.242522
828.000000 0.219605
829.000000 0.198770
830.000000 0.178960
831.000000 0.160865
832.000000 0.145311
833.000000 0.131546
834.000000 0.118709
835.000000 0.106991
836.000000 0.096750
837.000000 0.087310
838.000000 0.078728
839.000000 0.071239
840.000000 0.064574
841.000000 0.058430
842.000000 0.052928
843.000000 0.048174
844.000000 0.043933
845.000000 0.039962
846.000000 0.036328
847.000000 0.033201
848.000000 0.030385
849.000000 0.027770
850.000000 0.025442
851.000000 0.023346
852.000000 0.021431
853.000000 0.019791
854.000000 0.018292
855.000000 0.016872
856.000000 0.015623
857.000000 0.014471
858.000000 0.013406
859.000000 0.012458
860.000000 0.011645
861.000000 0.010967
862.000000 0.010303
863.000000 0.009616
864.000000 0.008948
865.000000 0.008396
866.000000 0.007911
867.000000 0.007448
868.000000 0.007055
869.000000 0.006657
870.000000 0.006310
871.000000 0.006003
872.000000 0.005648
873.000000 0.005309
874.000000 0.005014
875.000000 0.004753
876.000000 0.004532
877.000000 0.004321
878.000000 0.004128
879.000000 0.003953
880.000000 0.003812
881.000000 0.003680
882.000000 0.003524
883.000000 0.003393
884.000000 0.003288
885.000000 0.003170
886.000000 0.003040
887.000000 0.002908
888.000000 0.002778
889.000000 0.002671
890.000000 0.002592
891.000000 0.002514
892.000000 0.002461
893.000000 0.002405
894.000000 0.002323
895.000000 0.002254
896.000000 0.002174
897.000000 0.002126
898.000000 0.002100
899.000000 0.002057
900.000000 0.002032
