315.000000 0.067687
316.000000 0.065706
317.000000 0.063764
318.000000 0.062751
319.000000 0.061725
320.000000 0.059885
321.000000 0.058451
322.000000 0.057659
323.000000 0.057186
324.000000 0.057593
325.000000 0.057894
326.000000 0.057830
327.000000 0.057985
328.000000 0.058050
329.000000 0.057923
330.000000 0.057832
331.000000 0.057778
332.000000 0.057657
333.000000 0.057293
334.000000 0.056979
335.000000 0.056847
336.000000 0.056481
337.000000 0.055958
338.000000 0.055849
339.000000 0.056066
340.000000 0.056490
341.000000 0.057462
342.000000 0.058504
343.000000 0.059238
344.000000 0.060390
345.000000 0.061953
346.000000 0.063405
347.000000 0.064937
348.000000 0.066408
349.000000 0.067829
350.000000 0.069186
351.000000 0.070588
352.000000 0.072162
353.000000 0.073687
354.000000 0.075129
355.000000 0.076544
356.000000 0.078023
357.000000 0.079522
358.000000 0.080929
359.000000 0.082573
360.000000 0.084671
361.000000 0.086906
362.000000 0.089179
363.000000 0.091550
364.000000 0.093916
365.000000 0.096081
366.000000 0.097847
367.000000 0.099312
368.000000 0.100416
369.000000 0.101284
370.000000 0.101997
371.000000 0.102439
372.000000 0.102436
373.000000 0.102316
374.000000 0.102032
375.000000 0.101758
376.000000 0.102042
377.000000 0.102265
378.000000 0.102731
379.000000 0.104017
380.000000 0.105543
381.000000 0.106890
382.000000 0.108085
383.000000 0.109154
384.000000 0.110239
385.000000 0.111269
386.000000 0.111562
387.000000 0.111353
388.000000 0.110510
389.000000 0.108850
390.000000 0.106875
391.000000 0.104441
392.000000 0.101406
393.000000 0.097975
394.000000 0.094622
395.000000 0.091012
396.000000 0.087312
397.000000 0.083923
398.000000 0.080736
399.000000 0.077873
400.000000 0.075291
401.000000 0.073012
402.000000 0.071098
403.000000 0.069328
404.000000 0.067773
405.000000 0.066636
406.000000 0.065882
407.000000 0.065305
408.000000 0.064788
409.000000 0.064332
410.000000 0.064068
411.000000 0.064078
412.000000 0.064319
413.000000 0.064776
414.000000 0.065425
415.000000 0.065975
416.000000 0.066308
417.000000 0.066575
418.000000 0.066977
419.000000 0.067408
420.000000 0.067995
421.000000 0.068669
422.000000 0.068899
423.000000 0.069020
424.000000 0.069187
425.000000 0.069151
426.000000 0.069032
427.000000 0.068798
428.000000 0.068504
429.000000 0.068450
430.000000 0.068402
431.000000 0.068237
432.000000 0.068176
433.000000 0.068205
434.000000 0.068251
435.000000 0.068428
436.000000 0.068755
437.000000 0.069184
438.000000 0.069734
439.000000 0.070467
440.000000 0.071397
441.000000 0.072433
442.000000 0.073423
443.000000 0.074401
444.000000 0.075231
445.000000 0.075865
446.000000 0.076490
447.000000 0.076979
448.000000 0.077140
449.000000 0.077025
450.000000 0.076591
451.000000 0.075769
452.000000 0.074741
453.000000 0.073570
454.000000 0.072199
455.000000 0.070811
456.000000 0.069003
457.000000 0.066599
458.000000 0.064337
459.000000 0.062339
460.000000 0.060411
461.000000 0.058551
462.000000 0.056824
463.000000 0.055411
464.000000 0.054281
465.000000 0.053455
466.000000 0.052847
467.000000 0.052473
468.000000 0.052556
469.000000 0.053001
470.000000 0.053736
471.000000 0.054668
472.000000 0.055780
473.000000 0.056946
474.000000 0.057973
475.000000 0.058868
476.000000 0.059656
477.000000 0.060467
478.000000 0.061322
479.000000 0.061931
480.000000 0.062174
481.000000 0.062161
482.000000 0.061913
483.000000 0.061385
484.000000 0.060702
485.000000 0.059969
486.000000 0.059042
487.000000 0.057992
488.000000 0.056930
489.000000 0.055724
490.000000 0.054419
491.000000 0.053548
492.000000 0.052865
493.000000 0.052058
494.000000 0.051357
495.000000 0.050463
496.000000 0.049542
497.000000 0.048822
498.000000 0.048373
499.000000 0.048027
500.000000 0.047541
501.000000 0.047306
502.000000 0.047123
503.000000 0.047035
504.000000 0.047334
505.000000 0.047836
506.000000 0.048463
507.000000 0.049194
508.000000 0.050249
509.000000 0.051393
510.000000 0.052502
511.000000 0.053909
512.000000 0.055368
513.000000 0.056632
514.000000 0.058068
515.000000 0.059734
516.000000 0.061475
517.000000 0.063298
518.000000 0.065114
519.000000 0.067199
520.000000 0.069371
521.000000 0.071249
522.000000 0.072907
523.000000 0.074215
524.000000 0.075393
525.000000 0.076450
526.000000 0.077571
527.000000 0.078755
528.000000 0.080030
529.000000 0.081159
530.000000 0.081960
531.000000 0.082901
532.000000 0.083703
533.000000 0.084228
534.000000 0.084554
535.000000 0.085098
536.000000 0.086057
537.000000 0.086647
538.000000 0.086781
539.000000 0.086845
540.000000 0.087228
541.000000 0.088330
542.000000 0.089570
543.000000 0.090694
544.000000 0.092477
545.000000 0.094827
546.000000 0.097462
547.000000 0.100284
548.000000 0.102902
549.000000 0.105648
550.000000 0.108834
551.000000 0.112362
552.000000 0.116214
553.000000 0.120369
554.000000 0.124363
555.000000 0.128387
556.000000 0.132602
557.000000 0.136871
558.000000 0.141725
559.000000 0.146839
560.000000 0.151571
561.000000 0.155896
562.000000 0.160109
563.000000 0.164037
564.000000 0.167787
565.000000 0.171921
566.000000 0.175782
567.000000 0.178791
568.000000 0.181275
569.000000 0.183385
570.000000 0.184389
571.000000 0.184376
572.000000 0.184107
573.000000 0.183359
574.000000 0.182007
575.000000 0.180157
576.000000 0.177783
577.000000 0.175240
578.000000 0.172805
579.000000 0.170748
580.000000 0.168780
581.000000 0.166462
582.000000 0.164415
583.000000 0.162799
584.000000 0.161208
585.000000 0.159593
586.000000 0.158018
587.000000 0.156823
588.000000 0.156378
589.000000 0.156479
590.000000 0.156563
591.000000 0.156529
592.000000 0.156694
593.000000 0.157308
594.000000 0.158560
595.000000 0.160064
596.000000 0.161444
597.000000 0.162816
598.000000 0.164268
599.000000 0.165758
600.000000 0.167316
601.000000 0.169286
602.000000 0.171691
603.000000 0.174118
604.000000 0.176342
605.000000 0.178526
606.000000 0.180789
607.000000 0.183010
608.000000 0.184826
609.000000 0.186339
610.000000 0.187861
611.000000 0.189074
612.000000 0.190092
613.000000 0.191026
614.000000 0.191676
615.000000 0.192100
616.000000 0.192491
617.000000 0.192796
618.000000 0.192764
619.000000 0.192552
620.000000 0.192275
621.000000 0.191788
622.000000 0.191134
623.000000 0.190414
624.000000 0.189695
625.000000 0.189110
626.000000 0.188695
627.000000 0.188434
628.000000 0.188284
629.000000 0.188286
630.000000 0.188563
631.000000 0.189144
632.000000 0.189861
633.000000 0.190723
634.000000 0.191858
635.000000 0.193244
636.000000 0.194918
637.000000 0.196911
638.000000 0.199045
639.000000 0.201305
640.000000 0.203879
641.000000 0.206691
642.000000 0.209535
643.000000 0.212499
644.000000 0.215776
645.000000 0.219093
646.000000 0.222487
647.000000 0.226164
648.000000 0.230012
649.000000 0.233785
650.000000 0.237600
651.000000 0.241623
652.000000 0.245758
653.000000 0.249797
654.000000 0.253732
655.000000 0.257813
656.000000 0.262008
657.000000 0.266082
658.000000 0.270207
659.000000 0.274615
660.000000 0.279196
661.000000 0.283715
662.000000 0.288222
663.000000 0.292996
664.000000 0.297997
665.000000 0.302990
666.000000 0.308089
667.000000 0.313526
668.000000 0.319159
669.000000 0.324681
670.000000 0.330196
671.000000 0.336036
672.000000 0.342177
673.000000 0.348657
674.000000 0.355042
675.000000 0.361665
676.000000 0.368916
677.000000 0.376325
678.000000 0.383867
679.000000 0.391397
680.000000 0.399087
681.000000 0.407265
682.000000 0.415892
683.000000 0.424917
684.000000 0.433969
685.000000 0.443250
686.000000 0.453144
687.000000 0.463436
688.000000 0.474021
689.000000 0.484771
690.000000 0.495219
691.000000 0.505640
692.000000 0.516615
693.000000 0.528000
694.000000 0.539520
695.000000 0.551142
696.000000 0.562492
697.000000 0.573892
698.000000 0.585954
699.000000 0.598309
700.000000 0.610616
701.000000 0.622750
702.000000 0.634397
703.000000 0.645879
704.000000 0.657679
705.000000 0.669486
706.000000 0.681121
707.000000 0.692272
708.000000 0.703012
709.000000 0.713552
710.000000 0.723587
711.000000 0.733178
712.000000 0.742645
713.000000 0.751793
714.000000 0.760312
715.000000 0.768038
716.000000 0.775263
717.000000 0.782126
718.000000 0.788419
719.000000 0.793979
720.000000 0.799060
721.000000 0.803979
722.000000 0.808636
723.000000 0.812792
724.000000 0.816572
725.000000 0.820191
726.000000 0.823650
727.000000 0.827037
728.000000 0.830313
729.000000 0.833488
730.000000 0.836807
731.000000 0.840008
732.000000 0.843164
733.000000 0.846818
734.000000 0.851224
735.000000 0.856450
736.000000 0.862353
737.000000 0.868850
738.000000 0.876117
739.000000 0.884261
740.000000 0.893247
741.000000 0.903124
742.000000 0.913712
743.000000 0.924930
744.000000 0.937077
745.000000 0.950463
746.000000 0.965001
747.000000 0.980738
748.000000 0.997824
749.000000 1.015976
750.000000 1.035065
751.000000 1.055031
752.000000 1.075481
753.000000 1.096970
754.000000 1.120007
755.000000 1.144022
756.000000 1.169048
757.000000 1.195270
758.000000 1.222584
759.000000 1.251164
760.000000 1.280924
761.000000 1.311649
762.000000 1.343493
763.000000 1.376537
764.000000 1.410575
765.000000 1.445462
766.000000 1.481350
767.000000 1.517924
768.000000 1.554613
769.000000 1.591349
770.000000 1.628131
771.000000 1.665446
772.000000 1.703679
773.000000 1.741765
774.000000 1.779206
775.000000 1.816080
776.000000 1.854121
777.000000 1.892099
778.000000 1.926268
779.000000 1.956877
780.000000 1.984716
781.000000 2.009964
782.000000 2.031830
783.000000 2.049418
784.000000 2.062817
785.000000 2.072478
786.000000 2.078012
787.000000 2.078524
788.000000 2.071913
789.000000 2.058234
790.000000 2.040234
791.000000 2.017672
792.000000 1.989531
793.000000 1.955338
794.000000 1.915392
795.000000 1.870381
796.000000 1.820674
797.000000 1.764028
798.000000 1.702976
799.000000 1.640952
800.000000 1.576811
801.000000 1.510465
802.000000 1.442475
803.000000 1.373274
804.000000 1.300637
805.000000 1.227671
806.000000 1.157914
807.000000 1.089808
808.000000 1.022970
809.000000 0.957821
810.000000 0.891673
811.000000 0.827023
812.000000 0.767043
813.000000 0.710373
814.000000 0.656865
815.000000 0.606224
816.000000 0.556239
817.000000 0.508691
818.000000 0.465624
819.000000 0.425997
820.000000 0.389333
821.000000 0.354380
822.000000 0.322018
823.000000 0.293179
824.000000 0.266984
825.000000 0.242082
826.000000 0.219029
827.000000 0.198711
828.000000 0.180437
829.000000 0.164063
830.000000 0.148336
831.000000 0.133604
832.000000 0.121031
833.000000 0.110041
834.000000 0.099803
835.000000 0.090457
836.000000 0.082375
837.000000 0.074997
838.000000 0.068262
839.000000 0.062267
840.000000 0.056744
841.000000 0.051638
842.000000 0.047111
843.000000 0.043154
844.000000 0.039637
845.000000 0.036368
846.000000 0.033384
847.000000 0.030828
848.000000 0.028490
849.000000 0.026329
850.000000 0.024415
851.000000 0.022622
852.000000 0.021013
853.000000 0.019646
854.000000 0.018378
855.000000 0.017245
856.000000 0.016170
857.000000 0.015060
858.000000 0.014068
859.000000 0.013241
860.000000 0.012483
861.000000 0.011792
862.000000 0.011192
863.000000 0.010582
864.000000 0.010032
865.000000 0.009605
866.000000 0.009135
867.000000 0.008666
868.000000 0.008299
869.000000 0.007918
870.000000 0.007564
871.000000 0.007225
872.000000 0.006844
873.000000 0.006536
874.000000 0.006306
875.000000 0.006120
876.000000 0.005944
877.000000 0.005759
878.000000 0.005589
879.000000 0.005416
880.000000 0.005264
881.000000 0.005119
882.000000 0.004970
883.000000 0.004853
884.000000 0.004742
885.000000 0.004627
886.000000 0.004520
887.000000 0.004419
888.000000 0.004354
889.000000 0.004301
890.000000 0.004240
891.000000 0.004204
892.000000 0.004120
893.000000 0.004037
894.000000 0.004010
895.000000 0.003975
896.000000 0.003933
897.000000 0.003906
898.000000 0.003888
899.000000 0.003865
900.000000 0.003852
