315.000000 0.076901
316.000000 0.075633
317.000000 0.074877
318.000000 0.075028
319.000000 0.075669
320.000000 0.076194
321.000000 0.077043
322.000000 0.078004
323.000000 0.078043
324.000000 0.078927
325.000000 0.080545
326.000000 0.081714
327.000000 0.082659
328.000000 0.083355
329.000000 0.084162
330.000000 0.085197
331.000000 0.086291
332.000000 0.087544
333.000000 0.089116
334.000000 0.090403
335.000000 0.091248
336.000000 0.092089
337.000000 0.093387
338.000000 0.095280
339.000000 0.097193
340.000000 0.099124
341.000000 0.101554
342.000000 0.104338
343.000000 0.107072
344.000000 0.109966
345.000000 0.113049
346.000000 0.115193
347.000000 0.116466
348.000000 0.118140
349.000000 0.120045
350.000000 0.121333
351.000000 0.122437
352.000000 0.123840
353.000000 0.124862
354.000000 0.125342
355.000000 0.125733
356.000000 0.125894
357.000000 0.125777
358.000000 0.125277
359.000000 0.124632
360.000000 0.123994
361.000000 0.123102
362.000000 0.122220
363.000000 0.121469
364.000000 0.120876
365.000000 0.120270
366.000000 0.119516
367.000000 0.118832
368.000000 0.118284
369.000000 0.117882
370.000000 0.117796
371.000000 0.117774
372.000000 0.117568
373.000000 0.117607
374.000000 0.117805
375.000000 0.118014
376.000000 0.118260
377.000000 0.118492
378.000000 0.119182
379.000000 0.120557
380.000000 0.122154
381.000000 0.123501
382.000000 0.124357
383.000000 0.124927
384.000000 0.125791
385.000000 0.126758
386.000000 0.127471
387.000000 0.128197
388.000000 0.128811
389.000000 0.129254
390.000000 0.129656
391.000000 0.129899
392.000000 0.130124
393.000000 0.130556
394.000000 0.131095
395.000000 0.131650
396.000000 0.132297
397.000000 0.132713
398.000000 0.132800
399.000000 0.132714
400.000000 0.132255
401.000000 0.131202
402.000000 0.129463
403.000000 0.127107
404.000000 0.124410
405.000000 0.121231
406.000000 0.117851
407.000000 0.114591
408.000000 0.111086
409.000000 0.107591
410.000000 0.104546
411.000000 0.101887
412.000000 0.099503
413.000000 0.097403
414.000000 0.095579
415.000000 0.093852
416.000000 0.092401
417.000000 0.091262
418.000000 0.090346
419.000000 0.089612
420.000000 0.089000
421.000000 0.088626
422.000000 0.088096
423.000000 0.087407
424.000000 0.086779
425.000000 0.086235
426.000000 0.085848
427.000000 0.085570
428.000000 0.085232
429.000000 0.085007
430.000000 0.084945
431.000000 0.084960
432.000000 0.085125
433.000000 0.085487
434.000000 0.086016
435.000000 0.086714
436.000000 0.087714
437.000000 0.089104
438.000000 0.090716
439.000000 0.092504
440.000000 0.094609
441.000000 0.096804
442.000000 0.098902
443.000000 0.101143
444.000000 0.103520
445.000000 0.105730
446.000000 0.107866
447.000000 0.109857
448.000000 0.111634
449.000000 0.113232
450.000000 0.114463
451.000000 0.115403
452.000000 0.116232
453.000000 0.116999
454.000000 0.117620
455.000000 0.118022
456.000000 0.118452
457.000000 0.119013
458.000000 0.119738
459.000000 0.120857
460.000000 0.122317
461.000000 0.124173
462.000000 0.126833
463.000000 0.130244
464.000000 0.134394
465.000000 0.139327
466.000000 0.144637
467.000000 0.150627
468.000000 0.157427
469.000000 0.164941
470.000000 0.173082
471.000000 0.181179
472.000000 0.189306
473.000000 0.197229
474.000000 0.204835
475.000000 0.211950
476.000000 0.217938
477.000000 0.223097
478.000000 0.227283
479.000000 0.230212
480.000000 0.232021
481.000000 0.232719
482.000000 0.232333
483.000000 0.231032
484.000000 0.228894
485.000000 0.226139
486.000000 0.222827
487.000000 0.219143
488.000000 0.215208
489.000000 0.211067
490.000000 0.206712
491.000000 0.202661
492.000000 0.199209
493.000000 0.195700
494.000000 0.192351
495.000000 0.189263
496.000000 0.186523
497.000000 0.184144
498.000000 0.182253
499.000000 0.180873
500.000000 0.179525
501.000000 0.178538
502.000000 0.178219
503.000000 0.178642
504.000000 0.179736
505.000000 0.181478
506.000000 0.183956
507.000000 0.186934
508.000000 0.190767
509.000000 0.195425
510.000000 0.200049
511.000000 0.204951
512.000000 0.210355
513.000000 0.216249
514.000000 0.222548
515.000000 0.229143
516.000000 0.235881
517.000000 0.243054
518.000000 0.250613
519.000000 0.257979
520.000000 0.265230
521.000000 0.272234
522.000000 0.278751
523.000000 0.284503
524.000000 0.289604
525.000000 0.294034
526.000000 0.298145
527.000000 0.301555
528.000000 0.304390
529.000000 0.306935
530.000000 0.309213
531.000000 0.310993
532.000000 0.312256
533.000000 0.313455
534.000000 0.314181
535.000000 0.314746
536.000000 0.315384
537.000000 0.316136
538.000000 0.316802
539.000000 0.317310
540.000000 0.318459
541.000000 0.320565
542.000000 0.323297
543.000000 0.326892
544.000000 0.331436
545.000000 0.336881
546.000000 0.343370
547.000000 0.350968
548.000000 0.359451
549.000000 0.368696
550.000000 0.378891
551.000000 0.389829
552.000000 0.401367
553.000000 0.414011
554.000000 0.427673
555.000000 0.442058
556.000000 0.456762
557.000000 0.471614
558.000000 0.487386
559.000000 0.503117
560.000000 0.518625
561.000000 0.533887
562.000000 0.548693
563.000000 0.562264
564.000000 0.574102
565.000000 0.584376
566.000000 0.592865
567.000000 0.599521
568.000000 0.603755
569.000000 0.605771
570.000000 0.605351
571.000000 0.602391
572.000000 0.597693
573.000000 0.590969
574.000000 0.581728
575.000000 0.570889
576.000000 0.558630
577.000000 0.545536
578.000000 0.531842
579.000000 0.517786
580.000000 0.503651
581.000000 0.489117
582.000000 0.475445
583.000000 0.462802
584.000000 0.451425
585.000000 0.441205
586.000000 0.431422
587.000000 0.422772
588.000000 0.415202
589.000000 0.408532
590.000000 0.402876
591.000000 0.398074
592.000000 0.394254
593.000000 0.391417
594.000000 0.389390
595.000000 0.387946
596.000000 0.386866
597.000000 0.385987
598.000000 0.385369
599.000000 0.385188
600.000000 0.385413
601.000000 0.385944
602.000000 0.386613
603.000000 0.387296
604.000000 0.387854
605.000000 0.388271
606.000000 0.388454
607.000000 0.388186
608.000000 0.387506
609.000000 0.386359
610.000000 0.384587
611.000000 0.382135
612.000000 0.378836
613.000000 0.374651
614.000000 0.369391
615.000000 0.362875
616.000000 0.355885
617.000000 0.348174
618.000000 0.339209
619.000000 0.329794
620.000000 0.319858
621.000000 0.309086
622.000000 0.298258
623.000000 0.287342
624.000000 0.275971
625.000000 0.264943
626.000000 0.254105
627.000000 0.243039
628.000000 0.232707
629.000000 0.222952
630.000000 0.213340
631.000000 0.204274
632.000000 0.196071
633.000000 0.188518
634.000000 0.181319
635.000000 0.174966
636.000000 0.169389
637.000000 0.164254
638.000000 0.159805
639.000000 0.155952
640.000000 0.152536
641.000000 0.149641
642.000000 0.147384
643.000000 0.145566
644.000000 0.144007
645.000000 0.142789
646.000000 0.141802
647.000000 0.141028
648.000000 0.140536
649.000000 0.140206
650.000000 0.139965
651.000000 0.139878
652.000000 0.139972
653.000000 0.140162
654.000000 0.140427
655.000000 0.140794
656.000000 0.141201
657.000000 0.141661
658.000000 0.142231
659.000000 0.142854
660.000000 0.143479
661.000000 0.144113
662.000000 0.144778
663.000000 0.145544
664.000000 0.146428
665.000000 0.147346
666.000000 0.148361
667.000000 0.149578
668.000000 0.150915
669.000000 0.152260
670.000000 0.153631
671.000000 0.155074
672.000000 0.156649
673.000000 0.158490
674.000000 0.160432
675.000000 0.162477
676.000000 0.164703
677.000000 0.167033
678.000000 0.169551
679.000000 0.172161
680.000000 0.174942
681.000000 0.177996
682.000000 0.181242
683.000000 0.184620
684.000000 0.187973
685.000000 0.191456
686.000000 0.195208
687.000000 0.198993
688.000000 0.202869
689.000000 0.206905
690.000000 0.210885
691.000000 0.215014
692.000000 0.219486
693.000000 0.224091
694.000000 0.228677
695.000000 0.233348
696.000000 0.237992
697.000000 0.242685
698.000000 0.247578
699.000000 0.252463
700.000000 0.257369
701.000000 0.262323
702.000000 0.266987
703.000000 0.271470
704.000000 0.276152
705.000000 0.280942
706.000000 0.285707
707.000000 0.290397
708.000000 0.294903
709.000000 0.299158
710.000000 0.303195
711.000000 0.307054
712.000000 0.310748
713.000000 0.314266
714.000000 0.317698
715.000000 0.320977
716.000000 0.324049
717.000000 0.326935
718.000000 0.329540
719.000000 0.331783
720.000000 0.333806
721.000000 0.335795
722.000000 0.337719
723.000000 0.339495
724.000000 0.341136
725.000000 0.342662
726.000000 0.344089
727.000000 0.345383
728.000000 0.346535
729.000000 0.347635
730.000000 0.348793
731.000000 0.350068
732.000000 0.351549
733.000000 0.353260
734.000000 0.355194
735.000000 0.357344
736.000000 0.359662
737.000000 0.362265
738.000000 0.365210
739.000000 0.368489
740.000000 0.372101
741.000000 0.376032
742.000000 0.380389
743.000000 0.385066
744.000000 0.390034
745.000000 0.395469
746.000000 0.401461
747.000000 0.407999
748.000000 0.415056
749.000000 0.422497
750.000000 0.430152
751.000000 0.438195
752.000000 0.446837
753.000000 0.456058
754.000000 0.465789
755.000000 0.475897
756.000000 0.486385
757.000000 0.497227
758.000000 0.508417
759.000000 0.520256
760.000000 0.532687
761.000000 0.545597
762.000000 0.558999
763.000000 0.572748
764.000000 0.586879
765.000000 0.601553
766.000000 0.616538
767.000000 0.631774
768.000000 0.647188
769.000000 0.662548
770.000000 0.678078
771.000000 0.693925
772.000000 0.709922
773.000000 0.725804
774.000000 0.741603
775.000000 0.757165
776.000000 0.773141
777.000000 0.788946
778.000000 0.803243
779.000000 0.816195
780.000000 0.827823
781.000000 0.838281
782.000000 0.847367
783.000000 0.854805
784.000000 0.860629
785.000000 0.864789
786.000000 0.867077
787.000000 0.867216
788.000000 0.864549
789.000000 0.858948
790.000000 0.851272
791.000000 0.841814
792.000000 0.830173
793.000000 0.816252
794.000000 0.800235
795.000000 0.781789
796.000000 0.761040
797.000000 0.737844
798.000000 0.713032
799.000000 0.687741
800.000000 0.661562
801.000000 0.634579
802.000000 0.607069
803.000000 0.579034
804.000000 0.549396
805.000000 0.519299
806.000000 0.490434
807.000000 0.462103
808.000000 0.434082
809.000000 0.406682
810.000000 0.379105
811.000000 0.352240
812.000000 0.327365
813.000000 0.303866
814.000000 0.281539
815.000000 0.260284
816.000000 0.239351
817.000000 0.219471
818.000000 0.201467
819.000000 0.184871
820.000000 0.169535
821.000000 0.154870
822.000000 0.141119
823.000000 0.128843
824.000000 0.117825
825.000000 0.107526
826.000000 0.098010
827.000000 0.089507
828.000000 0.081809
829.000000 0.074766
830.000000 0.068022
831.000000 0.061909
832.000000 0.056695
833.000000 0.052055
834.000000 0.047684
835.000000 0.043685
836.000000 0.040197
837.000000 0.036997
838.000000 0.034050
839.000000 0.031443
840.000000 0.029144
841.000000 0.027018
842.000000 0.025132
843.000000 0.023511
844.000000 0.022014
845.000000 0.020525
846.000000 0.019153
847.000000 0.017989
848.000000 0.016906
849.000000 0.015893
850.000000 0.014999
851.000000 0.014188
852.000000 0.013452
853.000000 0.012838
854.000000 0.012253
855.000000 0.011681
856.000000 0.011194
857.000000 0.010744
858.000000 0.010315
859.000000 0.009892
860.000000 0.009502
861.000000 0.009170
862.000000 0.008876
863.000000 0.008608
864.000000 0.008325
865.000000 0.008078
866.000000 0.007859
867.000000 0.007643
868.000000 0.007482
869.000000 0.007346
870.000000 0.007213
871.000000 0.007072
872.000000 0.006905
873.000000 0.006760
874.000000 0.006670
875.000000 0.006596
876.000000 0.006501
877.000000 0.006421
878.000000 0.006354
879.000000 0.006273
880.000000 0.006235
881.000000 0.006202
882.000000 0.006138
883.000000 0.006109
884.000000 0.006099
885.000000 0.006065
886.000000 0.006039
887.000000 0.006046
888.000000 0.006099
889.000000 0.006131
890.000000 0.006122
891.000000 0.006118
892.000000 0.006092
893.000000 0.006067
894.000000 0.006062
895.000000 0.006071
896.000000 0.006110
897.000000 0.006170
898.000000 0.006236
899.000000 0.006301
900.000000 0.006344
