315.000000 0.092464
316.000000 0.092923
317.000000 0.093359
318.000000 0.094404
319.000000 0.096119
320.000000 0.097283
321.000000 0.098907
322.000000 0.100419
323.000000 0.101419
324.000000 0.103347
325.000000 0.106109
326.000000 0.108653
327.000000 0.110785
328.000000 0.112598
329.000000 0.114187
330.000000 0.116302
331.000000 0.118568
332.000000 0.120602
333.000000 0.122769
334.000000 0.125018
335.000000 0.127192
336.000000 0.129552
337.000000 0.132231
338.000000 0.135332
339.000000 0.138225
340.000000 0.140972
341.000000 0.144194
342.000000 0.147525
343.000000 0.150435
344.000000 0.153565
345.000000 0.156864
346.000000 0.159669
347.000000 0.162104
348.000000 0.164281
349.000000 0.166259
350.000000 0.168048
351.000000 0.169581
352.000000 0.171022
353.000000 0.172426
354.000000 0.173514
355.000000 0.174113
356.000000 0.174244
357.000000 0.173951
358.000000 0.173157
359.000000 0.172140
360.000000 0.170969
361.000000 0.169745
362.000000 0.168663
363.000000 0.167378
364.000000 0.165974
365.000000 0.164832
366.000000 0.163775
367.000000 0.162821
368.000000 0.162190
369.000000 0.161836
370.000000 0.162086
371.000000 0.162468
372.000000 0.162753
373.000000 0.163198
374.000000 0.163316
375.000000 0.163740
376.000000 0.164909
377.000000 0.165669
378.000000 0.166188
379.000000 0.167272
380.000000 0.168936
381.000000 0.170655
382.000000 0.171769
383.000000 0.172339
384.000000 0.173023
385.000000 0.174035
386.000000 0.174867
387.000000 0.175708
388.000000 0.176620
389.000000 0.177618
390.000000 0.178882
391.000000 0.180410
392.000000 0.182217
393.000000 0.184278
394.000000 0.186417
395.000000 0.188496
396.000000 0.190432
397.000000 0.191931
398.000000 0.193109
399.000000 0.193713
400.000000 0.193554
401.000000 0.192733
402.000000 0.191012
403.000000 0.188423
404.000000 0.185092
405.000000 0.181061
406.000000 0.176725
407.000000 0.172357
408.000000 0.167635
409.000000 0.162750
410.000000 0.158169
411.000000 0.153791
412.000000 0.149826
413.000000 0.146391
414.000000 0.143048
415.000000 0.139790
416.000000 0.136992
417.000000 0.134423
418.000000 0.132040
419.000000 0.129989
420.000000 0.128113
421.000000 0.126366
422.000000 0.124560
423.000000 0.122800
424.000000 0.121160
425.000000 0.119537
426.000000 0.118011
427.000000 0.116590
428.000000 0.115213
429.000000 0.114166
430.000000 0.113258
431.000000 0.112276
432.000000 0.111395
433.000000 0.110672
434.000000 0.110178
435.000000 0.109875
436.000000 0.109912
437.000000 0.110374
438.000000 0.111056
439.000000 0.112010
440.000000 0.113251
441.000000 0.114621
442.000000 0.116008
443.000000 0.117529
444.000000 0.119156
445.000000 0.120660
446.000000 0.122140
447.000000 0.123552
448.000000 0.124728
449.000000 0.125714
450.000000 0.126448
451.000000 0.127032
452.000000 0.127544
453.000000 0.127998
454.000000 0.128433
455.000000 0.128822
456.000000 0.129287
457.000000 0.129900
458.000000 0.130840
459.000000 0.132320
460.000000 0.134154
461.000000 0.136388
462.000000 0.139542
463.000000 0.143606
464.000000 0.148594
465.000000 0.154397
466.000000 0.160545
467.000000 0.167607
468.000000 0.175586
469.000000 0.184258
470.000000 0.193558
471.000000 0.202802
472.000000 0.212227
473.000000 0.221431
474.000000 0.230137
475.000000 0.238271
476.000000 0.245210
477.000000 0.251133
478.000000 0.255825
479.000000 0.259059
480.000000 0.261024
481.000000 0.261692
482.000000 0.261161
483.000000 0.259580
484.000000 0.257018
485.000000 0.253701
486.000000 0.249729
487.000000 0.245427
488.000000 0.240872
489.000000 0.236016
490.000000 0.230967
491.000000 0.226018
492.000000 0.221703
493.000000 0.217504
494.000000 0.213421
495.000000 0.209640
496.000000 0.206392
497.000000 0.204071
498.000000 0.202118
499.000000 0.200447
500.000000 0.199221
501.000000 0.198762
502.000000 0.198943
503.000000 0.199359
504.000000 0.200637
505.000000 0.203037
506.000000 0.206163
507.000000 0.209634
508.000000 0.213749
509.000000 0.218728
510.000000 0.224120
511.000000 0.230111
512.000000 0.236603
513.000000 0.243455
514.000000 0.250943
515.000000 0.258985
516.000000 0.267098
517.000000 0.275481
518.000000 0.283976
519.000000 0.292272
520.000000 0.300666
521.000000 0.308917
522.000000 0.316577
523.000000 0.323419
524.000000 0.329492
525.000000 0.334514
526.000000 0.339080
527.000000 0.343221
528.000000 0.346799
529.000000 0.349800
530.000000 0.352134
531.000000 0.353957
532.000000 0.355192
533.000000 0.355953
534.000000 0.356255
535.000000 0.356704
536.000000 0.357467
537.000000 0.357999
538.000000 0.358483
539.000000 0.359245
540.000000 0.360580
541.000000 0.363245
542.000000 0.366591
543.000000 0.370455
544.000000 0.375565
545.000000 0.381616
546.000000 0.388720
547.000000 0.397316
548.000000 0.406874
549.000000 0.417131
550.000000 0.428539
551.000000 0.441106
552.000000 0.454655
553.000000 0.469337
554.000000 0.484818
555.000000 0.500903
556.000000 0.517271
557.000000 0.534124
558.000000 0.552330
559.000000 0.570400
560.000000 0.588184
561.000000 0.605579
562.000000 0.622098
563.000000 0.637342
564.000000 0.650865
565.000000 0.662430
566.000000 0.671820
567.000000 0.679235
568.000000 0.684086
569.000000 0.686153
570.000000 0.685278
571.000000 0.681219
572.000000 0.674668
573.000000 0.665910
574.000000 0.654473
575.000000 0.641328
576.000000 0.626867
577.000000 0.611633
578.000000 0.595622
579.000000 0.579106
580.000000 0.562381
581.000000 0.545237
582.000000 0.529002
583.000000 0.513974
584.000000 0.500414
585.000000 0.487991
586.000000 0.476194
587.000000 0.465803
588.000000 0.456635
589.000000 0.448565
590.000000 0.441651
591.000000 0.435572
592.000000 0.430603
593.000000 0.426577
594.000000 0.423397
595.000000 0.420934
596.000000 0.418885
597.000000 0.417364
598.000000 0.416396
599.000000 0.415776
600.000000 0.415439
601.000000 0.415401
602.000000 0.415454
603.000000 0.415528
604.000000 0.415504
605.000000 0.415336
606.000000 0.414960
607.000000 0.414134
608.000000 0.412733
609.000000 0.410640
610.000000 0.407693
611.000000 0.403901
612.000000 0.399208
613.000000 0.393556
614.000000 0.386783
615.000000 0.378512
616.000000 0.369457
617.000000 0.359562
618.000000 0.348289
619.000000 0.336558
620.000000 0.324182
621.000000 0.310733
622.000000 0.297251
623.000000 0.283696
624.000000 0.269474
625.000000 0.255605
626.000000 0.242083
627.000000 0.228320
628.000000 0.215361
629.000000 0.203068
630.000000 0.190811
631.000000 0.179110
632.000000 0.168487
633.000000 0.158584
634.000000 0.149082
635.000000 0.140577
636.000000 0.132881
637.000000 0.125608
638.000000 0.119161
639.000000 0.113394
640.000000 0.108030
641.000000 0.103185
642.000000 0.099043
643.000000 0.095480
644.000000 0.092228
645.000000 0.089382
646.000000 0.086829
647.000000 0.084445
648.000000 0.082261
649.000000 0.080333
650.000000 0.078612
651.000000 0.077034
652.000000 0.075594
653.000000 0.074257
654.000000 0.073000
655.000000 0.071756
656.000000 0.070545
657.000000 0.069450
658.000000 0.068455
659.000000 0.067475
660.000000 0.066484
661.000000 0.065492
662.000000 0.064494
663.000000 0.063540
664.000000 0.062671
665.000000 0.061861
666.000000 0.061154
667.000000 0.060546
668.000000 0.059951
669.000000 0.059425
670.000000 0.059017
671.000000 0.058651
672.000000 0.058319
673.000000 0.058051
674.000000 0.057901
675.000000 0.057876
676.000000 0.057889
677.000000 0.057924
678.000000 0.058079
679.000000 0.058320
680.000000 0.058578
681.000000 0.058903
682.000000 0.059360
683.000000 0.059929
684.000000 0.060548
685.000000 0.061274
686.000000 0.062098
687.000000 0.062947
688.000000 0.063912
689.000000 0.064956
690.000000 0.065960
691.000000 0.067028
692.000000 0.068178
693.000000 0.069321
694.000000 0.070462
695.000000 0.071677
696.000000 0.072894
697.000000 0.074158
698.000000 0.075547
699.000000 0.076961
700.000000 0.078422
701.000000 0.079902
702.000000 0.081240
703.000000 0.082450
704.000000 0.083675
705.000000 0.084962
706.000000 0.086280
707.000000 0.087588
708.000000 0.088859
709.000000 0.090065
710.000000 0.091239
711.000000 0.092378
712.000000 0.093492
713.000000 0.094596
714.000000 0.095645
715.000000 0.096593
716.000000 0.097437
717.000000 0.098175
718.000000 0.098860
719.000000 0.099474
720.000000 0.099978
721.000000 0.100433
722.000000 0.100896
723.000000 0.101385
724.000000 0.101865
725.000000 0.102269
726.000000 0.102611
727.000000 0.102934
728.000000 0.103257
729.000000 0.103592
730.000000 0.103960
731.000000 0.104371
732.000000 0.104769
733.000000 0.105152
734.000000 0.105598
735.000000 0.106089
736.000000 0.106642
737.000000 0.107334
738.000000 0.108168
739.000000 0.109139
740.000000 0.110189
741.000000 0.111286
742.000000 0.112435
743.000000 0.113687
744.000000 0.115110
745.000000 0.116682
746.000000 0.118368
747.000000 0.120216
748.000000 0.122260
749.000000 0.124438
750.000000 0.126661
751.000000 0.128964
752.000000 0.131472
753.000000 0.134188
754.000000 0.137018
755.000000 0.139929
756.000000 0.142911
757.000000 0.145988
758.000000 0.149093
759.000000 0.152218
760.000000 0.155519
761.000000 0.159074
762.000000 0.162858
763.000000 0.166800
764.000000 0.170884
765.000000 0.175167
766.000000 0.179591
767.000000 0.184082
768.000000 0.188610
769.000000 0.193142
770.000000 0.197687
771.000000 0.202155
772.000000 0.206493
773.000000 0.210740
774.000000 0.214968
775.000000 0.219215
776.000000 0.223678
777.000000 0.228166
778.000000 0.232297
779.000000 0.236079
780.000000 0.239448
781.000000 0.242376
782.000000 0.244688
783.000000 0.246451
784.000000 0.247968
785.000000 0.248975
786.000000 0.249411
787.000000 0.249397
788.000000 0.248685
789.000000 0.247274
790.000000 0.245291
791.000000 0.242707
792.000000 0.239476
793.000000 0.235636
794.000000 0.231215
795.000000 0.226100
796.000000 0.220250
797.000000 0.213546
798.000000 0.206278
799.000000 0.198888
800.000000 0.191282
801.000000 0.183467
802.000000 0.175590
803.000000 0.167687
804.000000 0.159414
805.000000 0.151018
806.000000 0.142963
807.000000 0.135005
808.000000 0.127118
809.000000 0.119434
810.000000 0.111654
811.000000 0.104014
812.000000 0.096957
813.000000 0.090245
814.000000 0.083822
815.000000 0.077729
816.000000 0.071748
817.000000 0.066094
818.000000 0.061083
819.000000 0.056480
820.000000 0.052101
821.000000 0.047899
822.000000 0.043955
823.000000 0.040382
824.000000 0.037210
825.000000 0.034277
826.000000 0.031560
827.000000 0.029173
828.000000 0.027067
829.000000 0.025119
830.000000 0.023207
831.000000 0.021430
832.000000 0.019901
833.000000 0.018570
834.000000 0.017304
835.000000 0.016150
836.000000 0.015154
837.000000 0.014249
838.000000 0.013371
839.000000 0.012552
840.000000 0.011873
841.000000 0.011282
842.000000 0.010749
843.000000 0.010247
844.000000 0.009775
845.000000 0.009341
846.000000 0.008958
847.000000 0.008627
848.000000 0.008288
849.000000 0.007983
850.000000 0.007728
851.000000 0.007457
852.000000 0.007240
853.000000 0.007105
854.000000 0.006950
855.000000 0.006770
856.000000 0.006600
857.000000 0.006504
858.000000 0.006447
859.000000 0.006342
860.000000 0.006255
861.000000 0.006189
862.000000 0.006118
863.000000 0.006007
864.000000 0.005860
865.000000 0.005773
866.000000 0.005718
867.000000 0.005649
868.000000 0.005600
869.000000 0.005526
870.000000 0.005454
871.000000 0.005427
872.000000 0.005403
873.000000 0.005374
874.000000 0.005353
875.000000 0.005348
876.000000 0.005345
877.000000 0.005350
878.000000 0.005362
879.000000 0.005362
880.000000 0.005398
881.000000 0.005443
882.000000 0.005459
883.000000 0.005497
884.000000 0.005531
885.000000 0.005541
886.000000 0.005549
887.000000 0.005580
888.000000 0.005644
889.000000 0.005710
890.000000 0.005767
891.000000 0.005812
892.000000 0.005829
893.000000 0.005823
894.000000 0.005836
895.000000 0.005884
896.000000 0.005947
897.000000 0.006033
898.000000 0.006121
899.000000 0.006174
900.000000 0.006200
