315.000000 0.098854
316.000000 0.099599
317.000000 0.100553
318.000000 0.103058
319.000000 0.105495
320.000000 0.106885
321.000000 0.108829
322.000000 0.111108
323.000000 0.112845
324.000000 0.115555
325.000000 0.118198
326.000000 0.120077
327.000000 0.122271
328.000000 0.124487
329.000000 0.126405
330.000000 0.128675
331.000000 0.131196
332.000000 0.133563
333.000000 0.136292
334.000000 0.138980
335.000000 0.141498
336.000000 0.144153
337.000000 0.146509
338.000000 0.149310
339.000000 0.152569
340.000000 0.155823
341.000000 0.159363
342.000000 0.162966
343.000000 0.166074
344.000000 0.169412
345.000000 0.173090
346.000000 0.176132
347.000000 0.178829
348.000000 0.181493
349.000000 0.183767
350.000000 0.185604
351.000000 0.187349
352.000000 0.189073
353.000000 0.190597
354.000000 0.191761
355.000000 0.192656
356.000000 0.193069
357.000000 0.192990
358.000000 0.192536
359.000000 0.191760
360.000000 0.190916
361.000000 0.190032
362.000000 0.189073
363.000000 0.188084
364.000000 0.187083
365.000000 0.186159
366.000000 0.185279
367.000000 0.184502
368.000000 0.184095
369.000000 0.184143
370.000000 0.184028
371.000000 0.183739
372.000000 0.184258
373.000000 0.185665
374.000000 0.187318
375.000000 0.189129
376.000000 0.190570
377.000000 0.191449
378.000000 0.192458
379.000000 0.193840
380.000000 0.195494
381.000000 0.197017
382.000000 0.198316
383.000000 0.199210
384.000000 0.199966
385.000000 0.200582
386.000000 0.200917
387.000000 0.201837
388.000000 0.203188
389.000000 0.204697
390.000000 0.206402
391.000000 0.208161
392.000000 0.210109
393.000000 0.212070
394.000000 0.214114
395.000000 0.216091
396.000000 0.217815
397.000000 0.219231
398.000000 0.220355
399.000000 0.221091
400.000000 0.221040
401.000000 0.220151
402.000000 0.218171
403.000000 0.215182
404.000000 0.211877
405.000000 0.207952
406.000000 0.203413
407.000000 0.198831
408.000000 0.193904
409.000000 0.188897
410.000000 0.184375
411.000000 0.179935
412.000000 0.175553
413.000000 0.171391
414.000000 0.167501
415.000000 0.163928
416.000000 0.160821
417.000000 0.158046
418.000000 0.155085
419.000000 0.152312
420.000000 0.149898
421.000000 0.147599
422.000000 0.145223
423.000000 0.142891
424.000000 0.140752
425.000000 0.138468
426.000000 0.136165
427.000000 0.134117
428.000000 0.132279
429.000000 0.130549
430.000000 0.128828
431.000000 0.127208
432.000000 0.125693
433.000000 0.124345
434.000000 0.123221
435.000000 0.122287
436.000000 0.121690
437.000000 0.121445
438.000000 0.121364
439.000000 0.121502
440.000000 0.121905
441.000000 0.122517
442.000000 0.123166
443.000000 0.123946
444.000000 0.124903
445.000000 0.125739
446.000000 0.126486
447.000000 0.127173
448.000000 0.127765
449.000000 0.128258
450.000000 0.128538
451.000000 0.128618
452.000000 0.128597
453.000000 0.128569
454.000000 0.128564
455.000000 0.128536
456.000000 0.128635
457.000000 0.128977
458.000000 0.129616
459.000000 0.130674
460.000000 0.132039
461.000000 0.133883
462.000000 0.136611
463.000000 0.140125
464.000000 0.144489
465.000000 0.149706
466.000000 0.155286
467.000000 0.161652
468.000000 0.168927
469.000000 0.176930
470.000000 0.185534
471.000000 0.194014
472.000000 0.202634
473.000000 0.211064
474.000000 0.218961
475.000000 0.226340
476.000000 0.232661
477.000000 0.238117
478.000000 0.242472
479.000000 0.245422
480.000000 0.247151
481.000000 0.247659
482.000000 0.247032
483.000000 0.245435
484.000000 0.242877
485.000000 0.239625
486.000000 0.235819
487.000000 0.231616
488.000000 0.227186
489.000000 0.222755
490.000000 0.218071
491.000000 0.213409
492.000000 0.209082
493.000000 0.204617
494.000000 0.200783
495.000000 0.197564
496.000000 0.194564
497.000000 0.192088
498.000000 0.190127
499.000000 0.188507
500.000000 0.187364
501.000000 0.186998
502.000000 0.187073
503.000000 0.187618
504.000000 0.189106
505.000000 0.191444
506.000000 0.194278
507.000000 0.197501
508.000000 0.201349
509.000000 0.205870
510.000000 0.210870
511.000000 0.216598
512.000000 0.222635
513.000000 0.228876
514.000000 0.235671
515.000000 0.243113
516.000000 0.250981
517.000000 0.258872
518.000000 0.266818
519.000000 0.274934
520.000000 0.283024
521.000000 0.290604
522.000000 0.297532
523.000000 0.303884
524.000000 0.309807
525.000000 0.314701
526.000000 0.319073
527.000000 0.323153
528.000000 0.326555
529.000000 0.329255
530.000000 0.331382
531.000000 0.333064
532.000000 0.334401
533.000000 0.335427
534.000000 0.335777
535.000000 0.335957
536.000000 0.336295
537.000000 0.336675
538.000000 0.337118
539.000000 0.337597
540.000000 0.338763
541.000000 0.341027
542.000000 0.344101
543.000000 0.347953
544.000000 0.352740
545.000000 0.358499
546.000000 0.365089
547.000000 0.372794
548.000000 0.381585
549.000000 0.391394
550.000000 0.402252
551.000000 0.414187
552.000000 0.427088
553.000000 0.440951
554.000000 0.455617
555.000000 0.470858
556.000000 0.486324
557.000000 0.502092
558.000000 0.519063
559.000000 0.535947
560.000000 0.552435
561.000000 0.568541
562.000000 0.583878
563.000000 0.597995
564.000000 0.610727
565.000000 0.621776
566.000000 0.630748
567.000000 0.637845
568.000000 0.642417
569.000000 0.644247
570.000000 0.643188
571.000000 0.639170
572.000000 0.633016
573.000000 0.624789
574.000000 0.614029
575.000000 0.601803
576.000000 0.588110
577.000000 0.573523
578.000000 0.558397
579.000000 0.542846
580.000000 0.526986
581.000000 0.510615
582.000000 0.495286
583.000000 0.481255
584.000000 0.468577
585.000000 0.456920
586.000000 0.445697
587.000000 0.435652
588.000000 0.426870
589.000000 0.419243
590.000000 0.412619
591.000000 0.406686
592.000000 0.401908
593.000000 0.398194
594.000000 0.395264
595.000000 0.392958
596.000000 0.391099
597.000000 0.389772
598.000000 0.388773
599.000000 0.388033
600.000000 0.387559
601.000000 0.387285
602.000000 0.387216
603.000000 0.387293
604.000000 0.387267
605.000000 0.387091
606.000000 0.386641
607.000000 0.385776
608.000000 0.384377
609.000000 0.382230
610.000000 0.379278
611.000000 0.375630
612.000000 0.371176
613.000000 0.365793
614.000000 0.359235
615.000000 0.351291
616.000000 0.342764
617.000000 0.333458
618.000000 0.322812
619.000000 0.311721
620.000000 0.300073
621.000000 0.287375
622.000000 0.274579
623.000000 0.261740
624.000000 0.248277
625.000000 0.235132
626.000000 0.222276
627.000000 0.209189
628.000000 0.196877
629.000000 0.185191
630.000000 0.173586
631.000000 0.162471
632.000000 0.152291
633.000000 0.142791
634.000000 0.133680
635.000000 0.125513
636.000000 0.118102
637.000000 0.111068
638.000000 0.104839
639.000000 0.099272
640.000000 0.094131
641.000000 0.089478
642.000000 0.085477
643.000000 0.082006
644.000000 0.078760
645.000000 0.075851
646.000000 0.073214
647.000000 0.070790
648.000000 0.068648
649.000000 0.066717
650.000000 0.064905
651.000000 0.063231
652.000000 0.061667
653.000000 0.060212
654.000000 0.058840
655.000000 0.057499
656.000000 0.056229
657.000000 0.055052
658.000000 0.053918
659.000000 0.052740
660.000000 0.051520
661.000000 0.050338
662.000000 0.049252
663.000000 0.048239
664.000000 0.047284
665.000000 0.046403
666.000000 0.045545
667.000000 0.044688
668.000000 0.043889
669.000000 0.043146
670.000000 0.042480
671.000000 0.041861
672.000000 0.041288
673.000000 0.040791
674.000000 0.040357
675.000000 0.040004
676.000000 0.039717
677.000000 0.039500
678.000000 0.039373
679.000000 0.039298
680.000000 0.039306
681.000000 0.039403
682.000000 0.039549
683.000000 0.039704
684.000000 0.039901
685.000000 0.040221
686.000000 0.040580
687.000000 0.040945
688.000000 0.041417
689.000000 0.041965
690.000000 0.042489
691.000000 0.043026
692.000000 0.043643
693.000000 0.044310
694.000000 0.044977
695.000000 0.045731
696.000000 0.046526
697.000000 0.047303
698.000000 0.048090
699.000000 0.048889
700.000000 0.049713
701.000000 0.050544
702.000000 0.051309
703.000000 0.052066
704.000000 0.052904
705.000000 0.053728
706.000000 0.054537
707.000000 0.055352
708.000000 0.056127
709.000000 0.056862
710.000000 0.057587
711.000000 0.058266
712.000000 0.058918
713.000000 0.059593
714.000000 0.060230
715.000000 0.060786
716.000000 0.061286
717.000000 0.061754
718.000000 0.062219
719.000000 0.062628
720.000000 0.062991
721.000000 0.063350
722.000000 0.063699
723.000000 0.064013
724.000000 0.064259
725.000000 0.064432
726.000000 0.064598
727.000000 0.064764
728.000000 0.064902
729.000000 0.065035
730.000000 0.065197
731.000000 0.065439
732.000000 0.065725
733.000000 0.066017
734.000000 0.066332
735.000000 0.066679
736.000000 0.067042
737.000000 0.067486
738.000000 0.068011
739.000000 0.068572
740.000000 0.069190
741.000000 0.069832
742.000000 0.070478
743.000000 0.071215
744.000000 0.072078
745.000000 0.073019
746.000000 0.074011
747.000000 0.075093
748.000000 0.076320
749.000000 0.077630
750.000000 0.078931
751.000000 0.080248
752.000000 0.081718
753.000000 0.083342
754.000000 0.085033
755.000000 0.086792
756.000000 0.088611
757.000000 0.090388
758.000000 0.092222
759.000000 0.094329
760.000000 0.096562
761.000000 0.098834
762.000000 0.101166
763.000000 0.103523
764.000000 0.106006
765.000000 0.108655
766.000000 0.111362
767.000000 0.114091
768.000000 0.116772
769.000000 0.119388
770.000000 0.122061
771.000000 0.124755
772.000000 0.127417
773.000000 0.130114
774.000000 0.132878
775.000000 0.135661
776.000000 0.138495
777.000000 0.141248
778.000000 0.143796
779.000000 0.146109
780.000000 0.148187
781.000000 0.150056
782.000000 0.151661
783.000000 0.153027
784.000000 0.154076
785.000000 0.154672
786.000000 0.154861
787.000000 0.154676
788.000000 0.154042
789.000000 0.152963
790.000000 0.151626
791.000000 0.150052
792.000000 0.148102
793.000000 0.145775
794.000000 0.143061
795.000000 0.139826
796.000000 0.136146
797.000000 0.132113
798.000000 0.127847
799.000000 0.123551
800.000000 0.119097
801.000000 0.114407
802.000000 0.109645
803.000000 0.104783
804.000000 0.099608
805.000000 0.094422
806.000000 0.089524
807.000000 0.084705
808.000000 0.079899
809.000000 0.075217
810.000000 0.070443
811.000000 0.065727
812.000000 0.061409
813.000000 0.057317
814.000000 0.053327
815.000000 0.049524
816.000000 0.045838
817.000000 0.042351
818.000000 0.039249
819.000000 0.036392
820.000000 0.033716
821.000000 0.031180
822.000000 0.028795
823.000000 0.026672
824.000000 0.024769
825.000000 0.022972
826.000000 0.021280
827.000000 0.019772
828.000000 0.018423
829.000000 0.017186
830.000000 0.015995
831.000000 0.014859
832.000000 0.013937
833.000000 0.013152
834.000000 0.012355
835.000000 0.011615
836.000000 0.011015
837.000000 0.010502
838.000000 0.009988
839.000000 0.009496
840.000000 0.009041
841.000000 0.008601
842.000000 0.008232
843.000000 0.007932
844.000000 0.007644
845.000000 0.007424
846.000000 0.007251
847.000000 0.007066
848.000000 0.006859
849.000000 0.006606
850.000000 0.006372
851.000000 0.006196
852.000000 0.006066
853.000000 0.005993
854.000000 0.005891
855.000000 0.005775
856.000000 0.005668
857.000000 0.005555
858.000000 0.005483
859.000000 0.005437
860.000000 0.005386
861.000000 0.005359
862.000000 0.005347
863.000000 0.005290
864.000000 0.005214
865.000000 0.005152
866.000000 0.005091
867.000000 0.005030
868.000000 0.004990
869.000000 0.004952
870.000000 0.004935
871.000000 0.004943
872.000000 0.004908
873.000000 0.004854
874.000000 0.004859
875.000000 0.004902
876.000000 0.004920
877.000000 0.004921
878.000000 0.004935
879.000000 0.004961
880.000000 0.004995
881.000000 0.005026
882.000000 0.005032
883.000000 0.005060
884.000000 0.005124
885.000000 0.005152
886.000000 0.005155
887.000000 0.005163
888.000000 0.005181
889.000000 0.005232
890.000000 0.005306
891.000000 0.005351
892.000000 0.005359
893.000000 0.005365
894.000000 0.005392
895.000000 0.005435
896.000000 0.005506
897.000000 0.005611
898.000000 0.005700
899.000000 0.005759
900.000000 0.005796
