315.000000 0.069118
316.000000 0.067187
317.000000 0.066096
318.000000 0.066025
319.000000 0.065659
320.000000 0.064724
321.000000 0.063961
322.000000 0.064060
323.000000 0.064093
324.000000 0.064792
325.000000 0.065609
326.000000 0.065973
327.000000 0.066577
328.000000 0.066968
329.000000 0.067132
330.000000 0.067536
331.000000 0.068062
332.000000 0.068489
333.000000 0.069125
334.000000 0.069712
335.000000 0.070146
336.000000 0.070865
337.000000 0.071577
338.000000 0.072599
339.000000 0.074094
340.000000 0.075445
341.000000 0.076946
342.000000 0.078951
343.000000 0.080695
344.000000 0.082528
345.000000 0.084642
346.000000 0.086326
347.000000 0.087921
348.000000 0.089673
349.000000 0.091176
350.000000 0.092261
351.000000 0.093428
352.000000 0.094905
353.000000 0.096049
354.000000 0.096830
355.000000 0.097598
356.000000 0.098369
357.000000 0.099063
358.000000 0.099549
359.000000 0.099904
360.000000 0.100315
361.000000 0.100834
362.000000 0.101464
363.000000 0.102245
364.000000 0.102987
365.000000 0.103517
366.000000 0.103754
367.000000 0.103969
368.000000 0.104349
369.000000 0.104653
370.000000 0.104572
371.000000 0.104390
372.000000 0.104446
373.000000 0.104431
374.000000 0.104324
375.000000 0.104783
376.000000 0.105423
377.000000 0.105714
378.000000 0.106144
379.000000 0.106951
380.000000 0.108295
381.000000 0.109431
382.000000 0.110391
383.000000 0.111476
384.000000 0.112574
385.000000 0.113582
386.000000 0.113981
387.000000 0.114295
388.000000 0.114168
389.000000 0.113664
390.000000 0.113257
391.000000 0.112375
392.000000 0.111137
393.000000 0.110014
394.000000 0.108963
395.000000 0.107499
396.000000 0.105974
397.000000 0.104741
398.000000 0.103552
399.000000 0.102243
400.000000 0.100769
401.000000 0.099099
402.000000 0.097146
403.000000 0.095085
404.000000 0.093169
405.000000 0.091194
406.000000 0.089080
407.000000 0.087070
408.000000 0.085090
409.000000 0.083189
410.000000 0.081559
411.000000 0.080083
412.000000 0.078885
413.000000 0.078102
414.000000 0.077615
415.000000 0.077172
416.000000 0.076715
417.000000 0.076393
418.000000 0.076028
419.000000 0.075751
420.000000 0.075664
421.000000 0.075715
422.000000 0.075738
423.000000 0.075686
424.000000 0.075661
425.000000 0.075565
426.000000 0.075503
427.000000 0.075179
428.000000 0.074910
429.000000 0.075080
430.000000 0.075233
431.000000 0.075356
432.000000 0.075506
433.000000 0.075883
434.000000 0.076476
435.000000 0.077131
436.000000 0.077974
437.000000 0.079132
438.000000 0.080548
439.000000 0.082028
440.000000 0.083674
441.000000 0.085548
442.000000 0.087330
443.000000 0.089119
444.000000 0.090931
445.000000 0.092600
446.000000 0.094276
447.000000 0.095831
448.000000 0.097101
449.000000 0.098150
450.000000 0.098826
451.000000 0.099085
452.000000 0.099194
453.000000 0.099144
454.000000 0.098907
455.000000 0.098527
456.000000 0.098023
457.000000 0.097535
458.000000 0.097209
459.000000 0.097086
460.000000 0.097112
461.000000 0.097415
462.000000 0.098291
463.000000 0.099722
464.000000 0.101584
465.000000 0.103945
466.000000 0.106740
467.000000 0.110143
468.000000 0.114178
469.000000 0.118848
470.000000 0.124007
471.000000 0.129033
472.000000 0.134111
473.000000 0.139168
474.000000 0.143949
475.000000 0.148365
476.000000 0.152178
477.000000 0.155534
478.000000 0.158236
479.000000 0.160056
480.000000 0.161123
481.000000 0.161419
482.000000 0.161002
483.000000 0.160143
484.000000 0.158782
485.000000 0.156896
486.000000 0.154654
487.000000 0.152305
488.000000 0.149745
489.000000 0.146616
490.000000 0.143227
491.000000 0.140322
492.000000 0.137944
493.000000 0.135495
494.000000 0.133244
495.000000 0.131231
496.000000 0.129396
497.000000 0.127929
498.000000 0.126524
499.000000 0.125163
500.000000 0.124058
501.000000 0.123631
502.000000 0.123407
503.000000 0.123296
504.000000 0.123873
505.000000 0.125108
506.000000 0.126883
507.000000 0.128841
508.000000 0.131077
509.000000 0.133788
510.000000 0.136747
511.000000 0.140009
512.000000 0.143767
513.000000 0.147841
514.000000 0.152008
515.000000 0.156436
516.000000 0.161175
517.000000 0.166075
518.000000 0.170896
519.000000 0.175835
520.000000 0.180802
521.000000 0.185459
522.000000 0.189702
523.000000 0.193810
524.000000 0.197878
525.000000 0.201219
526.000000 0.204213
527.000000 0.206770
528.000000 0.208862
529.000000 0.210692
530.000000 0.212125
531.000000 0.213117
532.000000 0.213745
533.000000 0.214331
534.000000 0.214824
535.000000 0.215373
536.000000 0.215905
537.000000 0.216377
538.000000 0.216773
539.000000 0.217022
540.000000 0.217852
541.000000 0.219515
542.000000 0.221794
543.000000 0.224738
544.000000 0.228312
545.000000 0.232244
546.000000 0.236747
547.000000 0.242303
548.000000 0.248304
549.000000 0.254702
550.000000 0.261864
551.000000 0.269502
552.000000 0.277549
553.000000 0.286368
554.000000 0.295695
555.000000 0.305319
556.000000 0.315123
557.000000 0.325473
558.000000 0.336816
559.000000 0.348072
560.000000 0.359098
561.000000 0.369900
562.000000 0.380230
563.000000 0.389530
564.000000 0.397727
565.000000 0.404813
566.000000 0.410723
567.000000 0.415618
568.000000 0.418878
569.000000 0.420589
570.000000 0.420659
571.000000 0.419117
572.000000 0.416498
573.000000 0.412502
574.000000 0.406974
575.000000 0.400359
576.000000 0.392554
577.000000 0.384249
578.000000 0.375577
579.000000 0.366551
580.000000 0.357619
581.000000 0.348674
582.000000 0.340174
583.000000 0.332212
584.000000 0.325163
585.000000 0.318856
586.000000 0.312822
587.000000 0.307544
588.000000 0.302950
589.000000 0.298927
590.000000 0.295670
591.000000 0.293007
592.000000 0.291015
593.000000 0.289604
594.000000 0.288732
595.000000 0.288428
596.000000 0.288460
597.000000 0.288780
598.000000 0.289371
599.000000 0.290233
600.000000 0.291177
601.000000 0.292153
602.000000 0.293206
603.000000 0.294342
604.000000 0.295582
605.000000 0.296741
606.000000 0.297675
607.000000 0.298489
608.000000 0.299076
609.000000 0.299322
610.000000 0.299102
611.000000 0.298368
612.000000 0.297208
613.000000 0.295477
614.000000 0.292981
615.000000 0.289665
616.000000 0.286010
617.000000 0.281983
618.000000 0.277331
619.000000 0.272427
620.000000 0.267028
621.000000 0.260988
622.000000 0.254930
623.000000 0.248862
624.000000 0.242469
625.000000 0.236210
626.000000 0.230201
627.000000 0.224190
628.000000 0.218584
629.000000 0.213405
630.000000 0.208442
631.000000 0.203876
632.000000 0.199854
633.000000 0.196279
634.000000 0.193034
635.000000 0.190302
636.000000 0.188049
637.000000 0.186230
638.000000 0.184889
639.000000 0.183886
640.000000 0.183338
641.000000 0.183208
642.000000 0.183328
643.000000 0.183783
644.000000 0.184575
645.000000 0.185528
646.000000 0.186601
647.000000 0.187937
648.000000 0.189495
649.000000 0.191117
650.000000 0.192816
651.000000 0.194712
652.000000 0.196787
653.000000 0.198858
654.000000 0.200966
655.000000 0.203127
656.000000 0.205240
657.000000 0.207307
658.000000 0.209541
659.000000 0.211978
660.000000 0.214464
661.000000 0.216944
662.000000 0.219471
663.000000 0.222220
664.000000 0.225170
665.000000 0.228139
666.000000 0.231193
667.000000 0.234431
668.000000 0.237808
669.000000 0.241217
670.000000 0.244653
671.000000 0.248284
672.000000 0.252143
673.000000 0.256211
674.000000 0.260012
675.000000 0.263845
676.000000 0.268297
677.000000 0.273125
678.000000 0.278191
679.000000 0.283304
680.000000 0.288606
681.000000 0.294260
682.000000 0.300168
683.000000 0.306316
684.000000 0.312375
685.000000 0.318479
686.000000 0.324991
687.000000 0.331733
688.000000 0.338662
689.000000 0.345813
690.000000 0.352920
691.000000 0.360178
692.000000 0.367893
693.000000 0.375727
694.000000 0.383321
695.000000 0.391088
696.000000 0.399021
697.000000 0.407036
698.000000 0.415376
699.000000 0.423856
700.000000 0.432380
701.000000 0.440711
702.000000 0.448562
703.000000 0.456340
704.000000 0.464452
705.000000 0.472593
706.000000 0.480630
707.000000 0.488526
708.000000 0.496088
709.000000 0.503121
710.000000 0.509667
711.000000 0.515901
712.000000 0.522043
713.000000 0.528123
714.000000 0.534068
715.000000 0.539663
716.000000 0.544876
717.000000 0.549777
718.000000 0.554225
719.000000 0.558187
720.000000 0.561846
721.000000 0.565232
722.000000 0.568159
723.000000 0.570698
724.000000 0.573134
725.000000 0.575397
726.000000 0.577463
727.000000 0.579589
728.000000 0.581885
729.000000 0.584302
730.000000 0.586728
731.000000 0.588782
732.000000 0.590555
733.000000 0.592796
734.000000 0.595738
735.000000 0.599190
736.000000 0.603096
737.000000 0.607522
738.000000 0.612407
739.000000 0.617785
740.000000 0.623821
741.000000 0.630572
742.000000 0.637975
743.000000 0.646045
744.000000 0.654747
745.000000 0.663971
746.000000 0.673762
747.000000 0.684114
748.000000 0.695161
749.000000 0.706881
750.000000 0.719425
751.000000 0.733085
752.000000 0.747689
753.000000 0.763155
754.000000 0.779318
755.000000 0.796181
756.000000 0.813818
757.000000 0.832145
758.000000 0.851123
759.000000 0.870720
760.000000 0.890966
761.000000 0.912042
762.000000 0.933613
763.000000 0.955604
764.000000 0.978734
765.000000 1.003193
766.000000 1.028567
767.000000 1.054248
768.000000 1.079671
769.000000 1.104828
770.000000 1.130349
771.000000 1.156505
772.000000 1.183041
773.000000 1.209380
774.000000 1.235628
775.000000 1.261617
776.000000 1.287873
777.000000 1.313633
778.000000 1.337285
779.000000 1.359161
780.000000 1.379226
781.000000 1.397303
782.000000 1.413182
783.000000 1.426025
784.000000 1.435112
785.000000 1.441041
786.000000 1.443845
787.000000 1.443199
788.000000 1.438831
789.000000 1.430629
790.000000 1.418766
791.000000 1.403217
792.000000 1.383422
793.000000 1.359478
794.000000 1.332064
795.000000 1.301093
796.000000 1.266690
797.000000 1.227555
798.000000 1.185557
799.000000 1.142631
800.000000 1.098040
801.000000 1.052033
802.000000 1.005318
803.000000 0.958293
804.000000 0.908776
805.000000 0.858438
806.000000 0.810164
807.000000 0.763075
808.000000 0.716976
809.000000 0.672084
810.000000 0.626389
811.000000 0.581895
812.000000 0.540702
813.000000 0.501588
814.000000 0.464631
815.000000 0.429611
816.000000 0.394926
817.000000 0.361863
818.000000 0.332097
819.000000 0.304768
820.000000 0.279407
821.000000 0.255117
822.000000 0.232311
823.000000 0.211863
824.000000 0.193424
825.000000 0.176107
826.000000 0.160231
827.000000 0.146184
828.000000 0.133504
829.000000 0.122013
830.000000 0.111018
831.000000 0.100881
832.000000 0.092129
833.000000 0.084336
834.000000 0.076997
835.000000 0.070234
836.000000 0.064373
837.000000 0.059030
838.000000 0.054100
839.000000 0.049742
840.000000 0.045883
841.000000 0.042339
842.000000 0.039092
843.000000 0.036218
844.000000 0.033622
845.000000 0.031164
846.000000 0.028921
847.000000 0.026960
848.000000 0.025134
849.000000 0.023451
850.000000 0.021957
851.000000 0.020569
852.000000 0.019320
853.000000 0.018262
854.000000 0.017247
855.000000 0.016262
856.000000 0.015376
857.000000 0.014554
858.000000 0.013810
859.000000 0.013142
860.000000 0.012480
861.000000 0.011898
862.000000 0.011412
863.000000 0.010891
864.000000 0.010374
865.000000 0.009942
866.000000 0.009547
867.000000 0.009165
868.000000 0.008842
869.000000 0.008514
870.000000 0.008232
871.000000 0.008002
872.000000 0.007720
873.000000 0.007474
874.000000 0.007260
875.000000 0.007061
876.000000 0.006892
877.000000 0.006739
878.000000 0.006587
879.000000 0.006439
880.000000 0.006331
881.000000 0.006215
882.000000 0.006087
883.000000 0.006003
884.000000 0.005957
885.000000 0.005880
886.000000 0.005757
887.000000 0.005663
888.000000 0.005622
889.000000 0.005575
890.000000 0.005526
891.000000 0.005492
892.000000 0.005431
893.000000 0.005366
894.000000 0.005328
895.000000 0.005330
896.000000 0.005337
897.000000 0.005349
898.000000 0.005364
899.000000 0.005379
900.000000 0.005403
