315.000000 0.054335
316.000000 0.053781
317.000000 0.052518
318.000000 0.051569
319.000000 0.050605
320.000000 0.049281
321.000000 0.048508
322.000000 0.047901
323.000000 0.048008
324.000000 0.049024
325.000000 0.049698
326.000000 0.049831
327.000000 0.049565
328.000000 0.049776
329.000000 0.049963
330.000000 0.049985
331.000000 0.050253
332.000000 0.050349
333.000000 0.050682
334.000000 0.051349
335.000000 0.051518
336.000000 0.051215
337.000000 0.051362
338.000000 0.051772
339.000000 0.052266
340.000000 0.052996
341.000000 0.053835
342.000000 0.054465
343.000000 0.055142
344.000000 0.056021
345.000000 0.056933
346.000000 0.057905
347.000000 0.059017
348.000000 0.060090
349.000000 0.060988
350.000000 0.062005
351.000000 0.062930
352.000000 0.063530
353.000000 0.063954
354.000000 0.064145
355.000000 0.064406
356.000000 0.065012
357.000000 0.065498
358.000000 0.065851
359.000000 0.066316
360.000000 0.067137
361.000000 0.068195
362.000000 0.069048
363.000000 0.069821
364.000000 0.070739
365.000000 0.071430
366.000000 0.071794
367.000000 0.071918
368.000000 0.071703
369.000000 0.071292
370.000000 0.070895
371.000000 0.070127
372.000000 0.068998
373.000000 0.068121
374.000000 0.066711
375.000000 0.065397
376.000000 0.064659
377.000000 0.063486
378.000000 0.062485
379.000000 0.061857
380.000000 0.061584
381.000000 0.061585
382.000000 0.061709
383.000000 0.061876
384.000000 0.062161
385.000000 0.062231
386.000000 0.062215
387.000000 0.062502
388.000000 0.062798
389.000000 0.063054
390.000000 0.062748
391.000000 0.062533
392.000000 0.062531
393.000000 0.062226
394.000000 0.061953
395.000000 0.061634
396.000000 0.061358
397.000000 0.061524
398.000000 0.061848
399.000000 0.062045
400.000000 0.062138
401.000000 0.062050
402.000000 0.061977
403.000000 0.061894
404.000000 0.061774
405.000000 0.061824
406.000000 0.061787
407.000000 0.061540
408.000000 0.061272
409.000000 0.060994
410.000000 0.060740
411.000000 0.060592
412.000000 0.060499
413.000000 0.060436
414.000000 0.060347
415.000000 0.060414
416.000000 0.060671
417.000000 0.060850
418.000000 0.061085
419.000000 0.061456
420.000000 0.061595
421.000000 0.061599
422.000000 0.061763
423.000000 0.061736
424.000000 0.061259
425.000000 0.060695
426.000000 0.059994
427.000000 0.058860
428.000000 0.057645
429.000000 0.056428
430.000000 0.055060
431.000000 0.053582
432.000000 0.052046
433.000000 0.050440
434.000000 0.048709
435.000000 0.046790
436.000000 0.044847
437.000000 0.042944
438.000000 0.041074
439.000000 0.039378
440.000000 0.037731
441.000000 0.036176
442.000000 0.034740
443.000000 0.033346
444.000000 0.032070
445.000000 0.030904
446.000000 0.029782
447.000000 0.028795
448.000000 0.027810
449.000000 0.026944
450.000000 0.026389
451.000000 0.025711
452.000000 0.024990
453.000000 0.024459
454.000000 0.024017
455.000000 0.023669
456.000000 0.023330
457.000000 0.022914
458.000000 0.022525
459.000000 0.022233
460.000000 0.021900
461.000000 0.021555
462.000000 0.021258
463.000000 0.020915
464.000000 0.020590
465.000000 0.020300
466.000000 0.019991
467.000000 0.019702
468.000000 0.019501
469.000000 0.019252
470.000000 0.018961
471.000000 0.018685
472.000000 0.018353
473.000000 0.018055
474.000000 0.017819
475.000000 0.017602
476.000000 0.017445
477.000000 0.017195
478.000000 0.016884
479.000000 0.016701
480.000000 0.016569
481.000000 0.016504
482.000000 0.016445
483.000000 0.016311
484.000000 0.016201
485.000000 0.016118
486.000000 0.016016
487.000000 0.015925
488.000000 0.015853
489.000000 0.016023
490.000000 0.016217
491.000000 0.016249
492.000000 0.016105
493.000000 0.015917
494.000000 0.015719
495.000000 0.015781
496.000000 0.015870
497.000000 0.015842
498.000000 0.015784
499.000000 0.015889
500.000000 0.016257
501.000000 0.016296
502.000000 0.016433
503.000000 0.016538
504.000000 0.016579
505.000000 0.016601
506.000000 0.016823
507.000000 0.017244
508.000000 0.017400
509.000000 0.017623
510.000000 0.017803
511.000000 0.017623
512.000000 0.017526
513.000000 0.017966
514.000000 0.018546
515.000000 0.018934
516.000000 0.019296
517.000000 0.019495
518.000000 0.019478
519.000000 0.019494
520.000000 0.019645
521.000000 0.020100
522.000000 0.020427
523.000000 0.020810
524.000000 0.021512
525.000000 0.022290
526.000000 0.023117
527.000000 0.023638
528.000000 0.023941
529.000000 0.024338
530.000000 0.024568
531.000000 0.024810
532.000000 0.025153
533.000000 0.025366
534.000000 0.025891
535.000000 0.026595
536.000000 0.027420
537.000000 0.028051
538.000000 0.028586
539.000000 0.029371
540.000000 0.029912
541.000000 0.030479
542.000000 0.031480
543.000000 0.032507
544.000000 0.033330
545.000000 0.034120
546.000000 0.035026
547.000000 0.035889
548.000000 0.036458
549.000000 0.036996
550.000000 0.037895
551.000000 0.038755
552.000000 0.039499
553.000000 0.040353
554.000000 0.041185
555.000000 0.042049
556.000000 0.042785
557.000000 0.043385
558.000000 0.044264
559.000000 0.045319
560.000000 0.046301
561.000000 0.047289
562.000000 0.048472
563.000000 0.049615
564.000000 0.050535
565.000000 0.051435
566.000000 0.052414
567.000000 0.053634
568.000000 0.054863
569.000000 0.056047
570.000000 0.057385
571.000000 0.058830
572.000000 0.060283
573.000000 0.061685
574.000000 0.063113
575.000000 0.064596
576.000000 0.066284
577.000000 0.068093
578.000000 0.069850
579.000000 0.071655
580.000000 0.073707
581.000000 0.075879
582.000000 0.077909
583.000000 0.080119
584.000000 0.082259
585.000000 0.084289
586.000000 0.086457
587.000000 0.088605
588.000000 0.090769
589.000000 0.093042
590.000000 0.095456
591.000000 0.097999
592.000000 0.100538
593.000000 0.103045
594.000000 0.105444
595.000000 0.107793
596.000000 0.110412
597.000000 0.113136
598.000000 0.115943
599.000000 0.118896
600.000000 0.121768
601.000000 0.124656
602.000000 0.127502
603.000000 0.130328
604.000000 0.133382
605.000000 0.136395
606.000000 0.139562
607.000000 0.142927
608.000000 0.146000
609.000000 0.149023
610.000000 0.152327
611.000000 0.155690
612.000000 0.159077
613.000000 0.162550
614.000000 0.166135
615.000000 0.169972
616.000000 0.173735
617.000000 0.177434
618.000000 0.181378
619.000000 0.185296
620.000000 0.189191
621.000000 0.193372
622.000000 0.197563
623.000000 0.201715
624.000000 0.206146
625.000000 0.210635
626.000000 0.215127
627.000000 0.219880
628.000000 0.224651
629.000000 0.229450
630.000000 0.234600
631.000000 0.239990
632.000000 0.245304
633.000000 0.250698
634.000000 0.256391
635.000000 0.262081
636.000000 0.267891
637.000000 0.273967
638.000000 0.279981
639.000000 0.286121
640.000000 0.292586
641.000000 0.299117
642.000000 0.305365
643.000000 0.311642
644.000000 0.318391
645.000000 0.325043
646.000000 0.331711
647.000000 0.338737
648.000000 0.345948
649.000000 0.353074
650.000000 0.360241
651.000000 0.367765
652.000000 0.375501
653.000000 0.383112
654.000000 0.390805
655.000000 0.398965
656.000000 0.407435
657.000000 0.415817
658.000000 0.424204
659.000000 0.433300
660.000000 0.442898
661.000000 0.451966
662.000000 0.460730
663.000000 0.470054
664.000000 0.479847
665.000000 0.489569
666.000000 0.499102
667.000000 0.508757
668.000000 0.518525
669.000000 0.527953
670.000000 0.537151
671.000000 0.546553
672.000000 0.555896
673.000000 0.565087
674.000000 0.573621
675.000000 0.581798
676.000000 0.590099
677.000000 0.598226
678.000000 0.606079
679.000000 0.613267
680.000000 0.620001
681.000000 0.626586
682.000000 0.632893
683.000000 0.638852
684.000000 0.644375
685.000000 0.649538
686.000000 0.654551
687.000000 0.659376
688.000000 0.663905
689.000000 0.668251
690.000000 0.672341
691.000000 0.676355
692.000000 0.680557
693.000000 0.684913
694.000000 0.689487
695.000000 0.694360
696.000000 0.699322
697.000000 0.704602
698.000000 0.710600
699.000000 0.717283
700.000000 0.724676
701.000000 0.732810
702.000000 0.741361
703.000000 0.750556
704.000000 0.761010
705.000000 0.772666
706.000000 0.785316
707.000000 0.799060
708.000000 0.814155
709.000000 0.830454
710.000000 0.847285
711.000000 0.865040
712.000000 0.884497
713.000000 0.905342
714.000000 0.927486
715.000000 0.950883
716.000000 0.975579
717.000000 1.001508
718.000000 1.028278
719.000000 1.054949
720.000000 1.082045
721.000000 1.110581
722.000000 1.140128
723.000000 1.170156
724.000000 1.200354
725.000000 1.230649
726.000000 1.260903
727.000000 1.291192
728.000000 1.321550
729.000000 1.351941
730.000000 1.381960
731.000000 1.409822
732.000000 1.436215
733.000000 1.463008
734.000000 1.489309
735.000000 1.514690
736.000000 1.539013
737.000000 1.561893
738.000000 1.582992
739.000000 1.602273
740.000000 1.619881
741.000000 1.635715
742.000000 1.648885
743.000000 1.659538
744.000000 1.667933
745.000000 1.673613
746.000000 1.676442
747.000000 1.676444
748.000000 1.673532
749.000000 1.667551
750.000000 1.658504
751.000000 1.646371
752.000000 1.631460
753.000000 1.613825
754.000000 1.593101
755.000000 1.569041
756.000000 1.542280
757.000000 1.512841
758.000000 1.480719
759.000000 1.446066
760.000000 1.408894
761.000000 1.369938
762.000000 1.329558
763.000000 1.287522
764.000000 1.243893
765.000000 1.198571
766.000000 1.152020
767.000000 1.105081
768.000000 1.058504
769.000000 1.012213
770.000000 0.966013
771.000000 0.920257
772.000000 0.875008
773.000000 0.830617
774.000000 0.786963
775.000000 0.744206
776.000000 0.699965
777.000000 0.656246
778.000000 0.616385
779.000000 0.579053
780.000000 0.543654
781.000000 0.510186
782.000000 0.478141
783.000000 0.447433
784.000000 0.418239
785.000000 0.390527
786.000000 0.364457
787.000000 0.339932
788.000000 0.316145
789.000000 0.293719
790.000000 0.273525
791.000000 0.254890
792.000000 0.237452
793.000000 0.221187
794.000000 0.206087
795.000000 0.192029
796.000000 0.178852
797.000000 0.166164
798.000000 0.154306
799.000000 0.143634
800.000000 0.133801
801.000000 0.124684
802.000000 0.116244
803.000000 0.108393
804.000000 0.100829
805.000000 0.093687
806.000000 0.087256
807.000000 0.081423
808.000000 0.076004
809.000000 0.070902
810.000000 0.065987
811.000000 0.061336
812.000000 0.057131
813.000000 0.053286
814.000000 0.049764
815.000000 0.046545
816.000000 0.043420
817.000000 0.040391
818.000000 0.037617
819.000000 0.035140
820.000000 0.032934
821.000000 0.030818
822.000000 0.028814
823.000000 0.027031
824.000000 0.025407
825.000000 0.023858
826.000000 0.022387
827.000000 0.021084
828.000000 0.019954
829.000000 0.018936
830.000000 0.017919
831.000000 0.016962
832.000000 0.016091
833.000000 0.015313
834.000000 0.014656
835.000000 0.014084
836.000000 0.013537
837.000000 0.012933
838.000000 0.012309
839.000000 0.011748
840.000000 0.011258
841.000000 0.010807
842.000000 0.010430
843.000000 0.010062
844.000000 0.009711
845.000000 0.009356
846.000000 0.009014
847.000000 0.008773
848.000000 0.008547
849.000000 0.008288
850.000000 0.008027
851.000000 0.007791
852.000000 0.007601
853.000000 0.007417
854.000000 0.007225
855.000000 0.007048
856.000000 0.006874
857.000000 0.006670
858.000000 0.006485
859.000000 0.006289
860.000000 0.006071
861.000000 0.005900
862.000000 0.005741
863.000000 0.005581
864.000000 0.005464
865.000000 0.005334
866.000000 0.005166
867.000000 0.004999
868.000000 0.004875
869.000000 0.004761
870.000000 0.004597
871.000000 0.004456
872.000000 0.004332
873.000000 0.004238
874.000000 0.004199
875.000000 0.004151
876.000000 0.004025
877.000000 0.003857
878.000000 0.003732
879.000000 0.003605
880.000000 0.003475
881.000000 0.003354
882.000000 0.003246
883.000000 0.003160
884.000000 0.003077
885.000000 0.002996
886.000000 0.002894
887.000000 0.002810
888.000000 0.002797
889.000000 0.002764
890.000000 0.002679
891.000000 0.002615
892.000000 0.002559
893.000000 0.002485
894.000000 0.002440
895.000000 0.002409
896.000000 0.002366
897.000000 0.002344
898.000000 0.002304
899.000000 0.002274
900.000000 0.002250
901.000000 0.002211
902.000000 0.002173
903.000000 0.002114
904.000000 0.002097
905.000000 0.002085
906.000000 0.002018
907.000000 0.001967
908.000000 0.001954
909.000000 0.001934
910.000000 0.001883
911.000000 0.001858
912.000000 0.001849
913.000000 0.001817
914.000000 0.001794
915.000000 0.001781
916.000000 0.001777
917.000000 0.001759
918.000000 0.001703
919.000000 0.001618
920.000000 0.001540
921.000000 0.001489
922.000000 0.001447
923.000000 0.001416
924.000000 0.001385
925.000000 0.001363
926.000000 0.001334
927.000000 0.001331
928.000000 0.001329
929.000000 0.001218
930.000000 0.001150
931.000000 0.001159
932.000000 0.001167
933.000000 0.001178
934.000000 0.001152
935.000000 0.001126
936.000000 0.001141
937.000000 0.001162
938.000000 0.001167
939.000000 0.001191
940.000000 0.001209
941.000000 0.001200
942.000000 0.001201
943.000000 0.001224
944.000000 0.001229
945.000000 0.001200
946.000000 0.001157
947.000000 0.001130
948.000000 0.001123
949.000000 0.001099
950.000000 0.001067
