315.000000 0.092541
316.000000 0.094328
317.000000 0.094445
318.000000 0.095202
319.000000 0.096235
320.000000 0.096553
321.000000 0.097053
322.000000 0.097278
323.000000 0.097383
324.000000 0.097927
325.000000 0.098907
326.000000 0.100175
327.000000 0.100919
328.000000 0.101253
329.000000 0.101325
330.000000 0.101496
331.000000 0.101610
332.000000 0.101617
333.000000 0.102096
334.000000 0.103039
335.000000 0.103320
336.000000 0.103522
337.000000 0.104252
338.000000 0.104444
339.000000 0.104569
340.000000 0.104580
341.000000 0.104634
342.000000 0.104882
343.000000 0.105106
344.000000 0.105439
345.000000 0.105784
346.000000 0.105767
347.000000 0.105632
348.000000 0.105851
349.000000 0.105955
350.000000 0.106097
351.000000 0.106618
352.000000 0.107058
353.000000 0.107270
354.000000 0.107511
355.000000 0.107982
356.000000 0.108526
357.000000 0.108916
358.000000 0.109373
359.000000 0.109951
360.000000 0.110683
361.000000 0.111463
362.000000 0.112144
363.000000 0.112906
364.000000 0.113917
365.000000 0.115003
366.000000 0.115990
367.000000 0.117050
368.000000 0.118266
369.000000 0.119459
370.000000 0.120339
371.000000 0.121594
372.000000 0.123276
373.000000 0.124927
374.000000 0.126505
375.000000 0.128347
376.000000 0.130488
377.000000 0.132407
378.000000 0.134362
379.000000 0.136430
380.000000 0.139136
381.000000 0.141917
382.000000 0.144204
383.000000 0.146337
384.000000 0.148681
385.000000 0.151353
386.000000 0.154083
387.000000 0.156925
388.000000 0.159538
389.000000 0.162007
390.000000 0.164286
391.000000 0.166473
392.000000 0.168984
393.000000 0.171516
394.000000 0.173926
395.000000 0.176479
396.000000 0.179035
397.000000 0.181660
398.000000 0.184642
399.000000 0.187703
400.000000 0.190609
401.000000 0.193538
402.000000 0.196432
403.000000 0.199147
404.000000 0.201823
405.000000 0.204792
406.000000 0.207704
407.000000 0.210467
408.000000 0.213415
409.000000 0.216326
410.000000 0.218846
411.000000 0.221254
412.000000 0.223954
413.000000 0.226919
414.000000 0.229898
415.000000 0.232708
416.000000 0.235281
417.000000 0.237894
418.000000 0.240639
419.000000 0.243247
420.000000 0.245847
421.000000 0.248373
422.000000 0.250772
423.000000 0.253131
424.000000 0.255236
425.000000 0.257027
426.000000 0.258784
427.000000 0.260305
428.000000 0.261469
429.000000 0.262467
430.000000 0.263282
431.000000 0.263885
432.000000 0.264483
433.000000 0.264909
434.000000 0.265083
435.000000 0.264965
436.000000 0.264607
437.000000 0.264221
438.000000 0.263719
439.000000 0.263150
440.000000 0.262460
441.000000 0.261579
442.000000 0.260722
443.000000 0.259852
444.000000 0.258934
445.000000 0.257935
446.000000 0.256845
447.000000 0.255865
448.000000 0.254613
449.000000 0.253177
450.000000 0.251858
451.000000 0.250248
452.000000 0.248327
453.000000 0.246342
454.000000 0.244282
455.000000 0.242094
456.000000 0.239657
457.000000 0.236928
458.000000 0.234135
459.000000 0.231182
460.000000 0.228062
461.000000 0.224843
462.000000 0.221247
463.000000 0.217493
464.000000 0.213649
465.000000 0.209655
466.000000 0.205949
467.000000 0.202294
468.000000 0.198484
469.000000 0.194613
470.000000 0.190807
471.000000 0.187173
472.000000 0.183506
473.000000 0.180004
474.000000 0.176691
475.000000 0.173527
476.000000 0.170701
477.000000 0.167951
478.000000 0.165321
479.000000 0.162945
480.000000 0.160837
481.000000 0.158975
482.000000 0.157212
483.000000 0.155627
484.000000 0.154233
485.000000 0.153042
486.000000 0.151977
487.000000 0.150989
488.000000 0.150178
489.000000 0.149328
490.000000 0.148412
491.000000 0.148103
492.000000 0.148177
493.000000 0.148223
494.000000 0.148096
495.000000 0.148075
496.000000 0.148342
497.000000 0.148672
498.000000 0.148983
499.000000 0.149424
500.000000 0.150010
501.000000 0.150485
502.000000 0.151240
503.000000 0.151792
504.000000 0.152034
505.000000 0.152464
506.000000 0.153144
507.000000 0.154227
508.000000 0.155070
509.000000 0.155645
510.000000 0.156398
511.000000 0.156762
512.000000 0.157077
513.000000 0.158090
514.000000 0.159357
515.000000 0.160370
516.000000 0.161214
517.000000 0.162026
518.000000 0.162763
519.000000 0.163459
520.000000 0.164332
521.000000 0.165323
522.000000 0.166198
523.000000 0.167068
524.000000 0.167945
525.000000 0.168665
526.000000 0.169537
527.000000 0.170550
528.000000 0.171747
529.000000 0.172814
530.000000 0.173338
531.000000 0.173767
532.000000 0.174260
533.000000 0.174837
534.000000 0.175851
535.000000 0.177075
536.000000 0.177914
537.000000 0.178332
538.000000 0.179234
539.000000 0.180360
540.000000 0.180869
541.000000 0.181785
542.000000 0.182793
543.000000 0.183033
544.000000 0.183039
545.000000 0.183233
546.000000 0.183512
547.000000 0.183754
548.000000 0.183843
549.000000 0.183977
550.000000 0.184377
551.000000 0.184537
552.000000 0.184384
553.000000 0.184278
554.000000 0.184160
555.000000 0.183828
556.000000 0.183334
557.000000 0.182990
558.000000 0.182855
559.000000 0.182664
560.000000 0.182377
561.000000 0.182051
562.000000 0.181714
563.000000 0.181319
564.000000 0.180768
565.000000 0.180057
566.000000 0.179320
567.000000 0.178688
568.000000 0.178089
569.000000 0.177493
570.000000 0.176852
571.000000 0.176087
572.000000 0.175199
573.000000 0.174361
574.000000 0.173576
575.000000 0.172745
576.000000 0.171914
577.000000 0.171072
578.000000 0.170173
579.000000 0.169202
580.000000 0.168361
581.000000 0.167620
582.000000 0.166747
583.000000 0.165765
584.000000 0.164727
585.000000 0.163680
586.000000 0.162580
587.000000 0.161470
588.000000 0.160336
589.000000 0.159191
590.000000 0.157935
591.000000 0.156625
592.000000 0.155420
593.000000 0.153981
594.000000 0.152441
595.000000 0.150841
596.000000 0.149175
597.000000 0.147628
598.000000 0.146133
599.000000 0.144568
600.000000 0.143044
601.000000 0.141585
602.000000 0.140065
603.000000 0.138480
604.000000 0.136846
605.000000 0.135252
606.000000 0.133795
607.000000 0.132268
608.000000 0.130667
609.000000 0.129117
610.000000 0.127587
611.000000 0.126116
612.000000 0.124723
613.000000 0.123522
614.000000 0.122442
615.000000 0.121332
616.000000 0.120338
617.000000 0.119511
618.000000 0.118731
619.000000 0.118008
620.000000 0.117367
621.000000 0.116903
622.000000 0.116606
623.000000 0.116360
624.000000 0.116207
625.000000 0.116174
626.000000 0.116243
627.000000 0.116427
628.000000 0.116760
629.000000 0.117188
630.000000 0.117725
631.000000 0.118380
632.000000 0.119069
633.000000 0.119838
634.000000 0.120673
635.000000 0.121503
636.000000 0.122342
637.000000 0.123158
638.000000 0.123922
639.000000 0.124700
640.000000 0.125445
641.000000 0.126096
642.000000 0.126694
643.000000 0.127257
644.000000 0.127772
645.000000 0.128090
646.000000 0.128279
647.000000 0.128336
648.000000 0.128236
649.000000 0.128100
650.000000 0.127875
651.000000 0.127585
652.000000 0.127189
653.000000 0.126722
654.000000 0.126264
655.000000 0.125817
656.000000 0.125367
657.000000 0.125017
658.000000 0.124710
659.000000 0.124381
660.000000 0.124098
661.000000 0.123913
662.000000 0.123835
663.000000 0.123820
664.000000 0.123913
665.000000 0.124069
666.000000 0.124317
667.000000 0.124663
668.000000 0.125087
669.000000 0.125548
670.000000 0.125994
671.000000 0.126544
672.000000 0.127192
673.000000 0.127787
674.000000 0.128387
675.000000 0.129039
676.000000 0.129703
677.000000 0.130373
678.000000 0.131033
679.000000 0.131636
680.000000 0.132209
681.000000 0.132754
682.000000 0.133294
683.000000 0.133828
684.000000 0.134361
685.000000 0.134834
686.000000 0.135231
687.000000 0.135658
688.000000 0.136076
689.000000 0.136508
690.000000 0.136887
691.000000 0.137251
692.000000 0.137689
693.000000 0.138174
694.000000 0.138738
695.000000 0.139422
696.000000 0.140144
697.000000 0.140932
698.000000 0.141849
699.000000 0.142939
700.000000 0.144224
701.000000 0.145608
702.000000 0.147056
703.000000 0.148634
704.000000 0.150489
705.000000 0.152582
706.000000 0.154819
707.000000 0.157237
708.000000 0.159894
709.000000 0.162710
710.000000 0.165552
711.000000 0.168499
712.000000 0.171642
713.000000 0.174960
714.000000 0.178450
715.000000 0.182049
716.000000 0.185763
717.000000 0.189502
718.000000 0.193165
719.000000 0.196666
720.000000 0.200100
721.000000 0.203578
722.000000 0.207011
723.000000 0.210363
724.000000 0.213605
725.000000 0.216686
726.000000 0.219544
727.000000 0.222258
728.000000 0.224804
729.000000 0.227219
730.000000 0.229526
731.000000 0.231585
732.000000 0.233431
733.000000 0.235085
734.000000 0.236501
735.000000 0.237762
736.000000 0.238921
737.000000 0.239926
738.000000 0.240763
739.000000 0.241486
740.000000 0.242074
741.000000 0.242449
742.000000 0.242589
743.000000 0.242530
744.000000 0.242312
745.000000 0.241901
746.000000 0.241223
747.000000 0.240292
748.000000 0.239132
749.000000 0.237737
750.000000 0.236067
751.000000 0.234091
752.000000 0.231860
753.000000 0.229398
754.000000 0.226603
755.000000 0.223426
756.000000 0.219963
757.000000 0.216222
758.000000 0.212196
759.000000 0.207846
760.000000 0.203224
761.000000 0.198353
762.000000 0.193242
763.000000 0.187944
764.000000 0.182488
765.000000 0.176846
766.000000 0.171043
767.000000 0.165156
768.000000 0.159138
769.000000 0.153104
770.000000 0.147132
771.000000 0.141136
772.000000 0.135158
773.000000 0.129313
774.000000 0.123565
775.000000 0.117985
776.000000 0.112267
777.000000 0.106509
778.000000 0.101191
779.000000 0.096259
780.000000 0.091657
781.000000 0.087199
782.000000 0.082877
783.000000 0.078762
784.000000 0.074797
785.000000 0.071008
786.000000 0.067454
787.000000 0.064163
788.000000 0.060981
789.000000 0.057901
790.000000 0.055080
791.000000 0.052473
792.000000 0.049992
793.000000 0.047708
794.000000 0.045556
795.000000 0.043421
796.000000 0.041328
797.000000 0.039340
798.000000 0.037537
799.000000 0.035854
800.000000 0.034240
801.000000 0.032683
802.000000 0.031196
803.000000 0.029800
804.000000 0.028419
805.000000 0.027084
806.000000 0.025887
807.000000 0.024768
808.000000 0.023657
809.000000 0.022542
810.000000 0.021448
811.000000 0.020432
812.000000 0.019472
813.000000 0.018527
814.000000 0.017624
815.000000 0.016807
816.000000 0.016020
817.000000 0.015240
818.000000 0.014524
819.000000 0.013864
820.000000 0.013280
821.000000 0.012699
822.000000 0.012085
823.000000 0.011582
824.000000 0.011101
825.000000 0.010575
826.000000 0.010106
827.000000 0.009657
828.000000 0.009252
829.000000 0.008933
830.000000 0.008622
831.000000 0.008311
832.000000 0.007990
833.000000 0.007695
834.000000 0.007463
835.000000 0.007288
836.000000 0.007086
837.000000 0.006877
838.000000 0.006674
839.000000 0.006438
840.000000 0.006214
841.000000 0.006010
842.000000 0.005845
843.000000 0.005737
844.000000 0.005627
845.000000 0.005473
846.000000 0.005330
847.000000 0.005217
848.000000 0.005067
849.000000 0.004875
850.000000 0.004741
851.000000 0.004632
852.000000 0.004543
853.000000 0.004457
854.000000 0.004344
855.000000 0.004230
856.000000 0.004112
857.000000 0.003984
858.000000 0.003884
859.000000 0.003812
860.000000 0.003725
861.000000 0.003639
862.000000 0.003525
863.000000 0.003385
864.000000 0.003280
865.000000 0.003164
866.000000 0.003022
867.000000 0.002920
868.000000 0.002904
869.000000 0.002881
870.000000 0.002765
871.000000 0.002618
872.000000 0.002484
873.000000 0.002430
874.000000 0.002470
875.000000 0.002476
876.000000 0.002412
877.000000 0.002280
878.000000 0.002124
879.000000 0.002019
880.000000 0.001925
881.000000 0.001826
882.000000 0.001752
883.000000 0.001720
884.000000 0.001690
885.000000 0.001653
886.000000 0.001607
887.000000 0.001525
888.000000 0.001457
889.000000 0.001435
890.000000 0.001374
891.000000 0.001285
892.000000 0.001227
893.000000 0.001185
894.000000 0.001160
895.000000 0.001148
896.000000 0.001139
897.000000 0.001148
898.000000 0.001130
899.000000 0.001095
900.000000 0.001077
901.000000 0.001051
902.000000 0.001045
903.000000 0.001036
904.000000 0.001039
905.000000 0.001030
906.000000 0.000976
907.000000 0.000961
908.000000 0.000949
909.000000 0.000907
910.000000 0.000880
911.000000 0.000846
912.000000 0.000820
913.000000 0.000812
914.000000 0.000829
915.000000 0.000839
916.000000 0.000806
917.000000 0.000793
918.000000 0.000777
919.000000 0.000760
920.000000 0.000799
921.000000 0.000732
922.000000 0.000577
923.000000 0.000501
924.000000 0.000460
925.000000 0.000432
926.000000 0.000422
927.000000 0.000424
928.000000 0.000406
929.000000 0.000316
930.000000 0.000266
931.000000 0.000268
932.000000 0.000248
933.000000 0.000253
934.000000 0.000260
935.000000 0.000241
936.000000 0.000241
937.000000 0.000260
938.000000 0.000262
939.000000 0.000248
940.000000 0.000243
941.000000 0.000228
942.000000 0.000205
943.000000 0.000195
944.000000 0.000185
945.000000 0.000166
946.000000 0.000144
947.000000 0.000118
948.000000 0.000095
949.000000 0.000076
950.000000 0.000060
