315.000000 0.186283
316.000000 0.188717
317.000000 0.190853
318.000000 0.192210
319.000000 0.193305
320.000000 0.194472
321.000000 0.195898
322.000000 0.197751
323.000000 0.199637
324.000000 0.201313
325.000000 0.202700
326.000000 0.203826
327.000000 0.204394
328.000000 0.204490
329.000000 0.204718
330.000000 0.205667
331.000000 0.207080
332.000000 0.208158
333.000000 0.208913
334.000000 0.209928
335.000000 0.210847
336.000000 0.211837
337.000000 0.212401
338.000000 0.212777
339.000000 0.213518
340.000000 0.214066
341.000000 0.214617
342.000000 0.215113
343.000000 0.215458
344.000000 0.215727
345.000000 0.215734
346.000000 0.215414
347.000000 0.215160
348.000000 0.214883
349.000000 0.214427
350.000000 0.213708
351.000000 0.212961
352.000000 0.212177
353.000000 0.211027
354.000000 0.209694
355.000000 0.208350
356.000000 0.207045
357.000000 0.205772
358.000000 0.204454
359.000000 0.203081
360.000000 0.201623
361.000000 0.200097
362.000000 0.198690
363.000000 0.197275
364.000000 0.195988
365.000000 0.194900
366.000000 0.193726
367.000000 0.192446
368.000000 0.191131
369.000000 0.189994
370.000000 0.189152
371.000000 0.188008
372.000000 0.186518
373.000000 0.185292
374.000000 0.183980
375.000000 0.182312
376.000000 0.180762
377.000000 0.179251
378.000000 0.177818
379.000000 0.176499
380.000000 0.175164
381.000000 0.174085
382.000000 0.173465
383.000000 0.173042
384.000000 0.172258
385.000000 0.171254
386.000000 0.170579
387.000000 0.170248
388.000000 0.169976
389.000000 0.169684
390.000000 0.169432
391.000000 0.169385
392.000000 0.169502
393.000000 0.169709
394.000000 0.169910
395.000000 0.170030
396.000000 0.170137
397.000000 0.170529
398.000000 0.171043
399.000000 0.171557
400.000000 0.172172
401.000000 0.172692
402.000000 0.173141
403.000000 0.173641
404.000000 0.174151
405.000000 0.174856
406.000000 0.175694
407.000000 0.176399
408.000000 0.177202
409.000000 0.177990
410.000000 0.178649
411.000000 0.179384
412.000000 0.180165
413.000000 0.180835
414.000000 0.181649
415.000000 0.182593
416.000000 0.183360
417.000000 0.183922
418.000000 0.184670
419.000000 0.185704
420.000000 0.186717
421.000000 0.187765
422.000000 0.188984
423.000000 0.190248
424.000000 0.191400
425.000000 0.192587
426.000000 0.193854
427.000000 0.194872
428.000000 0.195509
429.000000 0.195975
430.000000 0.196262
431.000000 0.196250
432.000000 0.195791
433.000000 0.194778
434.000000 0.193399
435.000000 0.191723
436.000000 0.189632
437.000000 0.187209
438.000000 0.184571
439.000000 0.181723
440.000000 0.178562
441.000000 0.175398
442.000000 0.172283
443.000000 0.168843
444.000000 0.165295
445.000000 0.161895
446.000000 0.158398
447.000000 0.154792
448.000000 0.151192
449.000000 0.147683
450.000000 0.144302
451.000000 0.140773
452.000000 0.137296
453.000000 0.134071
454.000000 0.130790
455.000000 0.127607
456.000000 0.124589
457.000000 0.121663
458.000000 0.118945
459.000000 0.116207
460.000000 0.113590
461.000000 0.111160
462.000000 0.108684
463.000000 0.106279
464.000000 0.103990
465.000000 0.101811
466.000000 0.099753
467.000000 0.097804
468.000000 0.095981
469.000000 0.094215
470.000000 0.092495
471.000000 0.090904
472.000000 0.089330
473.000000 0.087798
474.000000 0.086370
475.000000 0.085002
476.000000 0.083727
477.000000 0.082510
478.000000 0.081359
479.000000 0.080302
480.000000 0.079411
481.000000 0.078646
482.000000 0.077941
483.000000 0.077302
484.000000 0.076693
485.000000 0.076126
486.000000 0.075694
487.000000 0.075410
488.000000 0.075210
489.000000 0.074880
490.000000 0.074755
491.000000 0.074813
492.000000 0.074978
493.000000 0.075243
494.000000 0.075362
495.000000 0.075699
496.000000 0.076387
497.000000 0.077073
498.000000 0.077806
499.000000 0.078831
500.000000 0.080113
501.000000 0.081472
502.000000 0.082611
503.000000 0.083620
504.000000 0.085012
505.000000 0.086726
506.000000 0.088246
507.000000 0.089805
508.000000 0.091653
509.000000 0.093747
510.000000 0.095953
511.000000 0.098238
512.000000 0.100512
513.000000 0.102714
514.000000 0.104640
515.000000 0.106579
516.000000 0.108569
517.000000 0.110480
518.000000 0.112507
519.000000 0.114523
520.000000 0.116718
521.000000 0.118748
522.000000 0.120326
523.000000 0.121940
524.000000 0.123454
525.000000 0.124511
526.000000 0.125295
527.000000 0.126028
528.000000 0.126833
529.000000 0.127369
530.000000 0.127960
531.000000 0.128695
532.000000 0.129103
533.000000 0.129374
534.000000 0.129864
535.000000 0.130436
536.000000 0.130951
537.000000 0.131739
538.000000 0.133081
539.000000 0.134626
540.000000 0.136200
541.000000 0.138337
542.000000 0.141040
543.000000 0.144455
544.000000 0.148480
545.000000 0.153081
546.000000 0.157968
547.000000 0.162985
548.000000 0.168231
549.000000 0.173467
550.000000 0.178842
551.000000 0.184253
552.000000 0.189609
553.000000 0.194779
554.000000 0.199558
555.000000 0.203815
556.000000 0.207440
557.000000 0.210387
558.000000 0.212985
559.000000 0.214845
560.000000 0.215705
561.000000 0.215796
562.000000 0.214948
563.000000 0.213281
564.000000 0.210615
565.000000 0.207152
566.000000 0.202750
567.000000 0.197327
568.000000 0.191489
569.000000 0.185021
570.000000 0.178203
571.000000 0.170988
572.000000 0.163448
573.000000 0.155952
574.000000 0.148381
575.000000 0.141395
576.000000 0.134660
577.000000 0.128018
578.000000 0.121844
579.000000 0.115886
580.000000 0.110163
581.000000 0.104580
582.000000 0.099514
583.000000 0.095008
584.000000 0.090919
585.000000 0.087149
586.000000 0.083668
587.000000 0.080720
588.000000 0.078101
589.000000 0.075673
590.000000 0.073461
591.000000 0.071517
592.000000 0.069841
593.000000 0.068202
594.000000 0.066862
595.000000 0.065910
596.000000 0.064920
597.000000 0.064038
598.000000 0.063378
599.000000 0.062755
600.000000 0.062225
601.000000 0.061729
602.000000 0.061267
603.000000 0.060934
604.000000 0.060651
605.000000 0.060538
606.000000 0.060546
607.000000 0.060576
608.000000 0.060627
609.000000 0.060667
610.000000 0.060821
611.000000 0.061072
612.000000 0.061408
613.000000 0.061831
614.000000 0.062268
615.000000 0.062843
616.000000 0.063561
617.000000 0.064339
618.000000 0.065221
619.000000 0.066155
620.000000 0.067119
621.000000 0.068239
622.000000 0.069434
623.000000 0.070719
624.000000 0.072177
625.000000 0.073655
626.000000 0.075309
627.000000 0.077178
628.000000 0.078996
629.000000 0.080888
630.000000 0.082958
631.000000 0.085145
632.000000 0.087353
633.000000 0.089599
634.000000 0.091994
635.000000 0.094365
636.000000 0.096757
637.000000 0.099282
638.000000 0.101743
639.000000 0.104159
640.000000 0.106634
641.000000 0.109122
642.000000 0.111477
643.000000 0.113757
644.000000 0.116079
645.000000 0.118262
646.000000 0.120376
647.000000 0.122514
648.000000 0.124540
649.000000 0.126426
650.000000 0.128196
651.000000 0.129897
652.000000 0.131562
653.000000 0.133093
654.000000 0.134535
655.000000 0.135914
656.000000 0.137186
657.000000 0.138406
658.000000 0.139552
659.000000 0.140692
660.000000 0.141867
661.000000 0.142973
662.000000 0.144126
663.000000 0.145422
664.000000 0.146788
665.000000 0.148134
666.000000 0.149530
667.000000 0.151092
668.000000 0.152922
669.000000 0.154859
670.000000 0.156712
671.000000 0.158702
672.000000 0.160983
673.000000 0.163567
674.000000 0.166199
675.000000 0.169028
676.000000 0.172325
677.000000 0.175940
678.000000 0.179847
679.000000 0.183864
680.000000 0.188032
681.000000 0.192681
682.000000 0.197728
683.000000 0.203057
684.000000 0.208448
685.000000 0.214031
686.000000 0.220081
687.000000 0.226415
688.000000 0.232964
689.000000 0.239674
690.000000 0.246253
691.000000 0.252878
692.000000 0.259792
693.000000 0.266845
694.000000 0.273912
695.000000 0.280914
696.000000 0.287576
697.000000 0.293964
698.000000 0.300389
699.000000 0.306666
700.000000 0.312665
701.000000 0.318314
702.000000 0.323298
703.000000 0.327744
704.000000 0.331915
705.000000 0.335565
706.000000 0.338625
707.000000 0.341069
708.000000 0.342896
709.000000 0.344092
710.000000 0.344680
711.000000 0.344646
712.000000 0.343895
713.000000 0.342444
714.000000 0.340302
715.000000 0.337500
716.000000 0.334048
717.000000 0.329943
718.000000 0.325242
719.000000 0.320307
720.000000 0.315015
721.000000 0.309073
722.000000 0.302664
723.000000 0.295868
724.000000 0.288759
725.000000 0.281461
726.000000 0.274039
727.000000 0.266462
728.000000 0.258677
729.000000 0.250700
730.000000 0.242680
731.000000 0.235165
732.000000 0.227785
733.000000 0.220050
734.000000 0.212287
735.000000 0.204569
736.000000 0.196931
737.000000 0.189388
738.000000 0.181952
739.000000 0.174655
740.000000 0.167552
741.000000 0.160611
742.000000 0.153849
743.000000 0.147292
744.000000 0.140925
745.000000 0.134742
746.000000 0.128759
747.000000 0.122955
748.000000 0.117335
749.000000 0.111879
750.000000 0.106610
751.000000 0.101566
752.000000 0.096703
753.000000 0.092018
754.000000 0.087529
755.000000 0.083211
756.000000 0.079032
757.000000 0.074969
758.000000 0.071087
759.000000 0.067448
760.000000 0.063907
761.000000 0.060471
762.000000 0.057154
763.000000 0.053999
764.000000 0.051004
765.000000 0.048020
766.000000 0.045169
767.000000 0.042522
768.000000 0.040083
769.000000 0.037825
770.000000 0.035669
771.000000 0.033592
772.000000 0.031630
773.000000 0.029811
774.000000 0.028116
775.000000 0.026533
776.000000 0.024925
777.000000 0.023362
778.000000 0.021985
779.000000 0.020764
780.000000 0.019612
781.000000 0.018507
782.000000 0.017517
783.000000 0.016582
784.000000 0.015684
785.000000 0.014925
786.000000 0.014264
787.000000 0.013602
788.000000 0.012969
789.000000 0.012387
790.000000 0.011835
791.000000 0.011341
792.000000 0.010960
793.000000 0.010617
794.000000 0.010281
795.000000 0.009936
796.000000 0.009632
797.000000 0.009438
798.000000 0.009261
799.000000 0.009028
800.000000 0.008795
801.000000 0.008660
802.000000 0.008608
803.000000 0.008558
804.000000 0.008479
805.000000 0.008363
806.000000 0.008228
807.000000 0.008104
808.000000 0.008043
809.000000 0.007985
810.000000 0.007888
811.000000 0.007810
812.000000 0.007776
813.000000 0.007813
814.000000 0.007805
815.000000 0.007745
816.000000 0.007705
817.000000 0.007642
818.000000 0.007575
819.000000 0.007484
820.000000 0.007364
821.000000 0.007264
822.000000 0.007158
823.000000 0.007042
824.000000 0.006942
825.000000 0.006885
826.000000 0.006826
827.000000 0.006746
828.000000 0.006643
829.000000 0.006513
830.000000 0.006383
831.000000 0.006262
832.000000 0.006180
833.000000 0.006073
834.000000 0.005953
835.000000 0.005828
836.000000 0.005698
837.000000 0.005596
838.000000 0.005471
839.000000 0.005320
840.000000 0.005156
841.000000 0.005010
842.000000 0.004900
843.000000 0.004792
844.000000 0.004628
845.000000 0.004454
846.000000 0.004307
847.000000 0.004183
848.000000 0.004058
849.000000 0.003939
850.000000 0.003846
851.000000 0.003728
852.000000 0.003615
853.000000 0.003490
854.000000 0.003356
855.000000 0.003211
856.000000 0.003051
857.000000 0.002964
858.000000 0.002897
859.000000 0.002776
860.000000 0.002680
861.000000 0.002600
862.000000 0.002533
863.000000 0.002456
864.000000 0.002341
865.000000 0.002262
866.000000 0.002183
867.000000 0.002091
868.000000 0.002054
869.000000 0.002011
870.000000 0.001933
871.000000 0.001866
872.000000 0.001784
873.000000 0.001696
874.000000 0.001619
875.000000 0.001565
876.000000 0.001533
877.000000 0.001497
878.000000 0.001429
879.000000 0.001351
880.000000 0.001302
881.000000 0.001267
882.000000 0.001245
883.000000 0.001216
884.000000 0.001177
885.000000 0.001125
886.000000 0.001081
887.000000 0.001052
888.000000 0.001025
889.000000 0.000981
890.000000 0.000942
891.000000 0.000900
892.000000 0.000829
893.000000 0.000768
894.000000 0.000720
895.000000 0.000675
896.000000 0.000625
897.000000 0.000614
898.000000 0.000620
899.000000 0.000617
900.000000 0.000624
