315.000000 0.169961
316.000000 0.171443
317.000000 0.172785
318.000000 0.173773
319.000000 0.175013
320.000000 0.176336
321.000000 0.177406
322.000000 0.178836
323.000000 0.180547
324.000000 0.182187
325.000000 0.183118
326.000000 0.183489
327.000000 0.183779
328.000000 0.184728
329.000000 0.185811
330.000000 0.186689
331.000000 0.187824
332.000000 0.189107
333.000000 0.190186
334.000000 0.191290
335.000000 0.192456
336.000000 0.193531
337.000000 0.194398
338.000000 0.195207
339.000000 0.196321
340.000000 0.197425
341.000000 0.198506
342.000000 0.199283
343.000000 0.200082
344.000000 0.201246
345.000000 0.202042
346.000000 0.202417
347.000000 0.202700
348.000000 0.202992
349.000000 0.203285
350.000000 0.203341
351.000000 0.203374
352.000000 0.203191
353.000000 0.202721
354.000000 0.202177
355.000000 0.201467
356.000000 0.200627
357.000000 0.199723
358.000000 0.198718
359.000000 0.197682
360.000000 0.196465
361.000000 0.194988
362.000000 0.193665
363.000000 0.192419
364.000000 0.191049
365.000000 0.189811
366.000000 0.188617
367.000000 0.187286
368.000000 0.185787
369.000000 0.184251
370.000000 0.182675
371.000000 0.180634
372.000000 0.178879
373.000000 0.177500
374.000000 0.175579
375.000000 0.173374
376.000000 0.171069
377.000000 0.168712
378.000000 0.166608
379.000000 0.164509
380.000000 0.162453
381.000000 0.160522
382.000000 0.158600
383.000000 0.156743
384.000000 0.154790
385.000000 0.152943
386.000000 0.151405
387.000000 0.149914
388.000000 0.148352
389.000000 0.147138
390.000000 0.146336
391.000000 0.145608
392.000000 0.145034
393.000000 0.144617
394.000000 0.144196
395.000000 0.143750
396.000000 0.143225
397.000000 0.142872
398.000000 0.142752
399.000000 0.142697
400.000000 0.142688
401.000000 0.141853
402.000000 0.141381
403.000000 0.141956
404.000000 0.142160
405.000000 0.142332
406.000000 0.142757
407.000000 0.143072
408.000000 0.143282
409.000000 0.143585
410.000000 0.143941
411.000000 0.144359
412.000000 0.144461
413.000000 0.144468
414.000000 0.144751
415.000000 0.144936
416.000000 0.145133
417.000000 0.145360
418.000000 0.145797
419.000000 0.146516
420.000000 0.147398
421.000000 0.148518
422.000000 0.149651
423.000000 0.150897
424.000000 0.152345
425.000000 0.153822
426.000000 0.155429
427.000000 0.157159
428.000000 0.158884
429.000000 0.160627
430.000000 0.162276
431.000000 0.163554
432.000000 0.164509
433.000000 0.165274
434.000000 0.165634
435.000000 0.165474
436.000000 0.164840
437.000000 0.163770
438.000000 0.162251
439.000000 0.160358
440.000000 0.157976
441.000000 0.155336
442.000000 0.152568
443.000000 0.149326
444.000000 0.145787
445.000000 0.142207
446.000000 0.138417
447.000000 0.134481
448.000000 0.130491
449.000000 0.126539
450.000000 0.122683
451.000000 0.118680
452.000000 0.114688
453.000000 0.110977
454.000000 0.107272
455.000000 0.103607
456.000000 0.100077
457.000000 0.096633
458.000000 0.093366
459.000000 0.090107
460.000000 0.086976
461.000000 0.084043
462.000000 0.081086
463.000000 0.078159
464.000000 0.075251
465.000000 0.072388
466.000000 0.069735
467.000000 0.067182
468.000000 0.064686
469.000000 0.062248
470.000000 0.059839
471.000000 0.057616
472.000000 0.055422
473.000000 0.053269
474.000000 0.051238
475.000000 0.049273
476.000000 0.047446
477.000000 0.045568
478.000000 0.043704
479.000000 0.042033
480.000000 0.040620
481.000000 0.039272
482.000000 0.037916
483.000000 0.036667
484.000000 0.035388
485.000000 0.034143
486.000000 0.032997
487.000000 0.031988
488.000000 0.031125
489.000000 0.030261
490.000000 0.029443
491.000000 0.028602
492.000000 0.027843
493.000000 0.027236
494.000000 0.026685
495.000000 0.026299
496.000000 0.025873
497.000000 0.025393
498.000000 0.024944
499.000000 0.024677
500.000000 0.024613
501.000000 0.024453
502.000000 0.024377
503.000000 0.024392
504.000000 0.024476
505.000000 0.024466
506.000000 0.024247
507.000000 0.024059
508.000000 0.024270
509.000000 0.024788
510.000000 0.024995
511.000000 0.025158
512.000000 0.025345
513.000000 0.025447
514.000000 0.025516
515.000000 0.025659
516.000000 0.025779
517.000000 0.025797
518.000000 0.026011
519.000000 0.026204
520.000000 0.026547
521.000000 0.027033
522.000000 0.027363
523.000000 0.027664
524.000000 0.027813
525.000000 0.027727
526.000000 0.027760
527.000000 0.028159
528.000000 0.028484
529.000000 0.028483
530.000000 0.028572
531.000000 0.028844
532.000000 0.029014
533.000000 0.029168
534.000000 0.029468
535.000000 0.029637
536.000000 0.029578
537.000000 0.029940
538.000000 0.030722
539.000000 0.031262
540.000000 0.031514
541.000000 0.031660
542.000000 0.032177
543.000000 0.033280
544.000000 0.034457
545.000000 0.035622
546.000000 0.036877
547.000000 0.037980
548.000000 0.039054
549.000000 0.040245
550.000000 0.041507
551.000000 0.042640
552.000000 0.043715
553.000000 0.044853
554.000000 0.045882
555.000000 0.046840
556.000000 0.047651
557.000000 0.048359
558.000000 0.049177
559.000000 0.049911
560.000000 0.050520
561.000000 0.050949
562.000000 0.051185
563.000000 0.051457
564.000000 0.051675
565.000000 0.051863
566.000000 0.051879
567.000000 0.051726
568.000000 0.051400
569.000000 0.050934
570.000000 0.050638
571.000000 0.050385
572.000000 0.050066
573.000000 0.049866
574.000000 0.049655
575.000000 0.049460
576.000000 0.049488
577.000000 0.049642
578.000000 0.049904
579.000000 0.050198
580.000000 0.050615
581.000000 0.051133
582.000000 0.051684
583.000000 0.052299
584.000000 0.052884
585.000000 0.053601
586.000000 0.054524
587.000000 0.055477
588.000000 0.056533
589.000000 0.057718
590.000000 0.058879
591.000000 0.060195
592.000000 0.061578
593.000000 0.062892
594.000000 0.064192
595.000000 0.065537
596.000000 0.066965
597.000000 0.068434
598.000000 0.069985
599.000000 0.071514
600.000000 0.073057
601.000000 0.074633
602.000000 0.076175
603.000000 0.077739
604.000000 0.079409
605.000000 0.081141
606.000000 0.082939
607.000000 0.084839
608.000000 0.086654
609.000000 0.088516
610.000000 0.090602
611.000000 0.092724
612.000000 0.094936
613.000000 0.097241
614.000000 0.099662
615.000000 0.102330
616.000000 0.104971
617.000000 0.107727
618.000000 0.110884
619.000000 0.114118
620.000000 0.117409
621.000000 0.120992
622.000000 0.124715
623.000000 0.128603
624.000000 0.132878
625.000000 0.137252
626.000000 0.141788
627.000000 0.146778
628.000000 0.151782
629.000000 0.156890
630.000000 0.162420
631.000000 0.168237
632.000000 0.174056
633.000000 0.179977
634.000000 0.186267
635.000000 0.192527
636.000000 0.198785
637.000000 0.205384
638.000000 0.211890
639.000000 0.218258
640.000000 0.224846
641.000000 0.231458
642.000000 0.237645
643.000000 0.243620
644.000000 0.249762
645.000000 0.255649
646.000000 0.261324
647.000000 0.266981
648.000000 0.272451
649.000000 0.277514
650.000000 0.282268
651.000000 0.286928
652.000000 0.291451
653.000000 0.295597
654.000000 0.299413
655.000000 0.303100
656.000000 0.306551
657.000000 0.309715
658.000000 0.312735
659.000000 0.315737
660.000000 0.318676
661.000000 0.321437
662.000000 0.324176
663.000000 0.327115
664.000000 0.330180
665.000000 0.333232
666.000000 0.336435
667.000000 0.339966
668.000000 0.343746
669.000000 0.347690
670.000000 0.351912
671.000000 0.356600
672.000000 0.361788
673.000000 0.367551
674.000000 0.373505
675.000000 0.379923
676.000000 0.387314
677.000000 0.395476
678.000000 0.404317
679.000000 0.413404
680.000000 0.423020
681.000000 0.433717
682.000000 0.445327
683.000000 0.457782
684.000000 0.470538
685.000000 0.483776
686.000000 0.498090
687.000000 0.513207
688.000000 0.528971
689.000000 0.545181
690.000000 0.561150
691.000000 0.577362
692.000000 0.594578
693.000000 0.612215
694.000000 0.630031
695.000000 0.648023
696.000000 0.665207
697.000000 0.681788
698.000000 0.698646
699.000000 0.715325
700.000000 0.731478
701.000000 0.746871
702.000000 0.760898
703.000000 0.773842
704.000000 0.786254
705.000000 0.797503
706.000000 0.807365
707.000000 0.815786
708.000000 0.822643
709.000000 0.827938
710.000000 0.831567
711.000000 0.833584
712.000000 0.833980
713.000000 0.832567
714.000000 0.829315
715.000000 0.824274
716.000000 0.817482
717.000000 0.808960
718.000000 0.798873
719.000000 0.787875
720.000000 0.775688
721.000000 0.761771
722.000000 0.746477
723.000000 0.730140
724.000000 0.712970
725.000000 0.695114
726.000000 0.676869
727.000000 0.658201
728.000000 0.638987
729.000000 0.619310
730.000000 0.599259
731.000000 0.580305
732.000000 0.561743
733.000000 0.542282
734.000000 0.522450
735.000000 0.502642
736.000000 0.483198
737.000000 0.464068
738.000000 0.445260
739.000000 0.426742
740.000000 0.408626
741.000000 0.391066
742.000000 0.374155
743.000000 0.357787
744.000000 0.341864
745.000000 0.326391
746.000000 0.311395
747.000000 0.296865
748.000000 0.282810
749.000000 0.269236
750.000000 0.256197
751.000000 0.243653
752.000000 0.231560
753.000000 0.219910
754.000000 0.208669
755.000000 0.197810
756.000000 0.187434
757.000000 0.177500
758.000000 0.167920
759.000000 0.158722
760.000000 0.149835
761.000000 0.141311
762.000000 0.133147
763.000000 0.125375
764.000000 0.117972
765.000000 0.110740
766.000000 0.103758
767.000000 0.097188
768.000000 0.091069
769.000000 0.085323
770.000000 0.079783
771.000000 0.074491
772.000000 0.069540
773.000000 0.064885
774.000000 0.060486
775.000000 0.056375
776.000000 0.052240
777.000000 0.048249
778.000000 0.044723
779.000000 0.041477
780.000000 0.038439
781.000000 0.035601
782.000000 0.032995
783.000000 0.030545
784.000000 0.028245
785.000000 0.026167
786.000000 0.024249
787.000000 0.022386
788.000000 0.020572
789.000000 0.018904
790.000000 0.017446
791.000000 0.016141
792.000000 0.014950
793.000000 0.013841
794.000000 0.012812
795.000000 0.011831
796.000000 0.010925
797.000000 0.010126
798.000000 0.009386
799.000000 0.008667
800.000000 0.008030
801.000000 0.007511
802.000000 0.007060
803.000000 0.006659
804.000000 0.006250
805.000000 0.005850
806.000000 0.005472
807.000000 0.005107
808.000000 0.004797
809.000000 0.004547
810.000000 0.004290
811.000000 0.004044
812.000000 0.003855
813.000000 0.003701
814.000000 0.003541
815.000000 0.003363
816.000000 0.003232
817.000000 0.003134
818.000000 0.003009
819.000000 0.002863
820.000000 0.002725
821.000000 0.002636
822.000000 0.002546
823.000000 0.002417
824.000000 0.002331
825.000000 0.002290
826.000000 0.002224
827.000000 0.002139
828.000000 0.002065
829.000000 0.001973
830.000000 0.001921
831.000000 0.001870
832.000000 0.001821
833.000000 0.001806
834.000000 0.001712
835.000000 0.001618
836.000000 0.001594
837.000000 0.001568
838.000000 0.001537
839.000000 0.001501
840.000000 0.001458
841.000000 0.001413
842.000000 0.001380
843.000000 0.001359
844.000000 0.001307
845.000000 0.001227
846.000000 0.001169
847.000000 0.001141
848.000000 0.001082
849.000000 0.001046
850.000000 0.001019
851.000000 0.000969
852.000000 0.000934
853.000000 0.000873
854.000000 0.000805
855.000000 0.000754
856.000000 0.000693
857.000000 0.000682
858.000000 0.000702
859.000000 0.000650
860.000000 0.000620
861.000000 0.000621
862.000000 0.000581
863.000000 0.000565
864.000000 0.000549
865.000000 0.000523
866.000000 0.000496
867.000000 0.000450
868.000000 0.000420
869.000000 0.000402
870.000000 0.000426
871.000000 0.000438
872.000000 0.000418
873.000000 0.000421
874.000000 0.000409
875.000000 0.000376
876.000000 0.000348
877.000000 0.000336
878.000000 0.000285
879.000000 0.000208
880.000000 0.000186
881.000000 0.000180
882.000000 0.000159
883.000000 0.000124
884.000000 0.000098
885.000000 0.000092
886.000000 0.000086
887.000000 0.000084
888.000000 0.000056
889.000000 -0.000006
890.000000 -0.000021
891.000000 -0.000018
892.000000 -0.000059
893.000000 -0.000108
894.000000 -0.000165
895.000000 -0.000210
896.000000 -0.000236
897.000000 -0.000231
898.000000 -0.000222
899.000000 -0.000241
900.000000 -0.000260
