315.000000 0.165456
316.000000 0.167462
317.000000 0.168362
318.000000 0.168809
319.000000 0.169454
320.000000 0.170499
321.000000 0.172002
322.000000 0.173413
323.000000 0.174885
324.000000 0.176172
325.000000 0.177029
326.000000 0.177923
327.000000 0.178818
328.000000 0.179624
329.000000 0.180226
330.000000 0.180870
331.000000 0.181760
332.000000 0.182856
333.000000 0.183847
334.000000 0.185089
335.000000 0.186435
336.000000 0.187598
337.000000 0.188508
338.000000 0.189374
339.000000 0.190891
340.000000 0.192556
341.000000 0.193642
342.000000 0.194681
343.000000 0.195937
344.000000 0.197232
345.000000 0.198213
346.000000 0.198544
347.000000 0.198608
348.000000 0.198720
349.000000 0.198941
350.000000 0.199020
351.000000 0.199258
352.000000 0.199338
353.000000 0.198948
354.000000 0.198350
355.000000 0.197571
356.000000 0.196764
357.000000 0.195904
358.000000 0.194783
359.000000 0.193679
360.000000 0.192565
361.000000 0.191211
362.000000 0.189876
363.000000 0.188459
364.000000 0.186990
365.000000 0.185718
366.000000 0.184521
367.000000 0.183152
368.000000 0.181545
369.000000 0.179926
370.000000 0.178273
371.000000 0.176412
372.000000 0.174548
373.000000 0.172926
374.000000 0.170968
375.000000 0.168575
376.000000 0.166461
377.000000 0.164408
378.000000 0.162546
379.000000 0.160655
380.000000 0.158083
381.000000 0.155752
382.000000 0.153923
383.000000 0.151913
384.000000 0.149720
385.000000 0.147761
386.000000 0.146258
387.000000 0.144830
388.000000 0.143297
389.000000 0.142048
390.000000 0.141165
391.000000 0.140460
392.000000 0.139973
393.000000 0.139413
394.000000 0.138746
395.000000 0.138180
396.000000 0.137661
397.000000 0.137372
398.000000 0.137298
399.000000 0.137212
400.000000 0.137010
401.000000 0.136862
402.000000 0.136842
403.000000 0.136933
404.000000 0.137025
405.000000 0.137094
406.000000 0.137289
407.000000 0.137479
408.000000 0.137658
409.000000 0.137812
410.000000 0.138092
411.000000 0.138423
412.000000 0.138401
413.000000 0.138437
414.000000 0.138694
415.000000 0.138912
416.000000 0.139269
417.000000 0.139612
418.000000 0.139973
419.000000 0.140540
420.000000 0.141505
421.000000 0.142674
422.000000 0.143829
423.000000 0.145225
424.000000 0.146753
425.000000 0.148363
426.000000 0.150277
427.000000 0.152282
428.000000 0.154146
429.000000 0.156085
430.000000 0.158003
431.000000 0.159580
432.000000 0.160821
433.000000 0.161785
434.000000 0.162251
435.000000 0.162158
436.000000 0.161656
437.000000 0.160737
438.000000 0.159322
439.000000 0.157478
440.000000 0.155164
441.000000 0.152607
442.000000 0.149779
443.000000 0.146426
444.000000 0.142817
445.000000 0.139197
446.000000 0.135374
447.000000 0.131338
448.000000 0.127193
449.000000 0.123125
450.000000 0.119226
451.000000 0.115180
452.000000 0.111147
453.000000 0.107434
454.000000 0.103736
455.000000 0.100102
456.000000 0.096648
457.000000 0.093273
458.000000 0.090050
459.000000 0.086789
460.000000 0.083645
461.000000 0.080696
462.000000 0.077736
463.000000 0.074826
464.000000 0.071935
465.000000 0.069149
466.000000 0.066604
467.000000 0.064135
468.000000 0.061753
469.000000 0.059424
470.000000 0.057105
471.000000 0.054954
472.000000 0.052834
473.000000 0.050771
474.000000 0.048792
475.000000 0.046862
476.000000 0.045038
477.000000 0.043231
478.000000 0.041499
479.000000 0.039879
480.000000 0.038401
481.000000 0.036985
482.000000 0.035641
483.000000 0.034420
484.000000 0.033186
485.000000 0.032009
486.000000 0.030941
487.000000 0.029975
488.000000 0.029103
489.000000 0.027799
490.000000 0.026517
491.000000 0.025772
492.000000 0.025351
493.000000 0.024870
494.000000 0.024214
495.000000 0.023769
496.000000 0.023484
497.000000 0.023321
498.000000 0.022971
499.000000 0.022579
500.000000 0.022614
501.000000 0.022695
502.000000 0.022614
503.000000 0.022503
504.000000 0.022409
505.000000 0.022193
506.000000 0.021809
507.000000 0.021611
508.000000 0.021815
509.000000 0.022304
510.000000 0.022612
511.000000 0.022757
512.000000 0.022836
513.000000 0.022785
514.000000 0.022673
515.000000 0.022698
516.000000 0.022781
517.000000 0.022762
518.000000 0.022824
519.000000 0.023064
520.000000 0.023465
521.000000 0.023888
522.000000 0.024249
523.000000 0.024404
524.000000 0.024411
525.000000 0.024553
526.000000 0.024823
527.000000 0.025168
528.000000 0.025396
529.000000 0.025452
530.000000 0.025578
531.000000 0.025733
532.000000 0.025773
533.000000 0.025867
534.000000 0.026083
535.000000 0.026150
536.000000 0.026159
537.000000 0.026416
538.000000 0.026848
539.000000 0.027117
540.000000 0.027150
541.000000 0.027374
542.000000 0.027962
543.000000 0.028926
544.000000 0.030126
545.000000 0.031219
546.000000 0.032277
547.000000 0.033401
548.000000 0.034598
549.000000 0.035717
550.000000 0.036639
551.000000 0.037550
552.000000 0.038522
553.000000 0.039528
554.000000 0.040465
555.000000 0.041339
556.000000 0.042152
557.000000 0.042841
558.000000 0.043573
559.000000 0.044341
560.000000 0.045035
561.000000 0.045628
562.000000 0.046085
563.000000 0.046385
564.000000 0.046620
565.000000 0.046934
566.000000 0.047144
567.000000 0.047248
568.000000 0.047272
569.000000 0.047234
570.000000 0.047267
571.000000 0.047320
572.000000 0.047307
573.000000 0.047294
574.000000 0.047436
575.000000 0.047804
576.000000 0.048240
577.000000 0.048660
578.000000 0.049292
579.000000 0.049955
580.000000 0.050590
581.000000 0.051384
582.000000 0.052250
583.000000 0.053190
584.000000 0.054078
585.000000 0.054982
586.000000 0.056195
587.000000 0.057473
588.000000 0.058796
589.000000 0.060289
590.000000 0.061828
591.000000 0.063467
592.000000 0.065105
593.000000 0.066537
594.000000 0.067957
595.000000 0.069541
596.000000 0.071222
597.000000 0.072945
598.000000 0.074644
599.000000 0.076318
600.000000 0.077987
601.000000 0.079705
602.000000 0.081529
603.000000 0.083405
604.000000 0.085282
605.000000 0.087140
606.000000 0.089053
607.000000 0.091120
608.000000 0.093176
609.000000 0.095221
610.000000 0.097428
611.000000 0.099756
612.000000 0.102219
613.000000 0.104755
614.000000 0.107376
615.000000 0.110324
616.000000 0.113307
617.000000 0.116315
618.000000 0.119710
619.000000 0.123268
620.000000 0.126914
621.000000 0.130886
622.000000 0.134992
623.000000 0.139227
624.000000 0.143867
625.000000 0.148637
626.000000 0.153600
627.000000 0.159020
628.000000 0.164471
629.000000 0.170054
630.000000 0.176088
631.000000 0.182448
632.000000 0.188800
633.000000 0.195296
634.000000 0.202217
635.000000 0.209051
636.000000 0.215916
637.000000 0.223131
638.000000 0.230200
639.000000 0.237202
640.000000 0.244452
641.000000 0.251722
642.000000 0.258522
643.000000 0.265086
644.000000 0.271895
645.000000 0.278352
646.000000 0.284539
647.000000 0.290746
648.000000 0.296761
649.000000 0.302386
650.000000 0.307646
651.000000 0.312740
652.000000 0.317679
653.000000 0.322213
654.000000 0.326420
655.000000 0.330496
656.000000 0.334305
657.000000 0.337711
658.000000 0.340910
659.000000 0.344177
660.000000 0.347419
661.000000 0.350458
662.000000 0.353446
663.000000 0.356644
664.000000 0.359990
665.000000 0.363331
666.000000 0.366797
667.000000 0.370538
668.000000 0.374566
669.000000 0.378818
670.000000 0.383362
671.000000 0.388443
672.000000 0.394093
673.000000 0.400370
674.000000 0.406837
675.000000 0.413826
676.000000 0.421890
677.000000 0.430783
678.000000 0.440396
679.000000 0.450288
680.000000 0.460770
681.000000 0.472434
682.000000 0.485043
683.000000 0.498508
684.000000 0.512349
685.000000 0.526787
686.000000 0.542458
687.000000 0.558954
688.000000 0.576079
689.000000 0.593764
690.000000 0.611281
691.000000 0.629076
692.000000 0.647913
693.000000 0.667259
694.000000 0.686826
695.000000 0.706487
696.000000 0.725305
697.000000 0.743506
698.000000 0.762044
699.000000 0.780445
700.000000 0.798315
701.000000 0.815333
702.000000 0.830855
703.000000 0.845205
704.000000 0.858949
705.000000 0.871448
706.000000 0.882505
707.000000 0.892056
708.000000 0.899983
709.000000 0.906168
710.000000 0.910445
711.000000 0.912815
712.000000 0.913301
713.000000 0.911851
714.000000 0.908472
715.000000 0.903168
716.000000 0.895889
717.000000 0.886728
718.000000 0.875769
719.000000 0.863762
720.000000 0.850553
721.000000 0.835351
722.000000 0.818585
723.000000 0.800729
724.000000 0.781929
725.000000 0.762377
726.000000 0.742361
727.000000 0.721836
728.000000 0.700581
729.000000 0.678715
730.000000 0.656576
731.000000 0.635761
732.000000 0.615378
733.000000 0.594009
734.000000 0.572440
735.000000 0.550973
736.000000 0.529753
737.000000 0.508809
738.000000 0.488177
739.000000 0.467856
740.000000 0.448047
741.000000 0.428826
742.000000 0.410228
743.000000 0.392219
744.000000 0.374716
745.000000 0.357723
746.000000 0.341284
747.000000 0.325356
748.000000 0.309934
749.000000 0.295077
750.000000 0.280801
751.000000 0.267038
752.000000 0.253747
753.000000 0.240918
754.000000 0.228601
755.000000 0.216764
756.000000 0.205368
757.000000 0.194479
758.000000 0.184029
759.000000 0.173966
760.000000 0.164207
761.000000 0.154753
762.000000 0.145768
763.000000 0.137324
764.000000 0.129222
765.000000 0.121313
766.000000 0.113698
767.000000 0.106475
768.000000 0.099726
769.000000 0.093408
770.000000 0.087350
771.000000 0.081589
772.000000 0.076165
773.000000 0.071077
774.000000 0.066268
775.000000 0.061726
776.000000 0.057187
777.000000 0.052800
778.000000 0.048920
779.000000 0.045352
780.000000 0.042012
781.000000 0.038878
782.000000 0.036009
783.000000 0.033341
784.000000 0.030791
785.000000 0.028433
786.000000 0.026262
787.000000 0.024203
788.000000 0.022217
789.000000 0.020416
790.000000 0.018832
791.000000 0.017363
792.000000 0.016013
793.000000 0.014791
794.000000 0.013673
795.000000 0.012597
796.000000 0.011618
797.000000 0.010749
798.000000 0.009889
799.000000 0.009076
800.000000 0.008361
801.000000 0.007775
802.000000 0.007309
803.000000 0.006894
804.000000 0.006455
805.000000 0.005987
806.000000 0.005537
807.000000 0.005135
808.000000 0.004782
809.000000 0.004478
810.000000 0.004186
811.000000 0.003927
812.000000 0.003732
813.000000 0.003563
814.000000 0.003398
815.000000 0.003228
816.000000 0.003061
817.000000 0.002932
818.000000 0.002819
819.000000 0.002679
820.000000 0.002556
821.000000 0.002468
822.000000 0.002347
823.000000 0.002205
824.000000 0.002089
825.000000 0.001995
826.000000 0.001958
827.000000 0.001943
828.000000 0.001842
829.000000 0.001729
830.000000 0.001674
831.000000 0.001626
832.000000 0.001588
833.000000 0.001500
834.000000 0.001412
835.000000 0.001401
836.000000 0.001396
837.000000 0.001337
838.000000 0.001284
839.000000 0.001270
840.000000 0.001229
841.000000 0.001170
842.000000 0.001138
843.000000 0.001128
844.000000 0.001101
845.000000 0.001062
846.000000 0.001005
847.000000 0.000946
848.000000 0.000885
849.000000 0.000863
850.000000 0.000878
851.000000 0.000851
852.000000 0.000797
853.000000 0.000753
854.000000 0.000700
855.000000 0.000630
856.000000 0.000562
857.000000 0.000549
858.000000 0.000561
859.000000 0.000536
860.000000 0.000498
861.000000 0.000470
862.000000 0.000476
863.000000 0.000484
864.000000 0.000432
865.000000 0.000387
866.000000 0.000351
867.000000 0.000307
868.000000 0.000298
869.000000 0.000272
870.000000 0.000248
871.000000 0.000247
872.000000 0.000219
873.000000 0.000163
874.000000 0.000136
875.000000 0.000124
876.000000 0.000115
877.000000 0.000111
878.000000 0.000077
879.000000 0.000030
880.000000 0.000007
881.000000 0.000011
882.000000 0.000011
883.000000 0.000003
884.000000 -0.000022
885.000000 -0.000070
886.000000 -0.000103
887.000000 -0.000107
888.000000 -0.000124
889.000000 -0.000172
890.000000 -0.000202
891.000000 -0.000231
892.000000 -0.000286
893.000000 -0.000326
894.000000 -0.000356
895.000000 -0.000381
896.000000 -0.000413
897.000000 -0.000414
898.000000 -0.000403
899.000000 -0.000412
900.000000 -0.000411
