315.000000 0.162083
316.000000 0.163520
317.000000 0.165179
318.000000 0.165979
319.000000 0.166559
320.000000 0.167485
321.000000 0.168855
322.000000 0.170558
323.000000 0.172076
324.000000 0.173212
325.000000 0.173799
326.000000 0.174572
327.000000 0.175433
328.000000 0.175814
329.000000 0.176299
330.000000 0.177480
331.000000 0.178795
332.000000 0.179808
333.000000 0.180878
334.000000 0.182306
335.000000 0.183440
336.000000 0.184544
337.000000 0.185459
338.000000 0.186079
339.000000 0.187173
340.000000 0.188383
341.000000 0.189800
342.000000 0.190990
343.000000 0.191855
344.000000 0.193071
345.000000 0.194127
346.000000 0.194584
347.000000 0.194902
348.000000 0.195253
349.000000 0.195582
350.000000 0.195618
351.000000 0.195697
352.000000 0.195733
353.000000 0.195178
354.000000 0.194358
355.000000 0.193578
356.000000 0.192807
357.000000 0.191931
358.000000 0.190825
359.000000 0.189748
360.000000 0.188588
361.000000 0.187121
362.000000 0.185752
363.000000 0.184446
364.000000 0.183075
365.000000 0.181752
366.000000 0.180374
367.000000 0.178927
368.000000 0.177379
369.000000 0.175946
370.000000 0.174560
371.000000 0.172814
372.000000 0.171110
373.000000 0.169536
374.000000 0.167213
375.000000 0.164342
376.000000 0.161963
377.000000 0.159718
378.000000 0.157377
379.000000 0.154867
380.000000 0.152392
381.000000 0.150426
382.000000 0.148628
383.000000 0.146883
384.000000 0.144958
385.000000 0.143009
386.000000 0.141255
387.000000 0.139691
388.000000 0.138205
389.000000 0.136892
390.000000 0.135690
391.000000 0.134529
392.000000 0.133910
393.000000 0.133426
394.000000 0.132868
395.000000 0.132415
396.000000 0.132007
397.000000 0.131857
398.000000 0.131866
399.000000 0.131780
400.000000 0.131688
401.000000 0.131662
402.000000 0.131618
403.000000 0.131481
404.000000 0.131350
405.000000 0.131473
406.000000 0.131740
407.000000 0.131985
408.000000 0.132193
409.000000 0.132343
410.000000 0.132674
411.000000 0.133108
412.000000 0.133215
413.000000 0.133206
414.000000 0.133489
415.000000 0.133816
416.000000 0.134005
417.000000 0.134204
418.000000 0.134745
419.000000 0.135593
420.000000 0.136502
421.000000 0.137623
422.000000 0.138852
423.000000 0.140262
424.000000 0.142000
425.000000 0.143793
426.000000 0.145838
427.000000 0.148101
428.000000 0.150220
429.000000 0.152374
430.000000 0.154430
431.000000 0.156180
432.000000 0.157670
433.000000 0.158814
434.000000 0.159460
435.000000 0.159629
436.000000 0.159320
437.000000 0.158404
438.000000 0.156937
439.000000 0.155055
440.000000 0.152681
441.000000 0.150016
442.000000 0.147177
443.000000 0.143824
444.000000 0.140127
445.000000 0.136430
446.000000 0.132530
447.000000 0.128466
448.000000 0.124292
449.000000 0.120147
450.000000 0.116206
451.000000 0.112139
452.000000 0.108059
453.000000 0.104216
454.000000 0.100417
455.000000 0.096772
456.000000 0.093301
457.000000 0.089915
458.000000 0.086751
459.000000 0.083633
460.000000 0.080584
461.000000 0.077699
462.000000 0.074790
463.000000 0.071958
464.000000 0.069215
465.000000 0.066522
466.000000 0.064043
467.000000 0.061652
468.000000 0.059311
469.000000 0.057024
470.000000 0.054752
471.000000 0.052652
472.000000 0.050611
473.000000 0.048614
474.000000 0.046711
475.000000 0.044846
476.000000 0.043129
477.000000 0.041470
478.000000 0.039757
479.000000 0.038140
480.000000 0.036765
481.000000 0.035472
482.000000 0.034208
483.000000 0.033018
484.000000 0.031812
485.000000 0.030642
486.000000 0.029540
487.000000 0.028581
488.000000 0.027765
489.000000 0.026700
490.000000 0.025591
491.000000 0.024696
492.000000 0.024195
493.000000 0.023844
494.000000 0.023229
495.000000 0.022617
496.000000 0.022238
497.000000 0.021863
498.000000 0.021364
499.000000 0.021121
500.000000 0.021041
501.000000 0.020973
502.000000 0.020617
503.000000 0.020180
504.000000 0.020206
505.000000 0.020106
506.000000 0.019748
507.000000 0.019312
508.000000 0.019212
509.000000 0.019569
510.000000 0.019659
511.000000 0.019760
512.000000 0.020012
513.000000 0.020087
514.000000 0.020020
515.000000 0.019960
516.000000 0.019839
517.000000 0.019821
518.000000 0.019880
519.000000 0.019955
520.000000 0.020271
521.000000 0.020720
522.000000 0.021305
523.000000 0.021633
524.000000 0.021560
525.000000 0.021492
526.000000 0.021455
527.000000 0.021654
528.000000 0.021940
529.000000 0.021978
530.000000 0.022034
531.000000 0.022226
532.000000 0.022295
533.000000 0.022342
534.000000 0.022688
535.000000 0.023050
536.000000 0.023098
537.000000 0.023417
538.000000 0.023697
539.000000 0.023897
540.000000 0.024296
541.000000 0.024574
542.000000 0.025071
543.000000 0.025636
544.000000 0.026441
545.000000 0.027571
546.000000 0.028661
547.000000 0.029706
548.000000 0.030677
549.000000 0.031603
550.000000 0.032475
551.000000 0.033350
552.000000 0.034331
553.000000 0.035310
554.000000 0.036162
555.000000 0.036960
556.000000 0.037673
557.000000 0.038228
558.000000 0.038992
559.000000 0.039811
560.000000 0.040427
561.000000 0.040939
562.000000 0.041464
563.000000 0.041977
564.000000 0.042349
565.000000 0.042734
566.000000 0.043074
567.000000 0.043339
568.000000 0.043662
569.000000 0.043984
570.000000 0.044250
571.000000 0.044483
572.000000 0.044670
573.000000 0.045022
574.000000 0.045674
575.000000 0.046470
576.000000 0.047155
577.000000 0.047843
578.000000 0.048770
579.000000 0.049821
580.000000 0.050877
581.000000 0.051895
582.000000 0.052904
583.000000 0.054042
584.000000 0.055170
585.000000 0.056359
586.000000 0.057841
587.000000 0.059306
588.000000 0.060803
589.000000 0.062423
590.000000 0.064078
591.000000 0.065815
592.000000 0.067592
593.000000 0.069344
594.000000 0.071010
595.000000 0.072765
596.000000 0.074666
597.000000 0.076529
598.000000 0.078395
599.000000 0.080322
600.000000 0.082236
601.000000 0.084202
602.000000 0.086203
603.000000 0.088197
604.000000 0.090289
605.000000 0.092382
606.000000 0.094531
607.000000 0.096800
608.000000 0.099021
609.000000 0.101303
610.000000 0.103811
611.000000 0.106399
612.000000 0.109107
613.000000 0.111908
614.000000 0.114746
615.000000 0.117906
616.000000 0.121069
617.000000 0.124301
618.000000 0.127982
619.000000 0.131819
620.000000 0.135764
621.000000 0.140074
622.000000 0.144507
623.000000 0.149045
624.000000 0.154043
625.000000 0.159180
626.000000 0.164578
627.000000 0.170499
628.000000 0.176411
629.000000 0.182434
630.000000 0.188938
631.000000 0.195804
632.000000 0.202656
633.000000 0.209588
634.000000 0.216971
635.000000 0.224343
636.000000 0.231802
637.000000 0.239640
638.000000 0.247283
639.000000 0.254842
640.000000 0.262672
641.000000 0.270498
642.000000 0.277826
643.000000 0.284934
644.000000 0.292279
645.000000 0.299298
646.000000 0.306055
647.000000 0.312793
648.000000 0.319365
649.000000 0.325507
650.000000 0.331224
651.000000 0.336801
652.000000 0.342128
653.000000 0.346976
654.000000 0.351516
655.000000 0.355950
656.000000 0.360134
657.000000 0.363932
658.000000 0.367470
659.000000 0.370990
660.000000 0.374445
661.000000 0.377718
662.000000 0.380959
663.000000 0.384376
664.000000 0.387899
665.000000 0.391450
666.000000 0.395150
667.000000 0.399169
668.000000 0.403513
669.000000 0.408039
670.000000 0.412890
671.000000 0.418340
672.000000 0.424419
673.000000 0.431139
674.000000 0.438038
675.000000 0.445491
676.000000 0.454096
677.000000 0.463579
678.000000 0.473888
679.000000 0.484535
680.000000 0.495778
681.000000 0.508298
682.000000 0.521872
683.000000 0.536416
684.000000 0.551358
685.000000 0.566870
686.000000 0.583686
687.000000 0.601429
688.000000 0.619911
689.000000 0.639047
690.000000 0.657883
691.000000 0.676968
692.000000 0.697305
693.000000 0.718246
694.000000 0.739382
695.000000 0.760688
696.000000 0.781153
697.000000 0.800884
698.000000 0.821039
699.000000 0.841074
700.000000 0.860503
701.000000 0.879064
702.000000 0.896059
703.000000 0.911777
704.000000 0.926804
705.000000 0.940483
706.000000 0.952562
707.000000 0.962961
708.000000 0.971683
709.000000 0.978588
710.000000 0.983412
711.000000 0.986116
712.000000 0.986791
713.000000 0.985438
714.000000 0.981932
715.000000 0.976273
716.000000 0.968520
717.000000 0.958712
718.000000 0.946902
719.000000 0.933937
720.000000 0.919689
721.000000 0.903380
722.000000 0.885360
723.000000 0.866065
724.000000 0.845712
725.000000 0.824516
726.000000 0.802842
727.000000 0.780684
728.000000 0.757722
729.000000 0.734211
730.000000 0.710338
731.000000 0.687705
732.000000 0.665538
733.000000 0.642354
734.000000 0.618934
735.000000 0.595677
736.000000 0.572756
737.000000 0.550077
738.000000 0.527691
739.000000 0.505669
740.000000 0.484207
741.000000 0.463366
742.000000 0.443298
743.000000 0.423905
744.000000 0.405043
745.000000 0.386701
746.000000 0.368884
747.000000 0.351651
748.000000 0.334996
749.000000 0.318931
750.000000 0.303502
751.000000 0.288648
752.000000 0.274324
753.000000 0.260452
754.000000 0.247090
755.000000 0.234271
756.000000 0.221958
757.000000 0.210204
758.000000 0.198958
759.000000 0.188101
760.000000 0.177562
761.000000 0.167412
762.000000 0.157736
763.000000 0.148557
764.000000 0.139759
765.000000 0.131145
766.000000 0.122830
767.000000 0.115034
768.000000 0.107731
769.000000 0.100831
770.000000 0.094286
771.000000 0.088082
772.000000 0.082205
773.000000 0.076722
774.000000 0.071551
775.000000 0.066625
776.000000 0.061723
777.000000 0.056990
778.000000 0.052773
779.000000 0.048916
780.000000 0.045312
781.000000 0.041917
782.000000 0.038753
783.000000 0.035819
784.000000 0.033049
785.000000 0.030486
786.000000 0.028167
787.000000 0.025970
788.000000 0.023822
789.000000 0.021854
790.000000 0.020105
791.000000 0.018518
792.000000 0.017081
793.000000 0.015751
794.000000 0.014508
795.000000 0.013324
796.000000 0.012282
797.000000 0.011343
798.000000 0.010408
799.000000 0.009529
800.000000 0.008772
801.000000 0.008147
802.000000 0.007622
803.000000 0.007143
804.000000 0.006615
805.000000 0.006099
806.000000 0.005644
807.000000 0.005208
808.000000 0.004834
809.000000 0.004521
810.000000 0.004219
811.000000 0.003940
812.000000 0.003675
813.000000 0.003482
814.000000 0.003339
815.000000 0.003159
816.000000 0.002996
817.000000 0.002862
818.000000 0.002714
819.000000 0.002539
820.000000 0.002407
821.000000 0.002352
822.000000 0.002261
823.000000 0.002107
824.000000 0.001995
825.000000 0.001922
826.000000 0.001852
827.000000 0.001790
828.000000 0.001711
829.000000 0.001667
830.000000 0.001626
831.000000 0.001537
832.000000 0.001482
833.000000 0.001426
834.000000 0.001355
835.000000 0.001293
836.000000 0.001246
837.000000 0.001189
838.000000 0.001163
839.000000 0.001174
840.000000 0.001130
841.000000 0.001089
842.000000 0.001064
843.000000 0.001042
844.000000 0.000983
845.000000 0.000908
846.000000 0.000862
847.000000 0.000859
848.000000 0.000849
849.000000 0.000797
850.000000 0.000741
851.000000 0.000712
852.000000 0.000708
853.000000 0.000679
854.000000 0.000590
855.000000 0.000509
856.000000 0.000475
857.000000 0.000468
858.000000 0.000499
859.000000 0.000481
860.000000 0.000452
861.000000 0.000443
862.000000 0.000401
863.000000 0.000342
864.000000 0.000298
865.000000 0.000268
866.000000 0.000247
867.000000 0.000221
868.000000 0.000204
869.000000 0.000213
870.000000 0.000215
871.000000 0.000205
872.000000 0.000175
873.000000 0.000228
874.000000 0.000218
875.000000 0.000107
876.000000 0.000075
877.000000 0.000059
878.000000 0.000027
879.000000 -0.000018
880.000000 -0.000042
881.000000 -0.000059
882.000000 -0.000060
883.000000 -0.000054
884.000000 -0.000052
885.000000 -0.000078
886.000000 -0.000119
887.000000 -0.000125
888.000000 -0.000144
889.000000 -0.000204
890.000000 -0.000220
891.000000 -0.000206
892.000000 -0.000253
893.000000 -0.000308
894.000000 -0.000340
895.000000 -0.000360
896.000000 -0.000380
897.000000 -0.000385
898.000000 -0.000379
899.000000 -0.000393
900.000000 -0.000406
