315.000000 0.180609
316.000000 0.183160
317.000000 0.184806
318.000000 0.185996
319.000000 0.187185
320.000000 0.188496
321.000000 0.190008
322.000000 0.191944
323.000000 0.193996
324.000000 0.195504
325.000000 0.196687
326.000000 0.197609
327.000000 0.198450
328.000000 0.199397
329.000000 0.200021
330.000000 0.200922
331.000000 0.202222
332.000000 0.203123
333.000000 0.203749
334.000000 0.204769
335.000000 0.205946
336.000000 0.206965
337.000000 0.207578
338.000000 0.208289
339.000000 0.209195
340.000000 0.209786
341.000000 0.210495
342.000000 0.211175
343.000000 0.211858
344.000000 0.212775
345.000000 0.213205
346.000000 0.212913
347.000000 0.212772
348.000000 0.212650
349.000000 0.212450
350.000000 0.212105
351.000000 0.211671
352.000000 0.211108
353.000000 0.210184
354.000000 0.209061
355.000000 0.207804
356.000000 0.206635
357.000000 0.205627
358.000000 0.204556
359.000000 0.203346
360.000000 0.202036
361.000000 0.200602
362.000000 0.199287
363.000000 0.197990
364.000000 0.196600
365.000000 0.195284
366.000000 0.194090
367.000000 0.192861
368.000000 0.191482
369.000000 0.190165
370.000000 0.188909
371.000000 0.187191
372.000000 0.185519
373.000000 0.184140
374.000000 0.182566
375.000000 0.180672
376.000000 0.178865
377.000000 0.177523
378.000000 0.176311
379.000000 0.174757
380.000000 0.172830
381.000000 0.171250
382.000000 0.170208
383.000000 0.169300
384.000000 0.168162
385.000000 0.167084
386.000000 0.166345
387.000000 0.165703
388.000000 0.164981
389.000000 0.164444
390.000000 0.164011
391.000000 0.163578
392.000000 0.163478
393.000000 0.163422
394.000000 0.163324
395.000000 0.163323
396.000000 0.163349
397.000000 0.163605
398.000000 0.164092
399.000000 0.164538
400.000000 0.164926
401.000000 0.165180
402.000000 0.165325
403.000000 0.165643
404.000000 0.165917
405.000000 0.166288
406.000000 0.166884
407.000000 0.167438
408.000000 0.168049
409.000000 0.168672
410.000000 0.169232
411.000000 0.169733
412.000000 0.170063
413.000000 0.170442
414.000000 0.171141
415.000000 0.171856
416.000000 0.172517
417.000000 0.173073
418.000000 0.173591
419.000000 0.174321
420.000000 0.175188
421.000000 0.176210
422.000000 0.177241
423.000000 0.178316
424.000000 0.179568
425.000000 0.180736
426.000000 0.181989
427.000000 0.183257
428.000000 0.184231
429.000000 0.184993
430.000000 0.185613
431.000000 0.186027
432.000000 0.186022
433.000000 0.185590
434.000000 0.184764
435.000000 0.183664
436.000000 0.182223
437.000000 0.180252
438.000000 0.177882
439.000000 0.175359
440.000000 0.172573
441.000000 0.169716
442.000000 0.166914
443.000000 0.163735
444.000000 0.160239
445.000000 0.156815
446.000000 0.153308
447.000000 0.149678
448.000000 0.146014
449.000000 0.142375
450.000000 0.138807
451.000000 0.135164
452.000000 0.131611
453.000000 0.128198
454.000000 0.124724
455.000000 0.121319
456.000000 0.118032
457.000000 0.114777
458.000000 0.111747
459.000000 0.108868
460.000000 0.106088
461.000000 0.103372
462.000000 0.100626
463.000000 0.097973
464.000000 0.095380
465.000000 0.092888
466.000000 0.090548
467.000000 0.088295
468.000000 0.086124
469.000000 0.084012
470.000000 0.081994
471.000000 0.080097
472.000000 0.078179
473.000000 0.076330
474.000000 0.074612
475.000000 0.072984
476.000000 0.071494
477.000000 0.070032
478.000000 0.068542
479.000000 0.067190
480.000000 0.066062
481.000000 0.064971
482.000000 0.063962
483.000000 0.063057
484.000000 0.062166
485.000000 0.061363
486.000000 0.060660
487.000000 0.060081
488.000000 0.059629
489.000000 0.058895
490.000000 0.058160
491.000000 0.057775
492.000000 0.057667
493.000000 0.057690
494.000000 0.057699
495.000000 0.057893
496.000000 0.058169
497.000000 0.058205
498.000000 0.058394
499.000000 0.059180
500.000000 0.060225
501.000000 0.061186
502.000000 0.061869
503.000000 0.062499
504.000000 0.063383
505.000000 0.064414
506.000000 0.065388
507.000000 0.066340
508.000000 0.067504
509.000000 0.068948
510.000000 0.070296
511.000000 0.071600
512.000000 0.072936
513.000000 0.074397
514.000000 0.075920
515.000000 0.077295
516.000000 0.078623
517.000000 0.080020
518.000000 0.081528
519.000000 0.083051
520.000000 0.084567
521.000000 0.086018
522.000000 0.087206
523.000000 0.088165
524.000000 0.088860
525.000000 0.089422
526.000000 0.090082
527.000000 0.090674
528.000000 0.091169
529.000000 0.091445
530.000000 0.091644
531.000000 0.091935
532.000000 0.092138
533.000000 0.092440
534.000000 0.093010
535.000000 0.093529
536.000000 0.094030
537.000000 0.094715
538.000000 0.095703
539.000000 0.096818
540.000000 0.098002
541.000000 0.099626
542.000000 0.101770
543.000000 0.104457
544.000000 0.107610
545.000000 0.110857
546.000000 0.114312
547.000000 0.118043
548.000000 0.121725
549.000000 0.125551
550.000000 0.129362
551.000000 0.133110
552.000000 0.136942
553.000000 0.140649
554.000000 0.144025
555.000000 0.147121
556.000000 0.149844
557.000000 0.152032
558.000000 0.153987
559.000000 0.155382
560.000000 0.156179
561.000000 0.156452
562.000000 0.156011
563.000000 0.154934
564.000000 0.153189
565.000000 0.150967
566.000000 0.148193
567.000000 0.144723
568.000000 0.140945
569.000000 0.136721
570.000000 0.132217
571.000000 0.127471
572.000000 0.122455
573.000000 0.117479
574.000000 0.112526
575.000000 0.107841
576.000000 0.103306
577.000000 0.098955
578.000000 0.094897
579.000000 0.091029
580.000000 0.087429
581.000000 0.083982
582.000000 0.080891
583.000000 0.078135
584.000000 0.075600
585.000000 0.073406
586.000000 0.071508
587.000000 0.069844
588.000000 0.068376
589.000000 0.067087
590.000000 0.066065
591.000000 0.065323
592.000000 0.064711
593.000000 0.064122
594.000000 0.063574
595.000000 0.063209
596.000000 0.062987
597.000000 0.062934
598.000000 0.063009
599.000000 0.063070
600.000000 0.063181
601.000000 0.063317
602.000000 0.063525
603.000000 0.063826
604.000000 0.064154
605.000000 0.064606
606.000000 0.065116
607.000000 0.065654
608.000000 0.066228
609.000000 0.066849
610.000000 0.067662
611.000000 0.068565
612.000000 0.069568
613.000000 0.070614
614.000000 0.071608
615.000000 0.072765
616.000000 0.073997
617.000000 0.075329
618.000000 0.076882
619.000000 0.078517
620.000000 0.080213
621.000000 0.082059
622.000000 0.084049
623.000000 0.086189
624.000000 0.088513
625.000000 0.090813
626.000000 0.093216
627.000000 0.095911
628.000000 0.098624
629.000000 0.101423
630.000000 0.104475
631.000000 0.107680
632.000000 0.110885
633.000000 0.114130
634.000000 0.117578
635.000000 0.121068
636.000000 0.124595
637.000000 0.128282
638.000000 0.131873
639.000000 0.135371
640.000000 0.138987
641.000000 0.142599
642.000000 0.145942
643.000000 0.149208
644.000000 0.152616
645.000000 0.155807
646.000000 0.158815
647.000000 0.161860
648.000000 0.164826
649.000000 0.167563
650.000000 0.170143
651.000000 0.172609
652.000000 0.174980
653.000000 0.177214
654.000000 0.179364
655.000000 0.181447
656.000000 0.183460
657.000000 0.185335
658.000000 0.186983
659.000000 0.188581
660.000000 0.190115
661.000000 0.191583
662.000000 0.193148
663.000000 0.194882
664.000000 0.196723
665.000000 0.198596
666.000000 0.200533
667.000000 0.202615
668.000000 0.204899
669.000000 0.207329
670.000000 0.209893
671.000000 0.212768
672.000000 0.215964
673.000000 0.219489
674.000000 0.223142
675.000000 0.227076
676.000000 0.231550
677.000000 0.236431
678.000000 0.241730
679.000000 0.247205
680.000000 0.252966
681.000000 0.259308
682.000000 0.266148
683.000000 0.273485
684.000000 0.280968
685.000000 0.288707
686.000000 0.297023
687.000000 0.305765
688.000000 0.314870
689.000000 0.324160
690.000000 0.333276
691.000000 0.342499
692.000000 0.352178
693.000000 0.362036
694.000000 0.371921
695.000000 0.381827
696.000000 0.391277
697.000000 0.400336
698.000000 0.409443
699.000000 0.418336
700.000000 0.426902
701.000000 0.434958
702.000000 0.442140
703.000000 0.448703
704.000000 0.454931
705.000000 0.460469
706.000000 0.465136
707.000000 0.468910
708.000000 0.471833
709.000000 0.473862
710.000000 0.474973
711.000000 0.475202
712.000000 0.474510
713.000000 0.472854
714.000000 0.470242
715.000000 0.466690
716.000000 0.462210
717.000000 0.456831
718.000000 0.450544
719.000000 0.443830
720.000000 0.436652
721.000000 0.428536
722.000000 0.419653
723.000000 0.410268
724.000000 0.400501
725.000000 0.390419
726.000000 0.380170
727.000000 0.369740
728.000000 0.358962
729.000000 0.347801
730.000000 0.336578
731.000000 0.326086
732.000000 0.315792
733.000000 0.305060
734.000000 0.294197
735.000000 0.283331
736.000000 0.272635
737.000000 0.262070
738.000000 0.251621
739.000000 0.241358
740.000000 0.231347
741.000000 0.221617
742.000000 0.212192
743.000000 0.203039
744.000000 0.194135
745.000000 0.185463
746.000000 0.177044
747.000000 0.168893
748.000000 0.161018
749.000000 0.153414
750.000000 0.146095
751.000000 0.139072
752.000000 0.132288
753.000000 0.125694
754.000000 0.119357
755.000000 0.113267
756.000000 0.107425
757.000000 0.101828
758.000000 0.096418
759.000000 0.091229
760.000000 0.086193
761.000000 0.081343
762.000000 0.076744
763.000000 0.072428
764.000000 0.068325
765.000000 0.064299
766.000000 0.060367
767.000000 0.056641
768.000000 0.053207
769.000000 0.049962
770.000000 0.046843
771.000000 0.043907
772.000000 0.041143
773.000000 0.038562
774.000000 0.036192
775.000000 0.033971
776.000000 0.031663
777.000000 0.029431
778.000000 0.027500
779.000000 0.025714
780.000000 0.024065
781.000000 0.022559
782.000000 0.021136
783.000000 0.019757
784.000000 0.018494
785.000000 0.017389
786.000000 0.016394
787.000000 0.015451
788.000000 0.014524
789.000000 0.013637
790.000000 0.012826
791.000000 0.012148
792.000000 0.011578
793.000000 0.011040
794.000000 0.010559
795.000000 0.010062
796.000000 0.009573
797.000000 0.009190
798.000000 0.008849
799.000000 0.008498
800.000000 0.008192
801.000000 0.007945
802.000000 0.007753
803.000000 0.007607
804.000000 0.007479
805.000000 0.007321
806.000000 0.007116
807.000000 0.006919
808.000000 0.006744
809.000000 0.006598
810.000000 0.006446
811.000000 0.006335
812.000000 0.006250
813.000000 0.006167
814.000000 0.006101
815.000000 0.006023
816.000000 0.005939
817.000000 0.005879
818.000000 0.005821
819.000000 0.005725
820.000000 0.005632
821.000000 0.005573
822.000000 0.005483
823.000000 0.005364
824.000000 0.005259
825.000000 0.005161
826.000000 0.005109
827.000000 0.005056
828.000000 0.004956
829.000000 0.004855
830.000000 0.004765
831.000000 0.004667
832.000000 0.004600
833.000000 0.004501
834.000000 0.004390
835.000000 0.004308
836.000000 0.004212
837.000000 0.004105
838.000000 0.004003
839.000000 0.003922
840.000000 0.003814
841.000000 0.003699
842.000000 0.003587
843.000000 0.003473
844.000000 0.003348
845.000000 0.003244
846.000000 0.003138
847.000000 0.003016
848.000000 0.002908
849.000000 0.002820
850.000000 0.002748
851.000000 0.002659
852.000000 0.002598
853.000000 0.002491
854.000000 0.002344
855.000000 0.002253
856.000000 0.002163
857.000000 0.002096
858.000000 0.002050
859.000000 0.001947
860.000000 0.001847
861.000000 0.001816
862.000000 0.001820
863.000000 0.001773
864.000000 0.001666
865.000000 0.001567
866.000000 0.001507
867.000000 0.001469
868.000000 0.001426
869.000000 0.001372
870.000000 0.001345
871.000000 0.001329
872.000000 0.001282
873.000000 0.001249
874.000000 0.001206
875.000000 0.001144
876.000000 0.001089
877.000000 0.001055
878.000000 0.001019
879.000000 0.000962
880.000000 0.000927
881.000000 0.000905
882.000000 0.000871
883.000000 0.000824
884.000000 0.000783
885.000000 0.000743
886.000000 0.000708
887.000000 0.000688
888.000000 0.000642
889.000000 0.000557
890.000000 0.000501
891.000000 0.000470
892.000000 0.000411
893.000000 0.000370
894.000000 0.000336
895.000000 0.000299
896.000000 0.000269
897.000000 0.000264
898.000000 0.000268
899.000000 0.000251
900.000000 0.000241
