315.000000 0.178252
316.000000 0.181332
317.000000 0.183188
318.000000 0.184895
319.000000 0.186236
320.000000 0.187328
321.000000 0.188901
322.000000 0.190656
323.000000 0.192395
324.000000 0.194024
325.000000 0.195218
326.000000 0.196010
327.000000 0.196526
328.000000 0.197180
329.000000 0.198276
330.000000 0.199288
331.000000 0.200365
332.000000 0.201505
333.000000 0.202383
334.000000 0.203459
335.000000 0.204521
336.000000 0.205553
337.000000 0.206009
338.000000 0.206379
339.000000 0.207178
340.000000 0.208001
341.000000 0.208891
342.000000 0.209644
343.000000 0.210409
344.000000 0.211254
345.000000 0.211745
346.000000 0.211634
347.000000 0.211289
348.000000 0.210962
349.000000 0.210775
350.000000 0.210494
351.000000 0.210139
352.000000 0.209641
353.000000 0.208804
354.000000 0.207877
355.000000 0.206870
356.000000 0.205881
357.000000 0.204934
358.000000 0.203829
359.000000 0.202566
360.000000 0.201168
361.000000 0.199638
362.000000 0.198191
363.000000 0.196872
364.000000 0.195501
365.000000 0.194251
366.000000 0.193145
367.000000 0.191919
368.000000 0.190517
369.000000 0.189201
370.000000 0.187869
371.000000 0.186233
372.000000 0.184773
373.000000 0.184013
374.000000 0.182707
375.000000 0.180414
376.000000 0.178400
377.000000 0.176688
378.000000 0.175118
379.000000 0.173386
380.000000 0.171537
381.000000 0.169979
382.000000 0.168981
383.000000 0.168317
384.000000 0.167121
385.000000 0.165782
386.000000 0.164475
387.000000 0.163204
388.000000 0.162069
389.000000 0.161418
390.000000 0.161239
391.000000 0.161059
392.000000 0.161035
393.000000 0.160850
394.000000 0.160581
395.000000 0.160479
396.000000 0.160457
397.000000 0.160597
398.000000 0.160910
399.000000 0.161208
400.000000 0.161417
401.000000 0.161628
402.000000 0.161878
403.000000 0.162139
404.000000 0.162355
405.000000 0.162654
406.000000 0.163090
407.000000 0.163579
408.000000 0.164117
409.000000 0.164704
410.000000 0.165211
411.000000 0.165638
412.000000 0.165971
413.000000 0.166303
414.000000 0.166833
415.000000 0.167316
416.000000 0.167721
417.000000 0.168167
418.000000 0.168905
419.000000 0.169748
420.000000 0.170530
421.000000 0.171343
422.000000 0.172285
423.000000 0.173416
424.000000 0.174583
425.000000 0.175789
426.000000 0.177138
427.000000 0.178356
428.000000 0.179319
429.000000 0.180301
430.000000 0.181141
431.000000 0.181692
432.000000 0.181803
433.000000 0.181587
434.000000 0.181071
435.000000 0.180110
436.000000 0.178754
437.000000 0.177057
438.000000 0.175013
439.000000 0.172723
440.000000 0.170110
441.000000 0.167338
442.000000 0.164500
443.000000 0.161263
444.000000 0.157823
445.000000 0.154377
446.000000 0.150771
447.000000 0.147077
448.000000 0.143299
449.000000 0.139629
450.000000 0.136153
451.000000 0.132490
452.000000 0.128777
453.000000 0.125260
454.000000 0.121697
455.000000 0.118255
456.000000 0.114980
457.000000 0.111678
458.000000 0.108585
459.000000 0.105592
460.000000 0.102700
461.000000 0.099963
462.000000 0.097168
463.000000 0.094412
464.000000 0.091758
465.000000 0.089168
466.000000 0.086766
467.000000 0.084506
468.000000 0.082318
469.000000 0.080163
470.000000 0.078033
471.000000 0.076069
472.000000 0.074136
473.000000 0.072242
474.000000 0.070460
475.000000 0.068722
476.000000 0.067062
477.000000 0.065401
478.000000 0.063781
479.000000 0.062332
480.000000 0.061111
481.000000 0.059987
482.000000 0.058900
483.000000 0.057911
484.000000 0.056955
485.000000 0.056112
486.000000 0.055401
487.000000 0.054770
488.000000 0.054213
489.000000 0.053683
490.000000 0.053190
491.000000 0.052639
492.000000 0.052336
493.000000 0.052199
494.000000 0.051890
495.000000 0.051827
496.000000 0.052007
497.000000 0.052075
498.000000 0.052281
499.000000 0.052617
500.000000 0.053107
501.000000 0.053637
502.000000 0.054119
503.000000 0.054780
504.000000 0.055565
505.000000 0.056277
506.000000 0.057066
507.000000 0.057969
508.000000 0.059009
509.000000 0.060147
510.000000 0.061156
511.000000 0.062294
512.000000 0.063341
513.000000 0.064426
514.000000 0.065581
515.000000 0.066752
516.000000 0.068035
517.000000 0.069152
518.000000 0.070262
519.000000 0.071656
520.000000 0.072991
521.000000 0.074138
522.000000 0.075259
523.000000 0.076161
524.000000 0.076760
525.000000 0.077418
526.000000 0.078209
527.000000 0.078763
528.000000 0.079097
529.000000 0.079247
530.000000 0.079389
531.000000 0.079644
532.000000 0.079919
533.000000 0.080312
534.000000 0.080682
535.000000 0.081050
536.000000 0.081463
537.000000 0.081993
538.000000 0.082746
539.000000 0.083555
540.000000 0.084625
541.000000 0.086033
542.000000 0.087730
543.000000 0.089995
544.000000 0.092671
545.000000 0.095583
546.000000 0.098568
547.000000 0.101694
548.000000 0.104999
549.000000 0.108227
550.000000 0.111450
551.000000 0.114713
552.000000 0.118008
553.000000 0.121279
554.000000 0.124401
555.000000 0.127157
556.000000 0.129448
557.000000 0.131305
558.000000 0.132983
559.000000 0.134321
560.000000 0.135178
561.000000 0.135505
562.000000 0.135145
563.000000 0.134279
564.000000 0.132828
565.000000 0.131055
566.000000 0.128768
567.000000 0.125804
568.000000 0.122642
569.000000 0.119204
570.000000 0.115633
571.000000 0.111866
572.000000 0.107868
573.000000 0.103862
574.000000 0.099809
575.000000 0.096059
576.000000 0.092506
577.000000 0.089051
578.000000 0.085925
579.000000 0.082993
580.000000 0.080101
581.000000 0.077274
582.000000 0.074914
583.000000 0.072891
584.000000 0.071034
585.000000 0.069355
586.000000 0.067929
587.000000 0.066752
588.000000 0.065744
589.000000 0.064994
590.000000 0.064378
591.000000 0.063963
592.000000 0.063701
593.000000 0.063429
594.000000 0.063254
595.000000 0.063244
596.000000 0.063384
597.000000 0.063624
598.000000 0.063922
599.000000 0.064214
600.000000 0.064533
601.000000 0.064955
602.000000 0.065441
603.000000 0.065994
604.000000 0.066542
605.000000 0.067146
606.000000 0.067868
607.000000 0.068684
608.000000 0.069551
609.000000 0.070407
610.000000 0.071388
611.000000 0.072449
612.000000 0.073583
613.000000 0.074761
614.000000 0.076004
615.000000 0.077491
616.000000 0.079042
617.000000 0.080615
618.000000 0.082401
619.000000 0.084330
620.000000 0.086321
621.000000 0.088482
622.000000 0.090756
623.000000 0.093147
624.000000 0.095804
625.000000 0.098511
626.000000 0.101379
627.000000 0.104532
628.000000 0.107620
629.000000 0.110777
630.000000 0.114247
631.000000 0.117937
632.000000 0.121606
633.000000 0.125342
634.000000 0.129301
635.000000 0.133216
636.000000 0.137158
637.000000 0.141296
638.000000 0.145338
639.000000 0.149314
640.000000 0.153420
641.000000 0.157518
642.000000 0.161322
643.000000 0.165055
644.000000 0.168961
645.000000 0.172603
646.000000 0.176014
647.000000 0.179432
648.000000 0.182766
649.000000 0.185880
650.000000 0.188795
651.000000 0.191640
652.000000 0.194389
653.000000 0.196921
654.000000 0.199290
655.000000 0.201573
656.000000 0.203775
657.000000 0.205814
658.000000 0.207681
659.000000 0.209533
660.000000 0.211388
661.000000 0.213142
662.000000 0.214938
663.000000 0.216906
664.000000 0.218965
665.000000 0.221068
666.000000 0.223239
667.000000 0.225600
668.000000 0.228159
669.000000 0.230820
670.000000 0.233653
671.000000 0.236889
672.000000 0.240507
673.000000 0.244440
674.000000 0.248462
675.000000 0.252782
676.000000 0.257739
677.000000 0.263200
678.000000 0.269101
679.000000 0.275143
680.000000 0.281517
681.000000 0.288644
682.000000 0.296360
683.000000 0.304597
684.000000 0.313005
685.000000 0.321677
686.000000 0.331029
687.000000 0.340818
688.000000 0.350993
689.000000 0.361459
690.000000 0.371705
691.000000 0.382052
692.000000 0.392987
693.000000 0.404170
694.000000 0.415383
695.000000 0.426587
696.000000 0.437294
697.000000 0.447591
698.000000 0.457952
699.000000 0.468120
700.000000 0.477866
701.000000 0.487023
702.000000 0.495284
703.000000 0.502836
704.000000 0.509938
705.000000 0.516269
706.000000 0.521708
707.000000 0.526166
708.000000 0.529640
709.000000 0.532140
710.000000 0.533622
711.000000 0.534067
712.000000 0.533436
713.000000 0.531722
714.000000 0.528964
715.000000 0.525188
716.000000 0.520306
717.000000 0.514330
718.000000 0.507416
719.000000 0.500021
720.000000 0.491959
721.000000 0.482879
722.000000 0.472974
723.000000 0.462482
724.000000 0.451510
725.000000 0.440120
726.000000 0.428507
727.000000 0.416688
728.000000 0.404493
729.000000 0.391926
730.000000 0.379240
731.000000 0.367339
732.000000 0.355747
733.000000 0.343614
734.000000 0.331348
735.000000 0.319146
736.000000 0.307062
737.000000 0.295073
738.000000 0.283282
739.000000 0.271699
740.000000 0.260335
741.000000 0.249275
742.000000 0.238591
743.000000 0.228268
744.000000 0.218244
745.000000 0.208517
746.000000 0.199067
747.000000 0.189870
748.000000 0.180995
749.000000 0.172420
750.000000 0.164161
751.000000 0.156227
752.000000 0.148573
753.000000 0.141162
754.000000 0.133999
755.000000 0.127088
756.000000 0.120488
757.000000 0.114181
758.000000 0.108104
759.000000 0.102267
760.000000 0.096579
761.000000 0.091135
762.000000 0.085950
763.000000 0.081004
764.000000 0.076319
765.000000 0.071721
766.000000 0.067251
767.000000 0.063075
768.000000 0.059220
769.000000 0.055572
770.000000 0.052066
771.000000 0.048751
772.000000 0.045632
773.000000 0.042703
774.000000 0.039970
775.000000 0.037413
776.000000 0.034845
777.000000 0.032352
778.000000 0.030146
779.000000 0.028157
780.000000 0.026281
781.000000 0.024502
782.000000 0.022909
783.000000 0.021441
784.000000 0.020003
785.000000 0.018687
786.000000 0.017477
787.000000 0.016320
788.000000 0.015229
789.000000 0.014274
790.000000 0.013465
791.000000 0.012700
792.000000 0.011991
793.000000 0.011326
794.000000 0.010682
795.000000 0.010081
796.000000 0.009564
797.000000 0.009123
798.000000 0.008679
799.000000 0.008249
800.000000 0.007918
801.000000 0.007663
802.000000 0.007448
803.000000 0.007254
804.000000 0.007045
805.000000 0.006827
806.000000 0.006580
807.000000 0.006341
808.000000 0.006185
809.000000 0.006074
810.000000 0.005942
811.000000 0.005795
812.000000 0.005665
813.000000 0.005560
814.000000 0.005456
815.000000 0.005357
816.000000 0.005267
817.000000 0.005184
818.000000 0.005084
819.000000 0.004954
820.000000 0.004868
821.000000 0.004849
822.000000 0.004786
823.000000 0.004683
824.000000 0.004609
825.000000 0.004538
826.000000 0.004457
827.000000 0.004384
828.000000 0.004294
829.000000 0.004246
830.000000 0.004201
831.000000 0.004078
832.000000 0.004004
833.000000 0.003939
834.000000 0.003845
835.000000 0.003743
836.000000 0.003641
837.000000 0.003554
838.000000 0.003492
839.000000 0.003441
840.000000 0.003334
841.000000 0.003227
842.000000 0.003118
843.000000 0.003002
844.000000 0.002883
845.000000 0.002784
846.000000 0.002705
847.000000 0.002617
848.000000 0.002517
849.000000 0.002445
850.000000 0.002413
851.000000 0.002358
852.000000 0.002290
853.000000 0.002192
854.000000 0.002088
855.000000 0.002003
856.000000 0.001905
857.000000 0.001848
858.000000 0.001793
859.000000 0.001690
860.000000 0.001623
861.000000 0.001579
862.000000 0.001525
863.000000 0.001463
864.000000 0.001401
865.000000 0.001360
866.000000 0.001312
867.000000 0.001259
868.000000 0.001213
869.000000 0.001161
870.000000 0.001138
871.000000 0.001145
872.000000 0.001140
873.000000 0.001115
874.000000 0.001054
875.000000 0.000977
876.000000 0.000933
877.000000 0.000909
878.000000 0.000857
879.000000 0.000785
880.000000 0.000736
881.000000 0.000704
882.000000 0.000705
883.000000 0.000726
884.000000 0.000706
885.000000 0.000637
886.000000 0.000578
887.000000 0.000554
888.000000 0.000534
889.000000 0.000485
890.000000 0.000459
891.000000 0.000437
892.000000 0.000396
893.000000 0.000364
894.000000 0.000331
895.000000 0.000300
896.000000 0.000280
897.000000 0.000284
898.000000 0.000284
899.000000 0.000261
900.000000 0.000228
