315.000000 0.075977
316.000000 0.076375
317.000000 0.077237
318.000000 0.078567
319.000000 0.080157
320.000000 0.082248
321.000000 0.084572
322.000000 0.086572
323.000000 0.088293
324.000000 0.090193
325.000000 0.092437
326.000000 0.094448
327.000000 0.096078
328.000000 0.098005
329.000000 0.100147
330.000000 0.102381
331.000000 0.104814
332.000000 0.107325
333.000000 0.109990
334.000000 0.112770
335.000000 0.115800
336.000000 0.119533
337.000000 0.123279
338.000000 0.126599
339.000000 0.129714
340.000000 0.132826
341.000000 0.135995
342.000000 0.139201
343.000000 0.142755
344.000000 0.146362
345.000000 0.149420
346.000000 0.152029
347.000000 0.154474
348.000000 0.156697
349.000000 0.158714
350.000000 0.160368
351.000000 0.161388
352.000000 0.161864
353.000000 0.161953
354.000000 0.162084
355.000000 0.162183
356.000000 0.161764
357.000000 0.160998
358.000000 0.160301
359.000000 0.159529
360.000000 0.158394
361.000000 0.157421
362.000000 0.156534
363.000000 0.155245
364.000000 0.153890
365.000000 0.152630
366.000000 0.151315
367.000000 0.149819
368.000000 0.148329
369.000000 0.146570
370.000000 0.144396
371.000000 0.141767
372.000000 0.139041
373.000000 0.136531
374.000000 0.133684
375.000000 0.130462
376.000000 0.127074
377.000000 0.123816
378.000000 0.120222
379.000000 0.116368
380.000000 0.112956
381.000000 0.110249
382.000000 0.107715
383.000000 0.105026
384.000000 0.102845
385.000000 0.100980
386.000000 0.098998
387.000000 0.097561
388.000000 0.096579
389.000000 0.095488
390.000000 0.094398
391.000000 0.093431
392.000000 0.093086
393.000000 0.093238
394.000000 0.093481
395.000000 0.093583
396.000000 0.093708
397.000000 0.094300
398.000000 0.095308
399.000000 0.096391
400.000000 0.097290
401.000000 0.098340
402.000000 0.099461
403.000000 0.100413
404.000000 0.101389
405.000000 0.102485
406.000000 0.103498
407.000000 0.104470
408.000000 0.105448
409.000000 0.106293
410.000000 0.107357
411.000000 0.108543
412.000000 0.109578
413.000000 0.110582
414.000000 0.111904
415.000000 0.113733
416.000000 0.115893
417.000000 0.118468
418.000000 0.121584
419.000000 0.125024
420.000000 0.129109
421.000000 0.134045
422.000000 0.139262
423.000000 0.145011
424.000000 0.151447
425.000000 0.157806
426.000000 0.164210
427.000000 0.170363
428.000000 0.175736
429.000000 0.180527
430.000000 0.184312
431.000000 0.186732
432.000000 0.187829
433.000000 0.187634
434.000000 0.186216
435.000000 0.183247
436.000000 0.178819
437.000000 0.173312
438.000000 0.167003
439.000000 0.160322
440.000000 0.153070
441.000000 0.145738
442.000000 0.138826
443.000000 0.131808
444.000000 0.124804
445.000000 0.118325
446.000000 0.112074
447.000000 0.106134
448.000000 0.100635
449.000000 0.095569
450.000000 0.091201
451.000000 0.087115
452.000000 0.082886
453.000000 0.079293
454.000000 0.076396
455.000000 0.073579
456.000000 0.070822
457.000000 0.068242
458.000000 0.065973
459.000000 0.063696
460.000000 0.061447
461.000000 0.059466
462.000000 0.057623
463.000000 0.055715
464.000000 0.053817
465.000000 0.051988
466.000000 0.050352
467.000000 0.048816
468.000000 0.047279
469.000000 0.045776
470.000000 0.044347
471.000000 0.043052
472.000000 0.041829
473.000000 0.040674
474.000000 0.039484
475.000000 0.038277
476.000000 0.037194
477.000000 0.036181
478.000000 0.035215
479.000000 0.034254
480.000000 0.033374
481.000000 0.032588
482.000000 0.031798
483.000000 0.031058
484.000000 0.030332
485.000000 0.029645
486.000000 0.029047
487.000000 0.028478
488.000000 0.027869
489.000000 0.027095
490.000000 0.026537
491.000000 0.026103
492.000000 0.025633
493.000000 0.025493
494.000000 0.025440
495.000000 0.024927
496.000000 0.024341
497.000000 0.023942
498.000000 0.023688
499.000000 0.023425
500.000000 0.023088
501.000000 0.022850
502.000000 0.022810
503.000000 0.022932
504.000000 0.023195
505.000000 0.023561
506.000000 0.023570
507.000000 0.023455
508.000000 0.023366
509.000000 0.023204
510.000000 0.023167
511.000000 0.023152
512.000000 0.022911
513.000000 0.022748
514.000000 0.022631
515.000000 0.022711
516.000000 0.022909
517.000000 0.022730
518.000000 0.022519
519.000000 0.022655
520.000000 0.023001
521.000000 0.023229
522.000000 0.023552
523.000000 0.023744
524.000000 0.023772
525.000000 0.024320
526.000000 0.024940
527.000000 0.025240
528.000000 0.025610
529.000000 0.025999
530.000000 0.026409
531.000000 0.027211
532.000000 0.027940
533.000000 0.028456
534.000000 0.029368
535.000000 0.030183
536.000000 0.030664
537.000000 0.031211
538.000000 0.031716
539.000000 0.032538
540.000000 0.033885
541.000000 0.035108
542.000000 0.035965
543.000000 0.036628
544.000000 0.037517
545.000000 0.038614
546.000000 0.039702
547.000000 0.040847
548.000000 0.041956
549.000000 0.043304
550.000000 0.044387
551.000000 0.045302
552.000000 0.046585
553.000000 0.047728
554.000000 0.048744
555.000000 0.049791
556.000000 0.050837
557.000000 0.051849
558.000000 0.053036
559.000000 0.054602
560.000000 0.056247
561.000000 0.057713
562.000000 0.059193
563.000000 0.060866
564.000000 0.062613
565.000000 0.064341
566.000000 0.066122
567.000000 0.068266
568.000000 0.070631
569.000000 0.073003
570.000000 0.075580
571.000000 0.078300
572.000000 0.081056
573.000000 0.083854
574.000000 0.086874
575.000000 0.090168
576.000000 0.093687
577.000000 0.097076
578.000000 0.100618
579.000000 0.104489
580.000000 0.108545
581.000000 0.112821
582.000000 0.116934
583.000000 0.121235
584.000000 0.125807
585.000000 0.130497
586.000000 0.135384
587.000000 0.140148
588.000000 0.144809
589.000000 0.149546
590.000000 0.154442
591.000000 0.159710
592.000000 0.164825
593.000000 0.169654
594.000000 0.174466
595.000000 0.179357
596.000000 0.184362
597.000000 0.189296
598.000000 0.194390
599.000000 0.199630
600.000000 0.204760
601.000000 0.210044
602.000000 0.215358
603.000000 0.220720
604.000000 0.226402
605.000000 0.232093
606.000000 0.237939
607.000000 0.244203
608.000000 0.250660
609.000000 0.257331
610.000000 0.264394
611.000000 0.271576
612.000000 0.279146
613.000000 0.287184
614.000000 0.295663
615.000000 0.304941
616.000000 0.314305
617.000000 0.324017
618.000000 0.334793
619.000000 0.345885
620.000000 0.357505
621.000000 0.370172
622.000000 0.383115
623.000000 0.396424
624.000000 0.410760
625.000000 0.425487
626.000000 0.440849
627.000000 0.457461
628.000000 0.474049
629.000000 0.490824
630.000000 0.508900
631.000000 0.527704
632.000000 0.546148
633.000000 0.564723
634.000000 0.584283
635.000000 0.603649
636.000000 0.622848
637.000000 0.642638
638.000000 0.661838
639.000000 0.680478
640.000000 0.699301
641.000000 0.717785
642.000000 0.734732
643.000000 0.750726
644.000000 0.766908
645.000000 0.781937
646.000000 0.795875
647.000000 0.809472
648.000000 0.822398
649.000000 0.834040
650.000000 0.844753
651.000000 0.855098
652.000000 0.864799
653.000000 0.873446
654.000000 0.881267
655.000000 0.888819
656.000000 0.896000
657.000000 0.902633
658.000000 0.909126
659.000000 0.915929
660.000000 0.922966
661.000000 0.930070
662.000000 0.937536
663.000000 0.945934
664.000000 0.955263
665.000000 0.965074
666.000000 0.975583
667.000000 0.987421
668.000000 1.000678
669.000000 1.014890
670.000000 1.030412
671.000000 1.047871
672.000000 1.067224
673.000000 1.088550
674.000000 1.110481
675.000000 1.134227
676.000000 1.161381
677.000000 1.190852
678.000000 1.222498
679.000000 1.254963
680.000000 1.289125
681.000000 1.326675
682.000000 1.366785
683.000000 1.409409
684.000000 1.452965
685.000000 1.497669
686.000000 1.545582
687.000000 1.595798
688.000000 1.647264
689.000000 1.699273
690.000000 1.750183
691.000000 1.801337
692.000000 1.854086
693.000000 1.906633
694.000000 1.958555
695.000000 2.009307
696.000000 2.056843
697.000000 2.101452
698.000000 2.144906
699.000000 2.186795
700.000000 2.226176
701.000000 2.260248
702.000000 2.287632
703.000000 2.311388
704.000000 2.330839
705.000000 2.344956
706.000000 2.354055
707.000000 2.357295
708.000000 2.354318
709.000000 2.343738
710.000000 2.329092
711.000000 2.310116
712.000000 2.284081
713.000000 2.252786
714.000000 2.217414
715.000000 2.177297
716.000000 2.132910
717.000000 2.084396
718.000000 2.032629
719.000000 1.980348
720.000000 1.925799
721.000000 1.867793
722.000000 1.807877
723.000000 1.747179
724.000000 1.686570
725.000000 1.626170
726.000000 1.566338
727.000000 1.506725
728.000000 1.446757
729.000000 1.387215
730.000000 1.328528
731.000000 1.274532
732.000000 1.222784
733.000000 1.169807
734.000000 1.117241
735.000000 1.065540
736.000000 1.015076
737.000000 0.966334
738.000000 0.919053
739.000000 0.872856
740.000000 0.828105
741.000000 0.784951
742.000000 0.743428
743.000000 0.703536
744.000000 0.665109
745.000000 0.627841
746.000000 0.591947
747.000000 0.557483
748.000000 0.524327
749.000000 0.492382
750.000000 0.461848
751.000000 0.432694
752.000000 0.404802
753.000000 0.378231
754.000000 0.353056
755.000000 0.329247
756.000000 0.306575
757.000000 0.285047
758.000000 0.264771
759.000000 0.245600
760.000000 0.227444
761.000000 0.210347
762.000000 0.194323
763.000000 0.179345
764.000000 0.165319
765.000000 0.152070
766.000000 0.139622
767.000000 0.128121
768.000000 0.117548
769.000000 0.107807
770.000000 0.098807
771.000000 0.090490
772.000000 0.082801
773.000000 0.075795
774.000000 0.069378
775.000000 0.063525
776.000000 0.057793
777.000000 0.052291
778.000000 0.047535
779.000000 0.043304
780.000000 0.039467
781.000000 0.035998
782.000000 0.032890
783.000000 0.030058
784.000000 0.027421
785.000000 0.025027
786.000000 0.022840
787.000000 0.020873
788.000000 0.019018
789.000000 0.017256
790.000000 0.015712
791.000000 0.014359
792.000000 0.013168
793.000000 0.012103
794.000000 0.011139
795.000000 0.010246
796.000000 0.009446
797.000000 0.008705
798.000000 0.008028
799.000000 0.007415
800.000000 0.006842
801.000000 0.006337
802.000000 0.005873
803.000000 0.005492
804.000000 0.005140
805.000000 0.004805
806.000000 0.004547
807.000000 0.004258
808.000000 0.003991
809.000000 0.003783
810.000000 0.003562
811.000000 0.003338
812.000000 0.003110
813.000000 0.002924
814.000000 0.002798
815.000000 0.002695
816.000000 0.002543
817.000000 0.002363
818.000000 0.002240
819.000000 0.002141
820.000000 0.002051
821.000000 0.001948
822.000000 0.001825
823.000000 0.001721
824.000000 0.001618
825.000000 0.001578
826.000000 0.001566
827.000000 0.001512
828.000000 0.001444
829.000000 0.001383
830.000000 0.001372
831.000000 0.001375
832.000000 0.001340
833.000000 0.001313
834.000000 0.001286
835.000000 0.001251
836.000000 0.001227
837.000000 0.001203
838.000000 0.001187
839.000000 0.001190
840.000000 0.001110
841.000000 0.000963
842.000000 0.000887
843.000000 0.000847
844.000000 0.000840
845.000000 0.000847
846.000000 0.000826
847.000000 0.000805
848.000000 0.000790
849.000000 0.000802
850.000000 0.000852
851.000000 0.000853
852.000000 0.000790
853.000000 0.000753
854.000000 0.000727
855.000000 0.000694
856.000000 0.000715
857.000000 0.000742
858.000000 0.000715
859.000000 0.000681
860.000000 0.000705
861.000000 0.000722
862.000000 0.000711
863.000000 0.000700
864.000000 0.000703
865.000000 0.000707
866.000000 0.000716
867.000000 0.000705
868.000000 0.000687
869.000000 0.000675
870.000000 0.000648
871.000000 0.000614
872.000000 0.000598
873.000000 0.000618
874.000000 0.000609
875.000000 0.000610
876.000000 0.000616
877.000000 0.000602
878.000000 0.000601
879.000000 0.000615
880.000000 0.000603
881.000000 0.000588
882.000000 0.000584
883.000000 0.000554
884.000000 0.000530
885.000000 0.000497
886.000000 0.000497
887.000000 0.000494
888.000000 0.000486
889.000000 0.000512
890.000000 0.000492
891.000000 0.000443
892.000000 0.000407
893.000000 0.000383
894.000000 0.000390
895.000000 0.000391
896.000000 0.000380
897.000000 0.000391
898.000000 0.000404
899.000000 0.000432
900.000000 0.000460
