315.000000 0.159446
316.000000 0.160396
317.000000 0.161450
318.000000 0.163182
319.000000 0.164721
320.000000 0.166387
321.000000 0.168225
322.000000 0.170124
323.000000 0.172026
324.000000 0.173859
325.000000 0.176065
326.000000 0.177955
327.000000 0.179959
328.000000 0.182193
329.000000 0.184292
330.000000 0.186327
331.000000 0.187721
332.000000 0.189064
333.000000 0.190786
334.000000 0.193080
335.000000 0.195449
336.000000 0.197784
337.000000 0.200131
338.000000 0.202270
339.000000 0.204252
340.000000 0.206230
341.000000 0.207953
342.000000 0.209362
343.000000 0.211226
344.000000 0.213073
345.000000 0.214424
346.000000 0.215356
347.000000 0.216191
348.000000 0.216771
349.000000 0.216975
350.000000 0.217003
351.000000 0.216802
352.000000 0.216286
353.000000 0.215359
354.000000 0.214562
355.000000 0.213842
356.000000 0.212664
357.000000 0.211257
358.000000 0.210096
359.000000 0.208969
360.000000 0.207696
361.000000 0.206534
362.000000 0.205460
363.000000 0.204316
364.000000 0.202974
365.000000 0.201674
366.000000 0.200469
367.000000 0.199092
368.000000 0.197768
369.000000 0.196490
370.000000 0.195054
371.000000 0.193192
372.000000 0.190882
373.000000 0.188735
374.000000 0.187158
375.000000 0.185434
376.000000 0.183023
377.000000 0.180926
378.000000 0.179051
379.000000 0.176997
380.000000 0.175604
381.000000 0.175012
382.000000 0.174069
383.000000 0.172609
384.000000 0.171422
385.000000 0.170077
386.000000 0.168896
387.000000 0.168539
388.000000 0.168417
389.000000 0.168308
390.000000 0.168231
391.000000 0.168274
392.000000 0.168715
393.000000 0.169140
394.000000 0.169496
395.000000 0.169978
396.000000 0.170400
397.000000 0.171234
398.000000 0.172530
399.000000 0.173861
400.000000 0.175192
401.000000 0.176417
402.000000 0.177533
403.000000 0.178638
404.000000 0.179896
405.000000 0.181235
406.000000 0.182460
407.000000 0.183537
408.000000 0.184571
409.000000 0.185486
410.000000 0.186199
411.000000 0.187149
412.000000 0.188408
413.000000 0.189589
414.000000 0.190732
415.000000 0.192134
416.000000 0.193796
417.000000 0.195565
418.000000 0.197603
419.000000 0.200029
420.000000 0.202830
421.000000 0.205907
422.000000 0.208789
423.000000 0.211871
424.000000 0.215440
425.000000 0.218766
426.000000 0.221730
427.000000 0.224156
428.000000 0.225964
429.000000 0.227294
430.000000 0.227829
431.000000 0.227409
432.000000 0.226036
433.000000 0.223759
434.000000 0.220749
435.000000 0.216761
436.000000 0.211903
437.000000 0.206487
438.000000 0.200631
439.000000 0.194723
440.000000 0.188576
441.000000 0.182442
442.000000 0.176619
443.000000 0.170646
444.000000 0.164679
445.000000 0.159160
446.000000 0.153745
447.000000 0.148516
448.000000 0.143582
449.000000 0.138945
450.000000 0.134766
451.000000 0.130683
452.000000 0.126753
453.000000 0.123204
454.000000 0.119877
455.000000 0.116779
456.000000 0.113819
457.000000 0.110993
458.000000 0.108465
459.000000 0.106025
460.000000 0.103704
461.000000 0.101610
462.000000 0.099611
463.000000 0.097632
464.000000 0.095625
465.000000 0.093689
466.000000 0.091977
467.000000 0.090376
468.000000 0.088807
469.000000 0.087280
470.000000 0.085876
471.000000 0.084624
472.000000 0.083379
473.000000 0.082181
474.000000 0.081015
475.000000 0.079904
476.000000 0.078994
477.000000 0.078177
478.000000 0.077472
479.000000 0.076828
480.000000 0.076256
481.000000 0.075785
482.000000 0.075346
483.000000 0.075000
484.000000 0.074721
485.000000 0.074504
486.000000 0.074366
487.000000 0.074318
488.000000 0.074307
489.000000 0.074394
490.000000 0.074487
491.000000 0.074701
492.000000 0.075335
493.000000 0.076164
494.000000 0.077128
495.000000 0.078042
496.000000 0.078983
497.000000 0.079516
498.000000 0.080117
499.000000 0.081215
500.000000 0.082589
501.000000 0.084192
502.000000 0.085720
503.000000 0.087251
504.000000 0.088889
505.000000 0.090757
506.000000 0.092506
507.000000 0.094273
508.000000 0.095985
509.000000 0.097535
510.000000 0.099222
511.000000 0.101104
512.000000 0.102749
513.000000 0.104265
514.000000 0.105744
515.000000 0.107264
516.000000 0.108399
517.000000 0.108964
518.000000 0.109575
519.000000 0.110403
520.000000 0.111516
521.000000 0.112514
522.000000 0.113304
523.000000 0.114002
524.000000 0.114770
525.000000 0.115664
526.000000 0.116534
527.000000 0.117313
528.000000 0.118127
529.000000 0.119132
530.000000 0.120317
531.000000 0.121849
532.000000 0.123427
533.000000 0.125391
534.000000 0.128027
535.000000 0.130532
536.000000 0.132901
537.000000 0.135779
538.000000 0.139131
539.000000 0.142523
540.000000 0.146224
541.000000 0.150421
542.000000 0.155010
543.000000 0.159673
544.000000 0.164070
545.000000 0.168076
546.000000 0.172028
547.000000 0.176020
548.000000 0.179339
549.000000 0.182194
550.000000 0.184481
551.000000 0.186090
552.000000 0.187246
553.000000 0.187503
554.000000 0.187063
555.000000 0.185877
556.000000 0.184020
557.000000 0.181507
558.000000 0.178412
559.000000 0.175130
560.000000 0.171270
561.000000 0.166910
562.000000 0.162192
563.000000 0.157294
564.000000 0.152334
565.000000 0.147476
566.000000 0.142584
567.000000 0.137701
568.000000 0.133257
569.000000 0.128952
570.000000 0.124969
571.000000 0.121172
572.000000 0.117506
573.000000 0.114189
574.000000 0.111360
575.000000 0.109270
576.000000 0.107680
577.000000 0.106212
578.000000 0.104966
579.000000 0.104212
580.000000 0.103916
581.000000 0.103684
582.000000 0.103637
583.000000 0.104081
584.000000 0.104860
585.000000 0.105797
586.000000 0.106853
587.000000 0.108066
588.000000 0.109357
589.000000 0.110818
590.000000 0.112490
591.000000 0.114434
592.000000 0.116317
593.000000 0.118020
594.000000 0.119853
595.000000 0.121841
596.000000 0.123803
597.000000 0.125652
598.000000 0.127700
599.000000 0.130061
600.000000 0.132482
601.000000 0.134959
602.000000 0.137395
603.000000 0.139843
604.000000 0.142497
605.000000 0.145188
606.000000 0.147997
607.000000 0.151067
608.000000 0.154311
609.000000 0.157751
610.000000 0.161383
611.000000 0.164969
612.000000 0.168799
613.000000 0.172890
614.000000 0.177189
615.000000 0.181965
616.000000 0.186879
617.000000 0.192104
618.000000 0.197880
619.000000 0.203796
620.000000 0.210064
621.000000 0.216941
622.000000 0.223863
623.000000 0.230935
624.000000 0.238655
625.000000 0.246629
626.000000 0.254935
627.000000 0.263845
628.000000 0.272706
629.000000 0.281714
630.000000 0.291427
631.000000 0.301491
632.000000 0.311317
633.000000 0.321199
634.000000 0.331574
635.000000 0.341831
636.000000 0.352081
637.000000 0.362609
638.000000 0.372745
639.000000 0.382653
640.000000 0.392643
641.000000 0.402361
642.000000 0.411301
643.000000 0.419766
644.000000 0.428300
645.000000 0.436225
646.000000 0.443530
647.000000 0.450603
648.000000 0.457407
649.000000 0.463617
650.000000 0.469311
651.000000 0.474808
652.000000 0.480025
653.000000 0.484702
654.000000 0.488921
655.000000 0.493054
656.000000 0.497166
657.000000 0.501004
658.000000 0.504683
659.000000 0.508419
660.000000 0.512133
661.000000 0.515911
662.000000 0.520063
663.000000 0.524849
664.000000 0.530184
665.000000 0.535813
666.000000 0.541864
667.000000 0.548687
668.000000 0.556315
669.000000 0.564454
670.000000 0.573284
671.000000 0.583253
672.000000 0.594316
673.000000 0.606501
674.000000 0.618906
675.000000 0.632145
676.000000 0.647339
677.000000 0.663940
678.000000 0.681784
679.000000 0.699974
680.000000 0.718973
681.000000 0.739843
682.000000 0.762189
683.000000 0.785770
684.000000 0.809594
685.000000 0.833977
686.000000 0.860026
687.000000 0.887257
688.000000 0.915130
689.000000 0.943354
690.000000 0.970970
691.000000 0.998414
692.000000 1.026669
693.000000 1.055059
694.000000 1.083061
695.000000 1.110367
696.000000 1.135670
697.000000 1.159162
698.000000 1.181731
699.000000 1.202525
700.000000 1.221508
701.000000 1.238531
702.000000 1.252807
703.000000 1.264361
704.000000 1.273611
705.000000 1.280112
706.000000 1.283629
707.000000 1.284162
708.000000 1.281477
709.000000 1.275634
710.000000 1.267162
711.000000 1.255767
712.000000 1.241226
713.000000 1.223799
714.000000 1.203724
715.000000 1.181404
716.000000 1.156826
717.000000 1.130047
718.000000 1.101473
719.000000 1.072882
720.000000 1.043526
721.000000 1.012170
722.000000 0.979648
723.000000 0.946582
724.000000 0.913465
725.000000 0.880649
726.000000 0.848281
727.000000 0.815974
728.000000 0.783638
729.000000 0.751536
730.000000 0.719919
731.000000 0.690783
732.000000 0.662796
733.000000 0.634069
734.000000 0.605616
735.000000 0.577515
736.000000 0.549801
737.000000 0.522998
738.000000 0.497087
739.000000 0.471828
740.000000 0.447474
741.000000 0.424135
742.000000 0.401791
743.000000 0.380271
744.000000 0.359508
745.000000 0.339372
746.000000 0.319964
747.000000 0.301317
748.000000 0.283408
749.000000 0.266238
750.000000 0.249820
751.000000 0.234190
752.000000 0.219313
753.000000 0.205062
754.000000 0.191442
755.000000 0.178506
756.000000 0.166246
757.000000 0.154625
758.000000 0.143607
759.000000 0.133231
760.000000 0.123439
761.000000 0.114271
762.000000 0.105689
763.000000 0.097687
764.000000 0.090265
765.000000 0.083243
766.000000 0.076608
767.000000 0.070438
768.000000 0.064766
769.000000 0.059587
770.000000 0.054807
771.000000 0.050431
772.000000 0.046429
773.000000 0.042730
774.000000 0.039329
775.000000 0.036234
776.000000 0.033170
777.000000 0.030260
778.000000 0.027687
779.000000 0.025384
780.000000 0.023390
781.000000 0.021630
782.000000 0.020099
783.000000 0.018677
784.000000 0.017330
785.000000 0.016088
786.000000 0.014957
787.000000 0.013969
788.000000 0.013047
789.000000 0.012170
790.000000 0.011419
791.000000 0.010771
792.000000 0.010148
793.000000 0.009575
794.000000 0.009151
795.000000 0.008791
796.000000 0.008433
797.000000 0.008072
798.000000 0.007723
799.000000 0.007451
800.000000 0.007185
801.000000 0.006937
802.000000 0.006725
803.000000 0.006537
804.000000 0.006388
805.000000 0.006228
806.000000 0.006090
807.000000 0.005903
808.000000 0.005726
809.000000 0.005578
810.000000 0.005418
811.000000 0.005292
812.000000 0.005148
813.000000 0.005015
814.000000 0.004914
815.000000 0.004844
816.000000 0.004688
817.000000 0.004499
818.000000 0.004412
819.000000 0.004341
820.000000 0.004200
821.000000 0.004021
822.000000 0.003860
823.000000 0.003738
824.000000 0.003634
825.000000 0.003537
826.000000 0.003464
827.000000 0.003352
828.000000 0.003212
829.000000 0.003086
830.000000 0.002958
831.000000 0.002814
832.000000 0.002656
833.000000 0.002556
834.000000 0.002475
835.000000 0.002388
836.000000 0.002303
837.000000 0.002218
838.000000 0.002124
839.000000 0.002021
840.000000 0.001900
841.000000 0.001755
842.000000 0.001642
843.000000 0.001538
844.000000 0.001420
845.000000 0.001361
846.000000 0.001327
847.000000 0.001269
848.000000 0.001207
849.000000 0.001151
850.000000 0.001113
851.000000 0.001048
852.000000 0.000905
853.000000 0.000816
854.000000 0.000784
855.000000 0.000726
856.000000 0.000668
857.000000 0.000584
858.000000 0.000523
859.000000 0.000492
860.000000 0.000468
861.000000 0.000423
862.000000 0.000383
863.000000 0.000360
864.000000 0.000366
865.000000 0.000360
866.000000 0.000333
867.000000 0.000313
868.000000 0.000288
869.000000 0.000266
870.000000 0.000257
871.000000 0.000205
872.000000 0.000146
873.000000 0.000151
874.000000 0.000145
875.000000 0.000142
876.000000 0.000141
877.000000 0.000116
878.000000 0.000073
879.000000 0.000017
880.000000 -0.000037
881.000000 -0.000062
882.000000 -0.000078
883.000000 -0.000112
884.000000 -0.000152
885.000000 -0.000202
886.000000 -0.000229
887.000000 -0.000221
888.000000 -0.000227
889.000000 -0.000219
890.000000 -0.000211
891.000000 -0.000212
892.000000 -0.000204
893.000000 -0.000240
894.000000 -0.000281
895.000000 -0.000323
896.000000 -0.000360
897.000000 -0.000360
898.000000 -0.000369
899.000000 -0.000372
900.000000 -0.000365
