315.000000 0.160927
316.000000 0.161730
317.000000 0.162891
318.000000 0.163951
319.000000 0.165047
320.000000 0.167173
321.000000 0.169334
322.000000 0.170988
323.000000 0.172956
324.000000 0.174782
325.000000 0.177153
326.000000 0.179499
327.000000 0.181359
328.000000 0.182986
329.000000 0.184824
330.000000 0.186822
331.000000 0.188515
332.000000 0.190150
333.000000 0.192402
334.000000 0.194842
335.000000 0.196683
336.000000 0.198610
337.000000 0.200807
338.000000 0.203006
339.000000 0.204923
340.000000 0.206594
341.000000 0.208159
342.000000 0.209970
343.000000 0.212042
344.000000 0.213743
345.000000 0.214922
346.000000 0.215735
347.000000 0.216305
348.000000 0.216778
349.000000 0.217103
350.000000 0.217012
351.000000 0.216712
352.000000 0.216229
353.000000 0.215434
354.000000 0.214452
355.000000 0.213469
356.000000 0.212360
357.000000 0.211109
358.000000 0.209965
359.000000 0.208873
360.000000 0.207759
361.000000 0.206563
362.000000 0.205451
363.000000 0.204364
364.000000 0.202968
365.000000 0.201537
366.000000 0.200278
367.000000 0.199033
368.000000 0.197770
369.000000 0.196307
370.000000 0.194900
371.000000 0.193408
372.000000 0.191714
373.000000 0.190249
374.000000 0.188782
375.000000 0.186819
376.000000 0.184482
377.000000 0.182616
378.000000 0.180663
379.000000 0.178367
380.000000 0.176755
381.000000 0.175430
382.000000 0.173784
383.000000 0.172476
384.000000 0.171634
385.000000 0.170787
386.000000 0.169915
387.000000 0.169131
388.000000 0.168818
389.000000 0.168818
390.000000 0.168766
391.000000 0.168818
392.000000 0.169171
393.000000 0.169600
394.000000 0.170017
395.000000 0.170514
396.000000 0.171155
397.000000 0.172072
398.000000 0.173279
399.000000 0.174561
400.000000 0.175782
401.000000 0.177122
402.000000 0.178473
403.000000 0.179564
404.000000 0.180574
405.000000 0.181976
406.000000 0.183356
407.000000 0.184351
408.000000 0.185262
409.000000 0.186306
410.000000 0.187574
411.000000 0.188739
412.000000 0.189908
413.000000 0.191170
414.000000 0.192491
415.000000 0.193963
416.000000 0.195538
417.000000 0.197248
418.000000 0.199268
419.000000 0.201528
420.000000 0.204092
421.000000 0.207079
422.000000 0.210048
423.000000 0.213209
424.000000 0.216659
425.000000 0.219927
426.000000 0.222929
427.000000 0.225419
428.000000 0.227300
429.000000 0.228649
430.000000 0.229025
431.000000 0.228445
432.000000 0.227052
433.000000 0.224829
434.000000 0.221796
435.000000 0.217893
436.000000 0.213348
437.000000 0.208055
438.000000 0.202255
439.000000 0.196435
440.000000 0.190309
441.000000 0.184226
442.000000 0.178491
443.000000 0.172600
444.000000 0.166778
445.000000 0.161378
446.000000 0.155926
447.000000 0.150623
448.000000 0.145668
449.000000 0.140957
450.000000 0.136729
451.000000 0.132678
452.000000 0.128774
453.000000 0.125239
454.000000 0.121865
455.000000 0.118652
456.000000 0.115614
457.000000 0.112740
458.000000 0.110132
459.000000 0.107646
460.000000 0.105258
461.000000 0.103079
462.000000 0.101049
463.000000 0.099078
464.000000 0.097134
465.000000 0.095264
466.000000 0.093619
467.000000 0.092018
468.000000 0.090413
469.000000 0.088929
470.000000 0.087567
471.000000 0.086298
472.000000 0.085114
473.000000 0.084037
474.000000 0.082942
475.000000 0.081882
476.000000 0.081006
477.000000 0.080219
478.000000 0.079521
479.000000 0.078860
480.000000 0.078280
481.000000 0.077852
482.000000 0.077488
483.000000 0.077128
484.000000 0.076832
485.000000 0.076633
486.000000 0.076515
487.000000 0.076532
488.000000 0.076642
489.000000 0.077003
490.000000 0.077502
491.000000 0.077902
492.000000 0.078424
493.000000 0.079274
494.000000 0.080459
495.000000 0.081314
496.000000 0.082026
497.000000 0.082808
498.000000 0.083597
499.000000 0.084689
500.000000 0.086038
501.000000 0.087463
502.000000 0.089039
503.000000 0.090844
504.000000 0.092563
505.000000 0.094325
506.000000 0.096321
507.000000 0.098234
508.000000 0.099807
509.000000 0.101432
510.000000 0.103226
511.000000 0.105083
512.000000 0.106705
513.000000 0.108162
514.000000 0.109494
515.000000 0.110799
516.000000 0.112068
517.000000 0.112939
518.000000 0.113722
519.000000 0.114564
520.000000 0.115630
521.000000 0.116737
522.000000 0.117651
523.000000 0.118333
524.000000 0.118744
525.000000 0.119244
526.000000 0.120010
527.000000 0.120919
528.000000 0.121944
529.000000 0.123131
530.000000 0.124572
531.000000 0.126195
532.000000 0.127768
533.000000 0.129594
534.000000 0.131915
535.000000 0.134315
536.000000 0.136784
537.000000 0.139564
538.000000 0.142783
539.000000 0.146518
540.000000 0.150747
541.000000 0.155458
542.000000 0.160101
543.000000 0.164453
544.000000 0.168834
545.000000 0.173302
546.000000 0.177692
547.000000 0.181917
548.000000 0.185547
549.000000 0.188379
550.000000 0.190563
551.000000 0.192024
552.000000 0.192924
553.000000 0.193161
554.000000 0.192675
555.000000 0.191478
556.000000 0.189800
557.000000 0.187428
558.000000 0.184200
559.000000 0.180582
560.000000 0.176451
561.000000 0.171997
562.000000 0.167270
563.000000 0.162318
564.000000 0.157173
565.000000 0.151952
566.000000 0.146681
567.000000 0.141389
568.000000 0.136582
569.000000 0.131934
570.000000 0.127586
571.000000 0.123718
572.000000 0.120096
573.000000 0.116688
574.000000 0.113560
575.000000 0.111170
576.000000 0.109374
577.000000 0.107768
578.000000 0.106503
579.000000 0.105599
580.000000 0.105059
581.000000 0.104737
582.000000 0.104652
583.000000 0.104973
584.000000 0.105558
585.000000 0.106426
586.000000 0.107530
587.000000 0.108719
588.000000 0.109949
589.000000 0.111440
590.000000 0.113054
591.000000 0.114741
592.000000 0.116545
593.000000 0.118230
594.000000 0.119933
595.000000 0.121881
596.000000 0.123878
597.000000 0.125792
598.000000 0.127800
599.000000 0.130031
600.000000 0.132334
601.000000 0.134634
602.000000 0.137002
603.000000 0.139421
604.000000 0.142014
605.000000 0.144707
606.000000 0.147595
607.000000 0.150761
608.000000 0.153932
609.000000 0.157185
610.000000 0.160550
611.000000 0.164123
612.000000 0.168096
613.000000 0.172259
614.000000 0.176655
615.000000 0.181467
616.000000 0.186409
617.000000 0.191591
618.000000 0.197314
619.000000 0.203164
620.000000 0.209276
621.000000 0.216014
622.000000 0.222901
623.000000 0.230027
624.000000 0.237780
625.000000 0.245683
626.000000 0.253856
627.000000 0.262664
628.000000 0.271440
629.000000 0.280384
630.000000 0.289966
631.000000 0.299896
632.000000 0.309712
633.000000 0.319605
634.000000 0.329968
635.000000 0.340125
636.000000 0.350144
637.000000 0.360524
638.000000 0.370577
639.000000 0.380263
640.000000 0.390049
641.000000 0.399661
642.000000 0.408467
643.000000 0.416697
644.000000 0.425010
645.000000 0.432810
646.000000 0.440089
647.000000 0.447136
648.000000 0.453828
649.000000 0.459859
650.000000 0.465441
651.000000 0.470866
652.000000 0.475960
653.000000 0.480586
654.000000 0.484836
655.000000 0.489027
656.000000 0.493131
657.000000 0.496955
658.000000 0.500690
659.000000 0.504638
660.000000 0.508697
661.000000 0.512741
662.000000 0.517015
663.000000 0.521860
664.000000 0.527252
665.000000 0.532949
666.000000 0.539082
667.000000 0.546029
668.000000 0.553827
669.000000 0.562051
670.000000 0.570912
671.000000 0.580937
672.000000 0.592049
673.000000 0.604225
674.000000 0.616655
675.000000 0.629982
676.000000 0.645153
677.000000 0.661706
678.000000 0.679549
679.000000 0.697678
680.000000 0.716616
681.000000 0.737496
682.000000 0.759793
683.000000 0.783282
684.000000 0.807026
685.000000 0.831326
686.000000 0.857215
687.000000 0.884140
688.000000 0.911613
689.000000 0.939424
690.000000 0.966699
691.000000 0.993778
692.000000 1.021601
693.000000 1.049494
694.000000 1.076912
695.000000 1.103641
696.000000 1.128378
697.000000 1.151273
698.000000 1.173446
699.000000 1.194151
700.000000 1.212965
701.000000 1.229635
702.000000 1.243542
703.000000 1.254654
704.000000 1.263462
705.000000 1.269574
706.000000 1.272716
707.000000 1.272714
708.000000 1.269520
709.000000 1.263266
710.000000 1.254608
711.000000 1.243169
712.000000 1.228411
713.000000 1.210864
714.000000 1.190798
715.000000 1.168643
716.000000 1.144275
717.000000 1.117511
718.000000 1.089085
719.000000 1.060665
720.000000 1.031480
721.000000 1.000487
722.000000 0.968547
723.000000 0.936155
724.000000 0.903515
725.000000 0.871006
726.000000 0.838918
727.000000 0.806920
728.000000 0.774890
729.000000 0.743076
730.000000 0.711749
731.000000 0.682847
732.000000 0.655151
733.000000 0.626788
734.000000 0.598714
735.000000 0.571107
736.000000 0.543980
737.000000 0.517705
738.000000 0.492210
739.000000 0.467322
740.000000 0.443245
741.000000 0.420054
742.000000 0.397800
743.000000 0.376395
744.000000 0.355824
745.000000 0.335978
746.000000 0.316791
747.000000 0.298316
748.000000 0.280607
749.000000 0.263584
750.000000 0.247281
751.000000 0.231756
752.000000 0.216910
753.000000 0.202743
754.000000 0.189277
755.000000 0.176486
756.000000 0.164340
757.000000 0.152823
758.000000 0.141991
759.000000 0.131768
760.000000 0.122105
761.000000 0.113073
762.000000 0.104638
763.000000 0.096766
764.000000 0.089378
765.000000 0.082346
766.000000 0.075751
767.000000 0.069657
768.000000 0.064031
769.000000 0.058899
770.000000 0.054178
771.000000 0.049811
772.000000 0.045837
773.000000 0.042268
774.000000 0.038960
775.000000 0.035907
776.000000 0.032897
777.000000 0.030014
778.000000 0.027544
779.000000 0.025379
780.000000 0.023422
781.000000 0.021618
782.000000 0.020033
783.000000 0.018597
784.000000 0.017207
785.000000 0.015956
786.000000 0.014856
787.000000 0.013863
788.000000 0.012912
789.000000 0.012016
790.000000 0.011278
791.000000 0.010649
792.000000 0.010081
793.000000 0.009526
794.000000 0.009010
795.000000 0.008558
796.000000 0.008207
797.000000 0.007907
798.000000 0.007577
799.000000 0.007279
800.000000 0.007015
801.000000 0.006771
802.000000 0.006537
803.000000 0.006343
804.000000 0.006202
805.000000 0.006076
806.000000 0.005937
807.000000 0.005774
808.000000 0.005643
809.000000 0.005502
810.000000 0.005336
811.000000 0.005177
812.000000 0.005028
813.000000 0.004922
814.000000 0.004817
815.000000 0.004699
816.000000 0.004549
817.000000 0.004429
818.000000 0.004339
819.000000 0.004242
820.000000 0.004144
821.000000 0.004035
822.000000 0.003874
823.000000 0.003683
824.000000 0.003501
825.000000 0.003368
826.000000 0.003334
827.000000 0.003288
828.000000 0.003200
829.000000 0.003091
830.000000 0.002968
831.000000 0.002841
832.000000 0.002694
833.000000 0.002542
834.000000 0.002410
835.000000 0.002328
836.000000 0.002241
837.000000 0.002143
838.000000 0.002053
839.000000 0.001979
840.000000 0.001875
841.000000 0.001749
842.000000 0.001638
843.000000 0.001516
844.000000 0.001432
845.000000 0.001367
846.000000 0.001284
847.000000 0.001203
848.000000 0.001131
849.000000 0.001090
850.000000 0.001057
851.000000 0.000991
852.000000 0.000883
853.000000 0.000827
854.000000 0.000787
855.000000 0.000718
856.000000 0.000713
857.000000 0.000656
858.000000 0.000543
859.000000 0.000453
860.000000 0.000401
861.000000 0.000351
862.000000 0.000299
863.000000 0.000321
864.000000 0.000372
865.000000 0.000356
866.000000 0.000311
867.000000 0.000276
868.000000 0.000247
869.000000 0.000199
870.000000 0.000132
871.000000 0.000057
872.000000 0.000001
873.000000 0.000003
874.000000 0.000000
875.000000 0.000000
876.000000 0.000003
877.000000 -0.000015
878.000000 -0.000036
879.000000 -0.000077
880.000000 -0.000139
881.000000 -0.000152
882.000000 -0.000150
883.000000 -0.000176
884.000000 -0.000210
885.000000 -0.000256
886.000000 -0.000261
887.000000 -0.000250
888.000000 -0.000253
889.000000 -0.000262
890.000000 -0.000293
891.000000 -0.000315
892.000000 -0.000308
893.000000 -0.000310
894.000000 -0.000326
895.000000 -0.000294
896.000000 -0.000314
897.000000 -0.000385
898.000000 -0.000413
899.000000 -0.000409
900.000000 -0.000380
