315.000000 0.162624
316.000000 0.163319
317.000000 0.164725
318.000000 0.166623
319.000000 0.168163
320.000000 0.169900
321.000000 0.171767
322.000000 0.173129
323.000000 0.174598
324.000000 0.176785
325.000000 0.179086
326.000000 0.180752
327.000000 0.182051
328.000000 0.183631
329.000000 0.185432
330.000000 0.187323
331.000000 0.189245
332.000000 0.191075
333.000000 0.193008
334.000000 0.194985
335.000000 0.196832
336.000000 0.199150
337.000000 0.201411
338.000000 0.203292
339.000000 0.205057
340.000000 0.206756
341.000000 0.208392
342.000000 0.209975
343.000000 0.211670
344.000000 0.213457
345.000000 0.214969
346.000000 0.216042
347.000000 0.216893
348.000000 0.217448
349.000000 0.217734
350.000000 0.217658
351.000000 0.217413
352.000000 0.216898
353.000000 0.215847
354.000000 0.214727
355.000000 0.213619
356.000000 0.212448
357.000000 0.211264
358.000000 0.210170
359.000000 0.208967
360.000000 0.207742
361.000000 0.206822
362.000000 0.205855
363.000000 0.204560
364.000000 0.202991
365.000000 0.201574
366.000000 0.200480
367.000000 0.199394
368.000000 0.198212
369.000000 0.196681
370.000000 0.195003
371.000000 0.193392
372.000000 0.191658
373.000000 0.190019
374.000000 0.188652
375.000000 0.186889
376.000000 0.184495
377.000000 0.182430
378.000000 0.180559
379.000000 0.178072
380.000000 0.175949
381.000000 0.174768
382.000000 0.173727
383.000000 0.172398
384.000000 0.171181
385.000000 0.170186
386.000000 0.169350
387.000000 0.169057
388.000000 0.169020
389.000000 0.168782
390.000000 0.168325
391.000000 0.168212
392.000000 0.168639
393.000000 0.169163
394.000000 0.169601
395.000000 0.170193
396.000000 0.170915
397.000000 0.171845
398.000000 0.173014
399.000000 0.174157
400.000000 0.175249
401.000000 0.176397
402.000000 0.177578
403.000000 0.178766
404.000000 0.179926
405.000000 0.181184
406.000000 0.182451
407.000000 0.183484
408.000000 0.184414
409.000000 0.185263
410.000000 0.186150
411.000000 0.187230
412.000000 0.188477
413.000000 0.189762
414.000000 0.191020
415.000000 0.192452
416.000000 0.194197
417.000000 0.196099
418.000000 0.198125
419.000000 0.200405
420.000000 0.203004
421.000000 0.205829
422.000000 0.208705
423.000000 0.211807
424.000000 0.215378
425.000000 0.218807
426.000000 0.221781
427.000000 0.224288
428.000000 0.226129
429.000000 0.227358
430.000000 0.227834
431.000000 0.227422
432.000000 0.225996
433.000000 0.223789
434.000000 0.221013
435.000000 0.217300
436.000000 0.212697
437.000000 0.207420
438.000000 0.201691
439.000000 0.195861
440.000000 0.189802
441.000000 0.183804
442.000000 0.178134
443.000000 0.172318
444.000000 0.166497
445.000000 0.161102
446.000000 0.155679
447.000000 0.150406
448.000000 0.145410
449.000000 0.140622
450.000000 0.136408
451.000000 0.132344
452.000000 0.128338
453.000000 0.124741
454.000000 0.121393
455.000000 0.118189
456.000000 0.115092
457.000000 0.112224
458.000000 0.109626
459.000000 0.107022
460.000000 0.104585
461.000000 0.102388
462.000000 0.100193
463.000000 0.098061
464.000000 0.096014
465.000000 0.094028
466.000000 0.092307
467.000000 0.090685
468.000000 0.089116
469.000000 0.087613
470.000000 0.086150
471.000000 0.084838
472.000000 0.083563
473.000000 0.082320
474.000000 0.081101
475.000000 0.080016
476.000000 0.079118
477.000000 0.078329
478.000000 0.077627
479.000000 0.076938
480.000000 0.076278
481.000000 0.075706
482.000000 0.075253
483.000000 0.074894
484.000000 0.074607
485.000000 0.074347
486.000000 0.074183
487.000000 0.074210
488.000000 0.074243
489.000000 0.074455
490.000000 0.074825
491.000000 0.075315
492.000000 0.076058
493.000000 0.076766
494.000000 0.077872
495.000000 0.078710
496.000000 0.079218
497.000000 0.079845
498.000000 0.080568
499.000000 0.081614
500.000000 0.083047
501.000000 0.084657
502.000000 0.086280
503.000000 0.087679
504.000000 0.088759
505.000000 0.090351
506.000000 0.092197
507.000000 0.094070
508.000000 0.095854
509.000000 0.097490
510.000000 0.099311
511.000000 0.101110
512.000000 0.102618
513.000000 0.104230
514.000000 0.105858
515.000000 0.107386
516.000000 0.108696
517.000000 0.109186
518.000000 0.109625
519.000000 0.110524
520.000000 0.111484
521.000000 0.112398
522.000000 0.113244
523.000000 0.113780
524.000000 0.114432
525.000000 0.115409
526.000000 0.116233
527.000000 0.116864
528.000000 0.117585
529.000000 0.118510
530.000000 0.119610
531.000000 0.121043
532.000000 0.122596
533.000000 0.124370
534.000000 0.126627
535.000000 0.129319
536.000000 0.132235
537.000000 0.135307
538.000000 0.138619
539.000000 0.142208
540.000000 0.146237
541.000000 0.150601
542.000000 0.154979
543.000000 0.159291
544.000000 0.163407
545.000000 0.167438
546.000000 0.171510
547.000000 0.175494
548.000000 0.178934
549.000000 0.181722
550.000000 0.183827
551.000000 0.185130
552.000000 0.186078
553.000000 0.186465
554.000000 0.186101
555.000000 0.184932
556.000000 0.183143
557.000000 0.180779
558.000000 0.177732
559.000000 0.174348
560.000000 0.170481
561.000000 0.166269
562.000000 0.161614
563.000000 0.156788
564.000000 0.152033
565.000000 0.147206
566.000000 0.142404
567.000000 0.137570
568.000000 0.133062
569.000000 0.128854
570.000000 0.124907
571.000000 0.121163
572.000000 0.117709
573.000000 0.114604
574.000000 0.111787
575.000000 0.109701
576.000000 0.108127
577.000000 0.106553
578.000000 0.105364
579.000000 0.104683
580.000000 0.104316
581.000000 0.104309
582.000000 0.104385
583.000000 0.104706
584.000000 0.105509
585.000000 0.106566
586.000000 0.107655
587.000000 0.108724
588.000000 0.109910
589.000000 0.111413
590.000000 0.113044
591.000000 0.114870
592.000000 0.116802
593.000000 0.118628
594.000000 0.120538
595.000000 0.122562
596.000000 0.124576
597.000000 0.126591
598.000000 0.128784
599.000000 0.131090
600.000000 0.133449
601.000000 0.135881
602.000000 0.138314
603.000000 0.140796
604.000000 0.143460
605.000000 0.146220
606.000000 0.149100
607.000000 0.152235
608.000000 0.155527
609.000000 0.158956
610.000000 0.162575
611.000000 0.166330
612.000000 0.170312
613.000000 0.174444
614.000000 0.178841
615.000000 0.183711
616.000000 0.188711
617.000000 0.193933
618.000000 0.199706
619.000000 0.205754
620.000000 0.212090
621.000000 0.218941
622.000000 0.225930
623.000000 0.233152
624.000000 0.240992
625.000000 0.248990
626.000000 0.257300
627.000000 0.266282
628.000000 0.275208
629.000000 0.284255
630.000000 0.294008
631.000000 0.304092
632.000000 0.313995
633.000000 0.323998
634.000000 0.334449
635.000000 0.344704
636.000000 0.354906
637.000000 0.365408
638.000000 0.375569
639.000000 0.385472
640.000000 0.395422
641.000000 0.405156
642.000000 0.414059
643.000000 0.422371
644.000000 0.430802
645.000000 0.438730
646.000000 0.446089
647.000000 0.453197
648.000000 0.459955
649.000000 0.466095
650.000000 0.471799
651.000000 0.477297
652.000000 0.482461
653.000000 0.487125
654.000000 0.491404
655.000000 0.495587
656.000000 0.499672
657.000000 0.503518
658.000000 0.507221
659.000000 0.511168
660.000000 0.515333
661.000000 0.519474
662.000000 0.523740
663.000000 0.528551
664.000000 0.533945
665.000000 0.539707
666.000000 0.546006
667.000000 0.553107
668.000000 0.561013
669.000000 0.569371
670.000000 0.578396
671.000000 0.588574
672.000000 0.599872
673.000000 0.612254
674.000000 0.624881
675.000000 0.638407
676.000000 0.653862
677.000000 0.670723
678.000000 0.688762
679.000000 0.707138
680.000000 0.726376
681.000000 0.747501
682.000000 0.770021
683.000000 0.793776
684.000000 0.817829
685.000000 0.842383
686.000000 0.868610
687.000000 0.896025
688.000000 0.923900
689.000000 0.952119
690.000000 0.979738
691.000000 1.007046
692.000000 1.035159
693.000000 1.063233
694.000000 1.090758
695.000000 1.117648
696.000000 1.142589
697.000000 1.165822
698.000000 1.188297
699.000000 1.209142
700.000000 1.228112
701.000000 1.244869
702.000000 1.258752
703.000000 1.269933
704.000000 1.278704
705.000000 1.284557
706.000000 1.287576
707.000000 1.287650
708.000000 1.284537
709.000000 1.278295
710.000000 1.269420
711.000000 1.257583
712.000000 1.242640
713.000000 1.224977
714.000000 1.204612
715.000000 1.181951
716.000000 1.157085
717.000000 1.130020
718.000000 1.101193
719.000000 1.072396
720.000000 1.042980
721.000000 1.011649
722.000000 0.979244
723.000000 0.946415
724.000000 0.913636
725.000000 0.880840
726.000000 0.848241
727.000000 0.815879
728.000000 0.783458
729.000000 0.751289
730.000000 0.719639
731.000000 0.690468
732.000000 0.662493
733.000000 0.633730
734.000000 0.605201
735.000000 0.577166
736.000000 0.549731
737.000000 0.523182
738.000000 0.497363
739.000000 0.472053
740.000000 0.447528
741.000000 0.424039
742.000000 0.401597
743.000000 0.380052
744.000000 0.359310
745.000000 0.339167
746.000000 0.319713
747.000000 0.301018
748.000000 0.283057
749.000000 0.265789
750.000000 0.249304
751.000000 0.233669
752.000000 0.218740
753.000000 0.204504
754.000000 0.190939
755.000000 0.178031
756.000000 0.165839
757.000000 0.154291
758.000000 0.143366
759.000000 0.133038
760.000000 0.123240
761.000000 0.114045
762.000000 0.105506
763.000000 0.097566
764.000000 0.090095
765.000000 0.083003
766.000000 0.076344
767.000000 0.070191
768.000000 0.064530
769.000000 0.059349
770.000000 0.054612
771.000000 0.050260
772.000000 0.046272
773.000000 0.042630
774.000000 0.039245
775.000000 0.036113
776.000000 0.032997
777.000000 0.030057
778.000000 0.027587
779.000000 0.025413
780.000000 0.023466
781.000000 0.021652
782.000000 0.019984
783.000000 0.018473
784.000000 0.017068
785.000000 0.015843
786.000000 0.014750
787.000000 0.013750
788.000000 0.012820
789.000000 0.011961
790.000000 0.011198
791.000000 0.010491
792.000000 0.009894
793.000000 0.009346
794.000000 0.008861
795.000000 0.008457
796.000000 0.008088
797.000000 0.007737
798.000000 0.007377
799.000000 0.007079
800.000000 0.006827
801.000000 0.006577
802.000000 0.006341
803.000000 0.006178
804.000000 0.006021
805.000000 0.005851
806.000000 0.005740
807.000000 0.005583
808.000000 0.005413
809.000000 0.005229
810.000000 0.005019
811.000000 0.004892
812.000000 0.004855
813.000000 0.004820
814.000000 0.004727
815.000000 0.004619
816.000000 0.004471
817.000000 0.004337
818.000000 0.004287
819.000000 0.004201
820.000000 0.004038
821.000000 0.003900
822.000000 0.003766
823.000000 0.003610
824.000000 0.003456
825.000000 0.003371
826.000000 0.003317
827.000000 0.003201
828.000000 0.003078
829.000000 0.002985
830.000000 0.002898
831.000000 0.002770
832.000000 0.002618
833.000000 0.002500
834.000000 0.002374
835.000000 0.002249
836.000000 0.002147
837.000000 0.002044
838.000000 0.001963
839.000000 0.001892
840.000000 0.001786
841.000000 0.001662
842.000000 0.001548
843.000000 0.001469
844.000000 0.001411
845.000000 0.001352
846.000000 0.001280
847.000000 0.001201
848.000000 0.001141
849.000000 0.001091
850.000000 0.001049
851.000000 0.000981
852.000000 0.000865
853.000000 0.000789
854.000000 0.000723
855.000000 0.000608
856.000000 0.000542
857.000000 0.000500
858.000000 0.000455
859.000000 0.000442
860.000000 0.000441
861.000000 0.000387
862.000000 0.000322
863.000000 0.000322
864.000000 0.000326
865.000000 0.000283
866.000000 0.000247
867.000000 0.000227
868.000000 0.000198
869.000000 0.000147
870.000000 0.000098
871.000000 0.000044
872.000000 0.000006
873.000000 -0.000029
874.000000 -0.000079
875.000000 -0.000073
876.000000 -0.000050
877.000000 -0.000065
878.000000 -0.000108
879.000000 -0.000145
880.000000 -0.000174
881.000000 -0.000184
882.000000 -0.000189
883.000000 -0.000204
884.000000 -0.000226
885.000000 -0.000264
886.000000 -0.000299
887.000000 -0.000321
888.000000 -0.000331
889.000000 -0.000320
890.000000 -0.000304
891.000000 -0.000310
892.000000 -0.000338
893.000000 -0.000355
894.000000 -0.000362
895.000000 -0.000392
896.000000 -0.000415
897.000000 -0.000427
898.000000 -0.000437
899.000000 -0.000427
900.000000 -0.000406
