315.000000 0.159392
316.000000 0.160605
317.000000 0.162201
318.000000 0.163913
319.000000 0.165375
320.000000 0.167490
321.000000 0.169433
322.000000 0.170651
323.000000 0.172450
324.000000 0.174386
325.000000 0.176509
326.000000 0.178535
327.000000 0.180153
328.000000 0.182069
329.000000 0.184426
330.000000 0.186789
331.000000 0.189096
332.000000 0.191106
333.000000 0.192801
334.000000 0.194638
335.000000 0.196810
336.000000 0.199483
337.000000 0.201610
338.000000 0.203098
339.000000 0.204732
340.000000 0.206657
341.000000 0.208484
342.000000 0.210111
343.000000 0.211743
344.000000 0.213161
345.000000 0.214440
346.000000 0.215508
347.000000 0.216282
348.000000 0.216884
349.000000 0.217197
350.000000 0.217338
351.000000 0.217134
352.000000 0.216437
353.000000 0.215570
354.000000 0.214681
355.000000 0.213676
356.000000 0.212443
357.000000 0.211014
358.000000 0.209717
359.000000 0.208534
360.000000 0.207139
361.000000 0.205908
362.000000 0.204920
363.000000 0.203732
364.000000 0.202326
365.000000 0.201032
366.000000 0.199915
367.000000 0.198651
368.000000 0.197279
369.000000 0.195874
370.000000 0.194189
371.000000 0.192599
372.000000 0.191116
373.000000 0.189683
374.000000 0.187812
375.000000 0.185563
376.000000 0.183347
377.000000 0.181098
378.000000 0.179325
379.000000 0.177590
380.000000 0.175841
381.000000 0.174760
382.000000 0.173740
383.000000 0.172496
384.000000 0.171678
385.000000 0.170827
386.000000 0.169993
387.000000 0.169543
388.000000 0.169310
389.000000 0.169273
390.000000 0.169197
391.000000 0.169087
392.000000 0.169428
393.000000 0.170026
394.000000 0.170736
395.000000 0.171567
396.000000 0.172244
397.000000 0.172903
398.000000 0.173755
399.000000 0.174878
400.000000 0.175995
401.000000 0.177038
402.000000 0.178434
403.000000 0.180109
404.000000 0.181614
405.000000 0.182941
406.000000 0.184065
407.000000 0.185055
408.000000 0.186067
409.000000 0.186937
410.000000 0.187745
411.000000 0.188661
412.000000 0.189711
413.000000 0.190942
414.000000 0.192253
415.000000 0.193693
416.000000 0.195419
417.000000 0.197235
418.000000 0.199143
419.000000 0.201413
420.000000 0.204036
421.000000 0.206962
422.000000 0.209811
423.000000 0.212969
424.000000 0.216691
425.000000 0.220130
426.000000 0.223195
427.000000 0.225570
428.000000 0.227231
429.000000 0.228504
430.000000 0.228997
431.000000 0.228601
432.000000 0.227232
433.000000 0.224887
434.000000 0.221909
435.000000 0.218159
436.000000 0.213601
437.000000 0.208394
438.000000 0.202742
439.000000 0.197061
440.000000 0.191118
441.000000 0.185142
442.000000 0.179485
443.000000 0.173710
444.000000 0.167913
445.000000 0.162550
446.000000 0.157280
447.000000 0.152070
448.000000 0.147076
449.000000 0.142409
450.000000 0.138284
451.000000 0.134308
452.000000 0.130366
453.000000 0.126746
454.000000 0.123323
455.000000 0.120066
456.000000 0.116970
457.000000 0.114126
458.000000 0.111649
459.000000 0.109234
460.000000 0.106848
461.000000 0.104668
462.000000 0.102600
463.000000 0.100553
464.000000 0.098579
465.000000 0.096643
466.000000 0.094926
467.000000 0.093358
468.000000 0.091847
469.000000 0.090400
470.000000 0.088999
471.000000 0.087748
472.000000 0.086566
473.000000 0.085432
474.000000 0.084379
475.000000 0.083491
476.000000 0.082790
477.000000 0.082159
478.000000 0.081627
479.000000 0.081080
480.000000 0.080499
481.000000 0.079970
482.000000 0.079527
483.000000 0.079208
484.000000 0.078983
485.000000 0.078818
486.000000 0.078734
487.000000 0.078819
488.000000 0.078936
489.000000 0.079039
490.000000 0.079493
491.000000 0.080110
492.000000 0.080670
493.000000 0.081349
494.000000 0.082348
495.000000 0.083250
496.000000 0.084259
497.000000 0.085513
498.000000 0.086951
499.000000 0.088417
500.000000 0.089800
501.000000 0.091372
502.000000 0.092971
503.000000 0.094713
504.000000 0.096669
505.000000 0.098718
506.000000 0.100675
507.000000 0.102516
508.000000 0.104171
509.000000 0.105880
510.000000 0.107600
511.000000 0.109339
512.000000 0.110891
513.000000 0.112557
514.000000 0.114560
515.000000 0.116743
516.000000 0.118331
517.000000 0.119102
518.000000 0.119913
519.000000 0.120905
520.000000 0.122144
521.000000 0.123258
522.000000 0.124298
523.000000 0.125085
524.000000 0.125536
525.000000 0.126273
526.000000 0.127232
527.000000 0.128016
528.000000 0.128720
529.000000 0.129623
530.000000 0.130995
531.000000 0.132956
532.000000 0.135028
533.000000 0.137221
534.000000 0.139761
535.000000 0.142252
536.000000 0.144940
537.000000 0.148194
538.000000 0.152181
539.000000 0.156552
540.000000 0.160913
541.000000 0.165226
542.000000 0.169510
543.000000 0.174163
544.000000 0.179291
545.000000 0.184262
546.000000 0.188757
547.000000 0.193046
548.000000 0.196737
549.000000 0.199788
550.000000 0.201895
551.000000 0.203156
552.000000 0.204198
553.000000 0.204604
554.000000 0.204133
555.000000 0.202905
556.000000 0.201116
557.000000 0.198562
558.000000 0.195024
559.000000 0.191118
560.000000 0.186750
561.000000 0.181862
562.000000 0.176609
563.000000 0.171185
564.000000 0.165566
565.000000 0.159870
566.000000 0.154174
567.000000 0.148442
568.000000 0.143214
569.000000 0.138135
570.000000 0.133394
571.000000 0.129052
572.000000 0.124970
573.000000 0.121231
574.000000 0.117748
575.000000 0.115027
576.000000 0.112878
577.000000 0.110875
578.000000 0.109453
579.000000 0.108534
580.000000 0.107953
581.000000 0.107536
582.000000 0.107048
583.000000 0.106819
584.000000 0.107136
585.000000 0.107798
586.000000 0.108515
587.000000 0.109331
588.000000 0.110329
589.000000 0.111545
590.000000 0.112783
591.000000 0.114328
592.000000 0.116170
593.000000 0.117885
594.000000 0.119498
595.000000 0.121154
596.000000 0.122856
597.000000 0.124645
598.000000 0.126581
599.000000 0.128644
600.000000 0.130740
601.000000 0.132913
602.000000 0.135107
603.000000 0.137309
604.000000 0.139663
605.000000 0.142114
606.000000 0.144773
607.000000 0.147576
608.000000 0.150425
609.000000 0.153523
610.000000 0.156909
611.000000 0.160381
612.000000 0.164075
613.000000 0.168009
614.000000 0.172146
615.000000 0.176593
616.000000 0.181158
617.000000 0.186064
618.000000 0.191464
619.000000 0.197044
620.000000 0.203014
621.000000 0.209580
622.000000 0.216267
623.000000 0.223100
624.000000 0.230436
625.000000 0.237905
626.000000 0.245605
627.000000 0.253885
628.000000 0.262190
629.000000 0.270707
630.000000 0.279679
631.000000 0.288614
632.000000 0.297419
633.000000 0.306581
634.000000 0.316333
635.000000 0.325958
636.000000 0.335471
637.000000 0.345218
638.000000 0.354534
639.000000 0.363569
640.000000 0.372756
641.000000 0.381760
642.000000 0.390049
643.000000 0.397804
644.000000 0.405599
645.000000 0.412904
646.000000 0.419660
647.000000 0.426206
648.000000 0.432439
649.000000 0.438064
650.000000 0.443315
651.000000 0.448415
652.000000 0.453149
653.000000 0.457192
654.000000 0.460434
655.000000 0.463414
656.000000 0.466629
657.000000 0.470033
658.000000 0.473573
659.000000 0.477344
660.000000 0.481257
661.000000 0.485187
662.000000 0.489344
663.000000 0.494051
664.000000 0.499227
665.000000 0.504664
666.000000 0.510482
667.000000 0.516876
668.000000 0.523641
669.000000 0.530768
670.000000 0.538954
671.000000 0.548481
672.000000 0.559035
673.000000 0.570587
674.000000 0.582370
675.000000 0.594972
676.000000 0.609342
677.000000 0.624914
678.000000 0.641622
679.000000 0.658739
680.000000 0.676598
681.000000 0.696118
682.000000 0.716952
683.000000 0.738966
684.000000 0.761228
685.000000 0.783953
686.000000 0.808190
687.000000 0.833463
688.000000 0.859196
689.000000 0.885050
690.000000 0.909793
691.000000 0.933594
692.000000 0.957765
693.000000 0.982238
694.000000 1.006874
695.000000 1.031162
696.000000 1.053686
697.000000 1.074648
698.000000 1.094849
699.000000 1.113637
700.000000 1.130667
701.000000 1.145574
702.000000 1.157954
703.000000 1.167792
704.000000 1.175249
705.000000 1.179726
706.000000 1.181070
707.000000 1.179925
708.000000 1.176321
709.000000 1.170033
710.000000 1.161523
711.000000 1.150446
712.000000 1.136351
713.000000 1.119576
714.000000 1.100390
715.000000 1.079164
716.000000 1.055988
717.000000 1.031093
718.000000 1.004640
719.000000 0.978128
720.000000 0.951202
721.000000 0.922648
722.000000 0.893105
723.000000 0.863102
724.000000 0.833067
725.000000 0.803184
726.000000 0.773634
727.000000 0.744206
728.000000 0.714748
729.000000 0.685392
730.000000 0.656188
731.000000 0.629014
732.000000 0.602752
733.000000 0.575402
734.000000 0.548457
735.000000 0.522666
736.000000 0.497784
737.000000 0.473774
738.000000 0.450488
739.000000 0.427745
740.000000 0.405703
741.000000 0.384517
742.000000 0.364197
743.000000 0.344671
744.000000 0.325786
745.000000 0.307398
746.000000 0.289727
747.000000 0.272829
748.000000 0.256614
749.000000 0.241012
750.000000 0.226077
751.000000 0.211856
752.000000 0.198282
753.000000 0.185329
754.000000 0.173073
755.000000 0.161448
756.000000 0.150409
757.000000 0.139947
758.000000 0.130031
759.000000 0.120678
760.000000 0.111820
761.000000 0.103511
762.000000 0.095803
763.000000 0.088634
764.000000 0.081899
765.000000 0.075532
766.000000 0.069585
767.000000 0.064032
768.000000 0.058945
769.000000 0.054439
770.000000 0.050457
771.000000 0.046833
772.000000 0.043435
773.000000 0.040251
774.000000 0.037229
775.000000 0.034423
776.000000 0.031637
777.000000 0.028946
778.000000 0.026558
779.000000 0.024461
780.000000 0.022653
781.000000 0.020967
782.000000 0.019459
783.000000 0.018103
784.000000 0.016869
785.000000 0.015845
786.000000 0.014916
787.000000 0.014013
788.000000 0.013128
789.000000 0.012308
790.000000 0.011595
791.000000 0.010981
792.000000 0.010464
793.000000 0.010019
794.000000 0.009689
795.000000 0.009422
796.000000 0.009141
797.000000 0.008811
798.000000 0.008484
799.000000 0.008219
800.000000 0.007983
801.000000 0.007732
802.000000 0.007444
803.000000 0.007222
804.000000 0.007099
805.000000 0.007013
806.000000 0.006944
807.000000 0.006853
808.000000 0.006906
809.000000 0.007146
810.000000 0.007311
811.000000 0.007343
812.000000 0.007254
813.000000 0.007085
814.000000 0.006916
815.000000 0.006758
816.000000 0.006522
817.000000 0.006258
818.000000 0.006104
819.000000 0.005910
820.000000 0.005615
821.000000 0.005379
822.000000 0.005259
823.000000 0.005240
824.000000 0.005180
825.000000 0.005002
826.000000 0.004816
827.000000 0.004614
828.000000 0.004420
829.000000 0.004236
830.000000 0.004003
831.000000 0.003763
832.000000 0.003568
833.000000 0.003432
834.000000 0.003301
835.000000 0.003174
836.000000 0.003040
837.000000 0.002903
838.000000 0.002839
839.000000 0.002761
840.000000 0.002597
841.000000 0.002389
842.000000 0.002247
843.000000 0.002141
844.000000 0.002023
845.000000 0.001931
846.000000 0.001821
847.000000 0.001712
848.000000 0.001629
849.000000 0.001593
850.000000 0.001564
851.000000 0.001507
852.000000 0.001644
853.000000 0.001964
854.000000 0.002095
855.000000 0.002006
856.000000 0.001890
857.000000 0.001747
858.000000 0.001592
859.000000 0.001480
860.000000 0.001376
861.000000 0.001231
862.000000 0.001098
863.000000 0.000988
864.000000 0.000874
865.000000 0.000781
866.000000 0.000736
867.000000 0.000678
868.000000 0.000578
869.000000 0.000491
870.000000 0.000413
871.000000 0.000316
872.000000 0.000246
873.000000 0.000218
874.000000 0.000193
875.000000 0.000218
876.000000 0.000259
877.000000 0.000218
878.000000 0.000148
879.000000 0.000119
880.000000 0.000078
881.000000 0.000051
882.000000 0.000048
883.000000 0.000058
884.000000 0.000040
885.000000 -0.000017
886.000000 -0.000039
887.000000 -0.000066
888.000000 -0.000105
889.000000 -0.000136
890.000000 -0.000135
891.000000 -0.000095
892.000000 -0.000077
893.000000 0.000023
894.000000 0.000200
895.000000 0.000273
896.000000 0.000243
897.000000 0.000201
898.000000 0.000154
899.000000 0.000104
900.000000 0.000072
