315.000000 0.169017
316.000000 0.170424
317.000000 0.171666
318.000000 0.173618
319.000000 0.175542
320.000000 0.177253
321.000000 0.179142
322.000000 0.181074
323.000000 0.182298
324.000000 0.183758
325.000000 0.185883
326.000000 0.187894
327.000000 0.189700
328.000000 0.191194
329.000000 0.192708
330.000000 0.194905
331.000000 0.197037
332.000000 0.198809
333.000000 0.200518
334.000000 0.202267
335.000000 0.204199
336.000000 0.206215
337.000000 0.207930
338.000000 0.209409
339.000000 0.211007
340.000000 0.212576
341.000000 0.214124
342.000000 0.215345
343.000000 0.216305
344.000000 0.217537
345.000000 0.218334
346.000000 0.218554
347.000000 0.218941
348.000000 0.219040
349.000000 0.218732
350.000000 0.218247
351.000000 0.217480
352.000000 0.216409
353.000000 0.214981
354.000000 0.213554
355.000000 0.212323
356.000000 0.210991
357.000000 0.209502
358.000000 0.208184
359.000000 0.206888
360.000000 0.205439
361.000000 0.204213
362.000000 0.203161
363.000000 0.202082
364.000000 0.200870
365.000000 0.199682
366.000000 0.198699
367.000000 0.197551
368.000000 0.196382
369.000000 0.195347
370.000000 0.193772
371.000000 0.192117
372.000000 0.190684
373.000000 0.189397
374.000000 0.188148
375.000000 0.186698
376.000000 0.185179
377.000000 0.183697
378.000000 0.182476
379.000000 0.181082
380.000000 0.180089
381.000000 0.179689
382.000000 0.178949
383.000000 0.178085
384.000000 0.177745
385.000000 0.177686
386.000000 0.177742
387.000000 0.177961
388.000000 0.178276
389.000000 0.178721
390.000000 0.179150
391.000000 0.179546
392.000000 0.180494
393.000000 0.181644
394.000000 0.182615
395.000000 0.183494
396.000000 0.184201
397.000000 0.185239
398.000000 0.186645
399.000000 0.188148
400.000000 0.189564
401.000000 0.190919
402.000000 0.192382
403.000000 0.194005
404.000000 0.195615
405.000000 0.197212
406.000000 0.198759
407.000000 0.200239
408.000000 0.201592
409.000000 0.202841
410.000000 0.204165
411.000000 0.205526
412.000000 0.206906
413.000000 0.208154
414.000000 0.209566
415.000000 0.211345
416.000000 0.213237
417.000000 0.215208
418.000000 0.217291
419.000000 0.219467
420.000000 0.221993
421.000000 0.224780
422.000000 0.227360
423.000000 0.230074
424.000000 0.233095
425.000000 0.235734
426.000000 0.237837
427.000000 0.239417
428.000000 0.240361
429.000000 0.240664
430.000000 0.240158
431.000000 0.238893
432.000000 0.236852
433.000000 0.234030
434.000000 0.230682
435.000000 0.226670
436.000000 0.222071
437.000000 0.216927
438.000000 0.211482
439.000000 0.206114
440.000000 0.200467
441.000000 0.194890
442.000000 0.189615
443.000000 0.184177
444.000000 0.178781
445.000000 0.173886
446.000000 0.169000
447.000000 0.164115
448.000000 0.159466
449.000000 0.155097
450.000000 0.151205
451.000000 0.147441
452.000000 0.143764
453.000000 0.140379
454.000000 0.137193
455.000000 0.134158
456.000000 0.131283
457.000000 0.128621
458.000000 0.126328
459.000000 0.124131
460.000000 0.122011
461.000000 0.120176
462.000000 0.118407
463.000000 0.116738
464.000000 0.115149
465.000000 0.113572
466.000000 0.112172
467.000000 0.110882
468.000000 0.109640
469.000000 0.108496
470.000000 0.107494
471.000000 0.106582
472.000000 0.105751
473.000000 0.105091
474.000000 0.104538
475.000000 0.104156
476.000000 0.103988
477.000000 0.103794
478.000000 0.103549
479.000000 0.103298
480.000000 0.103102
481.000000 0.103010
482.000000 0.103000
483.000000 0.103073
484.000000 0.103283
485.000000 0.103595
486.000000 0.103992
487.000000 0.104508
488.000000 0.105072
489.000000 0.105564
490.000000 0.106054
491.000000 0.106990
492.000000 0.108204
493.000000 0.109681
494.000000 0.111418
495.000000 0.112681
496.000000 0.114129
497.000000 0.115744
498.000000 0.117459
499.000000 0.119481
500.000000 0.121774
501.000000 0.124312
502.000000 0.126834
503.000000 0.129535
504.000000 0.132366
505.000000 0.135337
506.000000 0.138250
507.000000 0.141056
508.000000 0.143615
509.000000 0.146303
510.000000 0.149196
511.000000 0.152157
512.000000 0.155022
513.000000 0.157757
514.000000 0.160182
515.000000 0.162304
516.000000 0.164150
517.000000 0.165599
518.000000 0.167160
519.000000 0.168650
520.000000 0.169986
521.000000 0.171414
522.000000 0.172871
523.000000 0.173937
524.000000 0.174881
525.000000 0.175922
526.000000 0.176946
527.000000 0.178035
528.000000 0.179260
529.000000 0.180788
530.000000 0.182570
531.000000 0.184703
532.000000 0.186919
533.000000 0.189474
534.000000 0.192621
535.000000 0.195889
536.000000 0.199575
537.000000 0.204185
538.000000 0.209220
539.000000 0.214594
540.000000 0.220525
541.000000 0.226845
542.000000 0.233507
543.000000 0.239947
544.000000 0.246304
545.000000 0.252653
546.000000 0.258427
547.000000 0.263829
548.000000 0.268595
549.000000 0.272572
550.000000 0.275687
551.000000 0.277675
552.000000 0.278809
553.000000 0.279013
554.000000 0.278181
555.000000 0.275908
556.000000 0.272513
557.000000 0.268105
558.000000 0.262633
559.000000 0.256524
560.000000 0.249419
561.000000 0.241781
562.000000 0.233715
563.000000 0.225298
564.000000 0.216583
565.000000 0.207783
566.000000 0.199029
567.000000 0.190090
568.000000 0.181677
569.000000 0.173511
570.000000 0.165742
571.000000 0.158558
572.000000 0.151723
573.000000 0.145249
574.000000 0.139266
575.000000 0.134290
576.000000 0.130010
577.000000 0.126020
578.000000 0.122573
579.000000 0.119661
580.000000 0.117114
581.000000 0.114856
582.000000 0.112803
583.000000 0.111215
584.000000 0.110248
585.000000 0.109537
586.000000 0.108973
587.000000 0.108727
588.000000 0.108706
589.000000 0.108880
590.000000 0.109138
591.000000 0.109555
592.000000 0.110154
593.000000 0.110716
594.000000 0.111356
595.000000 0.112185
596.000000 0.113008
597.000000 0.113845
598.000000 0.114880
599.000000 0.116020
600.000000 0.117243
601.000000 0.118599
602.000000 0.120055
603.000000 0.121558
604.000000 0.123120
605.000000 0.124785
606.000000 0.126646
607.000000 0.128720
608.000000 0.130912
609.000000 0.133216
610.000000 0.135677
611.000000 0.138225
612.000000 0.140947
613.000000 0.143861
614.000000 0.146926
615.000000 0.150346
616.000000 0.153921
617.000000 0.157730
618.000000 0.161993
619.000000 0.166402
620.000000 0.171052
621.000000 0.176131
622.000000 0.181336
623.000000 0.186702
624.000000 0.192489
625.000000 0.198413
626.000000 0.204571
627.000000 0.211174
628.000000 0.217717
629.000000 0.224353
630.000000 0.231440
631.000000 0.238508
632.000000 0.245327
633.000000 0.252409
634.000000 0.259930
635.000000 0.267323
636.000000 0.274665
637.000000 0.282170
638.000000 0.289377
639.000000 0.296420
640.000000 0.303529
641.000000 0.310500
642.000000 0.316875
643.000000 0.322857
644.000000 0.328914
645.000000 0.334515
646.000000 0.339689
647.000000 0.344765
648.000000 0.349607
649.000000 0.353957
650.000000 0.357954
651.000000 0.361772
652.000000 0.365169
653.000000 0.367954
654.000000 0.370449
655.000000 0.373114
656.000000 0.375964
657.000000 0.378767
658.000000 0.381565
659.000000 0.384565
660.000000 0.387700
661.000000 0.390891
662.000000 0.394290
663.000000 0.398184
664.000000 0.402487
665.000000 0.406933
666.000000 0.411737
667.000000 0.416917
668.000000 0.422425
669.000000 0.428410
670.000000 0.435175
671.000000 0.442982
672.000000 0.451601
673.000000 0.460990
674.000000 0.470421
675.000000 0.480426
676.000000 0.492000
677.000000 0.504693
678.000000 0.518315
679.000000 0.532170
680.000000 0.546603
681.000000 0.562363
682.000000 0.579108
683.000000 0.596747
684.000000 0.614557
685.000000 0.632681
686.000000 0.651854
687.000000 0.671749
688.000000 0.691899
689.000000 0.711934
690.000000 0.730728
691.000000 0.748723
692.000000 0.767293
693.000000 0.786124
694.000000 0.804908
695.000000 0.823257
696.000000 0.840137
697.000000 0.855711
698.000000 0.870718
699.000000 0.884574
700.000000 0.896974
701.000000 0.907645
702.000000 0.915987
703.000000 0.921787
704.000000 0.925326
705.000000 0.926617
706.000000 0.926058
707.000000 0.923986
708.000000 0.920122
709.000000 0.914197
710.000000 0.906606
711.000000 0.897087
712.000000 0.884907
713.000000 0.870617
714.000000 0.854947
715.000000 0.837992
716.000000 0.819590
717.000000 0.799804
718.000000 0.778884
719.000000 0.758046
720.000000 0.736955
721.000000 0.714631
722.000000 0.691537
723.000000 0.668152
724.000000 0.644799
725.000000 0.621496
726.000000 0.598376
727.000000 0.575145
728.000000 0.551577
729.000000 0.527916
730.000000 0.504712
731.000000 0.483623
732.000000 0.463679
733.000000 0.443290
734.000000 0.423149
735.000000 0.403479
736.000000 0.384183
737.000000 0.365467
738.000000 0.347325
739.000000 0.329625
740.000000 0.312527
741.000000 0.296055
742.000000 0.280169
743.000000 0.264725
744.000000 0.249725
745.000000 0.235360
746.000000 0.221755
747.000000 0.208759
748.000000 0.196298
749.000000 0.184405
750.000000 0.173051
751.000000 0.162219
752.000000 0.151898
753.000000 0.142122
754.000000 0.132823
755.000000 0.123970
756.000000 0.115621
757.000000 0.107690
758.000000 0.100198
759.000000 0.093169
760.000000 0.086504
761.000000 0.080229
762.000000 0.074438
763.000000 0.069102
764.000000 0.064100
765.000000 0.059309
766.000000 0.054766
767.000000 0.050530
768.000000 0.046630
769.000000 0.043149
770.000000 0.039973
771.000000 0.037055
772.000000 0.034386
773.000000 0.031951
774.000000 0.029769
775.000000 0.027776
776.000000 0.025749
777.000000 0.023797
778.000000 0.022090
779.000000 0.020565
780.000000 0.019251
781.000000 0.018082
782.000000 0.017036
783.000000 0.016125
784.000000 0.015322
785.000000 0.014550
786.000000 0.013816
787.000000 0.013220
788.000000 0.012646
789.000000 0.012110
790.000000 0.011655
791.000000 0.011262
792.000000 0.010962
793.000000 0.010666
794.000000 0.010370
795.000000 0.010095
796.000000 0.009870
797.000000 0.009681
798.000000 0.009485
799.000000 0.009321
800.000000 0.009188
801.000000 0.009065
802.000000 0.008902
803.000000 0.008736
804.000000 0.008634
805.000000 0.008546
806.000000 0.008442
807.000000 0.008279
808.000000 0.008140
809.000000 0.008058
810.000000 0.007953
811.000000 0.007831
812.000000 0.007740
813.000000 0.007643
814.000000 0.007545
815.000000 0.007479
816.000000 0.007338
817.000000 0.007163
818.000000 0.007067
819.000000 0.006939
820.000000 0.006752
821.000000 0.006568
822.000000 0.006374
823.000000 0.006202
824.000000 0.006043
825.000000 0.005903
826.000000 0.005819
827.000000 0.005720
828.000000 0.005565
829.000000 0.005391
830.000000 0.005198
831.000000 0.005019
832.000000 0.004840
833.000000 0.004667
834.000000 0.004499
835.000000 0.004350
836.000000 0.004184
837.000000 0.003980
838.000000 0.003905
839.000000 0.003771
840.000000 0.003503
841.000000 0.003294
842.000000 0.003149
843.000000 0.003020
844.000000 0.002886
845.000000 0.002763
846.000000 0.002633
847.000000 0.002510
848.000000 0.002413
849.000000 0.002359
850.000000 0.002289
851.000000 0.002159
852.000000 0.001959
853.000000 0.001800
854.000000 0.001729
855.000000 0.001625
856.000000 0.001526
857.000000 0.001458
858.000000 0.001387
859.000000 0.001315
860.000000 0.001242
861.000000 0.001150
862.000000 0.001098
863.000000 0.001105
864.000000 0.001115
865.000000 0.001060
866.000000 0.000981
867.000000 0.000902
868.000000 0.000830
869.000000 0.000775
870.000000 0.000729
871.000000 0.000658
872.000000 0.000577
873.000000 0.000555
874.000000 0.000518
875.000000 0.000499
876.000000 0.000506
877.000000 0.000516
878.000000 0.000535
879.000000 0.000504
880.000000 0.000409
881.000000 0.000346
882.000000 0.000338
883.000000 0.000316
884.000000 0.000269
885.000000 0.000203
886.000000 0.000170
887.000000 0.000161
888.000000 0.000155
889.000000 0.000149
890.000000 0.000124
891.000000 0.000106
892.000000 0.000073
893.000000 0.000029
894.000000 0.000021
895.000000 0.000013
896.000000 0.000010
897.000000 0.000021
898.000000 0.000013
899.000000 0.000014
900.000000 0.000027
