315.000000 0.088134
316.000000 0.089653
317.000000 0.090702
318.000000 0.092050
319.000000 0.093553
320.000000 0.095393
321.000000 0.097312
322.000000 0.098879
323.000000 0.100693
324.000000 0.102895
325.000000 0.105355
326.000000 0.107728
327.000000 0.109957
328.000000 0.112323
329.000000 0.114985
330.000000 0.117761
331.000000 0.120364
332.000000 0.123085
333.000000 0.125967
334.000000 0.128497
335.000000 0.131341
336.000000 0.135261
337.000000 0.139292
338.000000 0.143042
339.000000 0.146439
340.000000 0.149882
341.000000 0.153471
342.000000 0.156998
343.000000 0.160495
344.000000 0.164276
345.000000 0.167827
346.000000 0.170559
347.000000 0.173099
348.000000 0.175542
349.000000 0.177413
350.000000 0.178660
351.000000 0.179675
352.000000 0.180516
353.000000 0.180820
354.000000 0.180747
355.000000 0.180417
356.000000 0.179772
357.000000 0.179008
358.000000 0.178162
359.000000 0.177205
360.000000 0.175942
361.000000 0.174557
362.000000 0.173278
363.000000 0.171954
364.000000 0.170475
365.000000 0.168938
366.000000 0.167330
367.000000 0.165410
368.000000 0.163359
369.000000 0.161182
370.000000 0.158574
371.000000 0.155732
372.000000 0.152831
373.000000 0.149804
374.000000 0.146522
375.000000 0.142981
376.000000 0.139343
377.000000 0.135703
378.000000 0.132120
379.000000 0.128267
380.000000 0.124789
381.000000 0.122093
382.000000 0.119223
383.000000 0.116198
384.000000 0.113740
385.000000 0.111512
386.000000 0.109292
387.000000 0.107412
388.000000 0.105899
389.000000 0.104721
390.000000 0.103767
391.000000 0.102966
392.000000 0.102670
393.000000 0.102529
394.000000 0.102599
395.000000 0.103000
396.000000 0.103401
397.000000 0.103981
398.000000 0.104777
399.000000 0.105822
400.000000 0.106815
401.000000 0.107829
402.000000 0.108915
403.000000 0.109980
404.000000 0.111167
405.000000 0.112264
406.000000 0.113074
407.000000 0.113935
408.000000 0.114893
409.000000 0.115771
410.000000 0.116418
411.000000 0.117134
412.000000 0.118434
413.000000 0.119906
414.000000 0.121348
415.000000 0.123107
416.000000 0.125285
417.000000 0.127866
418.000000 0.130907
419.000000 0.134554
420.000000 0.138984
421.000000 0.144154
422.000000 0.149622
423.000000 0.155700
424.000000 0.162577
425.000000 0.169465
426.000000 0.176359
427.000000 0.182891
428.000000 0.188430
429.000000 0.193310
430.000000 0.197233
431.000000 0.199670
432.000000 0.200768
433.000000 0.200541
434.000000 0.198839
435.000000 0.195560
436.000000 0.190903
437.000000 0.185039
438.000000 0.178288
439.000000 0.171180
440.000000 0.163507
441.000000 0.155784
442.000000 0.148380
443.000000 0.140771
444.000000 0.133275
445.000000 0.126397
446.000000 0.119722
447.000000 0.113395
448.000000 0.107512
449.000000 0.102017
450.000000 0.097205
451.000000 0.092688
452.000000 0.088418
453.000000 0.084697
454.000000 0.081315
455.000000 0.078075
456.000000 0.075006
457.000000 0.072140
458.000000 0.069595
459.000000 0.067094
460.000000 0.064658
461.000000 0.062461
462.000000 0.060304
463.000000 0.058211
464.000000 0.056178
465.000000 0.054087
466.000000 0.052092
467.000000 0.050256
468.000000 0.048511
469.000000 0.046782
470.000000 0.045127
471.000000 0.043630
472.000000 0.042185
473.000000 0.040760
474.000000 0.039327
475.000000 0.037970
476.000000 0.036795
477.000000 0.035651
478.000000 0.034523
479.000000 0.033389
480.000000 0.032317
481.000000 0.031341
482.000000 0.030411
483.000000 0.029570
484.000000 0.028723
485.000000 0.027873
486.000000 0.027098
487.000000 0.026388
488.000000 0.025645
489.000000 0.024548
490.000000 0.023391
491.000000 0.022799
492.000000 0.022462
493.000000 0.022201
494.000000 0.022150
495.000000 0.021582
496.000000 0.020935
497.000000 0.020517
498.000000 0.020074
499.000000 0.019653
500.000000 0.019169
501.000000 0.018679
502.000000 0.018216
503.000000 0.018006
504.000000 0.018109
505.000000 0.018240
506.000000 0.018183
507.000000 0.018165
508.000000 0.018227
509.000000 0.018078
510.000000 0.017809
511.000000 0.018006
512.000000 0.018267
513.000000 0.018250
514.000000 0.018214
515.000000 0.018506
516.000000 0.018676
517.000000 0.018357
518.000000 0.018126
519.000000 0.018195
520.000000 0.018428
521.000000 0.018856
522.000000 0.019498
523.000000 0.019853
524.000000 0.019957
525.000000 0.020076
526.000000 0.020205
527.000000 0.020466
528.000000 0.020987
529.000000 0.021619
530.000000 0.022176
531.000000 0.023061
532.000000 0.023832
533.000000 0.024363
534.000000 0.025091
535.000000 0.025560
536.000000 0.026017
537.000000 0.026759
538.000000 0.027614
539.000000 0.028624
540.000000 0.029615
541.000000 0.030621
542.000000 0.031913
543.000000 0.033314
544.000000 0.034488
545.000000 0.035433
546.000000 0.036682
547.000000 0.038467
548.000000 0.040026
549.000000 0.041308
550.000000 0.042554
551.000000 0.043869
552.000000 0.045272
553.000000 0.046682
554.000000 0.048147
555.000000 0.049361
556.000000 0.050474
557.000000 0.051737
558.000000 0.053354
559.000000 0.055181
560.000000 0.056906
561.000000 0.058629
562.000000 0.060373
563.000000 0.062167
564.000000 0.064190
565.000000 0.066241
566.000000 0.068129
567.000000 0.070367
568.000000 0.072934
569.000000 0.075610
570.000000 0.078319
571.000000 0.081167
572.000000 0.084227
573.000000 0.087308
574.000000 0.090625
575.000000 0.094066
576.000000 0.097720
577.000000 0.101282
578.000000 0.104968
579.000000 0.108995
580.000000 0.113274
581.000000 0.117921
582.000000 0.122352
583.000000 0.126834
584.000000 0.131637
585.000000 0.136519
586.000000 0.141562
587.000000 0.146668
588.000000 0.151747
589.000000 0.156908
590.000000 0.162125
591.000000 0.167524
592.000000 0.172658
593.000000 0.177488
594.000000 0.182321
595.000000 0.187361
596.000000 0.192666
597.000000 0.197796
598.000000 0.202981
599.000000 0.208415
600.000000 0.213851
601.000000 0.219325
602.000000 0.224931
603.000000 0.230649
604.000000 0.236625
605.000000 0.242613
606.000000 0.248780
607.000000 0.255415
608.000000 0.262092
609.000000 0.268993
610.000000 0.276421
611.000000 0.283995
612.000000 0.291949
613.000000 0.300289
614.000000 0.309067
615.000000 0.318645
616.000000 0.328310
617.000000 0.338437
618.000000 0.349630
619.000000 0.361130
620.000000 0.373211
621.000000 0.386391
622.000000 0.399859
623.000000 0.413738
624.000000 0.428706
625.000000 0.444079
626.000000 0.460054
627.000000 0.477265
628.000000 0.494499
629.000000 0.511904
630.000000 0.530345
631.000000 0.549415
632.000000 0.568273
633.000000 0.587470
634.000000 0.607869
635.000000 0.627966
636.000000 0.647875
637.000000 0.668379
638.000000 0.688226
639.000000 0.707517
640.000000 0.727000
641.000000 0.746164
642.000000 0.763897
643.000000 0.780593
644.000000 0.797409
645.000000 0.813119
646.000000 0.827780
647.000000 0.842048
648.000000 0.855515
649.000000 0.867721
650.000000 0.878942
651.000000 0.889634
652.000000 0.899454
653.000000 0.907964
654.000000 0.915588
655.000000 0.923212
656.000000 0.930763
657.000000 0.937815
658.000000 0.944698
659.000000 0.951952
660.000000 0.959437
661.000000 0.966866
662.000000 0.974654
663.000000 0.983433
664.000000 0.993155
665.000000 1.003380
666.000000 1.014288
667.000000 1.026448
668.000000 1.039928
669.000000 1.054435
670.000000 1.070412
671.000000 1.088626
672.000000 1.108739
673.000000 1.130686
674.000000 1.153185
675.000000 1.177412
676.000000 1.205325
677.000000 1.235944
678.000000 1.268923
679.000000 1.302781
680.000000 1.338072
681.000000 1.376734
682.000000 1.418181
683.000000 1.462052
684.000000 1.507116
685.000000 1.553448
686.000000 1.602760
687.000000 1.654411
688.000000 1.707059
689.000000 1.759500
690.000000 1.810684
691.000000 1.862286
692.000000 1.915997
693.000000 1.969960
694.000000 2.022585
695.000000 2.074394
696.000000 2.123012
697.000000 2.168134
698.000000 2.212595
699.000000 2.254607
700.000000 2.293906
701.000000 2.328550
702.000000 2.356987
703.000000 2.379576
704.000000 2.397348
705.000000 2.410881
706.000000 2.419089
707.000000 2.421746
708.000000 2.418567
709.000000 2.409840
710.000000 2.396994
711.000000 2.377215
712.000000 2.351511
713.000000 2.319972
714.000000 2.283296
715.000000 2.242346
716.000000 2.195687
717.000000 2.145526
718.000000 2.092261
719.000000 2.038787
720.000000 1.983469
721.000000 1.924665
722.000000 1.863909
723.000000 1.801912
724.000000 1.739174
725.000000 1.676000
726.000000 1.613090
727.000000 1.550664
728.000000 1.488644
729.000000 1.427584
730.000000 1.367899
731.000000 1.312859
732.000000 1.259713
733.000000 1.205297
734.000000 1.151313
735.000000 1.098337
736.000000 1.046593
737.000000 0.996500
738.000000 0.947824
739.000000 0.900175
740.000000 0.853906
741.000000 0.809365
742.000000 0.766672
743.000000 0.725591
744.000000 0.685992
745.000000 0.647686
746.000000 0.610720
747.000000 0.575120
748.000000 0.540938
749.000000 0.508094
750.000000 0.476697
751.000000 0.446856
752.000000 0.418331
753.000000 0.390954
754.000000 0.364899
755.000000 0.340186
756.000000 0.316787
757.000000 0.294680
758.000000 0.273780
759.000000 0.253899
760.000000 0.234945
761.000000 0.217086
762.000000 0.200383
763.000000 0.184747
764.000000 0.170059
765.000000 0.156219
766.000000 0.143283
767.000000 0.131377
768.000000 0.120509
769.000000 0.110503
770.000000 0.101164
771.000000 0.092547
772.000000 0.084638
773.000000 0.077401
774.000000 0.070738
775.000000 0.064652
776.000000 0.058682
777.000000 0.052963
778.000000 0.047999
779.000000 0.043571
780.000000 0.039567
781.000000 0.035980
782.000000 0.032790
783.000000 0.029847
784.000000 0.027138
785.000000 0.024670
786.000000 0.022389
787.000000 0.020339
788.000000 0.018431
789.000000 0.016662
790.000000 0.015113
791.000000 0.013733
792.000000 0.012476
793.000000 0.011298
794.000000 0.010247
795.000000 0.009350
796.000000 0.008531
797.000000 0.007742
798.000000 0.007018
799.000000 0.006418
800.000000 0.005861
801.000000 0.005278
802.000000 0.004778
803.000000 0.004386
804.000000 0.004007
805.000000 0.003642
806.000000 0.003350
807.000000 0.003060
808.000000 0.002779
809.000000 0.002537
810.000000 0.002314
811.000000 0.002118
812.000000 0.001933
813.000000 0.001777
814.000000 0.001628
815.000000 0.001477
816.000000 0.001272
817.000000 0.001083
818.000000 0.000978
819.000000 0.000895
820.000000 0.000816
821.000000 0.000698
822.000000 0.000560
823.000000 0.000456
824.000000 0.000376
825.000000 0.000341
826.000000 0.000360
827.000000 0.000346
828.000000 0.000333
829.000000 0.000314
830.000000 0.000266
831.000000 0.000213
832.000000 0.000114
833.000000 0.000031
834.000000 -0.000049
835.000000 -0.000116
836.000000 -0.000173
837.000000 -0.000215
838.000000 -0.000221
839.000000 -0.000226
840.000000 -0.000265
841.000000 -0.000334
842.000000 -0.000353
843.000000 -0.000404
844.000000 -0.000435
845.000000 -0.000409
846.000000 -0.000416
847.000000 -0.000447
848.000000 -0.000474
849.000000 -0.000467
850.000000 -0.000459
851.000000 -0.000486
852.000000 -0.000557
853.000000 -0.000592
854.000000 -0.000588
855.000000 -0.000600
856.000000 -0.000587
857.000000 -0.000587
858.000000 -0.000613
859.000000 -0.000618
860.000000 -0.000595
861.000000 -0.000616
862.000000 -0.000648
863.000000 -0.000646
864.000000 -0.000643
865.000000 -0.000616
866.000000 -0.000592
867.000000 -0.000589
868.000000 -0.000603
869.000000 -0.000621
870.000000 -0.000617
871.000000 -0.000664
872.000000 -0.000698
873.000000 -0.000686
874.000000 -0.000700
875.000000 -0.000698
876.000000 -0.000702
877.000000 -0.000717
878.000000 -0.000702
879.000000 -0.000693
880.000000 -0.000729
881.000000 -0.000741
882.000000 -0.000741
883.000000 -0.000757
884.000000 -0.000786
885.000000 -0.000859
886.000000 -0.000879
887.000000 -0.000859
888.000000 -0.000865
889.000000 -0.000861
890.000000 -0.000894
891.000000 -0.000932
892.000000 -0.000943
893.000000 -0.000954
894.000000 -0.000939
895.000000 -0.000932
896.000000 -0.000935
897.000000 -0.000924
898.000000 -0.000917
899.000000 -0.000901
900.000000 -0.000881
