315.000000 0.187793
316.000000 0.188817
317.000000 0.190535
318.000000 0.192369
319.000000 0.194230
320.000000 0.196357
321.000000 0.198481
322.000000 0.200257
323.000000 0.201401
324.000000 0.203170
325.000000 0.205506
326.000000 0.207551
327.000000 0.209301
328.000000 0.210642
329.000000 0.212244
330.000000 0.214028
331.000000 0.215337
332.000000 0.216766
333.000000 0.218320
334.000000 0.219659
335.000000 0.220840
336.000000 0.222566
337.000000 0.223990
338.000000 0.224640
339.000000 0.225518
340.000000 0.226631
341.000000 0.227699
342.000000 0.228622
343.000000 0.229240
344.000000 0.229527
345.000000 0.229422
346.000000 0.229077
347.000000 0.228757
348.000000 0.228163
349.000000 0.227317
350.000000 0.226334
351.000000 0.225233
352.000000 0.223621
353.000000 0.221707
354.000000 0.220149
355.000000 0.218685
356.000000 0.217050
357.000000 0.215514
358.000000 0.214338
359.000000 0.213147
360.000000 0.211762
361.000000 0.210506
362.000000 0.209433
363.000000 0.208451
364.000000 0.207445
365.000000 0.206406
366.000000 0.205373
367.000000 0.204466
368.000000 0.203778
369.000000 0.202995
370.000000 0.201808
371.000000 0.201037
372.000000 0.200459
373.000000 0.199653
374.000000 0.199087
375.000000 0.198115
376.000000 0.196959
377.000000 0.196271
378.000000 0.195780
379.000000 0.194859
380.000000 0.194491
381.000000 0.195028
382.000000 0.195243
383.000000 0.195148
384.000000 0.195226
385.000000 0.195579
386.000000 0.196126
387.000000 0.196904
388.000000 0.197661
389.000000 0.198657
390.000000 0.199740
391.000000 0.200586
392.000000 0.201663
393.000000 0.202703
394.000000 0.203848
395.000000 0.205137
396.000000 0.206304
397.000000 0.207739
398.000000 0.209727
399.000000 0.211751
400.000000 0.213403
401.000000 0.215126
402.000000 0.216946
403.000000 0.218516
404.000000 0.220041
405.000000 0.221639
406.000000 0.223278
407.000000 0.224870
408.000000 0.226283
409.000000 0.227659
410.000000 0.229223
411.000000 0.230765
412.000000 0.232023
413.000000 0.233205
414.000000 0.234622
415.000000 0.236186
416.000000 0.237759
417.000000 0.239355
418.000000 0.241000
419.000000 0.242705
420.000000 0.244511
421.000000 0.246413
422.000000 0.248195
423.000000 0.250066
424.000000 0.251945
425.000000 0.253418
426.000000 0.254247
427.000000 0.254485
428.000000 0.254256
429.000000 0.253469
430.000000 0.252059
431.000000 0.250025
432.000000 0.247301
433.000000 0.244273
434.000000 0.241094
435.000000 0.237301
436.000000 0.232974
437.000000 0.228232
438.000000 0.223220
439.000000 0.218431
440.000000 0.213680
441.000000 0.209059
442.000000 0.204646
443.000000 0.200047
444.000000 0.195392
445.000000 0.190978
446.000000 0.186552
447.000000 0.182151
448.000000 0.177826
449.000000 0.173636
450.000000 0.169862
451.000000 0.166138
452.000000 0.162445
453.000000 0.159097
454.000000 0.155940
455.000000 0.152882
456.000000 0.149955
457.000000 0.147217
458.000000 0.144771
459.000000 0.142412
460.000000 0.140133
461.000000 0.138136
462.000000 0.136359
463.000000 0.134688
464.000000 0.133112
465.000000 0.131598
466.000000 0.130271
467.000000 0.129075
468.000000 0.127930
469.000000 0.126936
470.000000 0.126075
471.000000 0.125293
472.000000 0.124675
473.000000 0.124230
474.000000 0.123782
475.000000 0.123355
476.000000 0.123025
477.000000 0.122776
478.000000 0.122642
479.000000 0.122623
480.000000 0.122720
481.000000 0.122919
482.000000 0.123173
483.000000 0.123528
484.000000 0.124075
485.000000 0.124711
486.000000 0.125345
487.000000 0.126215
488.000000 0.127295
489.000000 0.128065
490.000000 0.129011
491.000000 0.130494
492.000000 0.132221
493.000000 0.134265
494.000000 0.136336
495.000000 0.137956
496.000000 0.139771
497.000000 0.141934
498.000000 0.144393
499.000000 0.147139
500.000000 0.150018
501.000000 0.152876
502.000000 0.155890
503.000000 0.159545
504.000000 0.163382
505.000000 0.167033
506.000000 0.170744
507.000000 0.174519
508.000000 0.177759
509.000000 0.181231
510.000000 0.184836
511.000000 0.188125
512.000000 0.191234
513.000000 0.194227
514.000000 0.197200
515.000000 0.200125
516.000000 0.202773
517.000000 0.204730
518.000000 0.206376
519.000000 0.208002
520.000000 0.209896
521.000000 0.211976
522.000000 0.213767
523.000000 0.215036
524.000000 0.216162
525.000000 0.217491
526.000000 0.218713
527.000000 0.219856
528.000000 0.221408
529.000000 0.223472
530.000000 0.225705
531.000000 0.228152
532.000000 0.230891
533.000000 0.234145
534.000000 0.238002
535.000000 0.242210
536.000000 0.246836
537.000000 0.251971
538.000000 0.257674
539.000000 0.263915
540.000000 0.270693
541.000000 0.278295
542.000000 0.286143
543.000000 0.294071
544.000000 0.302347
545.000000 0.310117
546.000000 0.317206
547.000000 0.323825
548.000000 0.329362
549.000000 0.333768
550.000000 0.336997
551.000000 0.338905
552.000000 0.339710
553.000000 0.338991
554.000000 0.337048
555.000000 0.333852
556.000000 0.329325
557.000000 0.323631
558.000000 0.316762
559.000000 0.308962
560.000000 0.299964
561.000000 0.290204
562.000000 0.279607
563.000000 0.268451
564.000000 0.257026
565.000000 0.245552
566.000000 0.234086
567.000000 0.222382
568.000000 0.211182
569.000000 0.200221
570.000000 0.189841
571.000000 0.180055
572.000000 0.170686
573.000000 0.161753
574.000000 0.153235
575.000000 0.146028
576.000000 0.139687
577.000000 0.133624
578.000000 0.128177
579.000000 0.123387
580.000000 0.119085
581.000000 0.115140
582.000000 0.111609
583.000000 0.108471
584.000000 0.105903
585.000000 0.103776
586.000000 0.101803
587.000000 0.100177
588.000000 0.098804
589.000000 0.097673
590.000000 0.096722
591.000000 0.095973
592.000000 0.095330
593.000000 0.094559
594.000000 0.093993
595.000000 0.093615
596.000000 0.093128
597.000000 0.092789
598.000000 0.092725
599.000000 0.092818
600.000000 0.092977
601.000000 0.093208
602.000000 0.093506
603.000000 0.093870
604.000000 0.094336
605.000000 0.094919
606.000000 0.095684
607.000000 0.096539
608.000000 0.097459
609.000000 0.098496
610.000000 0.099611
611.000000 0.100869
612.000000 0.102380
613.000000 0.103989
614.000000 0.105663
615.000000 0.107495
616.000000 0.109379
617.000000 0.111430
618.000000 0.113750
619.000000 0.116243
620.000000 0.118909
621.000000 0.121767
622.000000 0.124730
623.000000 0.127840
624.000000 0.131235
625.000000 0.134767
626.000000 0.138463
627.000000 0.142380
628.000000 0.146255
629.000000 0.150177
630.000000 0.154387
631.000000 0.158669
632.000000 0.162665
633.000000 0.166569
634.000000 0.170659
635.000000 0.174643
636.000000 0.178623
637.000000 0.182810
638.000000 0.186841
639.000000 0.190767
640.000000 0.194703
641.000000 0.198480
642.000000 0.201925
643.000000 0.205147
644.000000 0.208355
645.000000 0.211369
646.000000 0.214170
647.000000 0.216793
648.000000 0.219305
649.000000 0.221632
650.000000 0.223799
651.000000 0.225913
652.000000 0.227913
653.000000 0.229708
654.000000 0.231331
655.000000 0.232942
656.000000 0.234453
657.000000 0.235959
658.000000 0.237733
659.000000 0.239696
660.000000 0.241739
661.000000 0.243843
662.000000 0.246086
663.000000 0.248660
664.000000 0.251503
665.000000 0.254535
666.000000 0.257890
667.000000 0.261686
668.000000 0.265879
669.000000 0.270094
670.000000 0.274339
671.000000 0.278985
672.000000 0.284217
673.000000 0.290197
674.000000 0.296440
675.000000 0.303160
676.000000 0.310827
677.000000 0.319080
678.000000 0.327783
679.000000 0.336555
680.000000 0.345654
681.000000 0.355593
682.000000 0.366136
683.000000 0.377076
684.000000 0.387919
685.000000 0.398843
686.000000 0.410310
687.000000 0.422108
688.000000 0.433989
689.000000 0.445734
690.000000 0.456966
691.000000 0.467922
692.000000 0.478895
693.000000 0.489239
694.000000 0.498690
695.000000 0.507661
696.000000 0.515979
697.000000 0.523576
698.000000 0.530708
699.000000 0.537023
700.000000 0.542334
701.000000 0.546571
702.000000 0.549652
703.000000 0.551560
704.000000 0.552342
705.000000 0.551937
706.000000 0.550301
707.000000 0.547446
708.000000 0.543051
709.000000 0.537127
710.000000 0.530388
711.000000 0.522927
712.000000 0.514535
713.000000 0.505199
714.000000 0.494992
715.000000 0.484038
716.000000 0.472267
717.000000 0.459825
718.000000 0.446946
719.000000 0.434215
720.000000 0.421348
721.000000 0.407840
722.000000 0.393948
723.000000 0.379936
724.000000 0.366048
725.000000 0.352303
726.000000 0.338810
727.000000 0.325478
728.000000 0.312127
729.000000 0.298787
730.000000 0.285413
731.000000 0.273018
732.000000 0.261342
733.000000 0.249434
734.000000 0.237759
735.000000 0.226392
736.000000 0.215231
737.000000 0.204417
738.000000 0.193930
739.000000 0.183756
740.000000 0.173980
741.000000 0.164561
742.000000 0.155583
743.000000 0.146986
744.000000 0.138621
745.000000 0.130475
746.000000 0.122673
747.000000 0.115255
748.000000 0.108236
749.000000 0.101598
750.000000 0.095321
751.000000 0.089381
752.000000 0.083666
753.000000 0.078249
754.000000 0.073182
755.000000 0.068430
756.000000 0.063963
757.000000 0.059739
758.000000 0.055754
759.000000 0.052004
760.000000 0.048488
761.000000 0.045200
762.000000 0.042127
763.000000 0.039300
764.000000 0.036674
765.000000 0.034177
766.000000 0.031867
767.000000 0.029696
768.000000 0.027687
769.000000 0.025932
770.000000 0.024300
771.000000 0.022763
772.000000 0.021391
773.000000 0.020186
774.000000 0.019126
775.000000 0.018169
776.000000 0.017180
777.000000 0.016225
778.000000 0.015402
779.000000 0.014652
780.000000 0.014004
781.000000 0.013474
782.000000 0.013038
783.000000 0.012635
784.000000 0.012262
785.000000 0.011922
786.000000 0.011608
787.000000 0.011362
788.000000 0.011138
789.000000 0.010933
790.000000 0.010763
791.000000 0.010609
792.000000 0.010492
793.000000 0.010362
794.000000 0.010233
795.000000 0.010154
796.000000 0.010107
797.000000 0.010036
798.000000 0.009969
799.000000 0.009984
800.000000 0.009987
801.000000 0.009976
802.000000 0.009945
803.000000 0.009918
804.000000 0.009915
805.000000 0.009852
806.000000 0.009757
807.000000 0.009616
808.000000 0.009515
809.000000 0.009496
810.000000 0.009443
811.000000 0.009354
812.000000 0.009333
813.000000 0.009300
814.000000 0.009217
815.000000 0.009146
816.000000 0.008961
817.000000 0.008743
818.000000 0.008590
819.000000 0.008433
820.000000 0.008261
821.000000 0.008069
822.000000 0.007864
823.000000 0.007688
824.000000 0.007535
825.000000 0.007410
826.000000 0.007310
827.000000 0.007179
828.000000 0.007005
829.000000 0.006785
830.000000 0.006571
831.000000 0.006348
832.000000 0.006110
833.000000 0.005913
834.000000 0.005724
835.000000 0.005546
836.000000 0.005399
837.000000 0.005240
838.000000 0.005075
839.000000 0.004906
840.000000 0.004706
841.000000 0.004492
842.000000 0.004284
843.000000 0.004092
844.000000 0.003892
845.000000 0.003682
846.000000 0.003509
847.000000 0.003338
848.000000 0.003155
849.000000 0.003058
850.000000 0.003021
851.000000 0.002897
852.000000 0.002711
853.000000 0.002585
854.000000 0.002463
855.000000 0.002314
856.000000 0.002208
857.000000 0.002111
858.000000 0.002032
859.000000 0.001977
860.000000 0.001932
861.000000 0.001851
862.000000 0.001732
863.000000 0.001630
864.000000 0.001585
865.000000 0.001563
866.000000 0.001518
867.000000 0.001432
868.000000 0.001352
869.000000 0.001293
870.000000 0.001215
871.000000 0.001132
872.000000 0.001055
873.000000 0.001004
874.000000 0.000966
875.000000 0.000937
876.000000 0.000899
877.000000 0.000853
878.000000 0.000821
879.000000 0.000790
880.000000 0.000726
881.000000 0.000694
882.000000 0.000661
883.000000 0.000585
884.000000 0.000510
885.000000 0.000430
886.000000 0.000413
887.000000 0.000411
888.000000 0.000373
889.000000 0.000345
890.000000 0.000334
891.000000 0.000358
892.000000 0.000351
893.000000 0.000303
894.000000 0.000287
895.000000 0.000270
896.000000 0.000253
897.000000 0.000245
898.000000 0.000211
899.000000 0.000214
900.000000 0.000250
