315.000000 0.194247
316.000000 0.195342
317.000000 0.196578
318.000000 0.198688
319.000000 0.200849
320.000000 0.202635
321.000000 0.204131
322.000000 0.205502
323.000000 0.207064
324.000000 0.208739
325.000000 0.210823
326.000000 0.212711
327.000000 0.214373
328.000000 0.216478
329.000000 0.218541
330.000000 0.219971
331.000000 0.221104
332.000000 0.222618
333.000000 0.224116
334.000000 0.225587
335.000000 0.227036
336.000000 0.228705
337.000000 0.230026
338.000000 0.230774
339.000000 0.231481
340.000000 0.232241
341.000000 0.232880
342.000000 0.233260
343.000000 0.233690
344.000000 0.233894
345.000000 0.233606
346.000000 0.233296
347.000000 0.233153
348.000000 0.232601
349.000000 0.231568
350.000000 0.230425
351.000000 0.229314
352.000000 0.227996
353.000000 0.226231
354.000000 0.224664
355.000000 0.223205
356.000000 0.221533
357.000000 0.219992
358.000000 0.218640
359.000000 0.217331
360.000000 0.215900
361.000000 0.214641
362.000000 0.213612
363.000000 0.212539
364.000000 0.211347
365.000000 0.210266
366.000000 0.209465
367.000000 0.208678
368.000000 0.207929
369.000000 0.207100
370.000000 0.206060
371.000000 0.205090
372.000000 0.204044
373.000000 0.203172
374.000000 0.202849
375.000000 0.202497
376.000000 0.202010
377.000000 0.201804
378.000000 0.201276
379.000000 0.200234
380.000000 0.200019
381.000000 0.200549
382.000000 0.200425
383.000000 0.199941
384.000000 0.200170
385.000000 0.200543
386.000000 0.200738
387.000000 0.201343
388.000000 0.202257
389.000000 0.203381
390.000000 0.204355
391.000000 0.205180
392.000000 0.206322
393.000000 0.207613
394.000000 0.208933
395.000000 0.210210
396.000000 0.211302
397.000000 0.212600
398.000000 0.214319
399.000000 0.216020
400.000000 0.217710
401.000000 0.219403
402.000000 0.220943
403.000000 0.222491
404.000000 0.224005
405.000000 0.225680
406.000000 0.227437
407.000000 0.228925
408.000000 0.230283
409.000000 0.231614
410.000000 0.232771
411.000000 0.233918
412.000000 0.235318
413.000000 0.236717
414.000000 0.238003
415.000000 0.239340
416.000000 0.240758
417.000000 0.242244
418.000000 0.243766
419.000000 0.245309
420.000000 0.246964
421.000000 0.248732
422.000000 0.250296
423.000000 0.251620
424.000000 0.253010
425.000000 0.254140
426.000000 0.254773
427.000000 0.254849
428.000000 0.254406
429.000000 0.253568
430.000000 0.252064
431.000000 0.249995
432.000000 0.247463
433.000000 0.244459
434.000000 0.241176
435.000000 0.237498
436.000000 0.233399
437.000000 0.228983
438.000000 0.224421
439.000000 0.219935
440.000000 0.215334
441.000000 0.210817
442.000000 0.206530
443.000000 0.202098
444.000000 0.197563
445.000000 0.193194
446.000000 0.188710
447.000000 0.184305
448.000000 0.180044
449.000000 0.175805
450.000000 0.171905
451.000000 0.168040
452.000000 0.164118
453.000000 0.160530
454.000000 0.157140
455.000000 0.153855
456.000000 0.150695
457.000000 0.147754
458.000000 0.145198
459.000000 0.142773
460.000000 0.140380
461.000000 0.138204
462.000000 0.136195
463.000000 0.134310
464.000000 0.132444
465.000000 0.130563
466.000000 0.128988
467.000000 0.127611
468.000000 0.126328
469.000000 0.125155
470.000000 0.124069
471.000000 0.123184
472.000000 0.122392
473.000000 0.121607
474.000000 0.120902
475.000000 0.120350
476.000000 0.119926
477.000000 0.119589
478.000000 0.119383
479.000000 0.119241
480.000000 0.119228
481.000000 0.119343
482.000000 0.119507
483.000000 0.119798
484.000000 0.120195
485.000000 0.120660
486.000000 0.121278
487.000000 0.122033
488.000000 0.122828
489.000000 0.123672
490.000000 0.124716
491.000000 0.126137
492.000000 0.127702
493.000000 0.129380
494.000000 0.131382
495.000000 0.133190
496.000000 0.135185
497.000000 0.137248
498.000000 0.139377
499.000000 0.142116
500.000000 0.145175
501.000000 0.147988
502.000000 0.150642
503.000000 0.153811
504.000000 0.157425
505.000000 0.161113
506.000000 0.164513
507.000000 0.167696
508.000000 0.170551
509.000000 0.173649
510.000000 0.176977
511.000000 0.180347
512.000000 0.183505
513.000000 0.186459
514.000000 0.189483
515.000000 0.192199
516.000000 0.194400
517.000000 0.196225
518.000000 0.197753
519.000000 0.199109
520.000000 0.200791
521.000000 0.202424
522.000000 0.203882
523.000000 0.204942
524.000000 0.205834
525.000000 0.207128
526.000000 0.208511
527.000000 0.209691
528.000000 0.210699
529.000000 0.212045
530.000000 0.214158
531.000000 0.216837
532.000000 0.219672
533.000000 0.222778
534.000000 0.226487
535.000000 0.230678
536.000000 0.235381
537.000000 0.240339
538.000000 0.245573
539.000000 0.251433
540.000000 0.257958
541.000000 0.265079
542.000000 0.272280
543.000000 0.279605
544.000000 0.286950
545.000000 0.293711
546.000000 0.300249
547.000000 0.306414
548.000000 0.311634
549.000000 0.316118
550.000000 0.319466
551.000000 0.321426
552.000000 0.322138
553.000000 0.321743
554.000000 0.320358
555.000000 0.317408
556.000000 0.313321
557.000000 0.308062
558.000000 0.301226
559.000000 0.293637
560.000000 0.285053
561.000000 0.275699
562.000000 0.265678
563.000000 0.255168
564.000000 0.244551
565.000000 0.233965
566.000000 0.223287
567.000000 0.212257
568.000000 0.201629
569.000000 0.191357
570.000000 0.181603
571.000000 0.172273
572.000000 0.163345
573.000000 0.155037
574.000000 0.147153
575.000000 0.140387
576.000000 0.134292
577.000000 0.128263
578.000000 0.122996
579.000000 0.118512
580.000000 0.114455
581.000000 0.110564
582.000000 0.107068
583.000000 0.104221
584.000000 0.101884
585.000000 0.099835
586.000000 0.097843
587.000000 0.096122
588.000000 0.094696
589.000000 0.093641
590.000000 0.092670
591.000000 0.091765
592.000000 0.091094
593.000000 0.090352
594.000000 0.089785
595.000000 0.089483
596.000000 0.089078
597.000000 0.088797
598.000000 0.088825
599.000000 0.088980
600.000000 0.089229
601.000000 0.089474
602.000000 0.089768
603.000000 0.090133
604.000000 0.090591
605.000000 0.091199
606.000000 0.091940
607.000000 0.092735
608.000000 0.093563
609.000000 0.094557
610.000000 0.095677
611.000000 0.096858
612.000000 0.098267
613.000000 0.099845
614.000000 0.101469
615.000000 0.103284
616.000000 0.105251
617.000000 0.107384
618.000000 0.109756
619.000000 0.112214
620.000000 0.114811
621.000000 0.117706
622.000000 0.120713
623.000000 0.123768
624.000000 0.127105
625.000000 0.130540
626.000000 0.134025
627.000000 0.137690
628.000000 0.141261
629.000000 0.144859
630.000000 0.148782
631.000000 0.152873
632.000000 0.156852
633.000000 0.160844
634.000000 0.164997
635.000000 0.169028
636.000000 0.173001
637.000000 0.177053
638.000000 0.180928
639.000000 0.184687
640.000000 0.188440
641.000000 0.192032
642.000000 0.195256
643.000000 0.198173
644.000000 0.201128
645.000000 0.203957
646.000000 0.206543
647.000000 0.208998
648.000000 0.211368
649.000000 0.213499
650.000000 0.215556
651.000000 0.217598
652.000000 0.219484
653.000000 0.221237
654.000000 0.222827
655.000000 0.224458
656.000000 0.226151
657.000000 0.227795
658.000000 0.229476
659.000000 0.231349
660.000000 0.233381
661.000000 0.235454
662.000000 0.237671
663.000000 0.240114
664.000000 0.242737
665.000000 0.245578
666.000000 0.248641
667.000000 0.252108
668.000000 0.256113
669.000000 0.260374
670.000000 0.264960
671.000000 0.270098
672.000000 0.275753
673.000000 0.281928
674.000000 0.288163
675.000000 0.294803
676.000000 0.302334
677.000000 0.310416
678.000000 0.318924
679.000000 0.327372
680.000000 0.336064
681.000000 0.345660
682.000000 0.355881
683.000000 0.366494
684.000000 0.377051
685.000000 0.387640
686.000000 0.398579
687.000000 0.409725
688.000000 0.420960
689.000000 0.432114
690.000000 0.442845
691.000000 0.453332
692.000000 0.463806
693.000000 0.473823
694.000000 0.483403
695.000000 0.492476
696.000000 0.500485
697.000000 0.507609
698.000000 0.514147
699.000000 0.519804
700.000000 0.524388
701.000000 0.527759
702.000000 0.529751
703.000000 0.530339
704.000000 0.529968
705.000000 0.528801
706.000000 0.526585
707.000000 0.523306
708.000000 0.518941
709.000000 0.513425
710.000000 0.507166
711.000000 0.500008
712.000000 0.491612
713.000000 0.482320
714.000000 0.472235
715.000000 0.461357
716.000000 0.449686
717.000000 0.437376
718.000000 0.424732
719.000000 0.412421
720.000000 0.400074
721.000000 0.387044
722.000000 0.373715
723.000000 0.360257
724.000000 0.346774
725.000000 0.333450
726.000000 0.320427
727.000000 0.307550
728.000000 0.294716
729.000000 0.282055
730.000000 0.269596
731.000000 0.258097
732.000000 0.247133
733.000000 0.235899
734.000000 0.224865
735.000000 0.214045
736.000000 0.203384
737.000000 0.193048
738.000000 0.182995
739.000000 0.173118
740.000000 0.163488
741.000000 0.154307
742.000000 0.145694
743.000000 0.137543
744.000000 0.129735
745.000000 0.122179
746.000000 0.114949
747.000000 0.108025
748.000000 0.101416
749.000000 0.095195
750.000000 0.089285
751.000000 0.083659
752.000000 0.078306
753.000000 0.073240
754.000000 0.068453
755.000000 0.063947
756.000000 0.059743
757.000000 0.055765
758.000000 0.051988
759.000000 0.048465
760.000000 0.045192
761.000000 0.042125
762.000000 0.039247
763.000000 0.036578
764.000000 0.034129
765.000000 0.031885
766.000000 0.029760
767.000000 0.027725
768.000000 0.025851
769.000000 0.024150
770.000000 0.022612
771.000000 0.021231
772.000000 0.019999
773.000000 0.018861
774.000000 0.017828
775.000000 0.016965
776.000000 0.016076
777.000000 0.015166
778.000000 0.014361
779.000000 0.013635
780.000000 0.013041
781.000000 0.012579
782.000000 0.012218
783.000000 0.011841
784.000000 0.011448
785.000000 0.011117
786.000000 0.010832
787.000000 0.010582
788.000000 0.010357
789.000000 0.010177
790.000000 0.009996
791.000000 0.009836
792.000000 0.009733
793.000000 0.009634
794.000000 0.009551
795.000000 0.009492
796.000000 0.009456
797.000000 0.009442
798.000000 0.009399
799.000000 0.009364
800.000000 0.009338
801.000000 0.009252
802.000000 0.009147
803.000000 0.009121
804.000000 0.009126
805.000000 0.009075
806.000000 0.009038
807.000000 0.008979
808.000000 0.008897
809.000000 0.008845
810.000000 0.008794
811.000000 0.008742
812.000000 0.008695
813.000000 0.008684
814.000000 0.008655
815.000000 0.008586
816.000000 0.008452
817.000000 0.008277
818.000000 0.008129
819.000000 0.007971
820.000000 0.007791
821.000000 0.007625
822.000000 0.007456
823.000000 0.007308
824.000000 0.007184
825.000000 0.007068
826.000000 0.006967
827.000000 0.006859
828.000000 0.006712
829.000000 0.006525
830.000000 0.006330
831.000000 0.006118
832.000000 0.005900
833.000000 0.005713
834.000000 0.005511
835.000000 0.005330
836.000000 0.005163
837.000000 0.004941
838.000000 0.004739
839.000000 0.004580
840.000000 0.004395
841.000000 0.004161
842.000000 0.003973
843.000000 0.003814
844.000000 0.003655
845.000000 0.003536
846.000000 0.003405
847.000000 0.003269
848.000000 0.003134
849.000000 0.003003
850.000000 0.002889
851.000000 0.002768
852.000000 0.002609
853.000000 0.002479
854.000000 0.002368
855.000000 0.002242
856.000000 0.002158
857.000000 0.002065
858.000000 0.001949
859.000000 0.001840
860.000000 0.001771
861.000000 0.001690
862.000000 0.001584
863.000000 0.001524
864.000000 0.001513
865.000000 0.001448
866.000000 0.001370
867.000000 0.001297
868.000000 0.001211
869.000000 0.001156
870.000000 0.001140
871.000000 0.001082
872.000000 0.001003
873.000000 0.000963
874.000000 0.000916
875.000000 0.000880
876.000000 0.000824
877.000000 0.000808
878.000000 0.000819
879.000000 0.000769
880.000000 0.000673
881.000000 0.000609
882.000000 0.000564
883.000000 0.000504
884.000000 0.000445
885.000000 0.000383
886.000000 0.000377
887.000000 0.000366
888.000000 0.000324
889.000000 0.000304
890.000000 0.000308
891.000000 0.000328
892.000000 0.000304
893.000000 0.000257
894.000000 0.000239
895.000000 0.000207
896.000000 0.000188
897.000000 0.000193
898.000000 0.000180
899.000000 0.000180
900.000000 0.000189
