315.000000 0.196861
316.000000 0.197934
317.000000 0.199893
318.000000 0.202051
319.000000 0.204170
320.000000 0.206514
321.000000 0.208377
322.000000 0.209779
323.000000 0.211596
324.000000 0.213964
325.000000 0.216372
326.000000 0.218110
327.000000 0.220083
328.000000 0.222009
329.000000 0.223742
330.000000 0.225492
331.000000 0.226692
332.000000 0.227849
333.000000 0.229200
334.000000 0.230216
335.000000 0.230987
336.000000 0.232422
337.000000 0.233925
338.000000 0.234879
339.000000 0.235300
340.000000 0.235682
341.000000 0.236226
342.000000 0.236704
343.000000 0.237420
344.000000 0.237917
345.000000 0.237664
346.000000 0.237177
347.000000 0.236765
348.000000 0.236052
349.000000 0.235008
350.000000 0.233806
351.000000 0.232456
352.000000 0.230868
353.000000 0.229195
354.000000 0.227640
355.000000 0.226243
356.000000 0.224812
357.000000 0.223366
358.000000 0.222237
359.000000 0.220943
360.000000 0.219298
361.000000 0.217962
362.000000 0.216892
363.000000 0.215755
364.000000 0.214602
365.000000 0.213584
366.000000 0.212674
367.000000 0.211824
368.000000 0.211074
369.000000 0.210211
370.000000 0.209069
371.000000 0.208159
372.000000 0.207471
373.000000 0.206537
374.000000 0.205783
375.000000 0.205031
376.000000 0.203926
377.000000 0.203342
378.000000 0.203288
379.000000 0.202647
380.000000 0.202255
381.000000 0.202763
382.000000 0.202969
383.000000 0.202775
384.000000 0.203100
385.000000 0.203737
386.000000 0.204191
387.000000 0.204899
388.000000 0.205673
389.000000 0.206361
390.000000 0.207095
391.000000 0.207998
392.000000 0.209298
393.000000 0.210568
394.000000 0.211715
395.000000 0.212996
396.000000 0.214283
397.000000 0.215671
398.000000 0.217327
399.000000 0.219080
400.000000 0.220821
401.000000 0.222564
402.000000 0.224175
403.000000 0.225603
404.000000 0.227013
405.000000 0.228503
406.000000 0.229958
407.000000 0.231347
408.000000 0.232697
409.000000 0.233865
410.000000 0.235178
411.000000 0.236500
412.000000 0.237755
413.000000 0.239143
414.000000 0.240337
415.000000 0.241565
416.000000 0.242820
417.000000 0.243947
418.000000 0.245239
419.000000 0.246565
420.000000 0.247876
421.000000 0.249322
422.000000 0.250744
423.000000 0.252097
424.000000 0.253415
425.000000 0.254451
426.000000 0.255039
427.000000 0.254991
428.000000 0.254403
429.000000 0.253524
430.000000 0.252085
431.000000 0.250144
432.000000 0.247708
433.000000 0.244796
434.000000 0.241666
435.000000 0.238134
436.000000 0.234335
437.000000 0.230224
438.000000 0.225744
439.000000 0.221305
440.000000 0.216836
441.000000 0.212524
442.000000 0.208415
443.000000 0.203995
444.000000 0.199434
445.000000 0.195115
446.000000 0.190703
447.000000 0.186250
448.000000 0.181811
449.000000 0.177440
450.000000 0.173446
451.000000 0.169460
452.000000 0.165423
453.000000 0.161703
454.000000 0.158188
455.000000 0.154835
456.000000 0.151593
457.000000 0.148505
458.000000 0.145723
459.000000 0.142987
460.000000 0.140407
461.000000 0.138158
462.000000 0.135961
463.000000 0.133805
464.000000 0.131804
465.000000 0.129937
466.000000 0.128324
467.000000 0.126838
468.000000 0.125428
469.000000 0.124158
470.000000 0.122975
471.000000 0.121917
472.000000 0.120998
473.000000 0.120197
474.000000 0.119432
475.000000 0.118806
476.000000 0.118346
477.000000 0.117989
478.000000 0.117775
479.000000 0.117553
480.000000 0.117371
481.000000 0.117355
482.000000 0.117421
483.000000 0.117597
484.000000 0.117934
485.000000 0.118356
486.000000 0.118896
487.000000 0.119600
488.000000 0.120371
489.000000 0.120815
490.000000 0.121160
491.000000 0.121979
492.000000 0.123433
493.000000 0.125420
494.000000 0.127821
495.000000 0.130171
496.000000 0.132209
497.000000 0.134160
498.000000 0.136411
499.000000 0.138538
500.000000 0.140908
501.000000 0.143767
502.000000 0.146885
503.000000 0.150237
504.000000 0.153527
505.000000 0.156951
506.000000 0.160285
507.000000 0.163333
508.000000 0.166117
509.000000 0.169363
510.000000 0.172822
511.000000 0.176227
512.000000 0.179380
513.000000 0.182209
514.000000 0.184796
515.000000 0.187140
516.000000 0.189315
517.000000 0.191016
518.000000 0.192463
519.000000 0.193905
520.000000 0.195707
521.000000 0.197457
522.000000 0.198795
523.000000 0.199797
524.000000 0.200694
525.000000 0.201965
526.000000 0.203192
527.000000 0.204200
528.000000 0.205395
529.000000 0.206966
530.000000 0.208912
531.000000 0.211342
532.000000 0.214030
533.000000 0.216962
534.000000 0.220429
535.000000 0.224236
536.000000 0.228510
537.000000 0.233313
538.000000 0.238783
539.000000 0.245031
540.000000 0.251471
541.000000 0.258398
542.000000 0.265755
543.000000 0.273165
544.000000 0.280336
545.000000 0.286983
546.000000 0.293300
547.000000 0.299110
548.000000 0.304057
549.000000 0.308256
550.000000 0.311557
551.000000 0.313629
552.000000 0.314519
553.000000 0.313996
554.000000 0.312359
555.000000 0.309339
556.000000 0.305113
557.000000 0.299875
558.000000 0.293408
559.000000 0.286270
560.000000 0.278065
561.000000 0.268983
562.000000 0.259244
563.000000 0.249078
564.000000 0.238674
565.000000 0.228189
566.000000 0.217534
567.000000 0.206640
568.000000 0.196472
569.000000 0.186691
570.000000 0.177307
571.000000 0.168245
572.000000 0.159518
573.000000 0.151275
574.000000 0.143522
575.000000 0.136933
576.000000 0.131092
577.000000 0.125499
578.000000 0.120553
579.000000 0.116290
580.000000 0.112339
581.000000 0.108550
582.000000 0.105132
583.000000 0.102290
584.000000 0.100005
585.000000 0.097899
586.000000 0.095813
587.000000 0.094034
588.000000 0.092556
589.000000 0.091480
590.000000 0.090601
591.000000 0.089829
592.000000 0.089098
593.000000 0.088260
594.000000 0.087683
595.000000 0.087393
596.000000 0.086998
597.000000 0.086627
598.000000 0.086571
599.000000 0.086610
600.000000 0.086671
601.000000 0.086895
602.000000 0.087185
603.000000 0.087555
604.000000 0.088053
605.000000 0.088622
606.000000 0.089349
607.000000 0.090151
608.000000 0.091017
609.000000 0.091987
610.000000 0.093035
611.000000 0.094238
612.000000 0.095618
613.000000 0.097120
614.000000 0.098717
615.000000 0.100445
616.000000 0.102210
617.000000 0.104084
618.000000 0.106262
619.000000 0.108575
620.000000 0.111029
621.000000 0.113789
622.000000 0.116627
623.000000 0.119521
624.000000 0.122688
625.000000 0.126005
626.000000 0.129401
627.000000 0.132965
628.000000 0.136512
629.000000 0.140136
630.000000 0.143981
631.000000 0.147842
632.000000 0.151574
633.000000 0.155359
634.000000 0.159315
635.000000 0.163230
636.000000 0.167086
637.000000 0.170889
638.000000 0.174531
639.000000 0.178036
640.000000 0.181465
641.000000 0.184777
642.000000 0.187796
643.000000 0.190639
644.000000 0.193503
645.000000 0.196188
646.000000 0.198661
647.000000 0.200998
648.000000 0.203244
649.000000 0.205294
650.000000 0.207216
651.000000 0.209102
652.000000 0.210860
653.000000 0.212459
654.000000 0.213916
655.000000 0.215402
656.000000 0.216875
657.000000 0.218146
658.000000 0.219431
659.000000 0.221051
660.000000 0.222957
661.000000 0.224945
662.000000 0.227114
663.000000 0.229573
664.000000 0.232296
665.000000 0.235235
666.000000 0.238458
667.000000 0.242109
668.000000 0.246139
669.000000 0.250301
670.000000 0.254673
671.000000 0.259524
672.000000 0.264917
673.000000 0.270890
674.000000 0.276987
675.000000 0.283454
676.000000 0.290691
677.000000 0.298485
678.000000 0.306743
679.000000 0.315024
680.000000 0.323543
681.000000 0.332779
682.000000 0.342568
683.000000 0.352712
684.000000 0.362774
685.000000 0.372894
686.000000 0.383467
687.000000 0.394285
688.000000 0.405077
689.000000 0.415705
690.000000 0.425865
691.000000 0.435660
692.000000 0.445436
693.000000 0.454863
694.000000 0.463683
695.000000 0.471579
696.000000 0.478121
697.000000 0.483968
698.000000 0.489568
699.000000 0.494534
700.000000 0.498655
701.000000 0.501691
702.000000 0.503641
703.000000 0.504532
704.000000 0.504359
705.000000 0.503134
706.000000 0.500799
707.000000 0.497324
708.000000 0.492767
709.000000 0.487086
710.000000 0.480640
711.000000 0.473446
712.000000 0.465265
713.000000 0.456250
714.000000 0.446418
715.000000 0.435904
716.000000 0.424728
717.000000 0.412860
718.000000 0.400465
719.000000 0.388320
720.000000 0.376317
721.000000 0.363919
722.000000 0.351230
723.000000 0.338453
724.000000 0.325831
725.000000 0.313349
726.000000 0.301100
727.000000 0.288955
728.000000 0.276788
729.000000 0.264786
730.000000 0.252979
731.000000 0.242107
732.000000 0.231783
733.000000 0.220927
734.000000 0.209965
735.000000 0.199407
736.000000 0.189319
737.000000 0.179620
738.000000 0.170204
739.000000 0.161057
740.000000 0.152254
741.000000 0.143852
742.000000 0.135867
743.000000 0.128206
744.000000 0.120849
745.000000 0.113775
746.000000 0.106976
747.000000 0.100460
748.000000 0.094283
749.000000 0.088465
750.000000 0.082966
751.000000 0.077756
752.000000 0.072762
753.000000 0.068036
754.000000 0.063634
755.000000 0.059462
756.000000 0.055511
757.000000 0.051781
758.000000 0.048268
759.000000 0.045025
760.000000 0.041988
761.000000 0.039141
762.000000 0.036494
763.000000 0.034033
764.000000 0.031775
765.000000 0.029673
766.000000 0.027700
767.000000 0.025853
768.000000 0.024175
769.000000 0.022669
770.000000 0.021277
771.000000 0.020028
772.000000 0.018904
773.000000 0.017901
774.000000 0.016975
775.000000 0.016157
776.000000 0.015382
777.000000 0.014567
778.000000 0.013801
779.000000 0.013139
780.000000 0.012588
781.000000 0.012169
782.000000 0.011838
783.000000 0.011513
784.000000 0.011240
785.000000 0.010981
786.000000 0.010721
787.000000 0.010532
788.000000 0.010345
789.000000 0.010153
790.000000 0.010011
791.000000 0.009866
792.000000 0.009761
793.000000 0.009651
794.000000 0.009548
795.000000 0.009523
796.000000 0.009530
797.000000 0.009507
798.000000 0.009450
799.000000 0.009418
800.000000 0.009367
801.000000 0.009289
802.000000 0.009229
803.000000 0.009223
804.000000 0.009241
805.000000 0.009229
806.000000 0.009210
807.000000 0.009085
808.000000 0.008941
809.000000 0.008849
810.000000 0.008770
811.000000 0.008716
812.000000 0.008666
813.000000 0.008642
814.000000 0.008575
815.000000 0.008514
816.000000 0.008380
817.000000 0.008203
818.000000 0.008109
819.000000 0.007978
820.000000 0.007821
821.000000 0.007626
822.000000 0.007398
823.000000 0.007268
824.000000 0.007149
825.000000 0.007008
826.000000 0.006881
827.000000 0.006711
828.000000 0.006553
829.000000 0.006421
830.000000 0.006260
831.000000 0.006079
832.000000 0.005882
833.000000 0.005708
834.000000 0.005536
835.000000 0.005365
836.000000 0.005232
837.000000 0.005054
838.000000 0.004829
839.000000 0.004630
840.000000 0.004426
841.000000 0.004246
842.000000 0.004135
843.000000 0.003969
844.000000 0.003787
845.000000 0.003653
846.000000 0.003490
847.000000 0.003332
848.000000 0.003185
849.000000 0.003044
850.000000 0.002966
851.000000 0.002895
852.000000 0.002723
853.000000 0.002551
854.000000 0.002428
855.000000 0.002305
856.000000 0.002202
857.000000 0.002079
858.000000 0.001962
859.000000 0.001901
860.000000 0.001859
861.000000 0.001769
862.000000 0.001673
863.000000 0.001587
864.000000 0.001502
865.000000 0.001438
866.000000 0.001379
867.000000 0.001302
868.000000 0.001240
869.000000 0.001198
870.000000 0.001160
871.000000 0.001080
872.000000 0.001006
873.000000 0.000979
874.000000 0.000935
875.000000 0.000910
876.000000 0.000898
877.000000 0.000855
878.000000 0.000797
879.000000 0.000747
880.000000 0.000691
881.000000 0.000647
882.000000 0.000602
883.000000 0.000548
884.000000 0.000495
885.000000 0.000414
886.000000 0.000377
887.000000 0.000354
888.000000 0.000337
889.000000 0.000350
890.000000 0.000343
891.000000 0.000350
892.000000 0.000357
893.000000 0.000322
894.000000 0.000296
895.000000 0.000273
896.000000 0.000228
897.000000 0.000194
898.000000 0.000180
899.000000 0.000193
900.000000 0.000207
