315.000000 0.199948
316.000000 0.201333
317.000000 0.202950
318.000000 0.204843
319.000000 0.206660
320.000000 0.208662
321.000000 0.210846
322.000000 0.213482
323.000000 0.215847
324.000000 0.217365
325.000000 0.219158
326.000000 0.221059
327.000000 0.222268
328.000000 0.223684
329.000000 0.225781
330.000000 0.227781
331.000000 0.228959
332.000000 0.229871
333.000000 0.231438
334.000000 0.232790
335.000000 0.233850
336.000000 0.235388
337.000000 0.236500
338.000000 0.237314
339.000000 0.238136
340.000000 0.238829
341.000000 0.239485
342.000000 0.239976
343.000000 0.240353
344.000000 0.240638
345.000000 0.240451
346.000000 0.239910
347.000000 0.239469
348.000000 0.238715
349.000000 0.237603
350.000000 0.236597
351.000000 0.235545
352.000000 0.234028
353.000000 0.232236
354.000000 0.230572
355.000000 0.229013
356.000000 0.227392
357.000000 0.225864
358.000000 0.224526
359.000000 0.223245
360.000000 0.221859
361.000000 0.220670
362.000000 0.219586
363.000000 0.218367
364.000000 0.217223
365.000000 0.216256
366.000000 0.215365
367.000000 0.214399
368.000000 0.213601
369.000000 0.212813
370.000000 0.211704
371.000000 0.210522
372.000000 0.209095
373.000000 0.207890
374.000000 0.207406
375.000000 0.206844
376.000000 0.206007
377.000000 0.205375
378.000000 0.204821
379.000000 0.203983
380.000000 0.203788
381.000000 0.204439
382.000000 0.204933
383.000000 0.205266
384.000000 0.205682
385.000000 0.206156
386.000000 0.206852
387.000000 0.207587
388.000000 0.208244
389.000000 0.209050
390.000000 0.209992
391.000000 0.210823
392.000000 0.211972
393.000000 0.213263
394.000000 0.214572
395.000000 0.216004
396.000000 0.217329
397.000000 0.218783
398.000000 0.220392
399.000000 0.222089
400.000000 0.223695
401.000000 0.225254
402.000000 0.226870
403.000000 0.228421
404.000000 0.229943
405.000000 0.231575
406.000000 0.233017
407.000000 0.234326
408.000000 0.235732
409.000000 0.236998
410.000000 0.238182
411.000000 0.239526
412.000000 0.240774
413.000000 0.241782
414.000000 0.242815
415.000000 0.243993
416.000000 0.245421
417.000000 0.246778
418.000000 0.247968
419.000000 0.249297
420.000000 0.250562
421.000000 0.251644
422.000000 0.252614
423.000000 0.253675
424.000000 0.254918
425.000000 0.255868
426.000000 0.256157
427.000000 0.255915
428.000000 0.255409
429.000000 0.254557
430.000000 0.252927
431.000000 0.250709
432.000000 0.248140
433.000000 0.245171
434.000000 0.241944
435.000000 0.238315
436.000000 0.234397
437.000000 0.230367
438.000000 0.226206
439.000000 0.222053
440.000000 0.217728
441.000000 0.213477
442.000000 0.209415
443.000000 0.205067
444.000000 0.200631
445.000000 0.196407
446.000000 0.191984
447.000000 0.187547
448.000000 0.183160
449.000000 0.178788
450.000000 0.174824
451.000000 0.170857
452.000000 0.166844
453.000000 0.163112
454.000000 0.159517
455.000000 0.156106
456.000000 0.152804
457.000000 0.149705
458.000000 0.146957
459.000000 0.144235
460.000000 0.141663
461.000000 0.139389
462.000000 0.137202
463.000000 0.135014
464.000000 0.132860
465.000000 0.130779
466.000000 0.129062
467.000000 0.127596
468.000000 0.126213
469.000000 0.124962
470.000000 0.123817
471.000000 0.122769
472.000000 0.121758
473.000000 0.120891
474.000000 0.120137
475.000000 0.119501
476.000000 0.119044
477.000000 0.118676
478.000000 0.118454
479.000000 0.118321
480.000000 0.118191
481.000000 0.118161
482.000000 0.118239
483.000000 0.118476
484.000000 0.118842
485.000000 0.119265
486.000000 0.119828
487.000000 0.120523
488.000000 0.121256
489.000000 0.121867
490.000000 0.122726
491.000000 0.124123
492.000000 0.125715
493.000000 0.127521
494.000000 0.129581
495.000000 0.131417
496.000000 0.133282
497.000000 0.135343
498.000000 0.137717
499.000000 0.140230
500.000000 0.142853
501.000000 0.145378
502.000000 0.148015
503.000000 0.151253
504.000000 0.154737
505.000000 0.158234
506.000000 0.161407
507.000000 0.164622
508.000000 0.167610
509.000000 0.170737
510.000000 0.174211
511.000000 0.177597
512.000000 0.180910
513.000000 0.183795
514.000000 0.186297
515.000000 0.188881
516.000000 0.191106
517.000000 0.192681
518.000000 0.194250
519.000000 0.195915
520.000000 0.197601
521.000000 0.199137
522.000000 0.200538
523.000000 0.201845
524.000000 0.202856
525.000000 0.203860
526.000000 0.205021
527.000000 0.206094
528.000000 0.207347
529.000000 0.209004
530.000000 0.211042
531.000000 0.213689
532.000000 0.216487
533.000000 0.219512
534.000000 0.223122
535.000000 0.227022
536.000000 0.231340
537.000000 0.236126
538.000000 0.241289
539.000000 0.247010
540.000000 0.253368
541.000000 0.260404
542.000000 0.267487
543.000000 0.274381
544.000000 0.281408
545.000000 0.288259
546.000000 0.294835
547.000000 0.300750
548.000000 0.305472
549.000000 0.309417
550.000000 0.312421
551.000000 0.314335
552.000000 0.315418
553.000000 0.315067
554.000000 0.313425
555.000000 0.310440
556.000000 0.306328
557.000000 0.301174
558.000000 0.294652
559.000000 0.287345
560.000000 0.279075
561.000000 0.269907
562.000000 0.260023
563.000000 0.249915
564.000000 0.239560
565.000000 0.229117
566.000000 0.218561
567.000000 0.207509
568.000000 0.197077
569.000000 0.187126
570.000000 0.177409
571.000000 0.168145
572.000000 0.159447
573.000000 0.151206
574.000000 0.143299
575.000000 0.136369
576.000000 0.130240
577.000000 0.124477
578.000000 0.119282
579.000000 0.114598
580.000000 0.110251
581.000000 0.106170
582.000000 0.102574
583.000000 0.099520
584.000000 0.096979
585.000000 0.094848
586.000000 0.092828
587.000000 0.091017
588.000000 0.089317
589.000000 0.087914
590.000000 0.086765
591.000000 0.085761
592.000000 0.084931
593.000000 0.084062
594.000000 0.083407
595.000000 0.082933
596.000000 0.082388
597.000000 0.081989
598.000000 0.081772
599.000000 0.081638
600.000000 0.081662
601.000000 0.081749
602.000000 0.081875
603.000000 0.082039
604.000000 0.082308
605.000000 0.082703
606.000000 0.083177
607.000000 0.083688
608.000000 0.084313
609.000000 0.085159
610.000000 0.086057
611.000000 0.087002
612.000000 0.088209
613.000000 0.089576
614.000000 0.090953
615.000000 0.092516
616.000000 0.094185
617.000000 0.095934
618.000000 0.097905
619.000000 0.099980
620.000000 0.102212
621.000000 0.104700
622.000000 0.107236
623.000000 0.109826
624.000000 0.112641
625.000000 0.115485
626.000000 0.118394
627.000000 0.121473
628.000000 0.124491
629.000000 0.127602
630.000000 0.131003
631.000000 0.134475
632.000000 0.137805
633.000000 0.141145
634.000000 0.144603
635.000000 0.147964
636.000000 0.151281
637.000000 0.154670
638.000000 0.157948
639.000000 0.161074
640.000000 0.164085
641.000000 0.166962
642.000000 0.169598
643.000000 0.172065
644.000000 0.174526
645.000000 0.176851
646.000000 0.178966
647.000000 0.180911
648.000000 0.182784
649.000000 0.184535
650.000000 0.186166
651.000000 0.187806
652.000000 0.189389
653.000000 0.190794
654.000000 0.192063
655.000000 0.193393
656.000000 0.194811
657.000000 0.196212
658.000000 0.197708
659.000000 0.199377
660.000000 0.201135
661.000000 0.202935
662.000000 0.204871
663.000000 0.207137
664.000000 0.209648
665.000000 0.212174
666.000000 0.214917
667.000000 0.218109
668.000000 0.221726
669.000000 0.225532
670.000000 0.229583
671.000000 0.234131
672.000000 0.239105
673.000000 0.244580
674.000000 0.250144
675.000000 0.255976
676.000000 0.262502
677.000000 0.269488
678.000000 0.276905
679.000000 0.284397
680.000000 0.292124
681.000000 0.300482
682.000000 0.309317
683.000000 0.318436
684.000000 0.327410
685.000000 0.336378
686.000000 0.345709
687.000000 0.355238
688.000000 0.364759
689.000000 0.374130
690.000000 0.383093
691.000000 0.391765
692.000000 0.400382
693.000000 0.408651
694.000000 0.416439
695.000000 0.423680
696.000000 0.429987
697.000000 0.435535
698.000000 0.440539
699.000000 0.444681
700.000000 0.447886
701.000000 0.450176
702.000000 0.451363
703.000000 0.451419
704.000000 0.450708
705.000000 0.449260
706.000000 0.446873
707.000000 0.443485
708.000000 0.438990
709.000000 0.433490
710.000000 0.427493
711.000000 0.420889
712.000000 0.413387
713.000000 0.405088
714.000000 0.396075
715.000000 0.386536
716.000000 0.376497
717.000000 0.365970
718.000000 0.355091
719.000000 0.344457
720.000000 0.333864
721.000000 0.322797
722.000000 0.311445
723.000000 0.300059
724.000000 0.288713
725.000000 0.277462
726.000000 0.266436
727.000000 0.255491
728.000000 0.244631
729.000000 0.233977
730.000000 0.223512
731.000000 0.213825
732.000000 0.204616
733.000000 0.195246
734.000000 0.185968
735.000000 0.176874
736.000000 0.167969
737.000000 0.159350
738.000000 0.150989
739.000000 0.142852
740.000000 0.135030
741.000000 0.127482
742.000000 0.120272
743.000000 0.113422
744.000000 0.106895
745.000000 0.100608
746.000000 0.094592
747.000000 0.088855
748.000000 0.083416
749.000000 0.078246
750.000000 0.073327
751.000000 0.068702
752.000000 0.064308
753.000000 0.060165
754.000000 0.056275
755.000000 0.052603
756.000000 0.049197
757.000000 0.045920
758.000000 0.042803
759.000000 0.039948
760.000000 0.037250
761.000000 0.034744
762.000000 0.032451
763.000000 0.030327
764.000000 0.028365
765.000000 0.026548
766.000000 0.024820
767.000000 0.023193
768.000000 0.021685
769.000000 0.020361
770.000000 0.019206
771.000000 0.018130
772.000000 0.017141
773.000000 0.016275
774.000000 0.015505
775.000000 0.014830
776.000000 0.014162
777.000000 0.013489
778.000000 0.012839
779.000000 0.012247
780.000000 0.011792
781.000000 0.011419
782.000000 0.011104
783.000000 0.010803
784.000000 0.010545
785.000000 0.010337
786.000000 0.010105
787.000000 0.009945
788.000000 0.009809
789.000000 0.009648
790.000000 0.009530
791.000000 0.009403
792.000000 0.009283
793.000000 0.009164
794.000000 0.009109
795.000000 0.009088
796.000000 0.009066
797.000000 0.009078
798.000000 0.009040
799.000000 0.009028
800.000000 0.009025
801.000000 0.009001
802.000000 0.008983
803.000000 0.009018
804.000000 0.009082
805.000000 0.009055
806.000000 0.009003
807.000000 0.008902
808.000000 0.008851
809.000000 0.008851
810.000000 0.008785
811.000000 0.008726
812.000000 0.008665
813.000000 0.008600
814.000000 0.008540
815.000000 0.008469
816.000000 0.008312
817.000000 0.008140
818.000000 0.008053
819.000000 0.007951
820.000000 0.007798
821.000000 0.007624
822.000000 0.007425
823.000000 0.007262
824.000000 0.007098
825.000000 0.006966
826.000000 0.006885
827.000000 0.006780
828.000000 0.006653
829.000000 0.006471
830.000000 0.006291
831.000000 0.006129
832.000000 0.005928
833.000000 0.005713
834.000000 0.005516
835.000000 0.005350
836.000000 0.005197
837.000000 0.005027
838.000000 0.004883
839.000000 0.004746
840.000000 0.004531
841.000000 0.004272
842.000000 0.004095
843.000000 0.003944
844.000000 0.003788
845.000000 0.003685
846.000000 0.003550
847.000000 0.003371
848.000000 0.003220
849.000000 0.003111
850.000000 0.003029
851.000000 0.002901
852.000000 0.002711
853.000000 0.002573
854.000000 0.002463
855.000000 0.002327
856.000000 0.002223
857.000000 0.002117
858.000000 0.002005
859.000000 0.001916
860.000000 0.001854
861.000000 0.001761
862.000000 0.001664
863.000000 0.001618
864.000000 0.001608
865.000000 0.001568
866.000000 0.001479
867.000000 0.001356
868.000000 0.001263
869.000000 0.001190
870.000000 0.001128
871.000000 0.001091
872.000000 0.001045
873.000000 0.000994
874.000000 0.000929
875.000000 0.000916
876.000000 0.000904
877.000000 0.000873
878.000000 0.000842
879.000000 0.000764
880.000000 0.000689
881.000000 0.000649
882.000000 0.000601
883.000000 0.000557
884.000000 0.000505
885.000000 0.000452
886.000000 0.000458
887.000000 0.000448
888.000000 0.000404
889.000000 0.000379
890.000000 0.000361
891.000000 0.000346
892.000000 0.000318
893.000000 0.000279
894.000000 0.000244
895.000000 0.000216
896.000000 0.000199
897.000000 0.000194
898.000000 0.000185
899.000000 0.000187
900.000000 0.000202
