315.000000 0.205661
316.000000 0.206151
317.000000 0.207806
318.000000 0.209993
319.000000 0.212080
320.000000 0.213999
321.000000 0.215847
322.000000 0.217611
323.000000 0.219121
324.000000 0.220489
325.000000 0.222491
326.000000 0.224362
327.000000 0.226059
328.000000 0.228087
329.000000 0.229936
330.000000 0.231402
331.000000 0.232622
332.000000 0.233997
333.000000 0.235357
334.000000 0.236675
335.000000 0.237885
336.000000 0.239201
337.000000 0.240508
338.000000 0.241725
339.000000 0.242633
340.000000 0.243116
341.000000 0.243388
342.000000 0.243399
343.000000 0.243588
344.000000 0.243932
345.000000 0.243688
346.000000 0.243124
347.000000 0.242657
348.000000 0.241928
349.000000 0.241023
350.000000 0.240041
351.000000 0.238819
352.000000 0.237320
353.000000 0.235591
354.000000 0.233930
355.000000 0.232359
356.000000 0.230766
357.000000 0.229127
358.000000 0.227654
359.000000 0.226260
360.000000 0.224749
361.000000 0.223582
362.000000 0.222623
363.000000 0.221480
364.000000 0.220197
365.000000 0.219079
366.000000 0.218106
367.000000 0.217102
368.000000 0.216271
369.000000 0.215401
370.000000 0.214739
371.000000 0.214285
372.000000 0.213355
373.000000 0.212405
374.000000 0.212008
375.000000 0.211657
376.000000 0.211037
377.000000 0.210577
378.000000 0.209913
379.000000 0.208912
380.000000 0.208848
381.000000 0.209348
382.000000 0.209319
383.000000 0.209215
384.000000 0.209291
385.000000 0.209617
386.000000 0.210349
387.000000 0.211316
388.000000 0.212205
389.000000 0.213173
390.000000 0.214102
391.000000 0.214756
392.000000 0.215847
393.000000 0.217187
394.000000 0.218303
395.000000 0.219356
396.000000 0.220416
397.000000 0.221798
398.000000 0.223526
399.000000 0.225136
400.000000 0.226526
401.000000 0.227937
402.000000 0.229550
403.000000 0.231066
404.000000 0.232414
405.000000 0.234002
406.000000 0.235539
407.000000 0.236809
408.000000 0.237938
409.000000 0.238991
410.000000 0.240279
411.000000 0.241868
412.000000 0.243376
413.000000 0.244510
414.000000 0.245348
415.000000 0.246337
416.000000 0.247414
417.000000 0.248466
418.000000 0.249547
419.000000 0.250549
420.000000 0.251620
421.000000 0.252670
422.000000 0.253475
423.000000 0.254378
424.000000 0.255516
425.000000 0.256274
426.000000 0.256515
427.000000 0.256197
428.000000 0.255526
429.000000 0.254501
430.000000 0.252819
431.000000 0.250764
432.000000 0.248276
433.000000 0.245296
434.000000 0.242151
435.000000 0.238782
436.000000 0.235050
437.000000 0.231048
438.000000 0.226847
439.000000 0.222600
440.000000 0.218287
441.000000 0.214143
442.000000 0.210122
443.000000 0.205825
444.000000 0.201427
445.000000 0.197158
446.000000 0.192773
447.000000 0.188382
448.000000 0.183979
449.000000 0.179637
450.000000 0.175612
451.000000 0.171575
452.000000 0.167518
453.000000 0.163753
454.000000 0.160098
455.000000 0.156501
456.000000 0.153047
457.000000 0.149785
458.000000 0.146828
459.000000 0.143953
460.000000 0.141230
461.000000 0.138787
462.000000 0.136525
463.000000 0.134355
464.000000 0.132211
465.000000 0.130141
466.000000 0.128355
467.000000 0.126707
468.000000 0.125119
469.000000 0.123698
470.000000 0.122420
471.000000 0.121317
472.000000 0.120331
473.000000 0.119431
474.000000 0.118563
475.000000 0.117815
476.000000 0.117290
477.000000 0.116861
478.000000 0.116563
479.000000 0.116381
480.000000 0.116260
481.000000 0.116241
482.000000 0.116254
483.000000 0.116369
484.000000 0.116721
485.000000 0.117184
486.000000 0.117710
487.000000 0.118280
488.000000 0.118940
489.000000 0.119762
490.000000 0.120677
491.000000 0.121855
492.000000 0.123264
493.000000 0.124891
494.000000 0.126851
495.000000 0.128784
496.000000 0.130733
497.000000 0.132596
498.000000 0.134807
499.000000 0.137146
500.000000 0.139541
501.000000 0.142336
502.000000 0.145278
503.000000 0.148409
504.000000 0.151612
505.000000 0.154986
506.000000 0.158298
507.000000 0.161520
508.000000 0.164327
509.000000 0.167072
510.000000 0.170255
511.000000 0.173639
512.000000 0.176726
513.000000 0.179581
514.000000 0.182127
515.000000 0.184587
516.000000 0.186882
517.000000 0.188501
518.000000 0.190081
519.000000 0.191796
520.000000 0.193555
521.000000 0.195220
522.000000 0.196676
523.000000 0.197626
524.000000 0.198423
525.000000 0.199540
526.000000 0.200644
527.000000 0.201838
528.000000 0.203298
529.000000 0.204923
530.000000 0.206941
531.000000 0.209352
532.000000 0.211872
533.000000 0.214681
534.000000 0.218008
535.000000 0.221669
536.000000 0.225845
537.000000 0.230472
538.000000 0.235542
539.000000 0.241247
540.000000 0.247761
541.000000 0.254657
542.000000 0.261176
543.000000 0.267818
544.000000 0.274593
545.000000 0.281102
546.000000 0.287214
547.000000 0.292942
548.000000 0.297851
549.000000 0.301809
550.000000 0.304898
551.000000 0.306854
552.000000 0.307786
553.000000 0.307398
554.000000 0.305920
555.000000 0.303215
556.000000 0.299392
557.000000 0.294445
558.000000 0.288091
559.000000 0.280960
560.000000 0.272855
561.000000 0.263998
562.000000 0.254599
563.000000 0.244798
564.000000 0.234610
565.000000 0.224371
566.000000 0.213953
567.000000 0.203227
568.000000 0.193257
569.000000 0.183679
570.000000 0.174318
571.000000 0.165128
572.000000 0.156384
573.000000 0.148383
574.000000 0.140795
575.000000 0.134095
576.000000 0.128043
577.000000 0.122246
578.000000 0.116979
579.000000 0.112307
580.000000 0.108112
581.000000 0.104131
582.000000 0.100591
583.000000 0.097637
584.000000 0.095177
585.000000 0.093005
586.000000 0.090912
587.000000 0.089087
588.000000 0.087438
589.000000 0.086116
590.000000 0.085034
591.000000 0.084095
592.000000 0.083265
593.000000 0.082345
594.000000 0.081578
595.000000 0.081002
596.000000 0.080462
597.000000 0.080008
598.000000 0.079723
599.000000 0.079510
600.000000 0.079440
601.000000 0.079556
602.000000 0.079663
603.000000 0.079798
604.000000 0.079937
605.000000 0.080086
606.000000 0.080488
607.000000 0.081044
608.000000 0.081656
609.000000 0.082405
610.000000 0.083296
611.000000 0.084228
612.000000 0.085293
613.000000 0.086508
614.000000 0.087733
615.000000 0.089068
616.000000 0.090543
617.000000 0.092257
618.000000 0.094189
619.000000 0.096205
620.000000 0.098305
621.000000 0.100549
622.000000 0.102930
623.000000 0.105439
624.000000 0.108121
625.000000 0.110825
626.000000 0.113656
627.000000 0.116686
628.000000 0.119594
629.000000 0.122541
630.000000 0.125783
631.000000 0.129080
632.000000 0.132193
633.000000 0.135310
634.000000 0.138565
635.000000 0.141759
636.000000 0.144904
637.000000 0.148029
638.000000 0.151005
639.000000 0.153911
640.000000 0.156790
641.000000 0.159565
642.000000 0.162119
643.000000 0.164387
644.000000 0.166603
645.000000 0.168787
646.000000 0.170803
647.000000 0.172656
648.000000 0.174424
649.000000 0.176033
650.000000 0.177542
651.000000 0.179039
652.000000 0.180450
653.000000 0.181752
654.000000 0.182964
655.000000 0.184171
656.000000 0.185481
657.000000 0.186793
658.000000 0.188125
659.000000 0.189664
660.000000 0.191327
661.000000 0.193054
662.000000 0.194960
663.000000 0.197146
664.000000 0.199551
665.000000 0.201991
666.000000 0.204514
667.000000 0.207400
668.000000 0.210710
669.000000 0.214286
670.000000 0.218165
671.000000 0.222515
672.000000 0.227330
673.000000 0.232537
674.000000 0.237759
675.000000 0.243303
676.000000 0.249521
677.000000 0.256237
678.000000 0.263418
679.000000 0.270595
680.000000 0.277874
681.000000 0.285595
682.000000 0.293691
683.000000 0.302153
684.000000 0.310617
685.000000 0.319157
686.000000 0.328061
687.000000 0.337118
688.000000 0.346074
689.000000 0.354799
690.000000 0.363124
691.000000 0.371206
692.000000 0.379221
693.000000 0.386905
694.000000 0.394141
695.000000 0.400827
696.000000 0.406627
697.000000 0.411655
698.000000 0.416140
699.000000 0.419940
700.000000 0.422994
701.000000 0.425160
702.000000 0.426380
703.000000 0.426562
704.000000 0.425697
705.000000 0.423811
706.000000 0.420731
707.000000 0.416760
708.000000 0.412243
709.000000 0.407067
710.000000 0.401408
711.000000 0.395070
712.000000 0.387850
713.000000 0.379934
714.000000 0.371398
715.000000 0.362387
716.000000 0.352922
717.000000 0.342992
718.000000 0.332671
719.000000 0.322574
720.000000 0.312513
721.000000 0.302049
722.000000 0.291427
723.000000 0.280776
724.000000 0.270149
725.000000 0.259609
726.000000 0.249250
727.000000 0.238938
728.000000 0.228691
729.000000 0.218629
730.000000 0.208761
731.000000 0.199710
732.000000 0.191118
733.000000 0.182260
734.000000 0.173544
735.000000 0.165019
736.000000 0.156657
737.000000 0.148619
738.000000 0.140833
739.000000 0.133303
740.000000 0.126019
741.000000 0.118965
742.000000 0.112264
743.000000 0.105841
744.000000 0.099614
745.000000 0.093614
746.000000 0.087918
747.000000 0.082538
748.000000 0.077468
749.000000 0.072602
750.000000 0.067993
751.000000 0.063739
752.000000 0.059718
753.000000 0.055850
754.000000 0.052217
755.000000 0.048848
756.000000 0.045718
757.000000 0.042750
758.000000 0.039943
759.000000 0.037349
760.000000 0.034893
761.000000 0.032634
762.000000 0.030538
763.000000 0.028560
764.000000 0.026783
765.000000 0.025134
766.000000 0.023528
767.000000 0.022003
768.000000 0.020625
769.000000 0.019392
770.000000 0.018251
771.000000 0.017182
772.000000 0.016284
773.000000 0.015550
774.000000 0.014864
775.000000 0.014249
776.000000 0.013605
777.000000 0.012981
778.000000 0.012444
779.000000 0.011983
780.000000 0.011634
781.000000 0.011293
782.000000 0.010947
783.000000 0.010635
784.000000 0.010384
785.000000 0.010224
786.000000 0.010077
787.000000 0.009934
788.000000 0.009795
789.000000 0.009681
790.000000 0.009573
791.000000 0.009472
792.000000 0.009407
793.000000 0.009292
794.000000 0.009218
795.000000 0.009226
796.000000 0.009225
797.000000 0.009203
798.000000 0.009157
799.000000 0.009143
800.000000 0.009130
801.000000 0.009063
802.000000 0.009029
803.000000 0.009067
804.000000 0.009104
805.000000 0.009118
806.000000 0.009142
807.000000 0.009103
808.000000 0.009050
809.000000 0.009004
810.000000 0.008899
811.000000 0.008791
812.000000 0.008747
813.000000 0.008694
814.000000 0.008618
815.000000 0.008543
816.000000 0.008393
817.000000 0.008287
818.000000 0.008265
819.000000 0.008192
820.000000 0.008043
821.000000 0.007891
822.000000 0.007761
823.000000 0.007650
824.000000 0.007531
825.000000 0.007381
826.000000 0.007238
827.000000 0.007078
828.000000 0.006902
829.000000 0.006726
830.000000 0.006523
831.000000 0.006335
832.000000 0.006166
833.000000 0.005986
834.000000 0.005830
835.000000 0.005727
836.000000 0.005581
837.000000 0.005378
838.000000 0.005168
839.000000 0.005002
840.000000 0.004826
841.000000 0.004592
842.000000 0.004428
843.000000 0.004278
844.000000 0.004095
845.000000 0.003929
846.000000 0.003750
847.000000 0.003598
848.000000 0.003452
849.000000 0.003313
850.000000 0.003213
851.000000 0.003086
852.000000 0.002909
853.000000 0.002786
854.000000 0.002685
855.000000 0.002546
856.000000 0.002445
857.000000 0.002340
858.000000 0.002224
859.000000 0.002137
860.000000 0.002088
861.000000 0.001970
862.000000 0.001821
863.000000 0.001774
864.000000 0.001780
865.000000 0.001749
866.000000 0.001694
867.000000 0.001612
868.000000 0.001520
869.000000 0.001428
870.000000 0.001348
871.000000 0.001272
872.000000 0.001216
873.000000 0.001206
874.000000 0.001170
875.000000 0.001124
876.000000 0.001087
877.000000 0.001047
878.000000 0.001004
879.000000 0.000968
880.000000 0.000912
881.000000 0.000870
882.000000 0.000808
883.000000 0.000734
884.000000 0.000683
885.000000 0.000615
886.000000 0.000593
887.000000 0.000585
888.000000 0.000548
889.000000 0.000529
890.000000 0.000515
891.000000 0.000504
892.000000 0.000479
893.000000 0.000430
894.000000 0.000409
895.000000 0.000399
896.000000 0.000379
897.000000 0.000372
898.000000 0.000368
899.000000 0.000378
900.000000 0.000396
