315.000000 0.205567
316.000000 0.206917
317.000000 0.208463
318.000000 0.210083
319.000000 0.212031
320.000000 0.214030
321.000000 0.215968
322.000000 0.217931
323.000000 0.219338
324.000000 0.221130
325.000000 0.223503
326.000000 0.225002
327.000000 0.226445
328.000000 0.228745
329.000000 0.231323
330.000000 0.233355
331.000000 0.234645
332.000000 0.235720
333.000000 0.236719
334.000000 0.237754
335.000000 0.239046
336.000000 0.240513
337.000000 0.241679
338.000000 0.242536
339.000000 0.243413
340.000000 0.243979
341.000000 0.244222
342.000000 0.244712
343.000000 0.245246
344.000000 0.245454
345.000000 0.245427
346.000000 0.245339
347.000000 0.245054
348.000000 0.244299
349.000000 0.243170
350.000000 0.242000
351.000000 0.240811
352.000000 0.239262
353.000000 0.237411
354.000000 0.235734
355.000000 0.234233
356.000000 0.232675
357.000000 0.231153
358.000000 0.229857
359.000000 0.228603
360.000000 0.227183
361.000000 0.225954
362.000000 0.224769
363.000000 0.223436
364.000000 0.222168
365.000000 0.221086
366.000000 0.220184
367.000000 0.219258
368.000000 0.218383
369.000000 0.217403
370.000000 0.216179
371.000000 0.215210
372.000000 0.214420
373.000000 0.213841
374.000000 0.213207
375.000000 0.212219
376.000000 0.211094
377.000000 0.210266
378.000000 0.209825
379.000000 0.209301
380.000000 0.209360
381.000000 0.210047
382.000000 0.210280
383.000000 0.210204
384.000000 0.210594
385.000000 0.211208
386.000000 0.211873
387.000000 0.212817
388.000000 0.213837
389.000000 0.214742
390.000000 0.215710
391.000000 0.216546
392.000000 0.217539
393.000000 0.218711
394.000000 0.219886
395.000000 0.221132
396.000000 0.222335
397.000000 0.223811
398.000000 0.225376
399.000000 0.226779
400.000000 0.228268
401.000000 0.229853
402.000000 0.231203
403.000000 0.232507
404.000000 0.233936
405.000000 0.235473
406.000000 0.237000
407.000000 0.238356
408.000000 0.239672
409.000000 0.240830
410.000000 0.242042
411.000000 0.243218
412.000000 0.244141
413.000000 0.245163
414.000000 0.246021
415.000000 0.246718
416.000000 0.247652
417.000000 0.248679
418.000000 0.249725
419.000000 0.250719
420.000000 0.251775
421.000000 0.252834
422.000000 0.253726
423.000000 0.254612
424.000000 0.255417
425.000000 0.255920
426.000000 0.255885
427.000000 0.255398
428.000000 0.254672
429.000000 0.253655
430.000000 0.252143
431.000000 0.250156
432.000000 0.247619
433.000000 0.244677
434.000000 0.241605
435.000000 0.238201
436.000000 0.234615
437.000000 0.230750
438.000000 0.226544
439.000000 0.222453
440.000000 0.218274
441.000000 0.214084
442.000000 0.210071
443.000000 0.205869
444.000000 0.201543
445.000000 0.197336
446.000000 0.192954
447.000000 0.188468
448.000000 0.184002
449.000000 0.179731
450.000000 0.175830
451.000000 0.171781
452.000000 0.167604
453.000000 0.163732
454.000000 0.160015
455.000000 0.156412
456.000000 0.152938
457.000000 0.149657
458.000000 0.146700
459.000000 0.143757
460.000000 0.140860
461.000000 0.138266
462.000000 0.135857
463.000000 0.133560
464.000000 0.131377
465.000000 0.129289
466.000000 0.127489
467.000000 0.125819
468.000000 0.124250
469.000000 0.122827
470.000000 0.121517
471.000000 0.120356
472.000000 0.119272
473.000000 0.118308
474.000000 0.117529
475.000000 0.116919
476.000000 0.116325
477.000000 0.115795
478.000000 0.115446
479.000000 0.115128
480.000000 0.114890
481.000000 0.114851
482.000000 0.114882
483.000000 0.115015
484.000000 0.115302
485.000000 0.115728
486.000000 0.116290
487.000000 0.116966
488.000000 0.117676
489.000000 0.118392
490.000000 0.119017
491.000000 0.119695
492.000000 0.120730
493.000000 0.122208
494.000000 0.124107
495.000000 0.126145
496.000000 0.128030
497.000000 0.129674
498.000000 0.131674
499.000000 0.133938
500.000000 0.136497
501.000000 0.139251
502.000000 0.142226
503.000000 0.145565
504.000000 0.148715
505.000000 0.151885
506.000000 0.155108
507.000000 0.158298
508.000000 0.161421
509.000000 0.164512
510.000000 0.167485
511.000000 0.170713
512.000000 0.173825
513.000000 0.176614
514.000000 0.179166
515.000000 0.181642
516.000000 0.184034
517.000000 0.185710
518.000000 0.187160
519.000000 0.188704
520.000000 0.190301
521.000000 0.191842
522.000000 0.193311
523.000000 0.194473
524.000000 0.195387
525.000000 0.196577
526.000000 0.197871
527.000000 0.198856
528.000000 0.199968
529.000000 0.201480
530.000000 0.203146
531.000000 0.205566
532.000000 0.208475
533.000000 0.211333
534.000000 0.214735
535.000000 0.218447
536.000000 0.222352
537.000000 0.226651
538.000000 0.231565
539.000000 0.237150
540.000000 0.243188
541.000000 0.249747
542.000000 0.256516
543.000000 0.263306
544.000000 0.270139
545.000000 0.276786
546.000000 0.283056
547.000000 0.288882
548.000000 0.293955
549.000000 0.298121
550.000000 0.301171
551.000000 0.302980
552.000000 0.303807
553.000000 0.303340
554.000000 0.301699
555.000000 0.298919
556.000000 0.295031
557.000000 0.290064
558.000000 0.283790
559.000000 0.276755
560.000000 0.268787
561.000000 0.260112
562.000000 0.250920
563.000000 0.241313
564.000000 0.231328
565.000000 0.221208
566.000000 0.211007
567.000000 0.200595
568.000000 0.190676
569.000000 0.180809
570.000000 0.171300
571.000000 0.162273
572.000000 0.153676
573.000000 0.145631
574.000000 0.137966
575.000000 0.131375
576.000000 0.125402
577.000000 0.119707
578.000000 0.114569
579.000000 0.109940
580.000000 0.105648
581.000000 0.101623
582.000000 0.098047
583.000000 0.094965
584.000000 0.092533
585.000000 0.090418
586.000000 0.088333
587.000000 0.086413
588.000000 0.084577
589.000000 0.083136
590.000000 0.081973
591.000000 0.080901
592.000000 0.079984
593.000000 0.078932
594.000000 0.078110
595.000000 0.077637
596.000000 0.077056
597.000000 0.076523
598.000000 0.076236
599.000000 0.076053
600.000000 0.075962
601.000000 0.075966
602.000000 0.075922
603.000000 0.075917
604.000000 0.076098
605.000000 0.076406
606.000000 0.076786
607.000000 0.077256
608.000000 0.077851
609.000000 0.078527
610.000000 0.079227
611.000000 0.079989
612.000000 0.080995
613.000000 0.082148
614.000000 0.083276
615.000000 0.084537
616.000000 0.085952
617.000000 0.087512
618.000000 0.089274
619.000000 0.091097
620.000000 0.093020
621.000000 0.095113
622.000000 0.097254
623.000000 0.099468
624.000000 0.101905
625.000000 0.104426
626.000000 0.107039
627.000000 0.109882
628.000000 0.112668
629.000000 0.115289
630.000000 0.118039
631.000000 0.120958
632.000000 0.123820
633.000000 0.126720
634.000000 0.129747
635.000000 0.132678
636.000000 0.135592
637.000000 0.138508
638.000000 0.141221
639.000000 0.143868
640.000000 0.146528
641.000000 0.149072
642.000000 0.151368
643.000000 0.153455
644.000000 0.155473
645.000000 0.157404
646.000000 0.159177
647.000000 0.160869
648.000000 0.162525
649.000000 0.164017
650.000000 0.165439
651.000000 0.166848
652.000000 0.168146
653.000000 0.169343
654.000000 0.170448
655.000000 0.171549
656.000000 0.172754
657.000000 0.173986
658.000000 0.175262
659.000000 0.176691
660.000000 0.178255
661.000000 0.179834
662.000000 0.181560
663.000000 0.183595
664.000000 0.185837
665.000000 0.188212
666.000000 0.190829
667.000000 0.193807
668.000000 0.197098
669.000000 0.200459
670.000000 0.204026
671.000000 0.207968
672.000000 0.212208
673.000000 0.216903
674.000000 0.221751
675.000000 0.226940
676.000000 0.232782
677.000000 0.239000
678.000000 0.245554
679.000000 0.252173
680.000000 0.259001
681.000000 0.266405
682.000000 0.274212
683.000000 0.282184
684.000000 0.289966
685.000000 0.297766
686.000000 0.305938
687.000000 0.314314
688.000000 0.322661
689.000000 0.330792
690.000000 0.338508
691.000000 0.345886
692.000000 0.353141
693.000000 0.360094
694.000000 0.366552
695.000000 0.372517
696.000000 0.377758
697.000000 0.382304
698.000000 0.386387
699.000000 0.389839
700.000000 0.392502
701.000000 0.394272
702.000000 0.395198
703.000000 0.395296
704.000000 0.394551
705.000000 0.392984
706.000000 0.390576
707.000000 0.387349
708.000000 0.383266
709.000000 0.378292
710.000000 0.372706
711.000000 0.366484
712.000000 0.359560
713.000000 0.352021
714.000000 0.343950
715.000000 0.335483
716.000000 0.326573
717.000000 0.317242
718.000000 0.307691
719.000000 0.298381
720.000000 0.289042
721.000000 0.279303
722.000000 0.269344
723.000000 0.259355
724.000000 0.249460
725.000000 0.239708
726.000000 0.230183
727.000000 0.220809
728.000000 0.211440
729.000000 0.202178
730.000000 0.193085
731.000000 0.184682
732.000000 0.176664
733.000000 0.168430
734.000000 0.160328
735.000000 0.152410
736.000000 0.144615
737.000000 0.136965
738.000000 0.129492
739.000000 0.122289
740.000000 0.115459
741.000000 0.108954
742.000000 0.102791
743.000000 0.096949
744.000000 0.091375
745.000000 0.085998
746.000000 0.080849
747.000000 0.075944
748.000000 0.071291
749.000000 0.066855
750.000000 0.062630
751.000000 0.058701
752.000000 0.054962
753.000000 0.051362
754.000000 0.047989
755.000000 0.044853
756.000000 0.041934
757.000000 0.039169
758.000000 0.036557
759.000000 0.034160
760.000000 0.031935
761.000000 0.029860
762.000000 0.027916
763.000000 0.026118
764.000000 0.024468
765.000000 0.022948
766.000000 0.021561
767.000000 0.020225
768.000000 0.018987
769.000000 0.017914
770.000000 0.016959
771.000000 0.016081
772.000000 0.015290
773.000000 0.014612
774.000000 0.013964
775.000000 0.013393
776.000000 0.012811
777.000000 0.012197
778.000000 0.011645
779.000000 0.011189
780.000000 0.010841
781.000000 0.010552
782.000000 0.010347
783.000000 0.010137
784.000000 0.009923
785.000000 0.009730
786.000000 0.009560
787.000000 0.009402
788.000000 0.009286
789.000000 0.009209
790.000000 0.009134
791.000000 0.009102
792.000000 0.009097
793.000000 0.009106
794.000000 0.009091
795.000000 0.009046
796.000000 0.009035
797.000000 0.008993
798.000000 0.008922
799.000000 0.008927
800.000000 0.008936
801.000000 0.008913
802.000000 0.008896
803.000000 0.008913
804.000000 0.008939
805.000000 0.008919
806.000000 0.008889
807.000000 0.008838
808.000000 0.008783
809.000000 0.008729
810.000000 0.008665
811.000000 0.008628
812.000000 0.008598
813.000000 0.008567
814.000000 0.008503
815.000000 0.008430
816.000000 0.008331
817.000000 0.008238
818.000000 0.008180
819.000000 0.008071
820.000000 0.007912
821.000000 0.007749
822.000000 0.007600
823.000000 0.007465
824.000000 0.007312
825.000000 0.007197
826.000000 0.007109
827.000000 0.006951
828.000000 0.006747
829.000000 0.006566
830.000000 0.006406
831.000000 0.006205
832.000000 0.005981
833.000000 0.005807
834.000000 0.005661
835.000000 0.005531
836.000000 0.005374
837.000000 0.005163
838.000000 0.004981
839.000000 0.004825
840.000000 0.004641
841.000000 0.004434
842.000000 0.004256
843.000000 0.004073
844.000000 0.003898
845.000000 0.003770
846.000000 0.003657
847.000000 0.003545
848.000000 0.003420
849.000000 0.003286
850.000000 0.003193
851.000000 0.003090
852.000000 0.002935
853.000000 0.002828
854.000000 0.002719
855.000000 0.002583
856.000000 0.002493
857.000000 0.002403
858.000000 0.002258
859.000000 0.002108
860.000000 0.001988
861.000000 0.001883
862.000000 0.001832
863.000000 0.001793
864.000000 0.001716
865.000000 0.001619
866.000000 0.001546
867.000000 0.001476
868.000000 0.001421
869.000000 0.001364
870.000000 0.001290
871.000000 0.001204
872.000000 0.001124
873.000000 0.001088
874.000000 0.001057
875.000000 0.001033
876.000000 0.000996
877.000000 0.000928
878.000000 0.000878
879.000000 0.000831
880.000000 0.000738
881.000000 0.000672
882.000000 0.000626
883.000000 0.000577
884.000000 0.000549
885.000000 0.000505
886.000000 0.000482
887.000000 0.000475
888.000000 0.000426
889.000000 0.000376
890.000000 0.000341
891.000000 0.000350
892.000000 0.000384
893.000000 0.000369
894.000000 0.000340
895.000000 0.000325
896.000000 0.000331
897.000000 0.000335
898.000000 0.000312
899.000000 0.000306
900.000000 0.000315
