315.000000 0.106094
316.000000 0.106254
317.000000 0.107432
318.000000 0.108983
319.000000 0.110503
320.000000 0.112227
321.000000 0.114541
322.000000 0.116788
323.000000 0.118252
324.000000 0.119357
325.000000 0.121052
326.000000 0.123069
327.000000 0.125290
328.000000 0.127673
329.000000 0.130275
330.000000 0.133067
331.000000 0.135430
332.000000 0.137760
333.000000 0.140848
334.000000 0.143907
335.000000 0.146798
336.000000 0.150466
337.000000 0.154187
338.000000 0.157339
339.000000 0.160325
340.000000 0.163693
341.000000 0.167135
342.000000 0.170194
343.000000 0.173313
344.000000 0.176590
345.000000 0.179581
346.000000 0.182177
347.000000 0.184494
348.000000 0.186603
349.000000 0.188367
350.000000 0.189697
351.000000 0.190748
352.000000 0.191229
353.000000 0.191267
354.000000 0.191036
355.000000 0.190747
356.000000 0.190352
357.000000 0.189531
358.000000 0.188560
359.000000 0.187437
360.000000 0.185947
361.000000 0.184504
362.000000 0.183272
363.000000 0.181973
364.000000 0.180473
365.000000 0.178814
366.000000 0.177081
367.000000 0.175210
368.000000 0.173330
369.000000 0.171266
370.000000 0.168699
371.000000 0.165685
372.000000 0.162617
373.000000 0.159869
374.000000 0.156944
375.000000 0.153575
376.000000 0.150113
377.000000 0.146717
378.000000 0.143336
379.000000 0.139912
380.000000 0.136897
381.000000 0.134036
382.000000 0.130962
383.000000 0.128162
384.000000 0.125838
385.000000 0.123540
386.000000 0.121438
387.000000 0.120071
388.000000 0.118783
389.000000 0.117559
390.000000 0.116794
391.000000 0.116205
392.000000 0.115976
393.000000 0.116081
394.000000 0.116336
395.000000 0.116623
396.000000 0.116792
397.000000 0.117283
398.000000 0.118176
399.000000 0.119166
400.000000 0.120124
401.000000 0.120965
402.000000 0.121778
403.000000 0.122682
404.000000 0.123617
405.000000 0.124480
406.000000 0.125361
407.000000 0.126337
408.000000 0.127306
409.000000 0.127993
410.000000 0.128668
411.000000 0.129661
412.000000 0.130761
413.000000 0.131860
414.000000 0.133087
415.000000 0.134627
416.000000 0.136664
417.000000 0.139142
418.000000 0.142029
419.000000 0.145278
420.000000 0.149188
421.000000 0.153838
422.000000 0.158704
423.000000 0.164235
424.000000 0.170369
425.000000 0.176376
426.000000 0.182406
427.000000 0.188062
428.000000 0.192895
429.000000 0.197198
430.000000 0.200597
431.000000 0.202696
432.000000 0.203612
433.000000 0.203155
434.000000 0.201294
435.000000 0.197904
436.000000 0.193187
437.000000 0.187453
438.000000 0.180852
439.000000 0.173874
440.000000 0.166444
441.000000 0.159060
442.000000 0.152016
443.000000 0.144738
444.000000 0.137539
445.000000 0.130899
446.000000 0.124407
447.000000 0.118178
448.000000 0.112334
449.000000 0.106917
450.000000 0.102196
451.000000 0.097694
452.000000 0.093371
453.000000 0.089530
454.000000 0.085936
455.000000 0.082530
456.000000 0.079367
457.000000 0.076403
458.000000 0.073653
459.000000 0.070959
460.000000 0.068463
461.000000 0.066278
462.000000 0.064115
463.000000 0.061917
464.000000 0.059725
465.000000 0.057539
466.000000 0.055539
467.000000 0.053610
468.000000 0.051721
469.000000 0.049922
470.000000 0.048205
471.000000 0.046628
472.000000 0.045060
473.000000 0.043506
474.000000 0.041997
475.000000 0.040537
476.000000 0.039240
477.000000 0.038044
478.000000 0.036882
479.000000 0.035660
480.000000 0.034526
481.000000 0.033550
482.000000 0.032618
483.000000 0.031794
484.000000 0.030940
485.000000 0.030046
486.000000 0.029247
487.000000 0.028498
488.000000 0.027688
489.000000 0.027008
490.000000 0.026369
491.000000 0.025504
492.000000 0.025020
493.000000 0.024739
494.000000 0.024676
495.000000 0.024590
496.000000 0.024156
497.000000 0.023604
498.000000 0.023127
499.000000 0.022718
500.000000 0.022424
501.000000 0.022240
502.000000 0.022207
503.000000 0.022410
504.000000 0.022405
505.000000 0.022540
506.000000 0.022648
507.000000 0.022770
508.000000 0.022955
509.000000 0.022952
510.000000 0.022811
511.000000 0.022997
512.000000 0.023216
513.000000 0.023275
514.000000 0.023349
515.000000 0.023444
516.000000 0.023455
517.000000 0.023270
518.000000 0.023383
519.000000 0.023459
520.000000 0.023527
521.000000 0.023850
522.000000 0.024427
523.000000 0.024791
524.000000 0.025155
525.000000 0.025918
526.000000 0.026365
527.000000 0.026726
528.000000 0.027056
529.000000 0.027282
530.000000 0.027804
531.000000 0.028556
532.000000 0.029129
533.000000 0.029829
534.000000 0.030872
535.000000 0.031811
536.000000 0.032508
537.000000 0.033051
538.000000 0.033982
539.000000 0.035368
540.000000 0.036798
541.000000 0.038246
542.000000 0.039754
543.000000 0.041127
544.000000 0.042535
545.000000 0.044024
546.000000 0.045512
547.000000 0.046963
548.000000 0.048186
549.000000 0.049453
550.000000 0.050710
551.000000 0.051955
552.000000 0.053313
553.000000 0.054609
554.000000 0.055865
555.000000 0.056996
556.000000 0.058014
557.000000 0.059016
558.000000 0.060227
559.000000 0.061534
560.000000 0.062730
561.000000 0.064008
562.000000 0.065244
563.000000 0.066391
564.000000 0.067637
565.000000 0.068994
566.000000 0.070389
567.000000 0.071926
568.000000 0.073589
569.000000 0.075329
570.000000 0.077386
571.000000 0.079683
572.000000 0.081947
573.000000 0.084299
574.000000 0.086868
575.000000 0.089601
576.000000 0.092567
577.000000 0.095430
578.000000 0.098510
579.000000 0.102023
580.000000 0.105755
581.000000 0.109648
582.000000 0.113485
583.000000 0.117538
584.000000 0.121727
585.000000 0.125954
586.000000 0.130391
587.000000 0.134767
588.000000 0.139095
589.000000 0.143572
590.000000 0.148079
591.000000 0.152834
592.000000 0.157427
593.000000 0.161695
594.000000 0.165937
595.000000 0.170331
596.000000 0.174946
597.000000 0.179494
598.000000 0.184150
599.000000 0.189140
600.000000 0.194047
601.000000 0.198917
602.000000 0.203862
603.000000 0.208823
604.000000 0.214086
605.000000 0.219382
606.000000 0.224816
607.000000 0.230486
608.000000 0.236014
609.000000 0.241886
610.000000 0.248488
611.000000 0.255281
612.000000 0.262338
613.000000 0.269736
614.000000 0.277557
615.000000 0.286137
616.000000 0.294857
617.000000 0.304026
618.000000 0.314180
619.000000 0.324574
620.000000 0.335393
621.000000 0.347166
622.000000 0.359227
623.000000 0.371648
624.000000 0.385043
625.000000 0.398728
626.000000 0.412992
627.000000 0.428422
628.000000 0.443872
629.000000 0.459663
630.000000 0.476557
631.000000 0.493902
632.000000 0.510906
633.000000 0.528205
634.000000 0.546513
635.000000 0.564482
636.000000 0.582268
637.000000 0.600628
638.000000 0.618447
639.000000 0.635760
640.000000 0.653187
641.000000 0.670311
642.000000 0.686011
643.000000 0.700540
644.000000 0.714815
645.000000 0.728076
646.000000 0.740750
647.000000 0.753237
648.000000 0.765165
649.000000 0.776091
650.000000 0.786141
651.000000 0.795681
652.000000 0.804549
653.000000 0.812550
654.000000 0.819919
655.000000 0.827024
656.000000 0.833900
657.000000 0.840315
658.000000 0.846567
659.000000 0.853148
660.000000 0.859943
661.000000 0.866647
662.000000 0.873667
663.000000 0.881629
664.000000 0.890302
665.000000 0.899152
666.000000 0.907458
667.000000 0.916368
668.000000 0.927503
669.000000 0.940162
670.000000 0.954354
671.000000 0.970609
672.000000 0.988657
673.000000 1.008544
674.000000 1.028948
675.000000 1.050851
676.000000 1.075938
677.000000 1.103352
678.000000 1.132767
679.000000 1.162513
680.000000 1.192915
681.000000 1.226331
682.000000 1.262753
683.000000 1.301682
684.000000 1.341515
685.000000 1.382440
686.000000 1.426366
687.000000 1.472255
688.000000 1.519184
689.000000 1.567124
690.000000 1.614033
691.000000 1.660353
692.000000 1.708669
693.000000 1.757347
694.000000 1.805128
695.000000 1.851617
696.000000 1.894708
697.000000 1.935381
698.000000 1.975233
699.000000 2.012692
700.000000 2.046839
701.000000 2.077626
702.000000 2.102546
703.000000 2.120445
704.000000 2.134447
705.000000 2.144595
706.000000 2.151245
707.000000 2.154114
708.000000 2.151413
709.000000 2.143083
710.000000 2.129908
711.000000 2.111680
712.000000 2.088231
713.000000 2.060360
714.000000 2.027951
715.000000 1.990025
716.000000 1.946319
717.000000 1.897492
718.000000 1.846801
719.000000 1.798264
720.000000 1.749404
721.000000 1.697232
722.000000 1.642639
723.000000 1.586860
724.000000 1.530854
725.000000 1.475434
726.000000 1.420945
727.000000 1.366924
728.000000 1.313070
729.000000 1.259942
730.000000 1.207250
731.000000 1.158387
732.000000 1.111651
733.000000 1.063686
734.000000 1.016011
735.000000 0.969236
736.000000 0.923443
737.000000 0.878785
738.000000 0.835094
739.000000 0.792013
740.000000 0.750228
741.000000 0.710399
742.000000 0.672559
743.000000 0.636499
744.000000 0.601800
745.000000 0.568091
746.000000 0.535588
747.000000 0.504326
748.000000 0.474246
749.000000 0.445480
750.000000 0.418063
751.000000 0.391693
752.000000 0.366097
753.000000 0.341504
754.000000 0.318340
755.000000 0.296549
756.000000 0.275930
757.000000 0.256467
758.000000 0.238149
759.000000 0.220837
760.000000 0.204419
761.000000 0.188921
762.000000 0.174432
763.000000 0.160973
764.000000 0.148343
765.000000 0.136365
766.000000 0.125139
767.000000 0.114744
768.000000 0.105190
769.000000 0.096415
770.000000 0.088294
771.000000 0.080817
772.000000 0.073946
773.000000 0.067616
774.000000 0.061711
775.000000 0.056291
776.000000 0.050996
777.000000 0.045978
778.000000 0.041667
779.000000 0.037857
780.000000 0.034434
781.000000 0.031344
782.000000 0.028536
783.000000 0.025946
784.000000 0.023562
785.000000 0.021360
786.000000 0.019365
787.000000 0.017635
788.000000 0.016007
789.000000 0.014483
790.000000 0.013143
791.000000 0.011944
792.000000 0.010862
793.000000 0.009850
794.000000 0.008989
795.000000 0.008230
796.000000 0.007544
797.000000 0.006867
798.000000 0.006198
799.000000 0.005659
800.000000 0.005177
801.000000 0.004694
802.000000 0.004271
803.000000 0.003961
804.000000 0.003675
805.000000 0.003368
806.000000 0.003094
807.000000 0.002801
808.000000 0.002531
809.000000 0.002341
810.000000 0.002164
811.000000 0.001984
812.000000 0.001852
813.000000 0.001755
814.000000 0.001661
815.000000 0.001578
816.000000 0.001416
817.000000 0.001259
818.000000 0.001179
819.000000 0.001070
820.000000 0.000946
821.000000 0.000818
822.000000 0.000712
823.000000 0.000670
824.000000 0.000613
825.000000 0.000553
826.000000 0.000548
827.000000 0.000505
828.000000 0.000434
829.000000 0.000394
830.000000 0.000357
831.000000 0.000304
832.000000 0.000220
833.000000 0.000172
834.000000 0.000194
835.000000 0.000210
836.000000 0.000161
837.000000 0.000125
838.000000 0.000137
839.000000 0.000120
840.000000 0.000034
841.000000 -0.000091
842.000000 -0.000149
843.000000 -0.000206
844.000000 -0.000284
845.000000 -0.000331
846.000000 -0.000366
847.000000 -0.000387
848.000000 -0.000393
849.000000 -0.000381
850.000000 -0.000378
851.000000 -0.000417
852.000000 -0.000513
853.000000 -0.000542
854.000000 -0.000550
855.000000 -0.000599
856.000000 -0.000600
857.000000 -0.000611
858.000000 -0.000629
859.000000 -0.000638
860.000000 -0.000639
861.000000 -0.000658
862.000000 -0.000677
863.000000 -0.000658
864.000000 -0.000641
865.000000 -0.000638
866.000000 -0.000616
867.000000 -0.000616
868.000000 -0.000629
869.000000 -0.000636
870.000000 -0.000657
871.000000 -0.000710
872.000000 -0.000750
873.000000 -0.000741
874.000000 -0.000729
875.000000 -0.000689
876.000000 -0.000661
877.000000 -0.000666
878.000000 -0.000676
879.000000 -0.000704
880.000000 -0.000739
881.000000 -0.000744
882.000000 -0.000744
883.000000 -0.000755
884.000000 -0.000750
885.000000 -0.000756
886.000000 -0.000761
887.000000 -0.000763
888.000000 -0.000768
889.000000 -0.000779
890.000000 -0.000806
891.000000 -0.000812
892.000000 -0.000842
893.000000 -0.000859
894.000000 -0.000853
895.000000 -0.000884
896.000000 -0.000894
897.000000 -0.000882
898.000000 -0.000890
899.000000 -0.000895
900.000000 -0.000894
