315.000000 0.150171
316.000000 0.151503
317.000000 0.153774
318.000000 0.155920
319.000000 0.157475
320.000000 0.159504
321.000000 0.161303
322.000000 0.162698
323.000000 0.164223
324.000000 0.166353
325.000000 0.168768
326.000000 0.170902
327.000000 0.172942
328.000000 0.175095
329.000000 0.177671
330.000000 0.179999
331.000000 0.181830
332.000000 0.183778
333.000000 0.185926
334.000000 0.188078
335.000000 0.190442
336.000000 0.193226
337.000000 0.195695
338.000000 0.197953
339.000000 0.200160
340.000000 0.202295
341.000000 0.204548
342.000000 0.206662
343.000000 0.208831
344.000000 0.210945
345.000000 0.212343
346.000000 0.213536
347.000000 0.215154
348.000000 0.216618
349.000000 0.217403
350.000000 0.217717
351.000000 0.217768
352.000000 0.217458
353.000000 0.216867
354.000000 0.216206
355.000000 0.215479
356.000000 0.214494
357.000000 0.213264
358.000000 0.212225
359.000000 0.211180
360.000000 0.209897
361.000000 0.208721
362.000000 0.207728
363.000000 0.206567
364.000000 0.205282
365.000000 0.204089
366.000000 0.202774
367.000000 0.201296
368.000000 0.199843
369.000000 0.198246
370.000000 0.196200
371.000000 0.194083
372.000000 0.191729
373.000000 0.189505
374.000000 0.187658
375.000000 0.185896
376.000000 0.183888
377.000000 0.181704
378.000000 0.179256
379.000000 0.176449
380.000000 0.174648
381.000000 0.173568
382.000000 0.172074
383.000000 0.170064
384.000000 0.168489
385.000000 0.167343
386.000000 0.166210
387.000000 0.165321
388.000000 0.164649
389.000000 0.164235
390.000000 0.163709
391.000000 0.163396
392.000000 0.163754
393.000000 0.164148
394.000000 0.164418
395.000000 0.164923
396.000000 0.165782
397.000000 0.166846
398.000000 0.167866
399.000000 0.168926
400.000000 0.169989
401.000000 0.171027
402.000000 0.172063
403.000000 0.173188
404.000000 0.174312
405.000000 0.175375
406.000000 0.176482
407.000000 0.177486
408.000000 0.178355
409.000000 0.179126
410.000000 0.180163
411.000000 0.181301
412.000000 0.182246
413.000000 0.183175
414.000000 0.184150
415.000000 0.185495
416.000000 0.187243
417.000000 0.189008
418.000000 0.190837
419.000000 0.193061
420.000000 0.195863
421.000000 0.199016
422.000000 0.202136
423.000000 0.205568
424.000000 0.209249
425.000000 0.212626
426.000000 0.215914
427.000000 0.218780
428.000000 0.220955
429.000000 0.222582
430.000000 0.223428
431.000000 0.223391
432.000000 0.222310
433.000000 0.220179
434.000000 0.217213
435.000000 0.213347
436.000000 0.208609
437.000000 0.203145
438.000000 0.197225
439.000000 0.191168
440.000000 0.184846
441.000000 0.178590
442.000000 0.172608
443.000000 0.166444
444.000000 0.160330
445.000000 0.154639
446.000000 0.149035
447.000000 0.143679
448.000000 0.138584
449.000000 0.133810
450.000000 0.129617
451.000000 0.125595
452.000000 0.121661
453.000000 0.118063
454.000000 0.114660
455.000000 0.111402
456.000000 0.108259
457.000000 0.105290
458.000000 0.102626
459.000000 0.100038
460.000000 0.097581
461.000000 0.095314
462.000000 0.093098
463.000000 0.090912
464.000000 0.088702
465.000000 0.086643
466.000000 0.084929
467.000000 0.083296
468.000000 0.081622
469.000000 0.079954
470.000000 0.078330
471.000000 0.076794
472.000000 0.075393
473.000000 0.074114
474.000000 0.072842
475.000000 0.071593
476.000000 0.070451
477.000000 0.069468
478.000000 0.068602
479.000000 0.067699
480.000000 0.066873
481.000000 0.066208
482.000000 0.065607
483.000000 0.065082
484.000000 0.064647
485.000000 0.064284
486.000000 0.064019
487.000000 0.063966
488.000000 0.064047
489.000000 0.063689
490.000000 0.063207
491.000000 0.062958
492.000000 0.063296
493.000000 0.064191
494.000000 0.065150
495.000000 0.065842
496.000000 0.066477
497.000000 0.067178
498.000000 0.067986
499.000000 0.068742
500.000000 0.069510
501.000000 0.070547
502.000000 0.071782
503.000000 0.073290
504.000000 0.074857
505.000000 0.076493
506.000000 0.077866
507.000000 0.079343
508.000000 0.080677
509.000000 0.081887
510.000000 0.083447
511.000000 0.084902
512.000000 0.086150
513.000000 0.087477
514.000000 0.088541
515.000000 0.089454
516.000000 0.090411
517.000000 0.091027
518.000000 0.091527
519.000000 0.092342
520.000000 0.093470
521.000000 0.094788
522.000000 0.096368
523.000000 0.097484
524.000000 0.098035
525.000000 0.098758
526.000000 0.099520
527.000000 0.100018
528.000000 0.100689
529.000000 0.101593
530.000000 0.102606
531.000000 0.103907
532.000000 0.105226
533.000000 0.106927
534.000000 0.108968
535.000000 0.111172
536.000000 0.113815
537.000000 0.116744
538.000000 0.119822
539.000000 0.122908
540.000000 0.126324
541.000000 0.130297
542.000000 0.134184
543.000000 0.138357
544.000000 0.142851
545.000000 0.146841
546.000000 0.150488
547.000000 0.154091
548.000000 0.157261
549.000000 0.159910
550.000000 0.161867
551.000000 0.163099
552.000000 0.164042
553.000000 0.164289
554.000000 0.163905
555.000000 0.163042
556.000000 0.161753
557.000000 0.160126
558.000000 0.158073
559.000000 0.155592
560.000000 0.152591
561.000000 0.149304
562.000000 0.145635
563.000000 0.141692
564.000000 0.137598
565.000000 0.133454
566.000000 0.129326
567.000000 0.125180
568.000000 0.121425
569.000000 0.117853
570.000000 0.114592
571.000000 0.111753
572.000000 0.109211
573.000000 0.106925
574.000000 0.104816
575.000000 0.103248
576.000000 0.102184
577.000000 0.101147
578.000000 0.100456
579.000000 0.100189
580.000000 0.100249
581.000000 0.100591
582.000000 0.100938
583.000000 0.101703
584.000000 0.102888
585.000000 0.104148
586.000000 0.105446
587.000000 0.106833
588.000000 0.108285
589.000000 0.109979
590.000000 0.111865
591.000000 0.113920
592.000000 0.115982
593.000000 0.117855
594.000000 0.119843
595.000000 0.122033
596.000000 0.124239
597.000000 0.126428
598.000000 0.128731
599.000000 0.131157
600.000000 0.133619
601.000000 0.136157
602.000000 0.138744
603.000000 0.141402
604.000000 0.144269
605.000000 0.147193
606.000000 0.150234
607.000000 0.153414
608.000000 0.156625
609.000000 0.159980
610.000000 0.163542
611.000000 0.167193
612.000000 0.171145
613.000000 0.175423
614.000000 0.180007
615.000000 0.185050
616.000000 0.190137
617.000000 0.195487
618.000000 0.201378
619.000000 0.207362
620.000000 0.213765
621.000000 0.220819
622.000000 0.227974
623.000000 0.235360
624.000000 0.243356
625.000000 0.251554
626.000000 0.260089
627.000000 0.269321
628.000000 0.278479
629.000000 0.287807
630.000000 0.297772
631.000000 0.307906
632.000000 0.317940
633.000000 0.328218
634.000000 0.339015
635.000000 0.349672
636.000000 0.360289
637.000000 0.371206
638.000000 0.381762
639.000000 0.392026
640.000000 0.402379
641.000000 0.412502
642.000000 0.421857
643.000000 0.430685
644.000000 0.439433
645.000000 0.447280
646.000000 0.454367
647.000000 0.461424
648.000000 0.468301
649.000000 0.474618
650.000000 0.480483
651.000000 0.486124
652.000000 0.491388
653.000000 0.496053
654.000000 0.500284
655.000000 0.504449
656.000000 0.508550
657.000000 0.512440
658.000000 0.516245
659.000000 0.520224
660.000000 0.524349
661.000000 0.528427
662.000000 0.532728
663.000000 0.537622
664.000000 0.543038
665.000000 0.548728
666.000000 0.554862
667.000000 0.561703
668.000000 0.569168
669.000000 0.577149
670.000000 0.585969
671.000000 0.596009
672.000000 0.607191
673.000000 0.619508
674.000000 0.632131
675.000000 0.645701
676.000000 0.661231
677.000000 0.678132
678.000000 0.696243
679.000000 0.714783
680.000000 0.734070
681.000000 0.755066
682.000000 0.777489
683.000000 0.801239
684.000000 0.825361
685.000000 0.850207
686.000000 0.876960
687.000000 0.905008
688.000000 0.933713
689.000000 0.962805
690.000000 0.991234
691.000000 1.019513
692.000000 1.048732
693.000000 1.077996
694.000000 1.106823
695.000000 1.134903
696.000000 1.161097
697.000000 1.185719
698.000000 1.209671
699.000000 1.232035
700.000000 1.252481
701.000000 1.270588
702.000000 1.285701
703.000000 1.297888
704.000000 1.307188
705.000000 1.313638
706.000000 1.317549
707.000000 1.318364
708.000000 1.315891
709.000000 1.310169
710.000000 1.301762
711.000000 1.290471
712.000000 1.275907
713.000000 1.258399
714.000000 1.238085
715.000000 1.215393
716.000000 1.190329
717.000000 1.162907
718.000000 1.133109
719.000000 1.102964
720.000000 1.072478
721.000000 1.040261
722.000000 1.007042
723.000000 0.973425
724.000000 0.939691
725.000000 0.906053
726.000000 0.872733
727.000000 0.839570
728.000000 0.806339
729.000000 0.773425
730.000000 0.741050
731.000000 0.710992
732.000000 0.682092
733.000000 0.652516
734.000000 0.623227
735.000000 0.594534
736.000000 0.566538
737.000000 0.539390
738.000000 0.512938
739.000000 0.486987
740.000000 0.461703
741.000000 0.437429
742.000000 0.414280
743.000000 0.392048
744.000000 0.370651
745.000000 0.349920
746.000000 0.329900
747.000000 0.310652
748.000000 0.292224
749.000000 0.274588
750.000000 0.257736
751.000000 0.241623
752.000000 0.226167
753.000000 0.211408
754.000000 0.197334
755.000000 0.183936
756.000000 0.171243
757.000000 0.159240
758.000000 0.147932
759.000000 0.137286
760.000000 0.127209
761.000000 0.117730
762.000000 0.108869
763.000000 0.100586
764.000000 0.092840
765.000000 0.085560
766.000000 0.078742
767.000000 0.072408
768.000000 0.066572
769.000000 0.061197
770.000000 0.056230
771.000000 0.051658
772.000000 0.047442
773.000000 0.043620
774.000000 0.040104
775.000000 0.036886
776.000000 0.033754
777.000000 0.030766
778.000000 0.028197
779.000000 0.025928
780.000000 0.023842
781.000000 0.021940
782.000000 0.020303
783.000000 0.018798
784.000000 0.017383
785.000000 0.016117
786.000000 0.014974
787.000000 0.013977
788.000000 0.013046
789.000000 0.012146
790.000000 0.011349
791.000000 0.010660
792.000000 0.010058
793.000000 0.009471
794.000000 0.008968
795.000000 0.008536
796.000000 0.008128
797.000000 0.007750
798.000000 0.007381
799.000000 0.007115
800.000000 0.006908
801.000000 0.006667
802.000000 0.006419
803.000000 0.006211
804.000000 0.006047
805.000000 0.005873
806.000000 0.005705
807.000000 0.005528
808.000000 0.005317
809.000000 0.005134
810.000000 0.005009
811.000000 0.004907
812.000000 0.004815
813.000000 0.004719
814.000000 0.004619
815.000000 0.004559
816.000000 0.004442
817.000000 0.004285
818.000000 0.004174
819.000000 0.004044
820.000000 0.003898
821.000000 0.003734
822.000000 0.003575
823.000000 0.003459
824.000000 0.003318
825.000000 0.003215
826.000000 0.003174
827.000000 0.003126
828.000000 0.003043
829.000000 0.002892
830.000000 0.002732
831.000000 0.002585
832.000000 0.002425
833.000000 0.002297
834.000000 0.002200
835.000000 0.002099
836.000000 0.001994
837.000000 0.001888
838.000000 0.001822
839.000000 0.001768
840.000000 0.001656
841.000000 0.001538
842.000000 0.001456
843.000000 0.001368
844.000000 0.001295
845.000000 0.001248
846.000000 0.001164
847.000000 0.001040
848.000000 0.000948
849.000000 0.000917
850.000000 0.000873
851.000000 0.000793
852.000000 0.000671
853.000000 0.000587
854.000000 0.000559
855.000000 0.000512
856.000000 0.000466
857.000000 0.000414
858.000000 0.000372
859.000000 0.000331
860.000000 0.000322
861.000000 0.000319
862.000000 0.000276
863.000000 0.000267
864.000000 0.000302
865.000000 0.000289
866.000000 0.000260
867.000000 0.000232
868.000000 0.000191
869.000000 0.000161
870.000000 0.000152
871.000000 0.000091
872.000000 0.000008
873.000000 -0.000032
874.000000 -0.000053
875.000000 -0.000046
876.000000 -0.000064
877.000000 -0.000095
878.000000 -0.000121
879.000000 -0.000146
880.000000 -0.000191
881.000000 -0.000211
882.000000 -0.000211
883.000000 -0.000206
884.000000 -0.000218
885.000000 -0.000275
886.000000 -0.000305
887.000000 -0.000348
888.000000 -0.000389
889.000000 -0.000381
890.000000 -0.000365
891.000000 -0.000364
892.000000 -0.000386
893.000000 -0.000402
894.000000 -0.000406
895.000000 -0.000427
896.000000 -0.000412
897.000000 -0.000397
898.000000 -0.000425
899.000000 -0.000428
900.000000 -0.000419
