315.000000 0.144158
316.000000 0.144165
317.000000 0.144473
318.000000 0.145334
319.000000 0.146469
320.000000 0.146905
321.000000 0.147070
322.000000 0.147327
323.000000 0.147606
324.000000 0.147925
325.000000 0.147986
326.000000 0.148131
327.000000 0.148628
328.000000 0.149240
329.000000 0.149278
330.000000 0.148888
331.000000 0.149061
332.000000 0.149764
333.000000 0.150181
334.000000 0.150230
335.000000 0.150133
336.000000 0.150296
337.000000 0.150887
338.000000 0.151336
339.000000 0.151546
340.000000 0.151883
341.000000 0.151968
342.000000 0.151890
343.000000 0.152238
344.000000 0.152868
345.000000 0.153468
346.000000 0.154080
347.000000 0.154928
348.000000 0.155878
349.000000 0.156713
350.000000 0.157420
351.000000 0.158164
352.000000 0.159011
353.000000 0.159802
354.000000 0.160727
355.000000 0.161927
356.000000 0.163174
357.000000 0.164257
358.000000 0.165271
359.000000 0.166553
360.000000 0.167940
361.000000 0.169270
362.000000 0.170771
363.000000 0.172428
364.000000 0.174164
365.000000 0.176057
366.000000 0.178025
367.000000 0.180184
368.000000 0.182408
369.000000 0.184575
370.000000 0.186660
371.000000 0.188860
372.000000 0.191559
373.000000 0.194246
374.000000 0.196736
375.000000 0.198933
376.000000 0.200705
377.000000 0.202701
378.000000 0.205287
379.000000 0.208006
380.000000 0.210766
381.000000 0.213548
382.000000 0.216074
383.000000 0.218711
384.000000 0.221501
385.000000 0.224461
386.000000 0.227597
387.000000 0.230335
388.000000 0.232784
389.000000 0.235586
390.000000 0.238607
391.000000 0.241653
392.000000 0.244857
393.000000 0.248004
394.000000 0.250971
395.000000 0.254056
396.000000 0.257030
397.000000 0.259738
398.000000 0.262697
399.000000 0.265788
400.000000 0.268641
401.000000 0.271361
402.000000 0.274012
403.000000 0.276734
404.000000 0.279402
405.000000 0.282001
406.000000 0.284571
407.000000 0.286892
408.000000 0.289366
409.000000 0.291840
410.000000 0.294047
411.000000 0.296331
412.000000 0.298579
413.000000 0.300472
414.000000 0.302276
415.000000 0.304068
416.000000 0.305897
417.000000 0.307794
418.000000 0.309336
419.000000 0.310648
420.000000 0.312005
421.000000 0.313319
422.000000 0.314127
423.000000 0.314566
424.000000 0.315024
425.000000 0.315177
426.000000 0.315220
427.000000 0.315208
428.000000 0.314960
429.000000 0.314636
430.000000 0.314299
431.000000 0.313859
432.000000 0.313184
433.000000 0.312421
434.000000 0.311686
435.000000 0.310780
436.000000 0.309780
437.000000 0.308660
438.000000 0.307370
439.000000 0.306099
440.000000 0.304702
441.000000 0.303160
442.000000 0.301544
443.000000 0.299733
444.000000 0.297758
445.000000 0.295774
446.000000 0.293650
447.000000 0.291351
448.000000 0.288885
449.000000 0.286252
450.000000 0.283677
451.000000 0.280979
452.000000 0.278051
453.000000 0.275190
454.000000 0.272202
455.000000 0.269087
456.000000 0.265918
457.000000 0.262612
458.000000 0.259411
459.000000 0.256174
460.000000 0.253055
461.000000 0.250155
462.000000 0.247179
463.000000 0.244220
464.000000 0.241324
465.000000 0.238550
466.000000 0.236049
467.000000 0.233663
468.000000 0.231403
469.000000 0.229264
470.000000 0.227212
471.000000 0.225399
472.000000 0.223741
473.000000 0.222210
474.000000 0.220784
475.000000 0.219524
476.000000 0.218445
477.000000 0.217494
478.000000 0.216648
479.000000 0.215907
480.000000 0.215293
481.000000 0.214816
482.000000 0.214522
483.000000 0.214310
484.000000 0.214135
485.000000 0.214085
486.000000 0.214122
487.000000 0.214172
488.000000 0.214314
489.000000 0.214680
490.000000 0.215369
491.000000 0.215775
492.000000 0.215843
493.000000 0.216397
494.000000 0.216982
495.000000 0.217367
496.000000 0.217948
497.000000 0.218594
498.000000 0.219195
499.000000 0.219520
500.000000 0.219606
501.000000 0.219756
502.000000 0.220445
503.000000 0.221562
504.000000 0.222320
505.000000 0.222731
506.000000 0.223000
507.000000 0.223296
508.000000 0.223975
509.000000 0.224731
510.000000 0.225095
511.000000 0.225692
512.000000 0.226543
513.000000 0.227445
514.000000 0.228393
515.000000 0.229047
516.000000 0.229408
517.000000 0.229792
518.000000 0.230356
519.000000 0.230773
520.000000 0.231020
521.000000 0.231366
522.000000 0.232037
523.000000 0.232681
524.000000 0.232984
525.000000 0.233184
526.000000 0.233401
527.000000 0.233523
528.000000 0.233557
529.000000 0.233670
530.000000 0.233881
531.000000 0.234313
532.000000 0.234706
533.000000 0.234989
534.000000 0.235442
535.000000 0.235152
536.000000 0.234358
537.000000 0.234046
538.000000 0.234078
539.000000 0.234038
540.000000 0.233600
541.000000 0.232998
542.000000 0.232697
543.000000 0.232163
544.000000 0.231528
545.000000 0.231018
546.000000 0.230276
547.000000 0.229546
548.000000 0.228950
549.000000 0.228356
550.000000 0.227620
551.000000 0.226689
552.000000 0.225642
553.000000 0.224733
554.000000 0.223916
555.000000 0.222930
556.000000 0.221860
557.000000 0.220797
558.000000 0.219428
559.000000 0.218081
560.000000 0.216988
561.000000 0.215827
562.000000 0.214440
563.000000 0.213087
564.000000 0.211808
565.000000 0.210473
566.000000 0.209002
567.000000 0.207430
568.000000 0.205963
569.000000 0.204480
570.000000 0.202940
571.000000 0.201477
572.000000 0.199923
573.000000 0.198250
574.000000 0.196442
575.000000 0.194600
576.000000 0.192970
577.000000 0.191432
578.000000 0.189735
579.000000 0.187896
580.000000 0.186064
581.000000 0.184270
582.000000 0.182550
583.000000 0.180809
584.000000 0.178919
585.000000 0.177138
586.000000 0.175483
587.000000 0.173758
588.000000 0.171987
589.000000 0.170199
590.000000 0.168484
591.000000 0.166743
592.000000 0.165119
593.000000 0.163534
594.000000 0.161816
595.000000 0.160160
596.000000 0.158572
597.000000 0.157036
598.000000 0.155467
599.000000 0.153855
600.000000 0.152416
601.000000 0.150958
602.000000 0.149484
603.000000 0.148109
604.000000 0.146794
605.000000 0.145663
606.000000 0.144635
607.000000 0.143523
608.000000 0.142451
609.000000 0.141500
610.000000 0.140554
611.000000 0.139641
612.000000 0.138821
613.000000 0.138104
614.000000 0.137434
615.000000 0.136830
616.000000 0.136311
617.000000 0.135866
618.000000 0.135488
619.000000 0.135141
620.000000 0.134861
621.000000 0.134640
622.000000 0.134468
623.000000 0.134408
624.000000 0.134509
625.000000 0.134612
626.000000 0.134705
627.000000 0.134753
628.000000 0.134774
629.000000 0.134920
630.000000 0.135139
631.000000 0.135341
632.000000 0.135521
633.000000 0.135788
634.000000 0.136055
635.000000 0.136258
636.000000 0.136423
637.000000 0.136514
638.000000 0.136567
639.000000 0.136665
640.000000 0.136724
641.000000 0.136726
642.000000 0.136736
643.000000 0.136720
644.000000 0.136658
645.000000 0.136553
646.000000 0.136394
647.000000 0.136227
648.000000 0.136130
649.000000 0.136046
650.000000 0.135943
651.000000 0.135864
652.000000 0.135768
653.000000 0.135662
654.000000 0.135609
655.000000 0.135644
656.000000 0.135719
657.000000 0.135779
658.000000 0.135851
659.000000 0.135973
660.000000 0.136178
661.000000 0.136419
662.000000 0.136676
663.000000 0.136930
664.000000 0.137192
665.000000 0.137443
666.000000 0.137661
667.000000 0.137968
668.000000 0.138351
669.000000 0.138684
670.000000 0.138961
671.000000 0.139266
672.000000 0.139589
673.000000 0.139884
674.000000 0.140147
675.000000 0.140391
676.000000 0.140656
677.000000 0.140948
678.000000 0.141232
679.000000 0.141482
680.000000 0.141708
681.000000 0.141934
682.000000 0.142190
683.000000 0.142485
684.000000 0.142778
685.000000 0.143072
686.000000 0.143412
687.000000 0.143757
688.000000 0.144082
689.000000 0.144478
690.000000 0.144945
691.000000 0.145448
692.000000 0.145993
693.000000 0.146572
694.000000 0.147211
695.000000 0.147935
696.000000 0.148730
697.000000 0.149590
698.000000 0.150491
699.000000 0.151473
700.000000 0.152581
701.000000 0.153759
702.000000 0.154953
703.000000 0.156201
704.000000 0.157555
705.000000 0.158991
706.000000 0.160497
707.000000 0.162103
708.000000 0.163752
709.000000 0.165398
710.000000 0.167032
711.000000 0.168735
712.000000 0.170547
713.000000 0.172363
714.000000 0.174147
715.000000 0.175922
716.000000 0.177705
717.000000 0.179468
718.000000 0.181231
719.000000 0.182898
720.000000 0.184453
721.000000 0.186015
722.000000 0.187524
723.000000 0.188896
724.000000 0.190179
725.000000 0.191354
726.000000 0.192374
727.000000 0.193259
728.000000 0.194028
729.000000 0.194631
730.000000 0.195001
731.000000 0.195175
732.000000 0.195182
733.000000 0.194990
734.000000 0.194595
735.000000 0.194008
736.000000 0.193209
737.000000 0.192173
738.000000 0.190860
739.000000 0.189244
740.000000 0.187397
741.000000 0.185356
742.000000 0.183120
743.000000 0.180681
744.000000 0.178071
745.000000 0.175309
746.000000 0.172346
747.000000 0.169234
748.000000 0.165973
749.000000 0.162586
750.000000 0.159071
751.000000 0.155471
752.000000 0.151842
753.000000 0.148108
754.000000 0.144288
755.000000 0.140455
756.000000 0.136623
757.000000 0.132794
758.000000 0.129032
759.000000 0.125278
760.000000 0.121507
761.000000 0.117798
762.000000 0.114224
763.000000 0.110774
764.000000 0.107343
765.000000 0.103976
766.000000 0.100721
767.000000 0.097499
768.000000 0.094364
769.000000 0.091355
770.000000 0.088462
771.000000 0.085694
772.000000 0.083031
773.000000 0.080456
774.000000 0.077930
775.000000 0.075488
776.000000 0.073029
777.000000 0.070666
778.000000 0.068500
779.000000 0.066362
780.000000 0.064267
781.000000 0.062277
782.000000 0.060377
783.000000 0.058579
784.000000 0.056864
785.000000 0.055130
786.000000 0.053440
787.000000 0.051820
788.000000 0.050176
789.000000 0.048621
790.000000 0.047183
791.000000 0.045791
792.000000 0.044419
793.000000 0.043067
794.000000 0.041714
795.000000 0.040427
796.000000 0.039199
797.000000 0.037917
798.000000 0.036702
799.000000 0.035547
800.000000 0.034412
801.000000 0.033363
802.000000 0.032352
803.000000 0.031345
804.000000 0.030275
805.000000 0.029201
806.000000 0.028255
807.000000 0.027370
808.000000 0.026506
809.000000 0.025680
810.000000 0.024872
811.000000 0.024089
812.000000 0.023414
813.000000 0.022775
814.000000 0.022094
815.000000 0.021425
816.000000 0.020738
817.000000 0.020051
818.000000 0.019438
819.000000 0.018879
820.000000 0.018305
821.000000 0.017742
822.000000 0.017254
823.000000 0.016787
824.000000 0.016359
825.000000 0.015924
826.000000 0.015482
827.000000 0.015043
828.000000 0.014565
829.000000 0.014102
830.000000 0.013676
831.000000 0.013326
832.000000 0.013005
833.000000 0.012678
834.000000 0.012345
835.000000 0.012017
836.000000 0.011664
837.000000 0.011299
838.000000 0.010989
839.000000 0.010729
840.000000 0.010470
841.000000 0.010148
842.000000 0.009820
843.000000 0.009564
844.000000 0.009361
845.000000 0.009155
846.000000 0.008937
847.000000 0.008722
848.000000 0.008504
849.000000 0.008276
850.000000 0.008081
851.000000 0.007887
852.000000 0.007645
853.000000 0.007426
854.000000 0.007255
855.000000 0.007080
856.000000 0.006859
857.000000 0.006671
858.000000 0.006521
859.000000 0.006385
860.000000 0.006298
861.000000 0.006216
862.000000 0.006103
863.000000 0.005977
864.000000 0.005876
865.000000 0.005780
866.000000 0.005642
867.000000 0.005530
868.000000 0.005441
869.000000 0.005347
870.000000 0.005286
871.000000 0.005219
872.000000 0.005105
873.000000 0.004941
874.000000 0.004830
875.000000 0.004796
876.000000 0.004715
877.000000 0.004593
878.000000 0.004513
879.000000 0.004463
880.000000 0.004372
881.000000 0.004277
882.000000 0.004216
883.000000 0.004148
884.000000 0.004049
885.000000 0.003957
886.000000 0.003890
887.000000 0.003801
888.000000 0.003715
889.000000 0.003661
890.000000 0.003610
891.000000 0.003568
892.000000 0.003559
893.000000 0.003514
894.000000 0.003441
895.000000 0.003397
896.000000 0.003324
897.000000 0.003225
898.000000 0.003180
899.000000 0.003168
900.000000 0.003142
901.000000 0.003121
902.000000 0.003076
903.000000 0.003031
904.000000 0.003022
905.000000 0.003001
906.000000 0.002957
907.000000 0.002924
908.000000 0.002889
909.000000 0.002860
910.000000 0.002837
911.000000 0.002789
912.000000 0.002745
913.000000 0.002703
914.000000 0.002653
915.000000 0.002626
916.000000 0.002620
917.000000 0.002594
918.000000 0.002543
919.000000 0.002491
920.000000 0.002349
921.000000 0.002286
922.000000 0.002347
923.000000 0.002326
924.000000 0.002285
925.000000 0.002253
926.000000 0.002213
927.000000 0.002166
928.000000 0.002112
929.000000 0.002052
930.000000 0.002013
931.000000 0.001976
932.000000 0.001958
933.000000 0.001972
934.000000 0.001951
935.000000 0.001904
936.000000 0.001883
937.000000 0.001891
938.000000 0.001905
939.000000 0.001918
940.000000 0.001923
941.000000 0.001895
942.000000 0.001908
943.000000 0.001933
944.000000 0.001922
945.000000 0.001927
946.000000 0.001920
947.000000 0.001899
948.000000 0.001876
949.000000 0.001858
950.000000 0.001849
