315.000000 0.141775
316.000000 0.141448
317.000000 0.141413
318.000000 0.142107
319.000000 0.143271
320.000000 0.143421
321.000000 0.143574
322.000000 0.144424
323.000000 0.145106
324.000000 0.145486
325.000000 0.145152
326.000000 0.145260
327.000000 0.146301
328.000000 0.146905
329.000000 0.147061
330.000000 0.147265
331.000000 0.147680
332.000000 0.148198
333.000000 0.148401
334.000000 0.148368
335.000000 0.148333
336.000000 0.148417
337.000000 0.148699
338.000000 0.149077
339.000000 0.149565
340.000000 0.150077
341.000000 0.150278
342.000000 0.150430
343.000000 0.150894
344.000000 0.151362
345.000000 0.151929
346.000000 0.152735
347.000000 0.153546
348.000000 0.154398
349.000000 0.155277
350.000000 0.156121
351.000000 0.156940
352.000000 0.157935
353.000000 0.159015
354.000000 0.160051
355.000000 0.161223
356.000000 0.162398
357.000000 0.163450
358.000000 0.164741
359.000000 0.166295
360.000000 0.167761
361.000000 0.169178
362.000000 0.170786
363.000000 0.172524
364.000000 0.174285
365.000000 0.176095
366.000000 0.177967
367.000000 0.180096
368.000000 0.182432
369.000000 0.184760
370.000000 0.187074
371.000000 0.189597
372.000000 0.192323
373.000000 0.194364
374.000000 0.196176
375.000000 0.198238
376.000000 0.200109
377.000000 0.202293
378.000000 0.205006
379.000000 0.207868
380.000000 0.210437
381.000000 0.213212
382.000000 0.215956
383.000000 0.218752
384.000000 0.221801
385.000000 0.224902
386.000000 0.227907
387.000000 0.230478
388.000000 0.232962
389.000000 0.235603
390.000000 0.238426
391.000000 0.241203
392.000000 0.244314
393.000000 0.247389
394.000000 0.250254
395.000000 0.253289
396.000000 0.256119
397.000000 0.258735
398.000000 0.261655
399.000000 0.264783
400.000000 0.267723
401.000000 0.270511
402.000000 0.273173
403.000000 0.275950
404.000000 0.278518
405.000000 0.280963
406.000000 0.283659
407.000000 0.286125
408.000000 0.288587
409.000000 0.290961
410.000000 0.292969
411.000000 0.295035
412.000000 0.297225
413.000000 0.299257
414.000000 0.301238
415.000000 0.303264
416.000000 0.305381
417.000000 0.307306
418.000000 0.308729
419.000000 0.309910
420.000000 0.310949
421.000000 0.311871
422.000000 0.312542
423.000000 0.312977
424.000000 0.313368
425.000000 0.313649
426.000000 0.313768
427.000000 0.313739
428.000000 0.313508
429.000000 0.313249
430.000000 0.312851
431.000000 0.312249
432.000000 0.311546
433.000000 0.310834
434.000000 0.310111
435.000000 0.309193
436.000000 0.308241
437.000000 0.307180
438.000000 0.305946
439.000000 0.304658
440.000000 0.303216
441.000000 0.301664
442.000000 0.300035
443.000000 0.298284
444.000000 0.296358
445.000000 0.294350
446.000000 0.292240
447.000000 0.289899
448.000000 0.287419
449.000000 0.284866
450.000000 0.282324
451.000000 0.279652
452.000000 0.276755
453.000000 0.273885
454.000000 0.270907
455.000000 0.267796
456.000000 0.264657
457.000000 0.261445
458.000000 0.258312
459.000000 0.255076
460.000000 0.251923
461.000000 0.249013
462.000000 0.246014
463.000000 0.243071
464.000000 0.240209
465.000000 0.237430
466.000000 0.234989
467.000000 0.232657
468.000000 0.230385
469.000000 0.228280
470.000000 0.226269
471.000000 0.224465
472.000000 0.222818
473.000000 0.221322
474.000000 0.219925
475.000000 0.218562
476.000000 0.217365
477.000000 0.216388
478.000000 0.215581
479.000000 0.214820
480.000000 0.214161
481.000000 0.213676
482.000000 0.213354
483.000000 0.213108
484.000000 0.212920
485.000000 0.212842
486.000000 0.212827
487.000000 0.212822
488.000000 0.212846
489.000000 0.212703
490.000000 0.212794
491.000000 0.213091
492.000000 0.213096
493.000000 0.213602
494.000000 0.214465
495.000000 0.214892
496.000000 0.215184
497.000000 0.215616
498.000000 0.215981
499.000000 0.216400
500.000000 0.217074
501.000000 0.217716
502.000000 0.218291
503.000000 0.219114
504.000000 0.219923
505.000000 0.220355
506.000000 0.220477
507.000000 0.220611
508.000000 0.221157
509.000000 0.221755
510.000000 0.222222
511.000000 0.222849
512.000000 0.223518
513.000000 0.224398
514.000000 0.225168
515.000000 0.225535
516.000000 0.225842
517.000000 0.226147
518.000000 0.226595
519.000000 0.227134
520.000000 0.227516
521.000000 0.227894
522.000000 0.228487
523.000000 0.229189
524.000000 0.229504
525.000000 0.229677
526.000000 0.229805
527.000000 0.229802
528.000000 0.230050
529.000000 0.230366
530.000000 0.230723
531.000000 0.231068
532.000000 0.231248
533.000000 0.231431
534.000000 0.231717
535.000000 0.231514
536.000000 0.231061
537.000000 0.230883
538.000000 0.230600
539.000000 0.230369
540.000000 0.230075
541.000000 0.229625
542.000000 0.229524
543.000000 0.229289
544.000000 0.228914
545.000000 0.228605
546.000000 0.228020
547.000000 0.227362
548.000000 0.226707
549.000000 0.225879
550.000000 0.224927
551.000000 0.223921
552.000000 0.222855
553.000000 0.221900
554.000000 0.221096
555.000000 0.220187
556.000000 0.219047
557.000000 0.217984
558.000000 0.216874
559.000000 0.215781
560.000000 0.214819
561.000000 0.213673
562.000000 0.212315
563.000000 0.210965
564.000000 0.209657
565.000000 0.208480
566.000000 0.207205
567.000000 0.205700
568.000000 0.204199
569.000000 0.202759
570.000000 0.201336
571.000000 0.199829
572.000000 0.198272
573.000000 0.196702
574.000000 0.194969
575.000000 0.193384
576.000000 0.191964
577.000000 0.190339
578.000000 0.188553
579.000000 0.186793
580.000000 0.185059
581.000000 0.183302
582.000000 0.181633
583.000000 0.179905
584.000000 0.178161
585.000000 0.176434
586.000000 0.174625
587.000000 0.172814
588.000000 0.171109
589.000000 0.169451
590.000000 0.167838
591.000000 0.166165
592.000000 0.164643
593.000000 0.163186
594.000000 0.161530
595.000000 0.159900
596.000000 0.158356
597.000000 0.156798
598.000000 0.155182
599.000000 0.153629
600.000000 0.152255
601.000000 0.150935
602.000000 0.149645
603.000000 0.148372
604.000000 0.147086
605.000000 0.145945
606.000000 0.144867
607.000000 0.143772
608.000000 0.142728
609.000000 0.141779
610.000000 0.140915
611.000000 0.140115
612.000000 0.139364
613.000000 0.138645
614.000000 0.137999
615.000000 0.137470
616.000000 0.137020
617.000000 0.136669
618.000000 0.136374
619.000000 0.136110
620.000000 0.135873
621.000000 0.135672
622.000000 0.135606
623.000000 0.135618
624.000000 0.135711
625.000000 0.135822
626.000000 0.135950
627.000000 0.136115
628.000000 0.136264
629.000000 0.136500
630.000000 0.136778
631.000000 0.137034
632.000000 0.137282
633.000000 0.137549
634.000000 0.137854
635.000000 0.138116
636.000000 0.138319
637.000000 0.138491
638.000000 0.138648
639.000000 0.138799
640.000000 0.138902
641.000000 0.138961
642.000000 0.139019
643.000000 0.139061
644.000000 0.139053
645.000000 0.139019
646.000000 0.138986
647.000000 0.138984
648.000000 0.138980
649.000000 0.138979
650.000000 0.138954
651.000000 0.138906
652.000000 0.138847
653.000000 0.138801
654.000000 0.138790
655.000000 0.138871
656.000000 0.139039
657.000000 0.139188
658.000000 0.139357
659.000000 0.139565
660.000000 0.139838
661.000000 0.140170
662.000000 0.140466
663.000000 0.140780
664.000000 0.141156
665.000000 0.141467
666.000000 0.141749
667.000000 0.142114
668.000000 0.142516
669.000000 0.142911
670.000000 0.143287
671.000000 0.143647
672.000000 0.143976
673.000000 0.144303
674.000000 0.144627
675.000000 0.144899
676.000000 0.145208
677.000000 0.145551
678.000000 0.145872
679.000000 0.146140
680.000000 0.146386
681.000000 0.146635
682.000000 0.146895
683.000000 0.147199
684.000000 0.147512
685.000000 0.147826
686.000000 0.148184
687.000000 0.148556
688.000000 0.148931
689.000000 0.149384
690.000000 0.149891
691.000000 0.150425
692.000000 0.151013
693.000000 0.151657
694.000000 0.152350
695.000000 0.153134
696.000000 0.153968
697.000000 0.154844
698.000000 0.155776
699.000000 0.156802
700.000000 0.157968
701.000000 0.159189
702.000000 0.160413
703.000000 0.161705
704.000000 0.163144
705.000000 0.164693
706.000000 0.166304
707.000000 0.167989
708.000000 0.169690
709.000000 0.171391
710.000000 0.173134
711.000000 0.174982
712.000000 0.176890
713.000000 0.178762
714.000000 0.180657
715.000000 0.182545
716.000000 0.184430
717.000000 0.186315
718.000000 0.188159
719.000000 0.189912
720.000000 0.191552
721.000000 0.193163
722.000000 0.194752
723.000000 0.196254
724.000000 0.197607
725.000000 0.198803
726.000000 0.199875
727.000000 0.200813
728.000000 0.201546
729.000000 0.202091
730.000000 0.202504
731.000000 0.202739
732.000000 0.202769
733.000000 0.202608
734.000000 0.202224
735.000000 0.201620
736.000000 0.200819
737.000000 0.199776
738.000000 0.198425
739.000000 0.196832
740.000000 0.195004
741.000000 0.192927
742.000000 0.190702
743.000000 0.188287
744.000000 0.185666
745.000000 0.182857
746.000000 0.179801
747.000000 0.176543
748.000000 0.173172
749.000000 0.169681
750.000000 0.166083
751.000000 0.162409
752.000000 0.158663
753.000000 0.154804
754.000000 0.150847
755.000000 0.146855
756.000000 0.142889
757.000000 0.138983
758.000000 0.135092
759.000000 0.131195
760.000000 0.127306
761.000000 0.123389
762.000000 0.119570
763.000000 0.115942
764.000000 0.112315
765.000000 0.108706
766.000000 0.105214
767.000000 0.101778
768.000000 0.098453
769.000000 0.095282
770.000000 0.092196
771.000000 0.089204
772.000000 0.086378
773.000000 0.083677
774.000000 0.081005
775.000000 0.078376
776.000000 0.075722
777.000000 0.073159
778.000000 0.070816
779.000000 0.068553
780.000000 0.066336
781.000000 0.064220
782.000000 0.062197
783.000000 0.060292
784.000000 0.058463
785.000000 0.056646
786.000000 0.054870
787.000000 0.053169
788.000000 0.051527
789.000000 0.049952
790.000000 0.048432
791.000000 0.046907
792.000000 0.045397
793.000000 0.043941
794.000000 0.042521
795.000000 0.041184
796.000000 0.039938
797.000000 0.038625
798.000000 0.037339
799.000000 0.036189
800.000000 0.035059
801.000000 0.033960
802.000000 0.032914
803.000000 0.031883
804.000000 0.030826
805.000000 0.029792
806.000000 0.028882
807.000000 0.027975
808.000000 0.027052
809.000000 0.026183
810.000000 0.025325
811.000000 0.024495
812.000000 0.023761
813.000000 0.023069
814.000000 0.022369
815.000000 0.021704
816.000000 0.021041
817.000000 0.020386
818.000000 0.019798
819.000000 0.019243
820.000000 0.018673
821.000000 0.018084
822.000000 0.017537
823.000000 0.017023
824.000000 0.016548
825.000000 0.016083
826.000000 0.015641
827.000000 0.015203
828.000000 0.014746
829.000000 0.014335
830.000000 0.013921
831.000000 0.013516
832.000000 0.013144
833.000000 0.012815
834.000000 0.012478
835.000000 0.012110
836.000000 0.011749
837.000000 0.011409
838.000000 0.011090
839.000000 0.010810
840.000000 0.010544
841.000000 0.010234
842.000000 0.009923
843.000000 0.009676
844.000000 0.009458
845.000000 0.009227
846.000000 0.008997
847.000000 0.008766
848.000000 0.008518
849.000000 0.008274
850.000000 0.008074
851.000000 0.007900
852.000000 0.007677
853.000000 0.007454
854.000000 0.007273
855.000000 0.007055
856.000000 0.006807
857.000000 0.006653
858.000000 0.006555
859.000000 0.006430
860.000000 0.006330
861.000000 0.006238
862.000000 0.006106
863.000000 0.005976
864.000000 0.005842
865.000000 0.005704
866.000000 0.005577
867.000000 0.005479
868.000000 0.005401
869.000000 0.005316
870.000000 0.005248
871.000000 0.005163
872.000000 0.005045
873.000000 0.004941
874.000000 0.004858
875.000000 0.004771
876.000000 0.004668
877.000000 0.004576
878.000000 0.004526
879.000000 0.004444
880.000000 0.004329
881.000000 0.004234
882.000000 0.004173
883.000000 0.004123
884.000000 0.004052
885.000000 0.003970
886.000000 0.003878
887.000000 0.003767
888.000000 0.003666
889.000000 0.003637
890.000000 0.003618
891.000000 0.003565
892.000000 0.003551
893.000000 0.003510
894.000000 0.003446
895.000000 0.003409
896.000000 0.003349
897.000000 0.003262
898.000000 0.003211
899.000000 0.003180
900.000000 0.003132
901.000000 0.003074
902.000000 0.003021
903.000000 0.003001
904.000000 0.002997
905.000000 0.003009
906.000000 0.002974
907.000000 0.002928
908.000000 0.002901
909.000000 0.002873
910.000000 0.002864
911.000000 0.002809
912.000000 0.002737
913.000000 0.002672
914.000000 0.002617
915.000000 0.002590
916.000000 0.002567
917.000000 0.002555
918.000000 0.002530
919.000000 0.002469
920.000000 0.002426
921.000000 0.002402
922.000000 0.002361
923.000000 0.002302
924.000000 0.002229
925.000000 0.002182
926.000000 0.002133
927.000000 0.002095
928.000000 0.002081
929.000000 0.002038
930.000000 0.001985
931.000000 0.001956
932.000000 0.001955
933.000000 0.001948
934.000000 0.001937
935.000000 0.001919
936.000000 0.001884
937.000000 0.001857
938.000000 0.001857
939.000000 0.001887
940.000000 0.001897
941.000000 0.001879
942.000000 0.001880
943.000000 0.001904
944.000000 0.001915
945.000000 0.001897
946.000000 0.001858
947.000000 0.001822
948.000000 0.001809
949.000000 0.001799
950.000000 0.001788
