315.000000 0.140868
316.000000 0.141412
317.000000 0.142246
318.000000 0.142867
319.000000 0.143555
320.000000 0.143192
321.000000 0.143232
322.000000 0.144115
323.000000 0.145008
324.000000 0.145037
325.000000 0.144395
326.000000 0.144710
327.000000 0.145748
328.000000 0.146163
329.000000 0.145830
330.000000 0.145576
331.000000 0.146101
332.000000 0.147030
333.000000 0.147322
334.000000 0.147099
335.000000 0.147088
336.000000 0.147918
337.000000 0.149067
338.000000 0.149557
339.000000 0.149597
340.000000 0.149952
341.000000 0.150248
342.000000 0.150506
343.000000 0.150964
344.000000 0.151385
345.000000 0.152018
346.000000 0.152800
347.000000 0.153685
348.000000 0.154551
349.000000 0.155311
350.000000 0.155948
351.000000 0.156785
352.000000 0.157716
353.000000 0.158508
354.000000 0.159633
355.000000 0.160956
356.000000 0.162257
357.000000 0.163402
358.000000 0.164574
359.000000 0.165863
360.000000 0.167182
361.000000 0.168688
362.000000 0.170344
363.000000 0.172108
364.000000 0.173910
365.000000 0.175759
366.000000 0.177688
367.000000 0.179896
368.000000 0.182334
369.000000 0.184589
370.000000 0.186479
371.000000 0.188474
372.000000 0.190976
373.000000 0.193467
374.000000 0.195854
375.000000 0.198346
376.000000 0.200677
377.000000 0.202965
378.000000 0.205405
379.000000 0.207983
380.000000 0.210672
381.000000 0.213182
382.000000 0.215536
383.000000 0.218278
384.000000 0.221436
385.000000 0.224746
386.000000 0.227800
387.000000 0.230336
388.000000 0.232793
389.000000 0.235663
390.000000 0.238645
391.000000 0.241486
392.000000 0.244646
393.000000 0.247798
394.000000 0.250630
395.000000 0.253487
396.000000 0.256331
397.000000 0.258924
398.000000 0.261693
399.000000 0.264788
400.000000 0.267657
401.000000 0.270345
402.000000 0.272974
403.000000 0.275604
404.000000 0.278117
405.000000 0.280488
406.000000 0.282951
407.000000 0.285410
408.000000 0.287880
409.000000 0.290246
410.000000 0.292261
411.000000 0.294427
412.000000 0.296760
413.000000 0.298613
414.000000 0.300292
415.000000 0.302051
416.000000 0.303865
417.000000 0.305639
418.000000 0.307000
419.000000 0.308108
420.000000 0.309239
421.000000 0.310302
422.000000 0.311121
423.000000 0.311574
424.000000 0.311840
425.000000 0.311965
426.000000 0.311923
427.000000 0.311774
428.000000 0.311445
429.000000 0.311058
430.000000 0.310617
431.000000 0.309972
432.000000 0.309166
433.000000 0.308371
434.000000 0.307522
435.000000 0.306619
436.000000 0.305703
437.000000 0.304598
438.000000 0.303334
439.000000 0.301964
440.000000 0.300613
441.000000 0.299182
442.000000 0.297506
443.000000 0.295656
444.000000 0.293730
445.000000 0.291859
446.000000 0.289811
447.000000 0.287520
448.000000 0.285138
449.000000 0.282638
450.000000 0.280094
451.000000 0.277389
452.000000 0.274537
453.000000 0.271731
454.000000 0.268823
455.000000 0.265863
456.000000 0.262839
457.000000 0.259614
458.000000 0.256479
459.000000 0.253349
460.000000 0.250333
461.000000 0.247527
462.000000 0.244598
463.000000 0.241641
464.000000 0.238769
465.000000 0.236041
466.000000 0.233604
467.000000 0.231277
468.000000 0.229043
469.000000 0.226990
470.000000 0.224980
471.000000 0.223100
472.000000 0.221411
473.000000 0.219878
474.000000 0.218444
475.000000 0.217124
476.000000 0.215937
477.000000 0.214859
478.000000 0.213946
479.000000 0.213153
480.000000 0.212479
481.000000 0.211892
482.000000 0.211413
483.000000 0.211055
484.000000 0.210784
485.000000 0.210663
486.000000 0.210621
487.000000 0.210565
488.000000 0.210572
489.000000 0.210577
490.000000 0.210694
491.000000 0.210714
492.000000 0.210632
493.000000 0.211196
494.000000 0.211768
495.000000 0.211905
496.000000 0.212268
497.000000 0.212826
498.000000 0.213019
499.000000 0.213059
500.000000 0.213307
501.000000 0.213574
502.000000 0.214024
503.000000 0.214629
504.000000 0.215369
505.000000 0.215897
506.000000 0.216067
507.000000 0.216153
508.000000 0.216639
509.000000 0.217429
510.000000 0.217796
511.000000 0.218216
512.000000 0.218919
513.000000 0.219822
514.000000 0.220700
515.000000 0.221195
516.000000 0.221440
517.000000 0.221750
518.000000 0.222303
519.000000 0.222745
520.000000 0.222880
521.000000 0.222982
522.000000 0.223413
523.000000 0.223906
524.000000 0.224271
525.000000 0.224591
526.000000 0.224745
527.000000 0.224932
528.000000 0.225224
529.000000 0.225562
530.000000 0.225941
531.000000 0.226142
532.000000 0.226092
533.000000 0.226275
534.000000 0.226841
535.000000 0.226803
536.000000 0.226142
537.000000 0.225709
538.000000 0.225406
539.000000 0.225287
540.000000 0.225030
541.000000 0.224521
542.000000 0.224239
543.000000 0.223865
544.000000 0.223262
545.000000 0.222810
546.000000 0.222544
547.000000 0.222044
548.000000 0.221314
549.000000 0.220478
550.000000 0.219664
551.000000 0.218990
552.000000 0.218180
553.000000 0.217289
554.000000 0.216490
555.000000 0.215615
556.000000 0.214669
557.000000 0.213739
558.000000 0.212657
559.000000 0.211543
560.000000 0.210540
561.000000 0.209603
562.000000 0.208472
563.000000 0.207251
564.000000 0.205970
565.000000 0.204731
566.000000 0.203553
567.000000 0.202092
568.000000 0.200546
569.000000 0.199045
570.000000 0.197693
571.000000 0.196372
572.000000 0.194971
573.000000 0.193416
574.000000 0.191649
575.000000 0.190008
576.000000 0.188529
577.000000 0.186998
578.000000 0.185391
579.000000 0.183861
580.000000 0.182407
581.000000 0.180961
582.000000 0.179428
583.000000 0.177852
584.000000 0.176343
585.000000 0.174792
586.000000 0.173169
587.000000 0.171549
588.000000 0.169985
589.000000 0.168340
590.000000 0.166720
591.000000 0.165246
592.000000 0.163842
593.000000 0.162416
594.000000 0.160962
595.000000 0.159506
596.000000 0.158009
597.000000 0.156598
598.000000 0.155186
599.000000 0.153749
600.000000 0.152402
601.000000 0.151127
602.000000 0.149922
603.000000 0.148788
604.000000 0.147706
605.000000 0.146699
606.000000 0.145714
607.000000 0.144758
608.000000 0.143890
609.000000 0.143046
610.000000 0.142303
611.000000 0.141665
612.000000 0.140976
613.000000 0.140330
614.000000 0.139797
615.000000 0.139340
616.000000 0.138977
617.000000 0.138722
618.000000 0.138580
619.000000 0.138490
620.000000 0.138418
621.000000 0.138363
622.000000 0.138372
623.000000 0.138466
624.000000 0.138664
625.000000 0.138910
626.000000 0.139152
627.000000 0.139365
628.000000 0.139598
629.000000 0.139973
630.000000 0.140400
631.000000 0.140757
632.000000 0.141085
633.000000 0.141499
634.000000 0.141995
635.000000 0.142407
636.000000 0.142718
637.000000 0.143015
638.000000 0.143272
639.000000 0.143540
640.000000 0.143809
641.000000 0.144070
642.000000 0.144317
643.000000 0.144481
644.000000 0.144573
645.000000 0.144652
646.000000 0.144760
647.000000 0.144873
648.000000 0.145005
649.000000 0.145115
650.000000 0.145251
651.000000 0.145440
652.000000 0.145589
653.000000 0.145735
654.000000 0.145915
655.000000 0.146170
656.000000 0.146476
657.000000 0.146769
658.000000 0.147096
659.000000 0.147464
660.000000 0.147894
661.000000 0.148365
662.000000 0.148816
663.000000 0.149240
664.000000 0.149684
665.000000 0.150158
666.000000 0.150627
667.000000 0.151168
668.000000 0.151721
669.000000 0.152222
670.000000 0.152702
671.000000 0.153160
672.000000 0.153608
673.000000 0.154052
674.000000 0.154451
675.000000 0.154810
676.000000 0.155213
677.000000 0.155623
678.000000 0.156010
679.000000 0.156364
680.000000 0.156670
681.000000 0.156955
682.000000 0.157259
683.000000 0.157622
684.000000 0.158012
685.000000 0.158377
686.000000 0.158727
687.000000 0.159124
688.000000 0.159584
689.000000 0.160095
690.000000 0.160638
691.000000 0.161183
692.000000 0.161736
693.000000 0.162371
694.000000 0.163141
695.000000 0.163988
696.000000 0.164875
697.000000 0.165881
698.000000 0.166989
699.000000 0.168179
700.000000 0.169496
701.000000 0.170877
702.000000 0.172268
703.000000 0.173722
704.000000 0.175334
705.000000 0.177059
706.000000 0.178829
707.000000 0.180719
708.000000 0.182670
709.000000 0.184635
710.000000 0.186588
711.000000 0.188601
712.000000 0.190722
713.000000 0.192819
714.000000 0.194893
715.000000 0.196974
716.000000 0.199062
717.000000 0.201109
718.000000 0.203116
719.000000 0.205032
720.000000 0.206827
721.000000 0.208602
722.000000 0.210331
723.000000 0.211921
724.000000 0.213342
725.000000 0.214573
726.000000 0.215683
727.000000 0.216684
728.000000 0.217505
729.000000 0.218105
730.000000 0.218528
731.000000 0.218804
732.000000 0.218867
733.000000 0.218671
734.000000 0.218225
735.000000 0.217599
736.000000 0.216797
737.000000 0.215724
738.000000 0.214361
739.000000 0.212726
740.000000 0.210806
741.000000 0.208636
742.000000 0.206302
743.000000 0.203774
744.000000 0.201069
745.000000 0.198158
746.000000 0.194980
747.000000 0.191624
748.000000 0.188119
749.000000 0.184463
750.000000 0.180668
751.000000 0.176780
752.000000 0.172844
753.000000 0.168781
754.000000 0.164535
755.000000 0.160240
756.000000 0.155987
757.000000 0.151716
758.000000 0.147428
759.000000 0.143156
760.000000 0.138914
761.000000 0.134684
762.000000 0.130561
763.000000 0.126549
764.000000 0.122562
765.000000 0.118601
766.000000 0.114699
767.000000 0.110878
768.000000 0.107166
769.000000 0.103575
770.000000 0.100071
771.000000 0.096705
772.000000 0.093537
773.000000 0.090456
774.000000 0.087429
775.000000 0.084504
776.000000 0.081475
777.000000 0.078519
778.000000 0.075850
779.000000 0.073269
780.000000 0.070780
781.000000 0.068381
782.000000 0.066091
783.000000 0.064007
784.000000 0.061949
785.000000 0.059869
786.000000 0.057895
787.000000 0.056028
788.000000 0.054167
789.000000 0.052359
790.000000 0.050676
791.000000 0.049059
792.000000 0.047508
793.000000 0.045964
794.000000 0.044396
795.000000 0.042903
796.000000 0.041529
797.000000 0.040166
798.000000 0.038784
799.000000 0.037472
800.000000 0.036263
801.000000 0.035103
802.000000 0.033978
803.000000 0.032895
804.000000 0.031773
805.000000 0.030688
806.000000 0.029713
807.000000 0.028746
808.000000 0.027801
809.000000 0.026922
810.000000 0.026031
811.000000 0.025162
812.000000 0.024404
813.000000 0.023710
814.000000 0.022986
815.000000 0.022267
816.000000 0.021557
817.000000 0.020841
818.000000 0.020189
819.000000 0.019576
820.000000 0.018989
821.000000 0.018430
822.000000 0.017894
823.000000 0.017370
824.000000 0.016903
825.000000 0.016443
826.000000 0.016010
827.000000 0.015579
828.000000 0.015102
829.000000 0.014672
830.000000 0.014246
831.000000 0.013832
832.000000 0.013448
833.000000 0.013081
834.000000 0.012712
835.000000 0.012348
836.000000 0.011987
837.000000 0.011658
838.000000 0.011374
839.000000 0.011097
840.000000 0.010827
841.000000 0.010506
842.000000 0.010183
843.000000 0.009950
844.000000 0.009721
845.000000 0.009462
846.000000 0.009207
847.000000 0.008957
848.000000 0.008732
849.000000 0.008509
850.000000 0.008311
851.000000 0.008114
852.000000 0.007895
853.000000 0.007710
854.000000 0.007536
855.000000 0.007328
856.000000 0.007097
857.000000 0.006910
858.000000 0.006743
859.000000 0.006580
860.000000 0.006460
861.000000 0.006380
862.000000 0.006287
863.000000 0.006171
864.000000 0.006034
865.000000 0.005884
866.000000 0.005748
867.000000 0.005631
868.000000 0.005544
869.000000 0.005463
870.000000 0.005373
871.000000 0.005284
872.000000 0.005182
873.000000 0.005061
874.000000 0.004962
875.000000 0.004872
876.000000 0.004779
877.000000 0.004697
878.000000 0.004614
879.000000 0.004516
880.000000 0.004402
881.000000 0.004276
882.000000 0.004168
883.000000 0.004094
884.000000 0.004032
885.000000 0.003969
886.000000 0.003892
887.000000 0.003793
888.000000 0.003725
889.000000 0.003690
890.000000 0.003645
891.000000 0.003581
892.000000 0.003546
893.000000 0.003499
894.000000 0.003435
895.000000 0.003386
896.000000 0.003320
897.000000 0.003273
898.000000 0.003250
899.000000 0.003223
900.000000 0.003186
901.000000 0.003132
902.000000 0.003069
903.000000 0.003041
904.000000 0.003003
905.000000 0.002956
906.000000 0.002928
907.000000 0.002902
908.000000 0.002883
909.000000 0.002864
910.000000 0.002839
911.000000 0.002798
912.000000 0.002761
913.000000 0.002713
914.000000 0.002657
915.000000 0.002636
916.000000 0.002630
917.000000 0.002603
918.000000 0.002551
919.000000 0.002491
920.000000 0.002445
921.000000 0.002399
922.000000 0.002353
923.000000 0.002314
924.000000 0.002249
925.000000 0.002201
926.000000 0.002165
927.000000 0.002105
928.000000 0.002050
929.000000 0.002026
930.000000 0.002012
931.000000 0.001982
932.000000 0.001984
933.000000 0.002006
934.000000 0.001994
935.000000 0.001961
936.000000 0.001922
937.000000 0.001909
938.000000 0.001951
939.000000 0.001959
940.000000 0.001906
941.000000 0.001852
942.000000 0.001866
943.000000 0.001904
944.000000 0.001887
945.000000 0.001883
946.000000 0.001868
947.000000 0.001822
948.000000 0.001769
949.000000 0.001740
950.000000 0.001741
