315.000000 0.140769
316.000000 0.141501
317.000000 0.142424
318.000000 0.143621
319.000000 0.144424
320.000000 0.144120
321.000000 0.144062
322.000000 0.144336
323.000000 0.144515
324.000000 0.144779
325.000000 0.144854
326.000000 0.145338
327.000000 0.146068
328.000000 0.146443
329.000000 0.146481
330.000000 0.146555
331.000000 0.147142
332.000000 0.147657
333.000000 0.147700
334.000000 0.147537
335.000000 0.147483
336.000000 0.147865
337.000000 0.148498
338.000000 0.149097
339.000000 0.149614
340.000000 0.150281
341.000000 0.150556
342.000000 0.150791
343.000000 0.151447
344.000000 0.151899
345.000000 0.152456
346.000000 0.153224
347.000000 0.154048
348.000000 0.155135
349.000000 0.156038
350.000000 0.156701
351.000000 0.157531
352.000000 0.158401
353.000000 0.159295
354.000000 0.160524
355.000000 0.161824
356.000000 0.163075
357.000000 0.164239
358.000000 0.165301
359.000000 0.166730
360.000000 0.168216
361.000000 0.169814
362.000000 0.171627
363.000000 0.173364
364.000000 0.175192
365.000000 0.177218
366.000000 0.179290
367.000000 0.181505
368.000000 0.183824
369.000000 0.185981
370.000000 0.188010
371.000000 0.190336
372.000000 0.193104
373.000000 0.195872
374.000000 0.198321
375.000000 0.200595
376.000000 0.202395
377.000000 0.204287
378.000000 0.207027
379.000000 0.210101
380.000000 0.213043
381.000000 0.215777
382.000000 0.218376
383.000000 0.221132
384.000000 0.224151
385.000000 0.227389
386.000000 0.230521
387.000000 0.233093
388.000000 0.235566
389.000000 0.238197
390.000000 0.240932
391.000000 0.243750
392.000000 0.246755
393.000000 0.249793
394.000000 0.252767
395.000000 0.255775
396.000000 0.258426
397.000000 0.260773
398.000000 0.263644
399.000000 0.266696
400.000000 0.269471
401.000000 0.272146
402.000000 0.274621
403.000000 0.277194
404.000000 0.279808
405.000000 0.282298
406.000000 0.284787
407.000000 0.287157
408.000000 0.289487
409.000000 0.291674
410.000000 0.293710
411.000000 0.295910
412.000000 0.298079
413.000000 0.299950
414.000000 0.301648
415.000000 0.303252
416.000000 0.304914
417.000000 0.306596
418.000000 0.308103
419.000000 0.309311
420.000000 0.310320
421.000000 0.311316
422.000000 0.311932
423.000000 0.312156
424.000000 0.312361
425.000000 0.312475
426.000000 0.312521
427.000000 0.312582
428.000000 0.312341
429.000000 0.311932
430.000000 0.311465
431.000000 0.310715
432.000000 0.309887
433.000000 0.309091
434.000000 0.308258
435.000000 0.307336
436.000000 0.306327
437.000000 0.305222
438.000000 0.303990
439.000000 0.302657
440.000000 0.301170
441.000000 0.299607
442.000000 0.297969
443.000000 0.296169
444.000000 0.294262
445.000000 0.292332
446.000000 0.290263
447.000000 0.288013
448.000000 0.285593
449.000000 0.283059
450.000000 0.280547
451.000000 0.277910
452.000000 0.275102
453.000000 0.272314
454.000000 0.269436
455.000000 0.266471
456.000000 0.263400
457.000000 0.260213
458.000000 0.257145
459.000000 0.254061
460.000000 0.251061
461.000000 0.248231
462.000000 0.245351
463.000000 0.242467
464.000000 0.239590
465.000000 0.236802
466.000000 0.234285
467.000000 0.231942
468.000000 0.229744
469.000000 0.227618
470.000000 0.225545
471.000000 0.223707
472.000000 0.222050
473.000000 0.220512
474.000000 0.219075
475.000000 0.217749
476.000000 0.216575
477.000000 0.215502
478.000000 0.214534
479.000000 0.213758
480.000000 0.213053
481.000000 0.212409
482.000000 0.211917
483.000000 0.211497
484.000000 0.211255
485.000000 0.211162
486.000000 0.211032
487.000000 0.210867
488.000000 0.210793
489.000000 0.210736
490.000000 0.210974
491.000000 0.211324
492.000000 0.211651
493.000000 0.212358
494.000000 0.212753
495.000000 0.213018
496.000000 0.213623
497.000000 0.214016
498.000000 0.214170
499.000000 0.214244
500.000000 0.214324
501.000000 0.214615
502.000000 0.215174
503.000000 0.215816
504.000000 0.216204
505.000000 0.216655
506.000000 0.216861
507.000000 0.216826
508.000000 0.217391
509.000000 0.218134
510.000000 0.218541
511.000000 0.218915
512.000000 0.219496
513.000000 0.220217
514.000000 0.220908
515.000000 0.221374
516.000000 0.221375
517.000000 0.221399
518.000000 0.221953
519.000000 0.222623
520.000000 0.222948
521.000000 0.223043
522.000000 0.223481
523.000000 0.224078
524.000000 0.224436
525.000000 0.224461
526.000000 0.224416
527.000000 0.224726
528.000000 0.225066
529.000000 0.225159
530.000000 0.225517
531.000000 0.226051
532.000000 0.226165
533.000000 0.226100
534.000000 0.226290
535.000000 0.226282
536.000000 0.226033
537.000000 0.225757
538.000000 0.225317
539.000000 0.225220
540.000000 0.224952
541.000000 0.224369
542.000000 0.224117
543.000000 0.223917
544.000000 0.223586
545.000000 0.223225
546.000000 0.222740
547.000000 0.222089
548.000000 0.221481
549.000000 0.220823
550.000000 0.220040
551.000000 0.219078
552.000000 0.218124
553.000000 0.217197
554.000000 0.216264
555.000000 0.215335
556.000000 0.214383
557.000000 0.213445
558.000000 0.212295
559.000000 0.211208
560.000000 0.210297
561.000000 0.209302
562.000000 0.208084
563.000000 0.206852
564.000000 0.205633
565.000000 0.204420
566.000000 0.203194
567.000000 0.201827
568.000000 0.200427
569.000000 0.199123
570.000000 0.197887
571.000000 0.196587
572.000000 0.195103
573.000000 0.193537
574.000000 0.191995
575.000000 0.190579
576.000000 0.189316
577.000000 0.187860
578.000000 0.186296
579.000000 0.184778
580.000000 0.183199
581.000000 0.181534
582.000000 0.179963
583.000000 0.178435
584.000000 0.176912
585.000000 0.175350
586.000000 0.173695
587.000000 0.172110
588.000000 0.170530
589.000000 0.168943
590.000000 0.167403
591.000000 0.165894
592.000000 0.164485
593.000000 0.163084
594.000000 0.161671
595.000000 0.160277
596.000000 0.158910
597.000000 0.157569
598.000000 0.156192
599.000000 0.154902
600.000000 0.153772
601.000000 0.152617
602.000000 0.151439
603.000000 0.150287
604.000000 0.149167
605.000000 0.148179
606.000000 0.147232
607.000000 0.146335
608.000000 0.145516
609.000000 0.144761
610.000000 0.144097
611.000000 0.143485
612.000000 0.142876
613.000000 0.142337
614.000000 0.141890
615.000000 0.141569
616.000000 0.141312
617.000000 0.141129
618.000000 0.141028
619.000000 0.140916
620.000000 0.140796
621.000000 0.140731
622.000000 0.140811
623.000000 0.140989
624.000000 0.141267
625.000000 0.141565
626.000000 0.141867
627.000000 0.142172
628.000000 0.142450
629.000000 0.142828
630.000000 0.143267
631.000000 0.143724
632.000000 0.144163
633.000000 0.144649
634.000000 0.145217
635.000000 0.145699
636.000000 0.146103
637.000000 0.146462
638.000000 0.146775
639.000000 0.147084
640.000000 0.147439
641.000000 0.147769
642.000000 0.148060
643.000000 0.148327
644.000000 0.148474
645.000000 0.148603
646.000000 0.148800
647.000000 0.149035
648.000000 0.149272
649.000000 0.149489
650.000000 0.149706
651.000000 0.149924
652.000000 0.150134
653.000000 0.150353
654.000000 0.150656
655.000000 0.151037
656.000000 0.151434
657.000000 0.151807
658.000000 0.152194
659.000000 0.152632
660.000000 0.153154
661.000000 0.153757
662.000000 0.154361
663.000000 0.154975
664.000000 0.155567
665.000000 0.156110
666.000000 0.156652
667.000000 0.157255
668.000000 0.157878
669.000000 0.158437
670.000000 0.158956
671.000000 0.159473
672.000000 0.159995
673.000000 0.160549
674.000000 0.161055
675.000000 0.161502
676.000000 0.161962
677.000000 0.162401
678.000000 0.162810
679.000000 0.163198
680.000000 0.163556
681.000000 0.163875
682.000000 0.164165
683.000000 0.164481
684.000000 0.164818
685.000000 0.165173
686.000000 0.165602
687.000000 0.166049
688.000000 0.166496
689.000000 0.167015
690.000000 0.167585
691.000000 0.168215
692.000000 0.168896
693.000000 0.169571
694.000000 0.170333
695.000000 0.171252
696.000000 0.172204
697.000000 0.173234
698.000000 0.174382
699.000000 0.175657
700.000000 0.177078
701.000000 0.178541
702.000000 0.180017
703.000000 0.181581
704.000000 0.183306
705.000000 0.185138
706.000000 0.187046
707.000000 0.189050
708.000000 0.191072
709.000000 0.193120
710.000000 0.195200
711.000000 0.197353
712.000000 0.199594
713.000000 0.201837
714.000000 0.204064
715.000000 0.206272
716.000000 0.208492
717.000000 0.210699
718.000000 0.212831
719.000000 0.214821
720.000000 0.216703
721.000000 0.218558
722.000000 0.220315
723.000000 0.221942
724.000000 0.223419
725.000000 0.224729
726.000000 0.225921
727.000000 0.227001
728.000000 0.227904
729.000000 0.228563
730.000000 0.229014
731.000000 0.229257
732.000000 0.229274
733.000000 0.229072
734.000000 0.228659
735.000000 0.227995
736.000000 0.227132
737.000000 0.226069
738.000000 0.224700
739.000000 0.223030
740.000000 0.221126
741.000000 0.218955
742.000000 0.216556
743.000000 0.213963
744.000000 0.211162
745.000000 0.208167
746.000000 0.204925
747.000000 0.201450
748.000000 0.197830
749.000000 0.194071
750.000000 0.190149
751.000000 0.186160
752.000000 0.182089
753.000000 0.177839
754.000000 0.173462
755.000000 0.169038
756.000000 0.164560
757.000000 0.160083
758.000000 0.155647
759.000000 0.151158
760.000000 0.146625
761.000000 0.142142
762.000000 0.137776
763.000000 0.133493
764.000000 0.129227
765.000000 0.125015
766.000000 0.120869
767.000000 0.116770
768.000000 0.112805
769.000000 0.108987
770.000000 0.105287
771.000000 0.101711
772.000000 0.098254
773.000000 0.094887
774.000000 0.091634
775.000000 0.088526
776.000000 0.085284
777.000000 0.082102
778.000000 0.079223
779.000000 0.076444
780.000000 0.073747
781.000000 0.071195
782.000000 0.068812
783.000000 0.066570
784.000000 0.064413
785.000000 0.062277
786.000000 0.060207
787.000000 0.058218
788.000000 0.056194
789.000000 0.054247
790.000000 0.052458
791.000000 0.050699
792.000000 0.048985
793.000000 0.047363
794.000000 0.045802
795.000000 0.044288
796.000000 0.042858
797.000000 0.041406
798.000000 0.039943
799.000000 0.038603
800.000000 0.037343
801.000000 0.036164
802.000000 0.035022
803.000000 0.033877
804.000000 0.032715
805.000000 0.031588
806.000000 0.030546
807.000000 0.029543
808.000000 0.028591
809.000000 0.027678
810.000000 0.026792
811.000000 0.025918
812.000000 0.025143
813.000000 0.024439
814.000000 0.023659
815.000000 0.022888
816.000000 0.022161
817.000000 0.021422
818.000000 0.020740
819.000000 0.020135
820.000000 0.019519
821.000000 0.018920
822.000000 0.018377
823.000000 0.017843
824.000000 0.017367
825.000000 0.016887
826.000000 0.016436
827.000000 0.015992
828.000000 0.015480
829.000000 0.015018
830.000000 0.014592
831.000000 0.014177
832.000000 0.013779
833.000000 0.013391
834.000000 0.013030
835.000000 0.012687
836.000000 0.012281
837.000000 0.011907
838.000000 0.011607
839.000000 0.011297
840.000000 0.010998
841.000000 0.010672
842.000000 0.010366
843.000000 0.010141
844.000000 0.009904
845.000000 0.009640
846.000000 0.009398
847.000000 0.009147
848.000000 0.008920
849.000000 0.008713
850.000000 0.008510
851.000000 0.008288
852.000000 0.008030
853.000000 0.007823
854.000000 0.007659
855.000000 0.007456
856.000000 0.007212
857.000000 0.007017
858.000000 0.006882
859.000000 0.006767
860.000000 0.006670
861.000000 0.006592
862.000000 0.006478
863.000000 0.006340
864.000000 0.006188
865.000000 0.006042
866.000000 0.005904
867.000000 0.005750
868.000000 0.005638
869.000000 0.005561
870.000000 0.005494
871.000000 0.005400
872.000000 0.005273
873.000000 0.005169
874.000000 0.005090
875.000000 0.005022
876.000000 0.004928
877.000000 0.004837
878.000000 0.004775
879.000000 0.004698
880.000000 0.004596
881.000000 0.004500
882.000000 0.004435
883.000000 0.004381
884.000000 0.004311
885.000000 0.004211
886.000000 0.004093
887.000000 0.003996
888.000000 0.003943
889.000000 0.003901
890.000000 0.003857
891.000000 0.003800
892.000000 0.003728
893.000000 0.003659
894.000000 0.003626
895.000000 0.003598
896.000000 0.003523
897.000000 0.003445
898.000000 0.003403
899.000000 0.003373
900.000000 0.003337
901.000000 0.003296
902.000000 0.003224
903.000000 0.003183
904.000000 0.003204
905.000000 0.003202
906.000000 0.003149
907.000000 0.003087
908.000000 0.003030
909.000000 0.002991
910.000000 0.002955
911.000000 0.002905
912.000000 0.002850
913.000000 0.002788
914.000000 0.002736
915.000000 0.002710
916.000000 0.002685
917.000000 0.002654
918.000000 0.002627
919.000000 0.002569
920.000000 0.002511
921.000000 0.002482
922.000000 0.002447
923.000000 0.002407
924.000000 0.002342
925.000000 0.002279
926.000000 0.002235
927.000000 0.002194
928.000000 0.002159
929.000000 0.002124
930.000000 0.002093
931.000000 0.002055
932.000000 0.002038
933.000000 0.002031
934.000000 0.002005
935.000000 0.001988
936.000000 0.001970
937.000000 0.001953
938.000000 0.001965
939.000000 0.001977
940.000000 0.001965
941.000000 0.001946
942.000000 0.001972
943.000000 0.002025
944.000000 0.002044
945.000000 0.002038
946.000000 0.002019
947.000000 0.001984
948.000000 0.001931
949.000000 0.001891
950.000000 0.001881
