315.000000 0.138119
316.000000 0.138377
317.000000 0.139825
318.000000 0.140837
319.000000 0.141880
320.000000 0.142480
321.000000 0.142531
322.000000 0.142440
323.000000 0.142818
324.000000 0.143717
325.000000 0.143915
326.000000 0.144151
327.000000 0.144526
328.000000 0.144667
329.000000 0.144515
330.000000 0.144454
331.000000 0.145045
332.000000 0.145775
333.000000 0.146078
334.000000 0.146230
335.000000 0.146241
336.000000 0.146618
337.000000 0.147383
338.000000 0.147882
339.000000 0.148389
340.000000 0.149043
341.000000 0.149251
342.000000 0.149129
343.000000 0.149591
344.000000 0.150378
345.000000 0.151040
346.000000 0.151822
347.000000 0.152892
348.000000 0.154084
349.000000 0.155099
350.000000 0.155833
351.000000 0.156651
352.000000 0.157713
353.000000 0.158763
354.000000 0.159892
355.000000 0.161140
356.000000 0.162428
357.000000 0.163649
358.000000 0.164870
359.000000 0.166258
360.000000 0.167767
361.000000 0.169422
362.000000 0.171281
363.000000 0.173179
364.000000 0.174998
365.000000 0.176770
366.000000 0.178701
367.000000 0.181071
368.000000 0.183515
369.000000 0.185686
370.000000 0.187329
371.000000 0.189057
372.000000 0.191556
373.000000 0.194027
374.000000 0.196270
375.000000 0.198728
376.000000 0.200882
377.000000 0.202936
378.000000 0.205667
379.000000 0.208703
380.000000 0.211562
381.000000 0.214604
382.000000 0.217704
383.000000 0.220596
384.000000 0.223563
385.000000 0.226584
386.000000 0.229565
387.000000 0.232302
388.000000 0.234942
389.000000 0.237665
390.000000 0.240483
391.000000 0.243260
392.000000 0.246043
393.000000 0.248813
394.000000 0.251570
395.000000 0.254392
396.000000 0.257022
397.000000 0.259450
398.000000 0.262163
399.000000 0.265112
400.000000 0.267740
401.000000 0.270127
402.000000 0.272552
403.000000 0.275084
404.000000 0.277513
405.000000 0.279911
406.000000 0.282286
407.000000 0.284620
408.000000 0.287039
409.000000 0.289302
410.000000 0.291186
411.000000 0.292996
412.000000 0.294917
413.000000 0.296577
414.000000 0.298068
415.000000 0.299606
416.000000 0.301358
417.000000 0.303082
418.000000 0.304402
419.000000 0.305535
420.000000 0.306593
421.000000 0.307627
422.000000 0.308386
423.000000 0.308736
424.000000 0.308904
425.000000 0.308902
426.000000 0.308855
427.000000 0.308734
428.000000 0.308445
429.000000 0.308068
430.000000 0.307564
431.000000 0.306907
432.000000 0.306105
433.000000 0.305307
434.000000 0.304431
435.000000 0.303403
436.000000 0.302447
437.000000 0.301404
438.000000 0.300144
439.000000 0.298791
440.000000 0.297392
441.000000 0.295913
442.000000 0.294335
443.000000 0.292602
444.000000 0.290630
445.000000 0.288660
446.000000 0.286638
447.000000 0.284454
448.000000 0.282140
449.000000 0.279710
450.000000 0.277291
451.000000 0.274687
452.000000 0.271912
453.000000 0.269237
454.000000 0.266434
455.000000 0.263489
456.000000 0.260529
457.000000 0.257443
458.000000 0.254423
459.000000 0.251351
460.000000 0.248387
461.000000 0.245632
462.000000 0.242777
463.000000 0.239926
464.000000 0.237168
465.000000 0.234569
466.000000 0.232177
467.000000 0.229803
468.000000 0.227548
469.000000 0.225505
470.000000 0.223525
471.000000 0.221694
472.000000 0.220011
473.000000 0.218461
474.000000 0.216977
475.000000 0.215561
476.000000 0.214295
477.000000 0.213209
478.000000 0.212264
479.000000 0.211319
480.000000 0.210467
481.000000 0.209750
482.000000 0.209180
483.000000 0.208754
484.000000 0.208375
485.000000 0.208113
486.000000 0.207935
487.000000 0.207724
488.000000 0.207568
489.000000 0.207300
490.000000 0.207136
491.000000 0.207053
492.000000 0.207106
493.000000 0.207377
494.000000 0.207326
495.000000 0.207499
496.000000 0.208091
497.000000 0.208523
498.000000 0.208651
499.000000 0.208674
500.000000 0.208903
501.000000 0.209217
502.000000 0.209507
503.000000 0.209904
504.000000 0.210331
505.000000 0.210414
506.000000 0.210396
507.000000 0.210543
508.000000 0.211004
509.000000 0.211568
510.000000 0.211704
511.000000 0.211948
512.000000 0.212512
513.000000 0.213262
514.000000 0.213865
515.000000 0.214075
516.000000 0.214066
517.000000 0.214373
518.000000 0.214910
519.000000 0.215219
520.000000 0.215348
521.000000 0.215322
522.000000 0.215711
523.000000 0.216399
524.000000 0.216659
525.000000 0.216712
526.000000 0.217078
527.000000 0.217593
528.000000 0.218003
529.000000 0.218184
530.000000 0.218285
531.000000 0.218668
532.000000 0.218915
533.000000 0.218979
534.000000 0.219178
535.000000 0.219240
536.000000 0.219025
537.000000 0.218797
538.000000 0.218433
539.000000 0.218232
540.000000 0.217829
541.000000 0.217242
542.000000 0.217189
543.000000 0.216872
544.000000 0.216349
545.000000 0.215798
546.000000 0.215230
547.000000 0.214794
548.000000 0.214251
549.000000 0.213621
550.000000 0.212952
551.000000 0.212135
552.000000 0.211165
553.000000 0.210371
554.000000 0.209743
555.000000 0.208843
556.000000 0.207825
557.000000 0.206951
558.000000 0.205990
559.000000 0.205089
560.000000 0.204207
561.000000 0.203317
562.000000 0.202386
563.000000 0.201439
564.000000 0.200394
565.000000 0.199294
566.000000 0.198147
567.000000 0.196812
568.000000 0.195486
569.000000 0.194095
570.000000 0.192814
571.000000 0.191691
572.000000 0.190437
573.000000 0.189071
574.000000 0.187614
575.000000 0.186130
576.000000 0.184774
577.000000 0.183405
578.000000 0.182042
579.000000 0.180757
580.000000 0.179401
581.000000 0.177959
582.000000 0.176548
583.000000 0.175083
584.000000 0.173619
585.000000 0.172202
586.000000 0.170732
587.000000 0.169274
588.000000 0.167867
589.000000 0.166503
590.000000 0.165223
591.000000 0.163960
592.000000 0.162677
593.000000 0.161402
594.000000 0.160175
595.000000 0.158903
596.000000 0.157618
597.000000 0.156447
598.000000 0.155245
599.000000 0.154100
600.000000 0.153106
601.000000 0.152068
602.000000 0.150997
603.000000 0.150005
604.000000 0.149075
605.000000 0.148266
606.000000 0.147562
607.000000 0.146872
608.000000 0.146179
609.000000 0.145543
610.000000 0.144963
611.000000 0.144433
612.000000 0.144004
613.000000 0.143646
614.000000 0.143351
615.000000 0.143187
616.000000 0.143087
617.000000 0.143025
618.000000 0.142999
619.000000 0.142998
620.000000 0.143050
621.000000 0.143143
622.000000 0.143355
623.000000 0.143706
624.000000 0.144119
625.000000 0.144533
626.000000 0.145003
627.000000 0.145479
628.000000 0.145925
629.000000 0.146458
630.000000 0.147054
631.000000 0.147654
632.000000 0.148251
633.000000 0.148888
634.000000 0.149609
635.000000 0.150306
636.000000 0.150901
637.000000 0.151422
638.000000 0.151914
639.000000 0.152463
640.000000 0.152973
641.000000 0.153423
642.000000 0.153869
643.000000 0.154262
644.000000 0.154600
645.000000 0.154931
646.000000 0.155302
647.000000 0.155723
648.000000 0.156140
649.000000 0.156537
650.000000 0.156971
651.000000 0.157403
652.000000 0.157833
653.000000 0.158318
654.000000 0.158842
655.000000 0.159424
656.000000 0.160082
657.000000 0.160686
658.000000 0.161249
659.000000 0.161873
660.000000 0.162580
661.000000 0.163323
662.000000 0.164064
663.000000 0.164827
664.000000 0.165598
665.000000 0.166322
666.000000 0.167022
667.000000 0.167802
668.000000 0.168630
669.000000 0.169381
670.000000 0.170046
671.000000 0.170687
672.000000 0.171328
673.000000 0.171978
674.000000 0.172558
675.000000 0.173080
676.000000 0.173630
677.000000 0.174168
678.000000 0.174655
679.000000 0.175118
680.000000 0.175545
681.000000 0.175943
682.000000 0.176338
683.000000 0.176746
684.000000 0.177159
685.000000 0.177579
686.000000 0.178075
687.000000 0.178581
688.000000 0.179067
689.000000 0.179616
690.000000 0.180204
691.000000 0.180847
692.000000 0.181581
693.000000 0.182403
694.000000 0.183312
695.000000 0.184314
696.000000 0.185384
697.000000 0.186563
698.000000 0.187847
699.000000 0.189241
700.000000 0.190792
701.000000 0.192428
702.000000 0.194106
703.000000 0.195883
704.000000 0.197805
705.000000 0.199865
706.000000 0.202005
707.000000 0.204248
708.000000 0.206607
709.000000 0.208984
710.000000 0.211292
711.000000 0.213684
712.000000 0.216216
713.000000 0.218740
714.000000 0.221220
715.000000 0.223666
716.000000 0.226102
717.000000 0.228506
718.000000 0.230876
719.000000 0.233116
720.000000 0.235194
721.000000 0.237200
722.000000 0.239140
723.000000 0.240969
724.000000 0.242598
725.000000 0.244012
726.000000 0.245265
727.000000 0.246386
728.000000 0.247314
729.000000 0.248014
730.000000 0.248542
731.000000 0.248855
732.000000 0.248928
733.000000 0.248732
734.000000 0.248296
735.000000 0.247646
736.000000 0.246758
737.000000 0.245632
738.000000 0.244237
739.000000 0.242524
740.000000 0.240526
741.000000 0.238252
742.000000 0.235743
743.000000 0.233033
744.000000 0.230096
745.000000 0.226935
746.000000 0.223516
747.000000 0.219894
748.000000 0.216103
749.000000 0.212116
750.000000 0.207957
751.000000 0.203708
752.000000 0.199360
753.000000 0.194789
754.000000 0.190034
755.000000 0.185227
756.000000 0.180406
757.000000 0.175551
758.000000 0.170710
759.000000 0.165870
760.000000 0.160933
761.000000 0.155990
762.000000 0.151135
763.000000 0.146345
764.000000 0.141565
765.000000 0.136821
766.000000 0.132146
767.000000 0.127566
768.000000 0.123146
769.000000 0.118805
770.000000 0.114594
771.000000 0.110557
772.000000 0.106638
773.000000 0.102847
774.000000 0.099137
775.000000 0.095526
776.000000 0.091811
777.000000 0.088191
778.000000 0.084933
779.000000 0.081782
780.000000 0.078719
781.000000 0.075807
782.000000 0.073077
783.000000 0.070568
784.000000 0.068151
785.000000 0.065723
786.000000 0.063369
787.000000 0.061134
788.000000 0.058898
789.000000 0.056736
790.000000 0.054749
791.000000 0.052848
792.000000 0.051009
793.000000 0.049237
794.000000 0.047543
795.000000 0.045925
796.000000 0.044344
797.000000 0.042738
798.000000 0.041169
799.000000 0.039712
800.000000 0.038369
801.000000 0.037090
802.000000 0.035863
803.000000 0.034660
804.000000 0.033403
805.000000 0.032232
806.000000 0.031172
807.000000 0.030104
808.000000 0.029115
809.000000 0.028189
810.000000 0.027237
811.000000 0.026337
812.000000 0.025550
813.000000 0.024815
814.000000 0.024071
815.000000 0.023295
816.000000 0.022494
817.000000 0.021728
818.000000 0.021028
819.000000 0.020388
820.000000 0.019776
821.000000 0.019162
822.000000 0.018602
823.000000 0.018095
824.000000 0.017615
825.000000 0.017109
826.000000 0.016627
827.000000 0.016163
828.000000 0.015630
829.000000 0.015128
830.000000 0.014690
831.000000 0.014289
832.000000 0.013920
833.000000 0.013537
834.000000 0.013143
835.000000 0.012775
836.000000 0.012398
837.000000 0.012039
838.000000 0.011718
839.000000 0.011425
840.000000 0.011127
841.000000 0.010788
842.000000 0.010463
843.000000 0.010187
844.000000 0.009926
845.000000 0.009668
846.000000 0.009445
847.000000 0.009213
848.000000 0.008964
849.000000 0.008720
850.000000 0.008492
851.000000 0.008280
852.000000 0.008068
853.000000 0.007875
854.000000 0.007679
855.000000 0.007435
856.000000 0.007173
857.000000 0.007003
858.000000 0.006889
859.000000 0.006742
860.000000 0.006611
861.000000 0.006531
862.000000 0.006425
863.000000 0.006313
864.000000 0.006209
865.000000 0.006070
866.000000 0.005922
867.000000 0.005798
868.000000 0.005678
869.000000 0.005563
870.000000 0.005463
871.000000 0.005364
872.000000 0.005247
873.000000 0.005114
874.000000 0.004996
875.000000 0.004908
876.000000 0.004811
877.000000 0.004704
878.000000 0.004631
879.000000 0.004550
880.000000 0.004444
881.000000 0.004356
882.000000 0.004275
883.000000 0.004187
884.000000 0.004097
885.000000 0.004019
886.000000 0.003959
887.000000 0.003883
888.000000 0.003802
889.000000 0.003748
890.000000 0.003703
891.000000 0.003653
892.000000 0.003601
893.000000 0.003543
894.000000 0.003507
895.000000 0.003478
896.000000 0.003412
897.000000 0.003340
898.000000 0.003313
899.000000 0.003276
900.000000 0.003222
901.000000 0.003182
902.000000 0.003103
903.000000 0.003054
904.000000 0.003043
905.000000 0.003004
906.000000 0.002962
907.000000 0.002953
908.000000 0.002938
909.000000 0.002905
910.000000 0.002881
911.000000 0.002845
912.000000 0.002795
913.000000 0.002716
914.000000 0.002655
915.000000 0.002637
916.000000 0.002593
917.000000 0.002559
918.000000 0.002530
919.000000 0.002492
920.000000 0.002465
921.000000 0.002430
922.000000 0.002378
923.000000 0.002303
924.000000 0.002239
925.000000 0.002201
926.000000 0.002144
927.000000 0.002095
928.000000 0.002077
929.000000 0.002048
930.000000 0.002015
931.000000 0.001981
932.000000 0.001938
933.000000 0.001918
934.000000 0.001893
935.000000 0.001852
936.000000 0.001819
937.000000 0.001809
938.000000 0.001827
939.000000 0.001832
940.000000 0.001825
941.000000 0.001822
942.000000 0.001855
943.000000 0.001897
944.000000 0.001891
945.000000 0.001870
946.000000 0.001859
947.000000 0.001848
948.000000 0.001810
949.000000 0.001778
950.000000 0.001776
