315.000000 0.139898
316.000000 0.139923
317.000000 0.140812
318.000000 0.141823
319.000000 0.142505
320.000000 0.142433
321.000000 0.142621
322.000000 0.142876
323.000000 0.143287
324.000000 0.144054
325.000000 0.144322
326.000000 0.144392
327.000000 0.144973
328.000000 0.145417
329.000000 0.145482
330.000000 0.145610
331.000000 0.146171
332.000000 0.146826
333.000000 0.146898
334.000000 0.146782
335.000000 0.147129
336.000000 0.147666
337.000000 0.148230
338.000000 0.148611
339.000000 0.148875
340.000000 0.149369
341.000000 0.149677
342.000000 0.149953
343.000000 0.150712
344.000000 0.151644
345.000000 0.152234
346.000000 0.152870
347.000000 0.153970
348.000000 0.155149
349.000000 0.156149
350.000000 0.156940
351.000000 0.157624
352.000000 0.158415
353.000000 0.159353
354.000000 0.160577
355.000000 0.161975
356.000000 0.163376
357.000000 0.164657
358.000000 0.165993
359.000000 0.167509
360.000000 0.168978
361.000000 0.170457
362.000000 0.172119
363.000000 0.174094
364.000000 0.176120
365.000000 0.178060
366.000000 0.180128
367.000000 0.182325
368.000000 0.184614
369.000000 0.186839
370.000000 0.188524
371.000000 0.190606
372.000000 0.193230
373.000000 0.195568
374.000000 0.197940
375.000000 0.200482
376.000000 0.202718
377.000000 0.204921
378.000000 0.207588
379.000000 0.210430
380.000000 0.213293
381.000000 0.216158
382.000000 0.218970
383.000000 0.221852
384.000000 0.224844
385.000000 0.227993
386.000000 0.230923
387.000000 0.233246
388.000000 0.235479
389.000000 0.238214
390.000000 0.241195
391.000000 0.243924
392.000000 0.246885
393.000000 0.249803
394.000000 0.252493
395.000000 0.255284
396.000000 0.257866
397.000000 0.260127
398.000000 0.262746
399.000000 0.265618
400.000000 0.268327
401.000000 0.270899
402.000000 0.273303
403.000000 0.275833
404.000000 0.278282
405.000000 0.280607
406.000000 0.282972
407.000000 0.285178
408.000000 0.287264
409.000000 0.289284
410.000000 0.291135
411.000000 0.293010
412.000000 0.294852
413.000000 0.296369
414.000000 0.297910
415.000000 0.299530
416.000000 0.301133
417.000000 0.302746
418.000000 0.304079
419.000000 0.305073
420.000000 0.306008
421.000000 0.306937
422.000000 0.307515
423.000000 0.307763
424.000000 0.307899
425.000000 0.307903
426.000000 0.307876
427.000000 0.307734
428.000000 0.307475
429.000000 0.307143
430.000000 0.306577
431.000000 0.305885
432.000000 0.305052
433.000000 0.304185
434.000000 0.303382
435.000000 0.302482
436.000000 0.301450
437.000000 0.300320
438.000000 0.299093
439.000000 0.297763
440.000000 0.296335
441.000000 0.294794
442.000000 0.293222
443.000000 0.291517
444.000000 0.289595
445.000000 0.287654
446.000000 0.285632
447.000000 0.283519
448.000000 0.281252
449.000000 0.278823
450.000000 0.276413
451.000000 0.273860
452.000000 0.271114
453.000000 0.268442
454.000000 0.265744
455.000000 0.262899
456.000000 0.259967
457.000000 0.256954
458.000000 0.253969
459.000000 0.250885
460.000000 0.247996
461.000000 0.245309
462.000000 0.242445
463.000000 0.239613
464.000000 0.236853
465.000000 0.234127
466.000000 0.231657
467.000000 0.229340
468.000000 0.227116
469.000000 0.224986
470.000000 0.222955
471.000000 0.221137
472.000000 0.219432
473.000000 0.217835
474.000000 0.216337
475.000000 0.214914
476.000000 0.213595
477.000000 0.212434
478.000000 0.211418
479.000000 0.210469
480.000000 0.209628
481.000000 0.208932
482.000000 0.208389
483.000000 0.207910
484.000000 0.207452
485.000000 0.207112
486.000000 0.206878
487.000000 0.206638
488.000000 0.206400
489.000000 0.206175
490.000000 0.206219
491.000000 0.206147
492.000000 0.205728
493.000000 0.205706
494.000000 0.206049
495.000000 0.206293
496.000000 0.206518
497.000000 0.206898
498.000000 0.206965
499.000000 0.206784
500.000000 0.206896
501.000000 0.207302
502.000000 0.207638
503.000000 0.207974
504.000000 0.208303
505.000000 0.208548
506.000000 0.208699
507.000000 0.208740
508.000000 0.209039
509.000000 0.209430
510.000000 0.209552
511.000000 0.209738
512.000000 0.210265
513.000000 0.210903
514.000000 0.211421
515.000000 0.211610
516.000000 0.211531
517.000000 0.211762
518.000000 0.212126
519.000000 0.212464
520.000000 0.212702
521.000000 0.212749
522.000000 0.213154
523.000000 0.213736
524.000000 0.214033
525.000000 0.214175
526.000000 0.214357
527.000000 0.214520
528.000000 0.214706
529.000000 0.214857
530.000000 0.215079
531.000000 0.215427
532.000000 0.215551
533.000000 0.215617
534.000000 0.215996
535.000000 0.216147
536.000000 0.215963
537.000000 0.215973
538.000000 0.215705
539.000000 0.215374
540.000000 0.215021
541.000000 0.214604
542.000000 0.214783
543.000000 0.214686
544.000000 0.213993
545.000000 0.213411
546.000000 0.212877
547.000000 0.212170
548.000000 0.211492
549.000000 0.210791
550.000000 0.210120
551.000000 0.209509
552.000000 0.208708
553.000000 0.207938
554.000000 0.207359
555.000000 0.206613
556.000000 0.205729
557.000000 0.204937
558.000000 0.203992
559.000000 0.203035
560.000000 0.202175
561.000000 0.201336
562.000000 0.200362
563.000000 0.199272
564.000000 0.198176
565.000000 0.197116
566.000000 0.196046
567.000000 0.194884
568.000000 0.193744
569.000000 0.192509
570.000000 0.191371
571.000000 0.190311
572.000000 0.189053
573.000000 0.187794
574.000000 0.186444
575.000000 0.185089
576.000000 0.183863
577.000000 0.182548
578.000000 0.181181
579.000000 0.179665
580.000000 0.178186
581.000000 0.177001
582.000000 0.175891
583.000000 0.174650
584.000000 0.173359
585.000000 0.172040
586.000000 0.170745
587.000000 0.169372
588.000000 0.168006
589.000000 0.166749
590.000000 0.165480
591.000000 0.164260
592.000000 0.163171
593.000000 0.162087
594.000000 0.160913
595.000000 0.159636
596.000000 0.158399
597.000000 0.157322
598.000000 0.156240
599.000000 0.155188
600.000000 0.154236
601.000000 0.153305
602.000000 0.152412
603.000000 0.151543
604.000000 0.150652
605.000000 0.149876
606.000000 0.149240
607.000000 0.148606
608.000000 0.148025
609.000000 0.147526
610.000000 0.147061
611.000000 0.146664
612.000000 0.146354
613.000000 0.146126
614.000000 0.145936
615.000000 0.145801
616.000000 0.145714
617.000000 0.145744
618.000000 0.145858
619.000000 0.145949
620.000000 0.146105
621.000000 0.146390
622.000000 0.146756
623.000000 0.147145
624.000000 0.147602
625.000000 0.148091
626.000000 0.148613
627.000000 0.149182
628.000000 0.149774
629.000000 0.150476
630.000000 0.151227
631.000000 0.151955
632.000000 0.152624
633.000000 0.153321
634.000000 0.154062
635.000000 0.154807
636.000000 0.155515
637.000000 0.156167
638.000000 0.156827
639.000000 0.157520
640.000000 0.158212
641.000000 0.158867
642.000000 0.159498
643.000000 0.160071
644.000000 0.160595
645.000000 0.161079
646.000000 0.161578
647.000000 0.162126
648.000000 0.162680
649.000000 0.163250
650.000000 0.163866
651.000000 0.164485
652.000000 0.165105
653.000000 0.165733
654.000000 0.166373
655.000000 0.167090
656.000000 0.167873
657.000000 0.168625
658.000000 0.169379
659.000000 0.170215
660.000000 0.171119
661.000000 0.172019
662.000000 0.172887
663.000000 0.173799
664.000000 0.174750
665.000000 0.175627
666.000000 0.176436
667.000000 0.177330
668.000000 0.178274
669.000000 0.179150
670.000000 0.179966
671.000000 0.180767
672.000000 0.181529
673.000000 0.182278
674.000000 0.182979
675.000000 0.183636
676.000000 0.184278
677.000000 0.184845
678.000000 0.185388
679.000000 0.185910
680.000000 0.186380
681.000000 0.186801
682.000000 0.187218
683.000000 0.187657
684.000000 0.188112
685.000000 0.188600
686.000000 0.189112
687.000000 0.189632
688.000000 0.190180
689.000000 0.190780
690.000000 0.191428
691.000000 0.192155
692.000000 0.192921
693.000000 0.193760
694.000000 0.194751
695.000000 0.195848
696.000000 0.196986
697.000000 0.198252
698.000000 0.199638
699.000000 0.201168
700.000000 0.202855
701.000000 0.204606
702.000000 0.206445
703.000000 0.208407
704.000000 0.210510
705.000000 0.212752
706.000000 0.215107
707.000000 0.217567
708.000000 0.220111
709.000000 0.222698
710.000000 0.225273
711.000000 0.227903
712.000000 0.230650
713.000000 0.233397
714.000000 0.236112
715.000000 0.238765
716.000000 0.241390
717.000000 0.244036
718.000000 0.246618
719.000000 0.249015
720.000000 0.251231
721.000000 0.253380
722.000000 0.255473
723.000000 0.257414
724.000000 0.259097
725.000000 0.260586
726.000000 0.261959
727.000000 0.263189
728.000000 0.264203
729.000000 0.264940
730.000000 0.265438
731.000000 0.265730
732.000000 0.265791
733.000000 0.265619
734.000000 0.265209
735.000000 0.264585
736.000000 0.263741
737.000000 0.262564
738.000000 0.261065
739.000000 0.259232
740.000000 0.257109
741.000000 0.254783
742.000000 0.252215
743.000000 0.249432
744.000000 0.246424
745.000000 0.243132
746.000000 0.239562
747.000000 0.235771
748.000000 0.231777
749.000000 0.227579
750.000000 0.223191
751.000000 0.218720
752.000000 0.214158
753.000000 0.209372
754.000000 0.204379
755.000000 0.199268
756.000000 0.194141
757.000000 0.189000
758.000000 0.183819
759.000000 0.178555
760.000000 0.173197
761.000000 0.167867
762.000000 0.162616
763.000000 0.157416
764.000000 0.152270
765.000000 0.147088
766.000000 0.141937
767.000000 0.136937
768.000000 0.132119
769.000000 0.127438
770.000000 0.122859
771.000000 0.118432
772.000000 0.114115
773.000000 0.109904
774.000000 0.105811
775.000000 0.101839
776.000000 0.097764
777.000000 0.093782
778.000000 0.090154
779.000000 0.086683
780.000000 0.083345
781.000000 0.080148
782.000000 0.077129
783.000000 0.074343
784.000000 0.071668
785.000000 0.069039
786.000000 0.066508
787.000000 0.064037
788.000000 0.061605
789.000000 0.059317
790.000000 0.057180
791.000000 0.055115
792.000000 0.053113
793.000000 0.051192
794.000000 0.049366
795.000000 0.047624
796.000000 0.045947
797.000000 0.044236
798.000000 0.042580
799.000000 0.041092
800.000000 0.039686
801.000000 0.038339
802.000000 0.037011
803.000000 0.035708
804.000000 0.034444
805.000000 0.033271
806.000000 0.032195
807.000000 0.031089
808.000000 0.029996
809.000000 0.028967
810.000000 0.027992
811.000000 0.027066
812.000000 0.026200
813.000000 0.025380
814.000000 0.024586
815.000000 0.023817
816.000000 0.023029
817.000000 0.022248
818.000000 0.021538
819.000000 0.020878
820.000000 0.020242
821.000000 0.019647
822.000000 0.019089
823.000000 0.018516
824.000000 0.017955
825.000000 0.017391
826.000000 0.016907
827.000000 0.016462
828.000000 0.015944
829.000000 0.015477
830.000000 0.015041
831.000000 0.014606
832.000000 0.014210
833.000000 0.013831
834.000000 0.013434
835.000000 0.013066
836.000000 0.012680
837.000000 0.012268
838.000000 0.011939
839.000000 0.011661
840.000000 0.011366
841.000000 0.011004
842.000000 0.010651
843.000000 0.010385
844.000000 0.010120
845.000000 0.009848
846.000000 0.009579
847.000000 0.009307
848.000000 0.009075
849.000000 0.008854
850.000000 0.008617
851.000000 0.008376
852.000000 0.008167
853.000000 0.008000
854.000000 0.007829
855.000000 0.007611
856.000000 0.007372
857.000000 0.007196
858.000000 0.007052
859.000000 0.006893
860.000000 0.006795
861.000000 0.006741
862.000000 0.006595
863.000000 0.006435
864.000000 0.006308
865.000000 0.006143
866.000000 0.005978
867.000000 0.005852
868.000000 0.005752
869.000000 0.005654
870.000000 0.005568
871.000000 0.005485
872.000000 0.005377
873.000000 0.005259
874.000000 0.005165
875.000000 0.005073
876.000000 0.004964
877.000000 0.004873
878.000000 0.004792
879.000000 0.004695
880.000000 0.004584
881.000000 0.004481
882.000000 0.004390
883.000000 0.004318
884.000000 0.004254
885.000000 0.004187
886.000000 0.004117
887.000000 0.004031
888.000000 0.003957
889.000000 0.003914
890.000000 0.003885
891.000000 0.003816
892.000000 0.003740
893.000000 0.003677
894.000000 0.003623
895.000000 0.003580
896.000000 0.003517
897.000000 0.003432
898.000000 0.003391
899.000000 0.003384
900.000000 0.003351
901.000000 0.003299
902.000000 0.003223
903.000000 0.003176
904.000000 0.003158
905.000000 0.003128
906.000000 0.003086
907.000000 0.003033
908.000000 0.002990
909.000000 0.002967
910.000000 0.002921
911.000000 0.002874
912.000000 0.002862
913.000000 0.002816
914.000000 0.002761
915.000000 0.002737
916.000000 0.002701
917.000000 0.002673
918.000000 0.002655
919.000000 0.002607
920.000000 0.002555
921.000000 0.002506
922.000000 0.002444
923.000000 0.002373
924.000000 0.002295
925.000000 0.002243
926.000000 0.002204
927.000000 0.002171
928.000000 0.002143
929.000000 0.002109
930.000000 0.002083
931.000000 0.002055
932.000000 0.002024
933.000000 0.001983
934.000000 0.001946
935.000000 0.001907
936.000000 0.001866
937.000000 0.001851
938.000000 0.001867
939.000000 0.001868
940.000000 0.001838
941.000000 0.001834
942.000000 0.001873
943.000000 0.001906
944.000000 0.001902
945.000000 0.001906
946.000000 0.001897
947.000000 0.001869
948.000000 0.001833
949.000000 0.001804
950.000000 0.001800
