315.000000 0.142599
316.000000 0.142428
317.000000 0.142976
318.000000 0.143935
319.000000 0.145154
320.000000 0.145686
321.000000 0.146156
322.000000 0.146615
323.000000 0.147003
324.000000 0.147236
325.000000 0.146850
326.000000 0.147064
327.000000 0.147734
328.000000 0.148206
329.000000 0.148601
330.000000 0.148614
331.000000 0.148951
332.000000 0.149671
333.000000 0.149937
334.000000 0.149537
335.000000 0.149452
336.000000 0.150025
337.000000 0.150549
338.000000 0.150450
339.000000 0.150338
340.000000 0.150897
341.000000 0.151178
342.000000 0.151328
343.000000 0.151936
344.000000 0.152543
345.000000 0.153158
346.000000 0.153916
347.000000 0.154908
348.000000 0.155936
349.000000 0.156619
350.000000 0.157203
351.000000 0.158040
352.000000 0.159003
353.000000 0.159849
354.000000 0.160838
355.000000 0.161990
356.000000 0.163110
357.000000 0.164080
358.000000 0.165028
359.000000 0.166151
360.000000 0.167391
361.000000 0.168726
362.000000 0.170275
363.000000 0.171916
364.000000 0.173658
365.000000 0.175596
366.000000 0.177555
367.000000 0.179691
368.000000 0.181947
369.000000 0.184028
370.000000 0.185257
371.000000 0.186748
372.000000 0.189440
373.000000 0.191790
374.000000 0.193782
375.000000 0.196191
376.000000 0.198508
377.000000 0.200702
378.000000 0.203378
379.000000 0.206221
380.000000 0.208966
381.000000 0.211692
382.000000 0.214335
383.000000 0.217220
384.000000 0.220298
385.000000 0.223643
386.000000 0.226831
387.000000 0.229390
388.000000 0.231831
389.000000 0.234589
390.000000 0.237725
391.000000 0.240941
392.000000 0.244185
393.000000 0.247232
394.000000 0.250213
395.000000 0.253331
396.000000 0.256279
397.000000 0.258993
398.000000 0.261897
399.000000 0.265094
400.000000 0.268147
401.000000 0.271108
402.000000 0.273982
403.000000 0.276652
404.000000 0.279200
405.000000 0.281880
406.000000 0.284621
407.000000 0.287195
408.000000 0.289838
409.000000 0.292439
410.000000 0.294816
411.000000 0.296970
412.000000 0.299067
413.000000 0.301213
414.000000 0.303245
415.000000 0.304991
416.000000 0.306676
417.000000 0.308653
418.000000 0.310588
419.000000 0.312055
420.000000 0.313407
421.000000 0.314613
422.000000 0.315315
423.000000 0.315781
424.000000 0.316213
425.000000 0.316491
426.000000 0.316723
427.000000 0.316834
428.000000 0.316618
429.000000 0.316357
430.000000 0.315989
431.000000 0.315429
432.000000 0.314798
433.000000 0.314053
434.000000 0.313331
435.000000 0.312582
436.000000 0.311675
437.000000 0.310585
438.000000 0.309293
439.000000 0.307955
440.000000 0.306556
441.000000 0.305056
442.000000 0.303451
443.000000 0.301621
444.000000 0.299612
445.000000 0.297597
446.000000 0.295404
447.000000 0.293107
448.000000 0.290694
449.000000 0.288030
450.000000 0.285345
451.000000 0.282467
452.000000 0.279490
453.000000 0.276601
454.000000 0.273546
455.000000 0.270377
456.000000 0.267124
457.000000 0.263779
458.000000 0.260572
459.000000 0.257259
460.000000 0.254023
461.000000 0.251081
462.000000 0.248103
463.000000 0.245109
464.000000 0.242126
465.000000 0.239269
466.000000 0.236795
467.000000 0.234451
468.000000 0.232196
469.000000 0.230120
470.000000 0.228104
471.000000 0.226255
472.000000 0.224581
473.000000 0.223149
474.000000 0.221870
475.000000 0.220672
476.000000 0.219608
477.000000 0.218698
478.000000 0.217938
479.000000 0.217310
480.000000 0.216821
481.000000 0.216442
482.000000 0.216176
483.000000 0.216000
484.000000 0.215962
485.000000 0.216064
486.000000 0.216184
487.000000 0.216273
488.000000 0.216487
489.000000 0.216723
490.000000 0.217192
491.000000 0.217588
492.000000 0.217879
493.000000 0.218642
494.000000 0.219511
495.000000 0.220043
496.000000 0.220772
497.000000 0.221593
498.000000 0.221945
499.000000 0.222268
500.000000 0.222562
501.000000 0.223077
502.000000 0.224001
503.000000 0.224978
504.000000 0.225662
505.000000 0.226156
506.000000 0.226534
507.000000 0.226803
508.000000 0.227658
509.000000 0.228786
510.000000 0.229514
511.000000 0.230204
512.000000 0.230863
513.000000 0.231662
514.000000 0.232508
515.000000 0.233073
516.000000 0.233333
517.000000 0.233808
518.000000 0.234605
519.000000 0.235309
520.000000 0.235795
521.000000 0.235993
522.000000 0.236380
523.000000 0.236952
524.000000 0.237359
525.000000 0.237552
526.000000 0.237788
527.000000 0.238012
528.000000 0.238230
529.000000 0.238558
530.000000 0.238914
531.000000 0.239288
532.000000 0.239587
533.000000 0.239809
534.000000 0.240142
535.000000 0.240009
536.000000 0.239476
537.000000 0.239312
538.000000 0.239113
539.000000 0.238711
540.000000 0.238147
541.000000 0.237595
542.000000 0.237448
543.000000 0.237131
544.000000 0.236373
545.000000 0.235627
546.000000 0.234804
547.000000 0.233919
548.000000 0.233196
549.000000 0.232470
550.000000 0.231775
551.000000 0.231059
552.000000 0.230094
553.000000 0.228992
554.000000 0.227921
555.000000 0.226718
556.000000 0.225454
557.000000 0.224361
558.000000 0.223229
559.000000 0.222027
560.000000 0.220812
561.000000 0.219553
562.000000 0.218124
563.000000 0.216677
564.000000 0.215273
565.000000 0.213872
566.000000 0.212418
567.000000 0.210805
568.000000 0.209151
569.000000 0.207437
570.000000 0.205768
571.000000 0.204291
572.000000 0.202737
573.000000 0.200953
574.000000 0.199047
575.000000 0.197346
576.000000 0.195712
577.000000 0.193901
578.000000 0.192052
579.000000 0.190245
580.000000 0.188430
581.000000 0.186478
582.000000 0.184626
583.000000 0.182815
584.000000 0.180987
585.000000 0.179135
586.000000 0.177179
587.000000 0.175201
588.000000 0.173265
589.000000 0.171298
590.000000 0.169331
591.000000 0.167558
592.000000 0.165915
593.000000 0.164147
594.000000 0.162275
595.000000 0.160431
596.000000 0.158661
597.000000 0.157029
598.000000 0.155381
599.000000 0.153713
600.000000 0.152149
601.000000 0.150582
602.000000 0.149036
603.000000 0.147585
604.000000 0.146148
605.000000 0.144789
606.000000 0.143524
607.000000 0.142297
608.000000 0.141130
609.000000 0.139991
610.000000 0.138899
611.000000 0.137940
612.000000 0.136997
613.000000 0.136112
614.000000 0.135316
615.000000 0.134557
616.000000 0.133940
617.000000 0.133418
618.000000 0.132937
619.000000 0.132477
620.000000 0.132061
621.000000 0.131722
622.000000 0.131470
623.000000 0.131297
624.000000 0.131217
625.000000 0.131135
626.000000 0.131078
627.000000 0.130996
628.000000 0.130904
629.000000 0.131005
630.000000 0.131189
631.000000 0.131288
632.000000 0.131340
633.000000 0.131442
634.000000 0.131571
635.000000 0.131656
636.000000 0.131630
637.000000 0.131598
638.000000 0.131560
639.000000 0.131483
640.000000 0.131369
641.000000 0.131271
642.000000 0.131188
643.000000 0.131003
644.000000 0.130720
645.000000 0.130455
646.000000 0.130184
647.000000 0.129923
648.000000 0.129667
649.000000 0.129385
650.000000 0.129116
651.000000 0.128837
652.000000 0.128537
653.000000 0.128284
654.000000 0.128126
655.000000 0.127995
656.000000 0.127902
657.000000 0.127823
658.000000 0.127722
659.000000 0.127661
660.000000 0.127662
661.000000 0.127772
662.000000 0.127896
663.000000 0.127945
664.000000 0.128031
665.000000 0.128152
666.000000 0.128255
667.000000 0.128403
668.000000 0.128597
669.000000 0.128838
670.000000 0.129078
671.000000 0.129248
672.000000 0.129431
673.000000 0.129632
674.000000 0.129787
675.000000 0.129946
676.000000 0.130147
677.000000 0.130345
678.000000 0.130583
679.000000 0.130818
680.000000 0.131001
681.000000 0.131189
682.000000 0.131370
683.000000 0.131527
684.000000 0.131725
685.000000 0.131964
686.000000 0.132257
687.000000 0.132565
688.000000 0.132878
689.000000 0.133281
690.000000 0.133723
691.000000 0.134171
692.000000 0.134653
693.000000 0.135160
694.000000 0.135705
695.000000 0.136354
696.000000 0.137059
697.000000 0.137812
698.000000 0.138622
699.000000 0.139485
700.000000 0.140450
701.000000 0.141466
702.000000 0.142511
703.000000 0.143627
704.000000 0.144828
705.000000 0.146113
706.000000 0.147437
707.000000 0.148797
708.000000 0.150208
709.000000 0.151645
710.000000 0.153098
711.000000 0.154652
712.000000 0.156277
713.000000 0.157848
714.000000 0.159434
715.000000 0.161028
716.000000 0.162597
717.000000 0.164169
718.000000 0.165734
719.000000 0.167254
720.000000 0.168705
721.000000 0.170133
722.000000 0.171521
723.000000 0.172807
724.000000 0.173993
725.000000 0.175050
726.000000 0.175973
727.000000 0.176787
728.000000 0.177458
729.000000 0.177974
730.000000 0.178354
731.000000 0.178510
732.000000 0.178453
733.000000 0.178226
734.000000 0.177824
735.000000 0.177265
736.000000 0.176512
737.000000 0.175465
738.000000 0.174129
739.000000 0.172584
740.000000 0.170834
741.000000 0.168834
742.000000 0.166656
743.000000 0.164341
744.000000 0.161834
745.000000 0.159182
746.000000 0.156355
747.000000 0.153365
748.000000 0.150258
749.000000 0.147025
750.000000 0.143691
751.000000 0.140296
752.000000 0.136881
753.000000 0.133404
754.000000 0.129839
755.000000 0.126261
756.000000 0.122724
757.000000 0.119247
758.000000 0.115852
759.000000 0.112472
760.000000 0.109082
761.000000 0.105744
762.000000 0.102496
763.000000 0.099361
764.000000 0.096296
765.000000 0.093269
766.000000 0.090337
767.000000 0.087494
768.000000 0.084742
769.000000 0.082110
770.000000 0.079613
771.000000 0.077226
772.000000 0.074917
773.000000 0.072710
774.000000 0.070566
775.000000 0.068494
776.000000 0.066357
777.000000 0.064247
778.000000 0.062323
779.000000 0.060477
780.000000 0.058701
781.000000 0.056966
782.000000 0.055307
783.000000 0.053780
784.000000 0.052296
785.000000 0.050763
786.000000 0.049257
787.000000 0.047845
788.000000 0.046464
789.000000 0.045141
790.000000 0.043874
791.000000 0.042580
792.000000 0.041308
793.000000 0.040089
794.000000 0.038886
795.000000 0.037729
796.000000 0.036616
797.000000 0.035489
798.000000 0.034395
799.000000 0.033363
800.000000 0.032343
801.000000 0.031380
802.000000 0.030466
803.000000 0.029548
804.000000 0.028566
805.000000 0.027599
806.000000 0.026736
807.000000 0.025896
808.000000 0.025062
809.000000 0.024297
810.000000 0.023539
811.000000 0.022779
812.000000 0.022120
813.000000 0.021503
814.000000 0.020849
815.000000 0.020193
816.000000 0.019574
817.000000 0.018955
818.000000 0.018396
819.000000 0.017881
820.000000 0.017345
821.000000 0.016832
822.000000 0.016353
823.000000 0.015893
824.000000 0.015473
825.000000 0.015043
826.000000 0.014640
827.000000 0.014248
828.000000 0.013797
829.000000 0.013373
830.000000 0.013023
831.000000 0.012723
832.000000 0.012422
833.000000 0.012094
834.000000 0.011769
835.000000 0.011440
836.000000 0.011094
837.000000 0.010772
838.000000 0.010475
839.000000 0.010174
840.000000 0.009887
841.000000 0.009596
842.000000 0.009352
843.000000 0.009154
844.000000 0.008914
845.000000 0.008671
846.000000 0.008469
847.000000 0.008272
848.000000 0.008057
849.000000 0.007841
850.000000 0.007635
851.000000 0.007452
852.000000 0.007259
853.000000 0.007083
854.000000 0.006960
855.000000 0.006784
856.000000 0.006552
857.000000 0.006374
858.000000 0.006243
859.000000 0.006128
860.000000 0.006037
861.000000 0.005948
862.000000 0.005815
863.000000 0.005693
864.000000 0.005609
865.000000 0.005519
866.000000 0.005398
867.000000 0.005292
868.000000 0.005203
869.000000 0.005107
870.000000 0.005004
871.000000 0.004917
872.000000 0.004830
873.000000 0.004722
874.000000 0.004650
875.000000 0.004570
876.000000 0.004471
877.000000 0.004381
878.000000 0.004292
879.000000 0.004228
880.000000 0.004159
881.000000 0.004054
882.000000 0.003957
883.000000 0.003881
884.000000 0.003794
885.000000 0.003727
886.000000 0.003666
887.000000 0.003584
888.000000 0.003512
889.000000 0.003467
890.000000 0.003419
891.000000 0.003362
892.000000 0.003335
893.000000 0.003296
894.000000 0.003229
895.000000 0.003166
896.000000 0.003089
897.000000 0.003034
898.000000 0.003031
899.000000 0.003020
900.000000 0.002970
901.000000 0.002897
902.000000 0.002826
903.000000 0.002840
904.000000 0.002865
905.000000 0.002833
906.000000 0.002807
907.000000 0.002759
908.000000 0.002686
909.000000 0.002643
910.000000 0.002624
911.000000 0.002599
912.000000 0.002567
913.000000 0.002530
914.000000 0.002512
915.000000 0.002509
916.000000 0.002481
917.000000 0.002461
918.000000 0.002436
919.000000 0.002381
920.000000 0.002332
921.000000 0.002277
922.000000 0.002229
923.000000 0.002161
924.000000 0.002051
925.000000 0.001977
926.000000 0.001968
927.000000 0.001981
928.000000 0.001969
929.000000 0.001943
930.000000 0.001932
931.000000 0.001904
932.000000 0.001869
933.000000 0.001848
934.000000 0.001833
935.000000 0.001822
936.000000 0.001793
937.000000 0.001798
938.000000 0.001833
939.000000 0.001823
940.000000 0.001791
941.000000 0.001769
942.000000 0.001801
943.000000 0.001850
944.000000 0.001849
945.000000 0.001819
946.000000 0.001790
947.000000 0.001756
948.000000 0.001710
949.000000 0.001700
950.000000 0.001715
