315.000000 0.139870
316.000000 0.139730
317.000000 0.140338
318.000000 0.140613
319.000000 0.141080
320.000000 0.141245
321.000000 0.141435
322.000000 0.141744
323.000000 0.141978
324.000000 0.142446
325.000000 0.142787
326.000000 0.143200
327.000000 0.143703
328.000000 0.144166
329.000000 0.144677
330.000000 0.144855
331.000000 0.145270
332.000000 0.146234
333.000000 0.146666
334.000000 0.146734
335.000000 0.147005
336.000000 0.147482
337.000000 0.148072
338.000000 0.148504
339.000000 0.148878
340.000000 0.149207
341.000000 0.149275
342.000000 0.149368
343.000000 0.149994
344.000000 0.150743
345.000000 0.151581
346.000000 0.152680
347.000000 0.153693
348.000000 0.154710
349.000000 0.155697
350.000000 0.156512
351.000000 0.157319
352.000000 0.158281
353.000000 0.159229
354.000000 0.160473
355.000000 0.162010
356.000000 0.163434
357.000000 0.164778
358.000000 0.166130
359.000000 0.167504
360.000000 0.169027
361.000000 0.170723
362.000000 0.172469
363.000000 0.174321
364.000000 0.176279
365.000000 0.178314
366.000000 0.180438
367.000000 0.182841
368.000000 0.185319
369.000000 0.187622
370.000000 0.189479
371.000000 0.191512
372.000000 0.194645
373.000000 0.197415
374.000000 0.199645
375.000000 0.202177
376.000000 0.204473
377.000000 0.206924
378.000000 0.209709
379.000000 0.212405
380.000000 0.215048
381.000000 0.217939
382.000000 0.221054
383.000000 0.224236
384.000000 0.227192
385.000000 0.230077
386.000000 0.232790
387.000000 0.235000
388.000000 0.237148
389.000000 0.239569
390.000000 0.242354
391.000000 0.245180
392.000000 0.247911
393.000000 0.250510
394.000000 0.253079
395.000000 0.255710
396.000000 0.258213
397.000000 0.260513
398.000000 0.263056
399.000000 0.265854
400.000000 0.268440
401.000000 0.270838
402.000000 0.273169
403.000000 0.275326
404.000000 0.277392
405.000000 0.279637
406.000000 0.281918
407.000000 0.284039
408.000000 0.286172
409.000000 0.288325
410.000000 0.290009
411.000000 0.291786
412.000000 0.293882
413.000000 0.295581
414.000000 0.297032
415.000000 0.298483
416.000000 0.299978
417.000000 0.301313
418.000000 0.302447
419.000000 0.303543
420.000000 0.304515
421.000000 0.305385
422.000000 0.305999
423.000000 0.306198
424.000000 0.306299
425.000000 0.306196
426.000000 0.306048
427.000000 0.305949
428.000000 0.305617
429.000000 0.305157
430.000000 0.304597
431.000000 0.303864
432.000000 0.302925
433.000000 0.301938
434.000000 0.300992
435.000000 0.300025
436.000000 0.299097
437.000000 0.298072
438.000000 0.296769
439.000000 0.295426
440.000000 0.294025
441.000000 0.292511
442.000000 0.291030
443.000000 0.289341
444.000000 0.287415
445.000000 0.285503
446.000000 0.283498
447.000000 0.281288
448.000000 0.278939
449.000000 0.276528
450.000000 0.274178
451.000000 0.271719
452.000000 0.269112
453.000000 0.266558
454.000000 0.263850
455.000000 0.261054
456.000000 0.258151
457.000000 0.255076
458.000000 0.252151
459.000000 0.249261
460.000000 0.246450
461.000000 0.243763
462.000000 0.240991
463.000000 0.238242
464.000000 0.235571
465.000000 0.232926
466.000000 0.230522
467.000000 0.228282
468.000000 0.226079
469.000000 0.223983
470.000000 0.221961
471.000000 0.220115
472.000000 0.218325
473.000000 0.216664
474.000000 0.215191
475.000000 0.213800
476.000000 0.212483
477.000000 0.211235
478.000000 0.210131
479.000000 0.209082
480.000000 0.208152
481.000000 0.207383
482.000000 0.206740
483.000000 0.206174
484.000000 0.205680
485.000000 0.205293
486.000000 0.204938
487.000000 0.204577
488.000000 0.204288
489.000000 0.204080
490.000000 0.203937
491.000000 0.203570
492.000000 0.203263
493.000000 0.203446
494.000000 0.203618
495.000000 0.203629
496.000000 0.203849
497.000000 0.204072
498.000000 0.204151
499.000000 0.204214
500.000000 0.204221
501.000000 0.204362
502.000000 0.204446
503.000000 0.204689
504.000000 0.204942
505.000000 0.204936
506.000000 0.204831
507.000000 0.204659
508.000000 0.204885
509.000000 0.205439
510.000000 0.205850
511.000000 0.206078
512.000000 0.206329
513.000000 0.206867
514.000000 0.207482
515.000000 0.207761
516.000000 0.207623
517.000000 0.207734
518.000000 0.208255
519.000000 0.208747
520.000000 0.209096
521.000000 0.209334
522.000000 0.209733
523.000000 0.210003
524.000000 0.210013
525.000000 0.210025
526.000000 0.210142
527.000000 0.210169
528.000000 0.210279
529.000000 0.210650
530.000000 0.211006
531.000000 0.211312
532.000000 0.211343
533.000000 0.211538
534.000000 0.211994
535.000000 0.211940
536.000000 0.211659
537.000000 0.211653
538.000000 0.211513
539.000000 0.211292
540.000000 0.210772
541.000000 0.209983
542.000000 0.209859
543.000000 0.209843
544.000000 0.209492
545.000000 0.209068
546.000000 0.208622
547.000000 0.208165
548.000000 0.207662
549.000000 0.207102
550.000000 0.206636
551.000000 0.206017
552.000000 0.205049
553.000000 0.204217
554.000000 0.203534
555.000000 0.202744
556.000000 0.201921
557.000000 0.201080
558.000000 0.200122
559.000000 0.199252
560.000000 0.198469
561.000000 0.197580
562.000000 0.196570
563.000000 0.195589
564.000000 0.194672
565.000000 0.193755
566.000000 0.192689
567.000000 0.191489
568.000000 0.190330
569.000000 0.189262
570.000000 0.188271
571.000000 0.187268
572.000000 0.186094
573.000000 0.184855
574.000000 0.183670
575.000000 0.182499
576.000000 0.181359
577.000000 0.180178
578.000000 0.178959
579.000000 0.177696
580.000000 0.176427
581.000000 0.175275
582.000000 0.174161
583.000000 0.172962
584.000000 0.171807
585.000000 0.170601
586.000000 0.169315
587.000000 0.168079
588.000000 0.166789
589.000000 0.165568
590.000000 0.164533
591.000000 0.163457
592.000000 0.162432
593.000000 0.161461
594.000000 0.160367
595.000000 0.159239
596.000000 0.158206
597.000000 0.157259
598.000000 0.156241
599.000000 0.155255
600.000000 0.154474
601.000000 0.153667
602.000000 0.152829
603.000000 0.152081
604.000000 0.151411
605.000000 0.150820
606.000000 0.150306
607.000000 0.149843
608.000000 0.149356
609.000000 0.148848
610.000000 0.148438
611.000000 0.148209
612.000000 0.148006
613.000000 0.147846
614.000000 0.147793
615.000000 0.147784
616.000000 0.147804
617.000000 0.147929
618.000000 0.148168
619.000000 0.148393
620.000000 0.148635
621.000000 0.148981
622.000000 0.149428
623.000000 0.149947
624.000000 0.150556
625.000000 0.151187
626.000000 0.151846
627.000000 0.152491
628.000000 0.153158
629.000000 0.153943
630.000000 0.154754
631.000000 0.155546
632.000000 0.156357
633.000000 0.157273
634.000000 0.158227
635.000000 0.159086
636.000000 0.159864
637.000000 0.160651
638.000000 0.161423
639.000000 0.162223
640.000000 0.163017
641.000000 0.163753
642.000000 0.164524
643.000000 0.165267
644.000000 0.165908
645.000000 0.166508
646.000000 0.167144
647.000000 0.167860
648.000000 0.168653
649.000000 0.169380
650.000000 0.170109
651.000000 0.170907
652.000000 0.171670
653.000000 0.172461
654.000000 0.173298
655.000000 0.174205
656.000000 0.175157
657.000000 0.176079
658.000000 0.176994
659.000000 0.177974
660.000000 0.179060
661.000000 0.180159
662.000000 0.181247
663.000000 0.182321
664.000000 0.183399
665.000000 0.184406
666.000000 0.185377
667.000000 0.186448
668.000000 0.187503
669.000000 0.188475
670.000000 0.189377
671.000000 0.190255
672.000000 0.191094
673.000000 0.191917
674.000000 0.192711
675.000000 0.193453
676.000000 0.194186
677.000000 0.194894
678.000000 0.195539
679.000000 0.196096
680.000000 0.196584
681.000000 0.197055
682.000000 0.197519
683.000000 0.197988
684.000000 0.198469
685.000000 0.198958
686.000000 0.199499
687.000000 0.200050
688.000000 0.200623
689.000000 0.201266
690.000000 0.201959
691.000000 0.202728
692.000000 0.203555
693.000000 0.204486
694.000000 0.205547
695.000000 0.206717
696.000000 0.207970
697.000000 0.209333
698.000000 0.210837
699.000000 0.212483
700.000000 0.214312
701.000000 0.216269
702.000000 0.218255
703.000000 0.220334
704.000000 0.222634
705.000000 0.225105
706.000000 0.227637
707.000000 0.230286
708.000000 0.233073
709.000000 0.235877
710.000000 0.238629
711.000000 0.241475
712.000000 0.244434
713.000000 0.247371
714.000000 0.250265
715.000000 0.253121
716.000000 0.255956
717.000000 0.258762
718.000000 0.261507
719.000000 0.264078
720.000000 0.266490
721.000000 0.268821
722.000000 0.271024
723.000000 0.273077
724.000000 0.274919
725.000000 0.276526
726.000000 0.277947
727.000000 0.279218
728.000000 0.280276
729.000000 0.281066
730.000000 0.281636
731.000000 0.281987
732.000000 0.282055
733.000000 0.281824
734.000000 0.281370
735.000000 0.280697
736.000000 0.279794
737.000000 0.278611
738.000000 0.277092
739.000000 0.275224
740.000000 0.273075
741.000000 0.270684
742.000000 0.268072
743.000000 0.265206
744.000000 0.262100
745.000000 0.258720
746.000000 0.255017
747.000000 0.251075
748.000000 0.246972
749.000000 0.242663
750.000000 0.238098
751.000000 0.233376
752.000000 0.228538
753.000000 0.223476
754.000000 0.218189
755.000000 0.212810
756.000000 0.207332
757.000000 0.201822
758.000000 0.196320
759.000000 0.190732
760.000000 0.185050
761.000000 0.179323
762.000000 0.173650
763.000000 0.168040
764.000000 0.162433
765.000000 0.156842
766.000000 0.151329
767.000000 0.145954
768.000000 0.140706
769.000000 0.135593
770.000000 0.130621
771.000000 0.125782
772.000000 0.121066
773.000000 0.116460
774.000000 0.111997
775.000000 0.107662
776.000000 0.103221
777.000000 0.098928
778.000000 0.095019
779.000000 0.091268
780.000000 0.087680
781.000000 0.084268
782.000000 0.080998
783.000000 0.077945
784.000000 0.075073
785.000000 0.072208
786.000000 0.069367
787.000000 0.066674
788.000000 0.064060
789.000000 0.061612
790.000000 0.059341
791.000000 0.057128
792.000000 0.055043
793.000000 0.053013
794.000000 0.051027
795.000000 0.049151
796.000000 0.047399
797.000000 0.045647
798.000000 0.043917
799.000000 0.042285
800.000000 0.040755
801.000000 0.039350
802.000000 0.037989
803.000000 0.036669
804.000000 0.035344
805.000000 0.034043
806.000000 0.032866
807.000000 0.031730
808.000000 0.030638
809.000000 0.029647
810.000000 0.028624
811.000000 0.027620
812.000000 0.026740
813.000000 0.025875
814.000000 0.025044
815.000000 0.024275
816.000000 0.023471
817.000000 0.022662
818.000000 0.021933
819.000000 0.021272
820.000000 0.020606
821.000000 0.019939
822.000000 0.019337
823.000000 0.018771
824.000000 0.018256
825.000000 0.017720
826.000000 0.017190
827.000000 0.016712
828.000000 0.016223
829.000000 0.015737
830.000000 0.015255
831.000000 0.014816
832.000000 0.014429
833.000000 0.014037
834.000000 0.013631
835.000000 0.013251
836.000000 0.012867
837.000000 0.012479
838.000000 0.012137
839.000000 0.011824
840.000000 0.011500
841.000000 0.011145
842.000000 0.010813
843.000000 0.010536
844.000000 0.010268
845.000000 0.010015
846.000000 0.009736
847.000000 0.009455
848.000000 0.009211
849.000000 0.008959
850.000000 0.008748
851.000000 0.008535
852.000000 0.008308
853.000000 0.008110
854.000000 0.007929
855.000000 0.007707
856.000000 0.007444
857.000000 0.007243
858.000000 0.007076
859.000000 0.006926
860.000000 0.006817
861.000000 0.006725
862.000000 0.006606
863.000000 0.006486
864.000000 0.006385
865.000000 0.006234
866.000000 0.006040
867.000000 0.005891
868.000000 0.005795
869.000000 0.005713
870.000000 0.005622
871.000000 0.005537
872.000000 0.005450
873.000000 0.005334
874.000000 0.005222
875.000000 0.005122
876.000000 0.005008
877.000000 0.004908
878.000000 0.004842
879.000000 0.004757
880.000000 0.004652
881.000000 0.004556
882.000000 0.004475
883.000000 0.004398
884.000000 0.004305
885.000000 0.004226
886.000000 0.004168
887.000000 0.004094
888.000000 0.004015
889.000000 0.003967
890.000000 0.003940
891.000000 0.003876
892.000000 0.003792
893.000000 0.003710
894.000000 0.003633
895.000000 0.003580
896.000000 0.003517
897.000000 0.003460
898.000000 0.003452
899.000000 0.003435
900.000000 0.003387
901.000000 0.003323
902.000000 0.003237
903.000000 0.003210
904.000000 0.003219
905.000000 0.003202
906.000000 0.003167
907.000000 0.003108
908.000000 0.003062
909.000000 0.003034
910.000000 0.003005
911.000000 0.002990
912.000000 0.002953
913.000000 0.002879
914.000000 0.002828
915.000000 0.002803
916.000000 0.002738
917.000000 0.002682
918.000000 0.002669
919.000000 0.002630
920.000000 0.002579
921.000000 0.002536
922.000000 0.002497
923.000000 0.002447
924.000000 0.002358
925.000000 0.002284
926.000000 0.002252
927.000000 0.002227
928.000000 0.002187
929.000000 0.002150
930.000000 0.002130
931.000000 0.002101
932.000000 0.002083
933.000000 0.002077
934.000000 0.002062
935.000000 0.002034
936.000000 0.001993
937.000000 0.001959
938.000000 0.001943
939.000000 0.001962
940.000000 0.001970
941.000000 0.001951
942.000000 0.001986
943.000000 0.002023
944.000000 0.002005
945.000000 0.001989
946.000000 0.001978
947.000000 0.001957
948.000000 0.001915
949.000000 0.001887
950.000000 0.001892
