315.000000 0.137643
316.000000 0.137249
317.000000 0.137675
318.000000 0.138753
319.000000 0.140189
320.000000 0.140545
321.000000 0.140488
322.000000 0.140875
323.000000 0.141460
324.000000 0.141971
325.000000 0.142242
326.000000 0.142728
327.000000 0.143375
328.000000 0.143964
329.000000 0.144407
330.000000 0.144602
331.000000 0.145152
332.000000 0.145861
333.000000 0.146096
334.000000 0.146132
335.000000 0.146460
336.000000 0.146908
337.000000 0.147148
338.000000 0.147477
339.000000 0.148144
340.000000 0.148946
341.000000 0.149276
342.000000 0.149512
343.000000 0.150035
344.000000 0.150747
345.000000 0.151514
346.000000 0.152319
347.000000 0.153367
348.000000 0.154604
349.000000 0.155606
350.000000 0.156351
351.000000 0.157325
352.000000 0.158411
353.000000 0.159506
354.000000 0.160800
355.000000 0.162141
356.000000 0.163503
357.000000 0.164892
358.000000 0.166237
359.000000 0.167718
360.000000 0.169358
361.000000 0.171066
362.000000 0.172885
363.000000 0.174771
364.000000 0.176720
365.000000 0.178747
366.000000 0.180976
367.000000 0.183418
368.000000 0.185835
369.000000 0.188287
370.000000 0.190252
371.000000 0.192298
372.000000 0.194928
373.000000 0.197427
374.000000 0.200179
375.000000 0.203048
376.000000 0.205491
377.000000 0.208009
378.000000 0.210610
379.000000 0.213206
380.000000 0.216134
381.000000 0.219151
382.000000 0.221897
383.000000 0.224683
384.000000 0.227799
385.000000 0.230997
386.000000 0.233936
387.000000 0.236419
388.000000 0.238556
389.000000 0.241018
390.000000 0.243769
391.000000 0.246365
392.000000 0.248951
393.000000 0.251542
394.000000 0.254155
395.000000 0.256713
396.000000 0.259046
397.000000 0.261120
398.000000 0.263532
399.000000 0.266333
400.000000 0.268855
401.000000 0.271028
402.000000 0.273196
403.000000 0.275414
404.000000 0.277456
405.000000 0.279513
406.000000 0.281652
407.000000 0.283737
408.000000 0.285875
409.000000 0.287888
410.000000 0.289716
411.000000 0.291628
412.000000 0.293460
413.000000 0.294823
414.000000 0.295965
415.000000 0.297229
416.000000 0.298744
417.000000 0.300264
418.000000 0.301437
419.000000 0.302293
420.000000 0.303094
421.000000 0.303774
422.000000 0.304183
423.000000 0.304408
424.000000 0.304488
425.000000 0.304409
426.000000 0.304271
427.000000 0.304136
428.000000 0.303664
429.000000 0.303007
430.000000 0.302465
431.000000 0.301762
432.000000 0.300899
433.000000 0.300018
434.000000 0.299075
435.000000 0.298089
436.000000 0.297029
437.000000 0.295815
438.000000 0.294518
439.000000 0.293161
440.000000 0.291717
441.000000 0.290218
442.000000 0.288625
443.000000 0.286897
444.000000 0.285058
445.000000 0.283243
446.000000 0.281287
447.000000 0.279152
448.000000 0.276940
449.000000 0.274545
450.000000 0.272163
451.000000 0.269733
452.000000 0.267128
453.000000 0.264640
454.000000 0.262010
455.000000 0.259208
456.000000 0.256398
457.000000 0.253441
458.000000 0.250577
459.000000 0.247688
460.000000 0.244891
461.000000 0.242309
462.000000 0.239592
463.000000 0.236841
464.000000 0.234164
465.000000 0.231584
466.000000 0.229223
467.000000 0.226921
468.000000 0.224704
469.000000 0.222641
470.000000 0.220639
471.000000 0.218746
472.000000 0.216939
473.000000 0.215285
474.000000 0.213766
475.000000 0.212330
476.000000 0.210976
477.000000 0.209681
478.000000 0.208486
479.000000 0.207416
480.000000 0.206449
481.000000 0.205544
482.000000 0.204767
483.000000 0.204131
484.000000 0.203587
485.000000 0.203155
486.000000 0.202735
487.000000 0.202253
488.000000 0.201863
489.000000 0.201370
490.000000 0.201228
491.000000 0.201090
492.000000 0.200686
493.000000 0.200784
494.000000 0.200807
495.000000 0.200724
496.000000 0.200719
497.000000 0.200871
498.000000 0.200912
499.000000 0.200426
500.000000 0.200045
501.000000 0.200027
502.000000 0.200141
503.000000 0.200406
504.000000 0.200552
505.000000 0.200470
506.000000 0.200384
507.000000 0.200268
508.000000 0.200503
509.000000 0.200897
510.000000 0.201104
511.000000 0.201356
512.000000 0.201457
513.000000 0.201730
514.000000 0.202058
515.000000 0.202150
516.000000 0.202092
517.000000 0.202152
518.000000 0.202467
519.000000 0.202802
520.000000 0.203029
521.000000 0.203066
522.000000 0.203267
523.000000 0.203628
524.000000 0.203928
525.000000 0.204037
526.000000 0.204054
527.000000 0.204015
528.000000 0.203904
529.000000 0.204015
530.000000 0.204346
531.000000 0.204887
532.000000 0.205242
533.000000 0.205335
534.000000 0.205666
535.000000 0.205695
536.000000 0.205474
537.000000 0.205372
538.000000 0.205006
539.000000 0.204793
540.000000 0.204726
541.000000 0.204506
542.000000 0.204461
543.000000 0.204113
544.000000 0.203725
545.000000 0.203613
546.000000 0.203485
547.000000 0.203286
548.000000 0.202791
549.000000 0.202039
550.000000 0.201410
551.000000 0.200915
552.000000 0.200185
553.000000 0.199524
554.000000 0.198983
555.000000 0.198263
556.000000 0.197456
557.000000 0.196637
558.000000 0.195756
559.000000 0.194957
560.000000 0.194250
561.000000 0.193496
562.000000 0.192586
563.000000 0.191628
564.000000 0.190672
565.000000 0.189799
566.000000 0.188915
567.000000 0.187930
568.000000 0.186887
569.000000 0.185811
570.000000 0.184860
571.000000 0.183976
572.000000 0.182923
573.000000 0.181814
574.000000 0.180722
575.000000 0.179619
576.000000 0.178592
577.000000 0.177460
578.000000 0.176355
579.000000 0.175279
580.000000 0.174141
581.000000 0.173167
582.000000 0.172243
583.000000 0.171169
584.000000 0.170120
585.000000 0.169037
586.000000 0.167848
587.000000 0.166779
588.000000 0.165758
589.000000 0.164617
590.000000 0.163558
591.000000 0.162583
592.000000 0.161673
593.000000 0.160850
594.000000 0.159974
595.000000 0.159093
596.000000 0.158261
597.000000 0.157440
598.000000 0.156565
599.000000 0.155760
600.000000 0.155058
601.000000 0.154321
602.000000 0.153656
603.000000 0.153087
604.000000 0.152565
605.000000 0.152088
606.000000 0.151643
607.000000 0.151252
608.000000 0.150946
609.000000 0.150724
610.000000 0.150551
611.000000 0.150437
612.000000 0.150324
613.000000 0.150267
614.000000 0.150256
615.000000 0.150327
616.000000 0.150530
617.000000 0.150784
618.000000 0.151163
619.000000 0.151648
620.000000 0.152069
621.000000 0.152485
622.000000 0.153048
623.000000 0.153673
624.000000 0.154384
625.000000 0.155160
626.000000 0.155965
627.000000 0.156784
628.000000 0.157563
629.000000 0.158463
630.000000 0.159488
631.000000 0.160465
632.000000 0.161401
633.000000 0.162432
634.000000 0.163542
635.000000 0.164540
636.000000 0.165460
637.000000 0.166417
638.000000 0.167374
639.000000 0.168322
640.000000 0.169226
641.000000 0.170126
642.000000 0.171040
643.000000 0.171929
644.000000 0.172808
645.000000 0.173640
646.000000 0.174468
647.000000 0.175382
648.000000 0.176347
649.000000 0.177257
650.000000 0.178204
651.000000 0.179226
652.000000 0.180195
653.000000 0.181165
654.000000 0.182223
655.000000 0.183360
656.000000 0.184528
657.000000 0.185657
658.000000 0.186750
659.000000 0.187912
660.000000 0.189180
661.000000 0.190467
662.000000 0.191690
663.000000 0.192923
664.000000 0.194185
665.000000 0.195379
666.000000 0.196541
667.000000 0.197740
668.000000 0.198973
669.000000 0.200133
670.000000 0.201196
671.000000 0.202238
672.000000 0.203237
673.000000 0.204198
674.000000 0.205084
675.000000 0.205914
676.000000 0.206742
677.000000 0.207532
678.000000 0.208250
679.000000 0.208842
680.000000 0.209395
681.000000 0.209979
682.000000 0.210520
683.000000 0.211073
684.000000 0.211638
685.000000 0.212175
686.000000 0.212765
687.000000 0.213371
688.000000 0.213969
689.000000 0.214649
690.000000 0.215410
691.000000 0.216270
692.000000 0.217189
693.000000 0.218140
694.000000 0.219253
695.000000 0.220553
696.000000 0.221878
697.000000 0.223301
698.000000 0.224915
699.000000 0.226710
700.000000 0.228740
701.000000 0.230891
702.000000 0.233061
703.000000 0.235352
704.000000 0.237864
705.000000 0.240547
706.000000 0.243332
707.000000 0.246266
708.000000 0.249319
709.000000 0.252386
710.000000 0.255418
711.000000 0.258519
712.000000 0.261778
713.000000 0.265022
714.000000 0.268225
715.000000 0.271368
716.000000 0.274465
717.000000 0.277530
718.000000 0.280479
719.000000 0.283250
720.000000 0.285851
721.000000 0.288359
722.000000 0.290731
723.000000 0.292957
724.000000 0.294971
725.000000 0.296709
726.000000 0.298226
727.000000 0.299547
728.000000 0.300635
729.000000 0.301416
730.000000 0.301965
731.000000 0.302316
732.000000 0.302422
733.000000 0.302245
734.000000 0.301782
735.000000 0.301081
736.000000 0.300139
737.000000 0.298917
738.000000 0.297352
739.000000 0.295427
740.000000 0.293214
741.000000 0.290689
742.000000 0.287928
743.000000 0.284965
744.000000 0.281725
745.000000 0.278222
746.000000 0.274413
747.000000 0.270323
748.000000 0.266014
749.000000 0.261420
750.000000 0.256582
751.000000 0.251620
752.000000 0.246501
753.000000 0.241086
754.000000 0.235453
755.000000 0.229702
756.000000 0.223852
757.000000 0.217947
758.000000 0.211975
759.000000 0.205910
760.000000 0.199725
761.000000 0.193547
762.000000 0.187459
763.000000 0.181378
764.000000 0.175269
765.000000 0.169173
766.000000 0.163117
767.000000 0.157132
768.000000 0.151332
769.000000 0.145720
770.000000 0.140267
771.000000 0.134957
772.000000 0.129776
773.000000 0.124713
774.000000 0.119809
775.000000 0.115070
776.000000 0.110149
777.000000 0.105338
778.000000 0.100964
779.000000 0.096833
780.000000 0.092922
781.000000 0.089149
782.000000 0.085520
783.000000 0.082147
784.000000 0.078973
785.000000 0.075839
786.000000 0.072797
787.000000 0.069921
788.000000 0.067094
789.000000 0.064412
790.000000 0.061932
791.000000 0.059523
792.000000 0.057220
793.000000 0.055044
794.000000 0.052967
795.000000 0.051012
796.000000 0.049164
797.000000 0.047268
798.000000 0.045400
799.000000 0.043700
800.000000 0.042101
801.000000 0.040583
802.000000 0.039138
803.000000 0.037738
804.000000 0.036281
805.000000 0.034897
806.000000 0.033713
807.000000 0.032563
808.000000 0.031422
809.000000 0.030345
810.000000 0.029276
811.000000 0.028246
812.000000 0.027347
813.000000 0.026495
814.000000 0.025625
815.000000 0.024796
816.000000 0.023982
817.000000 0.023158
818.000000 0.022385
819.000000 0.021670
820.000000 0.020988
821.000000 0.020323
822.000000 0.019709
823.000000 0.019124
824.000000 0.018574
825.000000 0.018029
826.000000 0.017495
827.000000 0.016977
828.000000 0.016455
829.000000 0.015977
830.000000 0.015512
831.000000 0.015050
832.000000 0.014630
833.000000 0.014266
834.000000 0.013879
835.000000 0.013475
836.000000 0.013088
837.000000 0.012713
838.000000 0.012378
839.000000 0.012043
840.000000 0.011711
841.000000 0.011339
842.000000 0.010954
843.000000 0.010696
844.000000 0.010447
845.000000 0.010169
846.000000 0.009919
847.000000 0.009645
848.000000 0.009370
849.000000 0.009115
850.000000 0.008888
851.000000 0.008673
852.000000 0.008437
853.000000 0.008239
854.000000 0.008073
855.000000 0.007854
856.000000 0.007599
857.000000 0.007410
858.000000 0.007249
859.000000 0.007091
860.000000 0.006980
861.000000 0.006878
862.000000 0.006743
863.000000 0.006629
864.000000 0.006514
865.000000 0.006352
866.000000 0.006198
867.000000 0.006077
868.000000 0.005950
869.000000 0.005848
870.000000 0.005763
871.000000 0.005658
872.000000 0.005548
873.000000 0.005427
874.000000 0.005310
875.000000 0.005204
876.000000 0.005091
877.000000 0.005002
878.000000 0.004931
879.000000 0.004861
880.000000 0.004768
881.000000 0.004655
882.000000 0.004553
883.000000 0.004457
884.000000 0.004373
885.000000 0.004297
886.000000 0.004228
887.000000 0.004141
888.000000 0.004071
889.000000 0.004030
890.000000 0.003977
891.000000 0.003903
892.000000 0.003824
893.000000 0.003740
894.000000 0.003679
895.000000 0.003626
896.000000 0.003538
897.000000 0.003454
898.000000 0.003430
899.000000 0.003424
900.000000 0.003458
901.000000 0.003434
902.000000 0.003308
903.000000 0.003256
904.000000 0.003232
905.000000 0.003197
906.000000 0.003154
907.000000 0.003106
908.000000 0.003033
909.000000 0.003011
910.000000 0.003024
911.000000 0.002985
912.000000 0.002933
913.000000 0.002881
914.000000 0.002836
915.000000 0.002785
916.000000 0.002743
917.000000 0.002711
918.000000 0.002646
919.000000 0.002567
920.000000 0.002514
921.000000 0.002478
922.000000 0.002475
923.000000 0.002448
924.000000 0.002368
925.000000 0.002325
926.000000 0.002305
927.000000 0.002263
928.000000 0.002198
929.000000 0.002133
930.000000 0.002100
931.000000 0.002064
932.000000 0.002051
933.000000 0.002067
934.000000 0.002063
935.000000 0.002030
936.000000 0.001979
937.000000 0.001940
938.000000 0.001919
939.000000 0.001914
940.000000 0.001922
941.000000 0.001926
942.000000 0.001945
943.000000 0.001966
944.000000 0.001970
945.000000 0.001986
946.000000 0.001967
947.000000 0.001925
948.000000 0.001891
949.000000 0.001863
950.000000 0.001858
