315.000000 0.142181
316.000000 0.142555
317.000000 0.143588
318.000000 0.144643
319.000000 0.145742
320.000000 0.146260
321.000000 0.146561
322.000000 0.146949
323.000000 0.147093
324.000000 0.147418
325.000000 0.147504
326.000000 0.147563
327.000000 0.148024
328.000000 0.148638
329.000000 0.148865
330.000000 0.148933
331.000000 0.149387
332.000000 0.149986
333.000000 0.149961
334.000000 0.149587
335.000000 0.149615
336.000000 0.150033
337.000000 0.150615
338.000000 0.150969
339.000000 0.151300
340.000000 0.151850
341.000000 0.151804
342.000000 0.151636
343.000000 0.151924
344.000000 0.152286
345.000000 0.152871
346.000000 0.153616
347.000000 0.154517
348.000000 0.155595
349.000000 0.156572
350.000000 0.157238
351.000000 0.157895
352.000000 0.158688
353.000000 0.159492
354.000000 0.160563
355.000000 0.161837
356.000000 0.163061
357.000000 0.164152
358.000000 0.165246
359.000000 0.166543
360.000000 0.167905
361.000000 0.169299
362.000000 0.170875
363.000000 0.172548
364.000000 0.174184
365.000000 0.175976
366.000000 0.177932
367.000000 0.180043
368.000000 0.182276
369.000000 0.184439
370.000000 0.186363
371.000000 0.188736
372.000000 0.191592
373.000000 0.193892
374.000000 0.195864
375.000000 0.198085
376.000000 0.200221
377.000000 0.202492
378.000000 0.205205
379.000000 0.208192
380.000000 0.211088
381.000000 0.213566
382.000000 0.215715
383.000000 0.218249
384.000000 0.221325
385.000000 0.224409
386.000000 0.227413
387.000000 0.230150
388.000000 0.232674
389.000000 0.235421
390.000000 0.238239
391.000000 0.241090
392.000000 0.244353
393.000000 0.247618
394.000000 0.250664
395.000000 0.253719
396.000000 0.256621
397.000000 0.259190
398.000000 0.262196
399.000000 0.265454
400.000000 0.268329
401.000000 0.271191
402.000000 0.274024
403.000000 0.276765
404.000000 0.279388
405.000000 0.281820
406.000000 0.284558
407.000000 0.287369
408.000000 0.289912
409.000000 0.292351
410.000000 0.294722
411.000000 0.297231
412.000000 0.299540
413.000000 0.301427
414.000000 0.303177
415.000000 0.304926
416.000000 0.306968
417.000000 0.308951
418.000000 0.310495
419.000000 0.311756
420.000000 0.312965
421.000000 0.314180
422.000000 0.315058
423.000000 0.315646
424.000000 0.316051
425.000000 0.316251
426.000000 0.316390
427.000000 0.316535
428.000000 0.316374
429.000000 0.316033
430.000000 0.315660
431.000000 0.315084
432.000000 0.314302
433.000000 0.313502
434.000000 0.312704
435.000000 0.311737
436.000000 0.310768
437.000000 0.309767
438.000000 0.308604
439.000000 0.307317
440.000000 0.305959
441.000000 0.304473
442.000000 0.302845
443.000000 0.301013
444.000000 0.299019
445.000000 0.297021
446.000000 0.294834
447.000000 0.292427
448.000000 0.289893
449.000000 0.287302
450.000000 0.284733
451.000000 0.281958
452.000000 0.278989
453.000000 0.276065
454.000000 0.273046
455.000000 0.269959
456.000000 0.266770
457.000000 0.263420
458.000000 0.260221
459.000000 0.256991
460.000000 0.253843
461.000000 0.250867
462.000000 0.247770
463.000000 0.244732
464.000000 0.241885
465.000000 0.239193
466.000000 0.236695
467.000000 0.234270
468.000000 0.231932
469.000000 0.229770
470.000000 0.227741
471.000000 0.225929
472.000000 0.224288
473.000000 0.222790
474.000000 0.221442
475.000000 0.220225
476.000000 0.219134
477.000000 0.218213
478.000000 0.217463
479.000000 0.216752
480.000000 0.216146
481.000000 0.215698
482.000000 0.215399
483.000000 0.215210
484.000000 0.215089
485.000000 0.215118
486.000000 0.215192
487.000000 0.215268
488.000000 0.215464
489.000000 0.215656
490.000000 0.216122
491.000000 0.216484
492.000000 0.216566
493.000000 0.217278
494.000000 0.218100
495.000000 0.218867
496.000000 0.219759
497.000000 0.220324
498.000000 0.220596
499.000000 0.220847
500.000000 0.221310
501.000000 0.221905
502.000000 0.222417
503.000000 0.223036
504.000000 0.223535
505.000000 0.223953
506.000000 0.224651
507.000000 0.225339
508.000000 0.226345
509.000000 0.227402
510.000000 0.227879
511.000000 0.228263
512.000000 0.228890
513.000000 0.229881
514.000000 0.230771
515.000000 0.231224
516.000000 0.231483
517.000000 0.231880
518.000000 0.232617
519.000000 0.233337
520.000000 0.233788
521.000000 0.234013
522.000000 0.234466
523.000000 0.235332
524.000000 0.235981
525.000000 0.236122
526.000000 0.236093
527.000000 0.236222
528.000000 0.236464
529.000000 0.236614
530.000000 0.236985
531.000000 0.237613
532.000000 0.237892
533.000000 0.237844
534.000000 0.238066
535.000000 0.238033
536.000000 0.237713
537.000000 0.237659
538.000000 0.237271
539.000000 0.236759
540.000000 0.236451
541.000000 0.235982
542.000000 0.235757
543.000000 0.235592
544.000000 0.235310
545.000000 0.234831
546.000000 0.233980
547.000000 0.232948
548.000000 0.232125
549.000000 0.231356
550.000000 0.230450
551.000000 0.229509
552.000000 0.228306
553.000000 0.227219
554.000000 0.226336
555.000000 0.225320
556.000000 0.224252
557.000000 0.223191
558.000000 0.221841
559.000000 0.220462
560.000000 0.219213
561.000000 0.217978
562.000000 0.216614
563.000000 0.215222
564.000000 0.213912
565.000000 0.212513
566.000000 0.210977
567.000000 0.209390
568.000000 0.207833
569.000000 0.206240
570.000000 0.204642
571.000000 0.203093
572.000000 0.201551
573.000000 0.199855
574.000000 0.198058
575.000000 0.196340
576.000000 0.194628
577.000000 0.192875
578.000000 0.191109
579.000000 0.189310
580.000000 0.187459
581.000000 0.185585
582.000000 0.183735
583.000000 0.181874
584.000000 0.180082
585.000000 0.178255
586.000000 0.176312
587.000000 0.174547
588.000000 0.172824
589.000000 0.171002
590.000000 0.169174
591.000000 0.167398
592.000000 0.165674
593.000000 0.163919
594.000000 0.162114
595.000000 0.160282
596.000000 0.158564
597.000000 0.156937
598.000000 0.155273
599.000000 0.153626
600.000000 0.152217
601.000000 0.150772
602.000000 0.149271
603.000000 0.147924
604.000000 0.146582
605.000000 0.145264
606.000000 0.143994
607.000000 0.142759
608.000000 0.141572
609.000000 0.140501
610.000000 0.139576
611.000000 0.138704
612.000000 0.137824
613.000000 0.136989
614.000000 0.136249
615.000000 0.135559
616.000000 0.134986
617.000000 0.134583
618.000000 0.134211
619.000000 0.133863
620.000000 0.133515
621.000000 0.133198
622.000000 0.132968
623.000000 0.132795
624.000000 0.132769
625.000000 0.132771
626.000000 0.132759
627.000000 0.132774
628.000000 0.132827
629.000000 0.132981
630.000000 0.133116
631.000000 0.133228
632.000000 0.133384
633.000000 0.133581
634.000000 0.133800
635.000000 0.133995
636.000000 0.134085
637.000000 0.134106
638.000000 0.134135
639.000000 0.134155
640.000000 0.134120
641.000000 0.134047
642.000000 0.134038
643.000000 0.133998
644.000000 0.133821
645.000000 0.133548
646.000000 0.133275
647.000000 0.133062
648.000000 0.132875
649.000000 0.132681
650.000000 0.132497
651.000000 0.132331
652.000000 0.132102
653.000000 0.131922
654.000000 0.131827
655.000000 0.131750
656.000000 0.131699
657.000000 0.131652
658.000000 0.131642
659.000000 0.131657
660.000000 0.131741
661.000000 0.131862
662.000000 0.131993
663.000000 0.132132
664.000000 0.132318
665.000000 0.132533
666.000000 0.132726
667.000000 0.132975
668.000000 0.133267
669.000000 0.133522
670.000000 0.133754
671.000000 0.134036
672.000000 0.134279
673.000000 0.134494
674.000000 0.134718
675.000000 0.134904
676.000000 0.135133
677.000000 0.135399
678.000000 0.135649
679.000000 0.135850
680.000000 0.136015
681.000000 0.136206
682.000000 0.136418
683.000000 0.136678
684.000000 0.136956
685.000000 0.137214
686.000000 0.137508
687.000000 0.137835
688.000000 0.138187
689.000000 0.138614
690.000000 0.139092
691.000000 0.139596
692.000000 0.140117
693.000000 0.140656
694.000000 0.141278
695.000000 0.141995
696.000000 0.142744
697.000000 0.143526
698.000000 0.144353
699.000000 0.145249
700.000000 0.146278
701.000000 0.147367
702.000000 0.148473
703.000000 0.149656
704.000000 0.150941
705.000000 0.152311
706.000000 0.153707
707.000000 0.155165
708.000000 0.156674
709.000000 0.158174
710.000000 0.159681
711.000000 0.161258
712.000000 0.162920
713.000000 0.164594
714.000000 0.166277
715.000000 0.167966
716.000000 0.169671
717.000000 0.171367
718.000000 0.173037
719.000000 0.174623
720.000000 0.176109
721.000000 0.177575
722.000000 0.178969
723.000000 0.180286
724.000000 0.181516
725.000000 0.182586
726.000000 0.183556
727.000000 0.184475
728.000000 0.185216
729.000000 0.185714
730.000000 0.186035
731.000000 0.186251
732.000000 0.186298
733.000000 0.186109
734.000000 0.185708
735.000000 0.185089
736.000000 0.184307
737.000000 0.183301
738.000000 0.182014
739.000000 0.180447
740.000000 0.178618
741.000000 0.176573
742.000000 0.174369
743.000000 0.171996
744.000000 0.169441
745.000000 0.166722
746.000000 0.163812
747.000000 0.160744
748.000000 0.157541
749.000000 0.154262
750.000000 0.150902
751.000000 0.147416
752.000000 0.143895
753.000000 0.140297
754.000000 0.136606
755.000000 0.132924
756.000000 0.129230
757.000000 0.125578
758.000000 0.122041
759.000000 0.118504
760.000000 0.114928
761.000000 0.111424
762.000000 0.108031
763.000000 0.104704
764.000000 0.101434
765.000000 0.098240
766.000000 0.095138
767.000000 0.092106
768.000000 0.089172
769.000000 0.086414
770.000000 0.083742
771.000000 0.081159
772.000000 0.078706
773.000000 0.076330
774.000000 0.074005
775.000000 0.071762
776.000000 0.069461
777.000000 0.067236
778.000000 0.065210
779.000000 0.063214
780.000000 0.061299
781.000000 0.059508
782.000000 0.057796
783.000000 0.056167
784.000000 0.054548
785.000000 0.052901
786.000000 0.051356
787.000000 0.049894
788.000000 0.048410
789.000000 0.046974
790.000000 0.045600
791.000000 0.044273
792.000000 0.042982
793.000000 0.041690
794.000000 0.040391
795.000000 0.039124
796.000000 0.037948
797.000000 0.036744
798.000000 0.035550
799.000000 0.034452
800.000000 0.033406
801.000000 0.032398
802.000000 0.031418
803.000000 0.030455
804.000000 0.029465
805.000000 0.028506
806.000000 0.027596
807.000000 0.026703
808.000000 0.025871
809.000000 0.025080
810.000000 0.024292
811.000000 0.023527
812.000000 0.022870
813.000000 0.022250
814.000000 0.021560
815.000000 0.020868
816.000000 0.020171
817.000000 0.019513
818.000000 0.018965
819.000000 0.018437
820.000000 0.017894
821.000000 0.017376
822.000000 0.016906
823.000000 0.016430
824.000000 0.015983
825.000000 0.015526
826.000000 0.015079
827.000000 0.014680
828.000000 0.014248
829.000000 0.013806
830.000000 0.013412
831.000000 0.013058
832.000000 0.012695
833.000000 0.012365
834.000000 0.012049
835.000000 0.011709
836.000000 0.011356
837.000000 0.011022
838.000000 0.010729
839.000000 0.010474
840.000000 0.010216
841.000000 0.009882
842.000000 0.009606
843.000000 0.009437
844.000000 0.009209
845.000000 0.008939
846.000000 0.008706
847.000000 0.008478
848.000000 0.008258
849.000000 0.008043
850.000000 0.007825
851.000000 0.007630
852.000000 0.007463
853.000000 0.007324
854.000000 0.007177
855.000000 0.006952
856.000000 0.006689
857.000000 0.006512
858.000000 0.006412
859.000000 0.006293
860.000000 0.006186
861.000000 0.006114
862.000000 0.005998
863.000000 0.005870
864.000000 0.005751
865.000000 0.005620
866.000000 0.005471
867.000000 0.005360
868.000000 0.005312
869.000000 0.005250
870.000000 0.005166
871.000000 0.005094
872.000000 0.005003
873.000000 0.004898
874.000000 0.004819
875.000000 0.004743
876.000000 0.004653
877.000000 0.004569
878.000000 0.004503
879.000000 0.004435
880.000000 0.004322
881.000000 0.004209
882.000000 0.004155
883.000000 0.004107
884.000000 0.004036
885.000000 0.003950
886.000000 0.003867
887.000000 0.003783
888.000000 0.003688
889.000000 0.003632
890.000000 0.003620
891.000000 0.003588
892.000000 0.003565
893.000000 0.003513
894.000000 0.003432
895.000000 0.003368
896.000000 0.003298
897.000000 0.003226
898.000000 0.003190
899.000000 0.003182
900.000000 0.003157
901.000000 0.003097
902.000000 0.003019
903.000000 0.002992
904.000000 0.002972
905.000000 0.002956
906.000000 0.002941
907.000000 0.002884
908.000000 0.002805
909.000000 0.002740
910.000000 0.002727
911.000000 0.002721
912.000000 0.002692
913.000000 0.002634
914.000000 0.002576
915.000000 0.002545
916.000000 0.002512
917.000000 0.002478
918.000000 0.002446
919.000000 0.002427
920.000000 0.002398
921.000000 0.002346
922.000000 0.002298
923.000000 0.002240
924.000000 0.002179
925.000000 0.002126
926.000000 0.002059
927.000000 0.001998
928.000000 0.001949
929.000000 0.001902
930.000000 0.001888
931.000000 0.001875
932.000000 0.001842
933.000000 0.001816
934.000000 0.001796
935.000000 0.001761
936.000000 0.001726
937.000000 0.001735
938.000000 0.001771
939.000000 0.001785
940.000000 0.001791
941.000000 0.001780
942.000000 0.001792
943.000000 0.001832
944.000000 0.001834
945.000000 0.001842
946.000000 0.001817
947.000000 0.001761
948.000000 0.001721
949.000000 0.001706
950.000000 0.001718
