315.000000 0.111208
316.000000 0.110827
317.000000 0.111138
318.000000 0.112293
319.000000 0.113941
320.000000 0.116010
321.000000 0.117768
322.000000 0.118511
323.000000 0.119853
324.000000 0.121736
325.000000 0.123405
326.000000 0.124932
327.000000 0.126580
328.000000 0.128650
329.000000 0.130799
330.000000 0.132695
331.000000 0.134910
332.000000 0.137296
333.000000 0.139467
334.000000 0.142017
335.000000 0.144745
336.000000 0.148197
337.000000 0.151906
338.000000 0.154795
339.000000 0.157561
340.000000 0.160837
341.000000 0.163945
342.000000 0.166894
343.000000 0.170191
344.000000 0.173592
345.000000 0.176960
346.000000 0.179786
347.000000 0.182018
348.000000 0.184368
349.000000 0.186446
350.000000 0.188199
351.000000 0.189531
352.000000 0.190645
353.000000 0.191582
354.000000 0.192262
355.000000 0.192941
356.000000 0.193072
357.000000 0.192707
358.000000 0.192129
359.000000 0.191425
360.000000 0.190614
361.000000 0.189781
362.000000 0.188883
363.000000 0.187729
364.000000 0.186511
365.000000 0.185440
366.000000 0.184190
367.000000 0.182615
368.000000 0.181009
369.000000 0.179392
370.000000 0.177549
371.000000 0.175541
372.000000 0.173355
373.000000 0.171249
374.000000 0.168734
375.000000 0.165387
376.000000 0.162312
377.000000 0.159597
378.000000 0.156684
379.000000 0.153792
380.000000 0.151143
381.000000 0.148312
382.000000 0.145256
383.000000 0.142261
384.000000 0.139207
385.000000 0.136492
386.000000 0.134200
387.000000 0.132152
388.000000 0.130341
389.000000 0.128659
390.000000 0.127245
391.000000 0.126108
392.000000 0.125151
393.000000 0.124676
394.000000 0.124584
395.000000 0.124303
396.000000 0.124155
397.000000 0.124364
398.000000 0.124551
399.000000 0.124995
400.000000 0.125911
401.000000 0.126767
402.000000 0.127462
403.000000 0.128217
404.000000 0.128782
405.000000 0.129332
406.000000 0.130160
407.000000 0.130985
408.000000 0.131614
409.000000 0.132208
410.000000 0.133070
411.000000 0.133923
412.000000 0.134548
413.000000 0.135114
414.000000 0.135765
415.000000 0.136452
416.000000 0.137254
417.000000 0.138688
418.000000 0.140537
419.000000 0.142595
420.000000 0.145136
421.000000 0.147953
422.000000 0.151230
423.000000 0.155489
424.000000 0.160288
425.000000 0.165042
426.000000 0.170093
427.000000 0.175366
428.000000 0.180332
429.000000 0.185109
430.000000 0.189476
431.000000 0.193120
432.000000 0.196012
433.000000 0.197898
434.000000 0.198545
435.000000 0.197772
436.000000 0.195667
437.000000 0.192419
438.000000 0.188248
439.000000 0.183414
440.000000 0.177895
441.000000 0.172042
442.000000 0.166177
443.000000 0.159902
444.000000 0.153526
445.000000 0.147402
446.000000 0.141119
447.000000 0.135021
448.000000 0.129160
449.000000 0.123632
450.000000 0.118736
451.000000 0.114034
452.000000 0.109597
453.000000 0.105691
454.000000 0.101922
455.000000 0.098362
456.000000 0.095106
457.000000 0.091947
458.000000 0.089146
459.000000 0.086515
460.000000 0.083974
461.000000 0.081649
462.000000 0.079264
463.000000 0.076874
464.000000 0.074575
465.000000 0.072399
466.000000 0.070413
467.000000 0.068383
468.000000 0.066377
469.000000 0.064460
470.000000 0.062617
471.000000 0.060903
472.000000 0.059167
473.000000 0.057409
474.000000 0.055680
475.000000 0.054035
476.000000 0.052437
477.000000 0.050847
478.000000 0.049419
479.000000 0.048060
480.000000 0.046766
481.000000 0.045420
482.000000 0.044039
483.000000 0.042883
484.000000 0.041782
485.000000 0.040699
486.000000 0.039738
487.000000 0.038820
488.000000 0.037905
489.000000 0.037006
490.000000 0.036205
491.000000 0.035534
492.000000 0.034764
493.000000 0.033896
494.000000 0.033055
495.000000 0.032312
496.000000 0.031940
497.000000 0.031674
498.000000 0.031084
499.000000 0.030364
500.000000 0.030091
501.000000 0.030092
502.000000 0.029972
503.000000 0.030075
504.000000 0.030237
505.000000 0.029970
506.000000 0.029660
507.000000 0.029681
508.000000 0.029597
509.000000 0.029561
510.000000 0.029760
511.000000 0.030078
512.000000 0.030490
513.000000 0.030955
514.000000 0.031122
515.000000 0.031109
516.000000 0.031543
517.000000 0.031898
518.000000 0.032209
519.000000 0.032665
520.000000 0.032977
521.000000 0.033252
522.000000 0.033543
523.000000 0.033798
524.000000 0.034102
525.000000 0.034371
526.000000 0.034486
527.000000 0.034656
528.000000 0.034874
529.000000 0.035322
530.000000 0.035907
531.000000 0.036396
532.000000 0.036857
533.000000 0.037241
534.000000 0.037649
535.000000 0.038012
536.000000 0.038469
537.000000 0.039195
538.000000 0.039810
539.000000 0.040448
540.000000 0.041330
541.000000 0.041884
542.000000 0.042935
543.000000 0.044480
544.000000 0.045828
545.000000 0.047246
546.000000 0.048627
547.000000 0.050330
548.000000 0.052258
549.000000 0.054053
550.000000 0.055842
551.000000 0.057521
552.000000 0.059109
553.000000 0.060743
554.000000 0.062174
555.000000 0.063677
556.000000 0.065296
557.000000 0.066889
558.000000 0.068475
559.000000 0.069912
560.000000 0.071263
561.000000 0.072437
562.000000 0.073468
563.000000 0.074311
564.000000 0.074966
565.000000 0.075606
566.000000 0.076105
567.000000 0.076499
568.000000 0.076881
569.000000 0.077325
570.000000 0.077824
571.000000 0.078403
572.000000 0.079117
573.000000 0.079805
574.000000 0.080477
575.000000 0.081197
576.000000 0.082049
577.000000 0.083249
578.000000 0.084655
579.000000 0.086077
580.000000 0.087775
581.000000 0.089816
582.000000 0.091758
583.000000 0.093876
584.000000 0.096369
585.000000 0.098857
586.000000 0.101564
587.000000 0.104509
588.000000 0.107545
589.000000 0.110659
590.000000 0.113901
591.000000 0.117482
592.000000 0.121160
593.000000 0.124751
594.000000 0.128345
595.000000 0.131981
596.000000 0.135825
597.000000 0.139674
598.000000 0.143526
599.000000 0.147519
600.000000 0.151491
601.000000 0.155504
602.000000 0.159459
603.000000 0.163352
604.000000 0.167429
605.000000 0.171465
606.000000 0.175523
607.000000 0.179827
608.000000 0.184100
609.000000 0.188428
610.000000 0.193018
611.000000 0.197614
612.000000 0.202340
613.000000 0.207275
614.000000 0.212427
615.000000 0.217975
616.000000 0.223569
617.000000 0.229429
618.000000 0.235817
619.000000 0.242334
620.000000 0.249222
621.000000 0.256823
622.000000 0.264682
623.000000 0.272843
624.000000 0.281794
625.000000 0.291078
626.000000 0.300884
627.000000 0.311713
628.000000 0.322709
629.000000 0.334091
630.000000 0.346597
631.000000 0.359757
632.000000 0.372881
633.000000 0.386521
634.000000 0.401355
635.000000 0.416397
636.000000 0.431799
637.000000 0.448183
638.000000 0.464501
639.000000 0.480913
640.000000 0.498032
641.000000 0.515478
642.000000 0.532201
643.000000 0.548563
644.000000 0.565633
645.000000 0.582018
646.000000 0.598004
647.000000 0.614358
648.000000 0.630406
649.000000 0.645445
650.000000 0.659793
651.000000 0.674043
652.000000 0.687791
653.000000 0.700385
654.000000 0.712020
655.000000 0.723296
656.000000 0.733877
657.000000 0.743247
658.000000 0.751752
659.000000 0.759796
660.000000 0.767083
661.000000 0.773656
662.000000 0.779773
663.000000 0.785718
664.000000 0.791499
665.000000 0.796903
666.000000 0.802055
667.000000 0.807338
668.000000 0.812820
669.000000 0.818392
670.000000 0.824301
671.000000 0.831006
672.000000 0.838513
673.000000 0.846817
674.000000 0.855500
675.000000 0.865249
676.000000 0.876723
677.000000 0.889458
678.000000 0.903601
679.000000 0.918799
680.000000 0.935655
681.000000 0.954911
682.000000 0.976195
683.000000 0.999559
684.000000 1.024043
685.000000 1.050065
686.000000 1.078875
687.000000 1.109934
688.000000 1.143009
689.000000 1.178020
690.000000 1.213458
691.000000 1.250095
692.000000 1.289728
693.000000 1.331425
694.000000 1.374798
695.000000 1.419536
696.000000 1.463613
697.000000 1.507739
698.000000 1.553754
699.000000 1.600140
700.000000 1.646697
701.000000 1.692726
702.000000 1.735662
703.000000 1.775547
704.000000 1.815499
705.000000 1.854522
706.000000 1.890963
707.000000 1.924376
708.000000 1.954598
709.000000 1.981290
710.000000 2.003105
711.000000 2.020215
712.000000 2.033084
713.000000 2.041349
714.000000 2.044356
715.000000 2.042642
716.000000 2.036124
717.000000 2.024221
718.000000 2.006899
719.000000 1.985755
720.000000 1.960560
721.000000 1.930204
722.000000 1.895069
723.000000 1.856474
724.000000 1.815445
725.000000 1.772037
726.000000 1.726702
727.000000 1.679436
728.000000 1.630364
729.000000 1.579698
730.000000 1.528027
731.000000 1.478557
732.000000 1.429369
733.000000 1.378164
734.000000 1.326399
735.000000 1.274806
736.000000 1.223772
737.000000 1.173359
738.000000 1.123829
739.000000 1.075153
740.000000 1.027497
741.000000 0.981373
742.000000 0.937004
743.000000 0.894239
744.000000 0.852826
745.000000 0.812659
746.000000 0.773752
747.000000 0.735999
748.000000 0.699446
749.000000 0.664114
750.000000 0.630262
751.000000 0.597652
752.000000 0.566264
753.000000 0.536177
754.000000 0.507221
755.000000 0.479366
756.000000 0.452685
757.000000 0.427208
758.000000 0.402771
759.000000 0.379179
760.000000 0.356589
761.000000 0.335006
762.000000 0.314330
763.000000 0.294631
764.000000 0.275791
765.000000 0.257725
766.000000 0.240402
767.000000 0.223951
768.000000 0.208565
769.000000 0.194183
770.000000 0.180653
771.000000 0.167941
772.000000 0.155976
773.000000 0.144787
774.000000 0.134251
775.000000 0.124293
776.000000 0.114488
777.000000 0.105100
778.000000 0.096742
779.000000 0.089124
780.000000 0.082081
781.000000 0.075593
782.000000 0.069601
783.000000 0.064022
784.000000 0.058846
785.000000 0.054083
786.000000 0.049683
787.000000 0.045641
788.000000 0.041878
789.000000 0.038385
790.000000 0.035286
791.000000 0.032452
792.000000 0.029833
793.000000 0.027494
794.000000 0.025276
795.000000 0.023197
796.000000 0.021291
797.000000 0.019499
798.000000 0.017891
799.000000 0.016466
800.000000 0.015249
801.000000 0.014144
802.000000 0.013090
803.000000 0.012111
804.000000 0.011324
805.000000 0.010592
806.000000 0.009815
807.000000 0.009114
808.000000 0.008453
809.000000 0.007827
810.000000 0.007228
811.000000 0.006742
812.000000 0.006323
813.000000 0.005941
814.000000 0.005612
815.000000 0.005283
816.000000 0.004962
817.000000 0.004609
818.000000 0.004269
819.000000 0.004011
820.000000 0.003816
821.000000 0.003624
822.000000 0.003426
823.000000 0.003236
824.000000 0.003053
825.000000 0.002865
826.000000 0.002708
827.000000 0.002593
828.000000 0.002445
829.000000 0.002298
830.000000 0.002164
831.000000 0.002037
832.000000 0.001980
833.000000 0.001926
834.000000 0.001835
835.000000 0.001737
836.000000 0.001637
837.000000 0.001499
838.000000 0.001373
839.000000 0.001304
840.000000 0.001219
841.000000 0.001148
842.000000 0.001075
843.000000 0.001029
844.000000 0.000985
845.000000 0.000913
846.000000 0.000861
847.000000 0.000811
848.000000 0.000789
849.000000 0.000756
850.000000 0.000700
851.000000 0.000660
852.000000 0.000612
853.000000 0.000556
854.000000 0.000539
855.000000 0.000538
856.000000 0.000488
857.000000 0.000452
858.000000 0.000452
859.000000 0.000417
860.000000 0.000361
861.000000 0.000317
862.000000 0.000293
863.000000 0.000283
864.000000 0.000258
865.000000 0.000196
866.000000 0.000123
867.000000 0.000079
868.000000 0.000044
869.000000 0.000005
870.000000 -0.000015
871.000000 0.000017
872.000000 0.000048
873.000000 -0.000030
874.000000 -0.000104
875.000000 -0.000106
876.000000 -0.000126
877.000000 -0.000135
878.000000 -0.000146
879.000000 -0.000164
880.000000 -0.000175
881.000000 -0.000198
882.000000 -0.000204
883.000000 -0.000221
884.000000 -0.000267
885.000000 -0.000343
886.000000 -0.000399
887.000000 -0.000398
888.000000 -0.000400
889.000000 -0.000427
890.000000 -0.000431
891.000000 -0.000422
892.000000 -0.000442
893.000000 -0.000477
894.000000 -0.000514
895.000000 -0.000550
896.000000 -0.000574
897.000000 -0.000565
898.000000 -0.000545
899.000000 -0.000532
900.000000 -0.000534
