315.000000 0.115475
316.000000 0.116005
317.000000 0.117260
318.000000 0.118426
319.000000 0.119607
320.000000 0.121157
321.000000 0.122682
322.000000 0.123812
323.000000 0.125739
324.000000 0.128234
325.000000 0.130164
326.000000 0.131577
327.000000 0.132880
328.000000 0.134998
329.000000 0.137384
330.000000 0.139417
331.000000 0.141494
332.000000 0.143388
333.000000 0.145643
334.000000 0.148321
335.000000 0.151027
336.000000 0.154223
337.000000 0.157470
338.000000 0.160353
339.000000 0.163268
340.000000 0.166657
341.000000 0.169987
342.000000 0.172818
343.000000 0.175698
344.000000 0.178805
345.000000 0.181813
346.000000 0.184505
347.000000 0.186733
348.000000 0.188686
349.000000 0.190660
350.000000 0.192463
351.000000 0.193902
352.000000 0.195013
353.000000 0.195626
354.000000 0.196247
355.000000 0.196934
356.000000 0.196979
357.000000 0.196630
358.000000 0.196062
359.000000 0.195424
360.000000 0.194640
361.000000 0.193728
362.000000 0.192940
363.000000 0.191872
364.000000 0.190533
365.000000 0.189408
366.000000 0.188282
367.000000 0.186866
368.000000 0.185336
369.000000 0.183725
370.000000 0.181474
371.000000 0.178891
372.000000 0.176627
373.000000 0.175103
374.000000 0.173284
375.000000 0.170394
376.000000 0.167380
377.000000 0.164297
378.000000 0.161571
379.000000 0.159201
380.000000 0.156621
381.000000 0.153873
382.000000 0.150918
383.000000 0.148050
384.000000 0.145582
385.000000 0.143303
386.000000 0.140800
387.000000 0.138508
388.000000 0.136964
389.000000 0.135708
390.000000 0.134505
391.000000 0.133397
392.000000 0.132554
393.000000 0.131961
394.000000 0.131546
395.000000 0.131505
396.000000 0.131617
397.000000 0.131803
398.000000 0.132280
399.000000 0.132905
400.000000 0.133842
401.000000 0.134826
402.000000 0.135510
403.000000 0.136164
404.000000 0.136973
405.000000 0.137875
406.000000 0.138784
407.000000 0.139569
408.000000 0.140206
409.000000 0.140864
410.000000 0.141647
411.000000 0.142382
412.000000 0.143020
413.000000 0.143597
414.000000 0.144198
415.000000 0.144984
416.000000 0.145888
417.000000 0.147207
418.000000 0.148932
419.000000 0.150930
420.000000 0.153459
421.000000 0.156396
422.000000 0.159635
423.000000 0.163499
424.000000 0.167880
425.000000 0.172412
426.000000 0.177257
427.000000 0.182131
428.000000 0.186695
429.000000 0.191260
430.000000 0.195452
431.000000 0.198819
432.000000 0.201329
433.000000 0.202850
434.000000 0.203327
435.000000 0.202550
436.000000 0.200457
437.000000 0.197223
438.000000 0.193060
439.000000 0.188338
440.000000 0.183051
441.000000 0.177386
442.000000 0.171713
443.000000 0.165665
444.000000 0.159404
445.000000 0.153394
446.000000 0.147361
447.000000 0.141554
448.000000 0.135937
449.000000 0.130585
450.000000 0.125803
451.000000 0.121100
452.000000 0.116579
453.000000 0.112610
454.000000 0.108810
455.000000 0.105214
456.000000 0.101897
457.000000 0.098725
458.000000 0.095882
459.000000 0.093122
460.000000 0.090468
461.000000 0.088032
462.000000 0.085574
463.000000 0.083122
464.000000 0.080689
465.000000 0.078335
466.000000 0.076247
467.000000 0.074162
468.000000 0.072047
469.000000 0.070083
470.000000 0.068206
471.000000 0.066392
472.000000 0.064502
473.000000 0.062627
474.000000 0.060854
475.000000 0.059138
476.000000 0.057495
477.000000 0.055890
478.000000 0.054403
479.000000 0.052986
480.000000 0.051618
481.000000 0.050177
482.000000 0.048763
483.000000 0.047592
484.000000 0.046483
485.000000 0.045377
486.000000 0.044335
487.000000 0.043350
488.000000 0.042442
489.000000 0.041579
490.000000 0.040664
491.000000 0.039865
492.000000 0.039226
493.000000 0.038533
494.000000 0.037807
495.000000 0.037256
496.000000 0.036855
497.000000 0.036258
498.000000 0.035735
499.000000 0.035504
500.000000 0.035382
501.000000 0.035256
502.000000 0.035336
503.000000 0.035552
504.000000 0.035668
505.000000 0.035576
506.000000 0.035430
507.000000 0.035698
508.000000 0.035865
509.000000 0.035718
510.000000 0.035807
511.000000 0.036432
512.000000 0.037029
513.000000 0.037454
514.000000 0.037885
515.000000 0.038354
516.000000 0.038930
517.000000 0.039385
518.000000 0.039975
519.000000 0.040519
520.000000 0.040823
521.000000 0.041257
522.000000 0.041720
523.000000 0.042063
524.000000 0.042394
525.000000 0.042664
526.000000 0.043088
527.000000 0.043598
528.000000 0.043744
529.000000 0.043919
530.000000 0.044426
531.000000 0.044711
532.000000 0.044965
533.000000 0.045578
534.000000 0.046103
535.000000 0.046356
536.000000 0.046699
537.000000 0.047263
538.000000 0.047817
539.000000 0.048766
540.000000 0.050232
541.000000 0.051506
542.000000 0.052789
543.000000 0.054198
544.000000 0.055589
545.000000 0.057180
546.000000 0.059053
547.000000 0.061275
548.000000 0.063539
549.000000 0.065445
550.000000 0.067232
551.000000 0.069246
552.000000 0.071418
553.000000 0.073522
554.000000 0.075343
555.000000 0.077270
556.000000 0.079240
557.000000 0.080871
558.000000 0.082362
559.000000 0.083775
560.000000 0.085012
561.000000 0.086044
562.000000 0.087090
563.000000 0.087915
564.000000 0.088340
565.000000 0.088545
566.000000 0.088573
567.000000 0.088446
568.000000 0.088325
569.000000 0.088239
570.000000 0.088062
571.000000 0.087868
572.000000 0.087702
573.000000 0.087604
574.000000 0.087566
575.000000 0.087575
576.000000 0.087836
577.000000 0.088442
578.000000 0.089202
579.000000 0.089929
580.000000 0.090814
581.000000 0.092059
582.000000 0.093354
583.000000 0.094820
584.000000 0.096683
585.000000 0.098764
586.000000 0.101048
587.000000 0.103423
588.000000 0.105976
589.000000 0.108692
590.000000 0.111543
591.000000 0.114660
592.000000 0.117778
593.000000 0.120905
594.000000 0.124003
595.000000 0.127142
596.000000 0.130645
597.000000 0.134190
598.000000 0.137699
599.000000 0.141313
600.000000 0.144862
601.000000 0.148407
602.000000 0.151884
603.000000 0.155387
604.000000 0.159072
605.000000 0.162741
606.000000 0.166461
607.000000 0.170410
608.000000 0.174328
609.000000 0.178324
610.000000 0.182601
611.000000 0.186872
612.000000 0.191249
613.000000 0.195742
614.000000 0.200423
615.000000 0.205578
616.000000 0.210779
617.000000 0.216165
618.000000 0.222101
619.000000 0.228228
620.000000 0.234677
621.000000 0.241786
622.000000 0.249130
623.000000 0.256713
624.000000 0.265069
625.000000 0.273770
626.000000 0.282842
627.000000 0.292871
628.000000 0.303231
629.000000 0.313933
630.000000 0.325573
631.000000 0.337864
632.000000 0.350125
633.000000 0.362674
634.000000 0.376266
635.000000 0.390128
636.000000 0.404358
637.000000 0.419506
638.000000 0.434575
639.000000 0.449742
640.000000 0.465566
641.000000 0.481678
642.000000 0.497074
643.000000 0.512063
644.000000 0.527714
645.000000 0.542752
646.000000 0.557355
647.000000 0.572309
648.000000 0.587101
649.000000 0.600995
650.000000 0.614230
651.000000 0.627361
652.000000 0.639940
653.000000 0.651433
654.000000 0.661998
655.000000 0.672156
656.000000 0.681752
657.000000 0.690320
658.000000 0.697957
659.000000 0.705048
660.000000 0.711594
661.000000 0.717545
662.000000 0.723060
663.000000 0.728486
664.000000 0.733798
665.000000 0.738806
666.000000 0.743715
667.000000 0.748881
668.000000 0.754339
669.000000 0.759895
670.000000 0.765731
671.000000 0.772251
672.000000 0.779515
673.000000 0.787654
674.000000 0.796199
675.000000 0.805742
676.000000 0.817007
677.000000 0.829548
678.000000 0.843313
679.000000 0.857949
680.000000 0.874112
681.000000 0.892487
682.000000 0.912774
683.000000 0.934876
684.000000 0.958148
685.000000 0.983033
686.000000 1.010438
687.000000 1.040035
688.000000 1.071308
689.000000 1.104098
690.000000 1.137389
691.000000 1.171935
692.000000 1.209329
693.000000 1.248617
694.000000 1.289374
695.000000 1.331415
696.000000 1.372741
697.000000 1.413750
698.000000 1.456479
699.000000 1.499920
700.000000 1.543406
701.000000 1.586250
702.000000 1.626869
703.000000 1.665662
704.000000 1.703864
705.000000 1.740204
706.000000 1.773972
707.000000 1.805033
708.000000 1.833350
709.000000 1.858532
710.000000 1.879225
711.000000 1.895184
712.000000 1.906979
713.000000 1.914455
714.000000 1.917808
715.000000 1.916184
716.000000 1.908901
717.000000 1.896729
718.000000 1.880389
719.000000 1.861243
720.000000 1.838425
721.000000 1.810036
722.000000 1.776994
723.000000 1.740726
724.000000 1.701947
725.000000 1.661044
726.000000 1.618448
727.000000 1.574293
728.000000 1.528448
729.000000 1.481012
730.000000 1.432618
731.000000 1.386699
732.000000 1.340997
733.000000 1.292888
734.000000 1.244177
735.000000 1.195556
736.000000 1.147532
737.000000 1.100285
738.000000 1.053872
739.000000 1.008327
740.000000 0.963869
741.000000 0.920709
742.000000 0.879047
743.000000 0.838797
744.000000 0.799791
745.000000 0.761910
746.000000 0.725428
747.000000 0.690021
748.000000 0.655598
749.000000 0.622479
750.000000 0.590804
751.000000 0.560245
752.000000 0.530560
753.000000 0.501987
754.000000 0.474611
755.000000 0.448434
756.000000 0.423397
757.000000 0.399451
758.000000 0.376530
759.000000 0.354394
760.000000 0.333167
761.000000 0.312897
762.000000 0.293522
763.000000 0.274972
764.000000 0.257122
765.000000 0.240077
766.000000 0.223881
767.000000 0.208656
768.000000 0.194486
769.000000 0.181135
770.000000 0.168452
771.000000 0.156516
772.000000 0.145301
773.000000 0.134812
774.000000 0.124967
775.000000 0.115673
776.000000 0.106491
777.000000 0.097731
778.000000 0.089990
779.000000 0.082913
780.000000 0.076334
781.000000 0.070292
782.000000 0.064743
783.000000 0.059610
784.000000 0.054811
785.000000 0.050381
786.000000 0.046347
787.000000 0.042663
788.000000 0.039182
789.000000 0.035923
790.000000 0.033048
791.000000 0.030441
792.000000 0.028031
793.000000 0.025821
794.000000 0.023746
795.000000 0.021853
796.000000 0.020104
797.000000 0.018470
798.000000 0.016993
799.000000 0.015671
800.000000 0.014522
801.000000 0.013447
802.000000 0.012441
803.000000 0.011542
804.000000 0.010725
805.000000 0.010005
806.000000 0.009368
807.000000 0.008755
808.000000 0.008214
809.000000 0.007717
810.000000 0.007218
811.000000 0.006736
812.000000 0.006288
813.000000 0.005929
814.000000 0.005631
815.000000 0.005318
816.000000 0.004997
817.000000 0.004721
818.000000 0.004480
819.000000 0.004257
820.000000 0.004026
821.000000 0.003796
822.000000 0.003608
823.000000 0.003440
824.000000 0.003264
825.000000 0.003123
826.000000 0.003032
827.000000 0.002918
828.000000 0.002786
829.000000 0.002656
830.000000 0.002495
831.000000 0.002338
832.000000 0.002223
833.000000 0.002144
834.000000 0.002070
835.000000 0.001940
836.000000 0.001800
837.000000 0.001689
838.000000 0.001630
839.000000 0.001610
840.000000 0.001509
841.000000 0.001398
842.000000 0.001317
843.000000 0.001230
844.000000 0.001136
845.000000 0.001061
846.000000 0.001039
847.000000 0.000993
848.000000 0.000923
849.000000 0.000854
850.000000 0.000782
851.000000 0.000716
852.000000 0.000641
853.000000 0.000557
854.000000 0.000542
855.000000 0.000551
856.000000 0.000495
857.000000 0.000486
858.000000 0.000531
859.000000 0.000509
860.000000 0.000434
861.000000 0.000379
862.000000 0.000295
863.000000 0.000231
864.000000 0.000230
865.000000 0.000187
866.000000 0.000105
867.000000 0.000059
868.000000 0.000030
869.000000 -0.000019
870.000000 -0.000065
871.000000 -0.000064
872.000000 -0.000031
873.000000 -0.000054
874.000000 -0.000086
875.000000 -0.000098
876.000000 -0.000146
877.000000 -0.000161
878.000000 -0.000154
879.000000 -0.000181
880.000000 -0.000217
881.000000 -0.000257
882.000000 -0.000269
883.000000 -0.000315
884.000000 -0.000363
885.000000 -0.000395
886.000000 -0.000425
887.000000 -0.000422
888.000000 -0.000421
889.000000 -0.000428
890.000000 -0.000441
891.000000 -0.000455
892.000000 -0.000487
893.000000 -0.000526
894.000000 -0.000546
895.000000 -0.000576
896.000000 -0.000602
897.000000 -0.000588
898.000000 -0.000570
899.000000 -0.000567
900.000000 -0.000572
