315.000000 0.124502
316.000000 0.124534
317.000000 0.124909
318.000000 0.125721
319.000000 0.127117
320.000000 0.128644
321.000000 0.130232
322.000000 0.131699
323.000000 0.133378
324.000000 0.135779
325.000000 0.137905
326.000000 0.139038
327.000000 0.140150
328.000000 0.142086
329.000000 0.144204
330.000000 0.145795
331.000000 0.147615
332.000000 0.149873
333.000000 0.152239
334.000000 0.154641
335.000000 0.157246
336.000000 0.160265
337.000000 0.163324
338.000000 0.166070
339.000000 0.168627
340.000000 0.171376
341.000000 0.174175
342.000000 0.176968
343.000000 0.179809
344.000000 0.182703
345.000000 0.185634
346.000000 0.188174
347.000000 0.190257
348.000000 0.192336
349.000000 0.194311
350.000000 0.196052
351.000000 0.197434
352.000000 0.198544
353.000000 0.199329
354.000000 0.199795
355.000000 0.200112
356.000000 0.199936
357.000000 0.199574
358.000000 0.199186
359.000000 0.198625
360.000000 0.197917
361.000000 0.197001
362.000000 0.195946
363.000000 0.194772
364.000000 0.193518
365.000000 0.192449
366.000000 0.191359
367.000000 0.189994
368.000000 0.188546
369.000000 0.187026
370.000000 0.184829
371.000000 0.182678
372.000000 0.180635
373.000000 0.178582
374.000000 0.176546
375.000000 0.174061
376.000000 0.171481
377.000000 0.168798
378.000000 0.166313
379.000000 0.163684
380.000000 0.161035
381.000000 0.158581
382.000000 0.155921
383.000000 0.153075
384.000000 0.150421
385.000000 0.148021
386.000000 0.145912
387.000000 0.144405
388.000000 0.143150
389.000000 0.141980
390.000000 0.140955
391.000000 0.140020
392.000000 0.139382
393.000000 0.139016
394.000000 0.138664
395.000000 0.138430
396.000000 0.138476
397.000000 0.138791
398.000000 0.139359
399.000000 0.140112
400.000000 0.141008
401.000000 0.141848
402.000000 0.142684
403.000000 0.143626
404.000000 0.144393
405.000000 0.145211
406.000000 0.146188
407.000000 0.147136
408.000000 0.148007
409.000000 0.148780
410.000000 0.149517
411.000000 0.150207
412.000000 0.150913
413.000000 0.151724
414.000000 0.152570
415.000000 0.153350
416.000000 0.154233
417.000000 0.155540
418.000000 0.157182
419.000000 0.159038
420.000000 0.161357
421.000000 0.164200
422.000000 0.167520
423.000000 0.171354
424.000000 0.175457
425.000000 0.179559
426.000000 0.184031
427.000000 0.188729
428.000000 0.193137
429.000000 0.197379
430.000000 0.201205
431.000000 0.204286
432.000000 0.206560
433.000000 0.207876
434.000000 0.208166
435.000000 0.207244
436.000000 0.205145
437.000000 0.202049
438.000000 0.198119
439.000000 0.193588
440.000000 0.188457
441.000000 0.182967
442.000000 0.177402
443.000000 0.171529
444.000000 0.165547
445.000000 0.159807
446.000000 0.153948
447.000000 0.148243
448.000000 0.142702
449.000000 0.137392
450.000000 0.132679
451.000000 0.128105
452.000000 0.123705
453.000000 0.119751
454.000000 0.115896
455.000000 0.112199
456.000000 0.108790
457.000000 0.105558
458.000000 0.102616
459.000000 0.099707
460.000000 0.096930
461.000000 0.094442
462.000000 0.091944
463.000000 0.089373
464.000000 0.086819
465.000000 0.084423
466.000000 0.082285
467.000000 0.080145
468.000000 0.078005
469.000000 0.075911
470.000000 0.073920
471.000000 0.072084
472.000000 0.070189
473.000000 0.068264
474.000000 0.066368
475.000000 0.064574
476.000000 0.062916
477.000000 0.061317
478.000000 0.059762
479.000000 0.058260
480.000000 0.056855
481.000000 0.055455
482.000000 0.054119
483.000000 0.052993
484.000000 0.051918
485.000000 0.050865
486.000000 0.049906
487.000000 0.048972
488.000000 0.048058
489.000000 0.047197
490.000000 0.046382
491.000000 0.045684
492.000000 0.045030
493.000000 0.044211
494.000000 0.043398
495.000000 0.043007
496.000000 0.042767
497.000000 0.042266
498.000000 0.041747
499.000000 0.041675
500.000000 0.041716
501.000000 0.041703
502.000000 0.041942
503.000000 0.042382
504.000000 0.042775
505.000000 0.042870
506.000000 0.042957
507.000000 0.043196
508.000000 0.043393
509.000000 0.043787
510.000000 0.044443
511.000000 0.045188
512.000000 0.046042
513.000000 0.046834
514.000000 0.047427
515.000000 0.047842
516.000000 0.048372
517.000000 0.049024
518.000000 0.049806
519.000000 0.050632
520.000000 0.051192
521.000000 0.051807
522.000000 0.052656
523.000000 0.053369
524.000000 0.053896
525.000000 0.054357
526.000000 0.053800
527.000000 0.053797
528.000000 0.054779
529.000000 0.055305
530.000000 0.055920
531.000000 0.056260
532.000000 0.056370
533.000000 0.056688
534.000000 0.056965
535.000000 0.057196
536.000000 0.057751
537.000000 0.058536
538.000000 0.059549
539.000000 0.060896
540.000000 0.062425
541.000000 0.063665
542.000000 0.065058
543.000000 0.066857
544.000000 0.068774
545.000000 0.070752
546.000000 0.072713
547.000000 0.075165
548.000000 0.077791
549.000000 0.080176
550.000000 0.082616
551.000000 0.085002
552.000000 0.087513
553.000000 0.090036
554.000000 0.092188
555.000000 0.094388
556.000000 0.096554
557.000000 0.098482
558.000000 0.100298
559.000000 0.101776
560.000000 0.102877
561.000000 0.103702
562.000000 0.104311
563.000000 0.104671
564.000000 0.104747
565.000000 0.104633
566.000000 0.104287
567.000000 0.103574
568.000000 0.102717
569.000000 0.101834
570.000000 0.100797
571.000000 0.099814
572.000000 0.099004
573.000000 0.098145
574.000000 0.097263
575.000000 0.096482
576.000000 0.095833
577.000000 0.095343
578.000000 0.095174
579.000000 0.095194
580.000000 0.095324
581.000000 0.095764
582.000000 0.096417
583.000000 0.097403
584.000000 0.098593
585.000000 0.099916
586.000000 0.101537
587.000000 0.103370
588.000000 0.105515
589.000000 0.107818
590.000000 0.110221
591.000000 0.112844
592.000000 0.115424
593.000000 0.118025
594.000000 0.120688
595.000000 0.123447
596.000000 0.126541
597.000000 0.129649
598.000000 0.132655
599.000000 0.135795
600.000000 0.138951
601.000000 0.142109
602.000000 0.145221
603.000000 0.148366
604.000000 0.151721
605.000000 0.155075
606.000000 0.158451
607.000000 0.161996
608.000000 0.165488
609.000000 0.169111
610.000000 0.173045
611.000000 0.176975
612.000000 0.180971
613.000000 0.185081
614.000000 0.189377
615.000000 0.194093
616.000000 0.198886
617.000000 0.203901
618.000000 0.209496
619.000000 0.215236
620.000000 0.221241
621.000000 0.227847
622.000000 0.234670
623.000000 0.241819
624.000000 0.249686
625.000000 0.257813
626.000000 0.266311
627.000000 0.275714
628.000000 0.285324
629.000000 0.295181
630.000000 0.305909
631.000000 0.317272
632.000000 0.328742
633.000000 0.340601
634.000000 0.353393
635.000000 0.366286
636.000000 0.379448
637.000000 0.393490
638.000000 0.407467
639.000000 0.421451
640.000000 0.435964
641.000000 0.450794
642.000000 0.464984
643.000000 0.478743
644.000000 0.493042
645.000000 0.506861
646.000000 0.520351
647.000000 0.534130
648.000000 0.547669
649.000000 0.560239
650.000000 0.572172
651.000000 0.584004
652.000000 0.595337
653.000000 0.605638
654.000000 0.615128
655.000000 0.624217
656.000000 0.632640
657.000000 0.640110
658.000000 0.646915
659.000000 0.653487
660.000000 0.659673
661.000000 0.665256
662.000000 0.670457
663.000000 0.675601
664.000000 0.680605
665.000000 0.685336
666.000000 0.690013
667.000000 0.694947
668.000000 0.700200
669.000000 0.705598
670.000000 0.711352
671.000000 0.717884
672.000000 0.725114
673.000000 0.733120
674.000000 0.741478
675.000000 0.750676
676.000000 0.761485
677.000000 0.773776
678.000000 0.787470
679.000000 0.801905
680.000000 0.817632
681.000000 0.835427
682.000000 0.854960
683.000000 0.876252
684.000000 0.898561
685.000000 0.922141
686.000000 0.948121
687.000000 0.976125
688.000000 1.005852
689.000000 1.037248
690.000000 1.069093
691.000000 1.101932
692.000000 1.137258
693.000000 1.174339
694.000000 1.212774
695.000000 1.252512
696.000000 1.291502
697.000000 1.329986
698.000000 1.370113
699.000000 1.410829
700.000000 1.451328
701.000000 1.491092
702.000000 1.528771
703.000000 1.564795
704.000000 1.600425
705.000000 1.634569
706.000000 1.666487
707.000000 1.695645
708.000000 1.721876
709.000000 1.744902
710.000000 1.763546
711.000000 1.778088
712.000000 1.789317
713.000000 1.796472
714.000000 1.799098
715.000000 1.797327
716.000000 1.791101
717.000000 1.780130
718.000000 1.764596
719.000000 1.745652
720.000000 1.722748
721.000000 1.695118
722.000000 1.664201
723.000000 1.630830
724.000000 1.594870
725.000000 1.557072
726.000000 1.517659
727.000000 1.476233
728.000000 1.433059
729.000000 1.388678
730.000000 1.343380
731.000000 1.300045
732.000000 1.256954
733.000000 1.211874
734.000000 1.166411
735.000000 1.121032
736.000000 1.076095
737.000000 1.031888
738.000000 0.988495
739.000000 0.945982
740.000000 0.904266
741.000000 0.863651
742.000000 0.824517
743.000000 0.786750
744.000000 0.750230
745.000000 0.714616
746.000000 0.680010
747.000000 0.646474
748.000000 0.614034
749.000000 0.582720
750.000000 0.552734
751.000000 0.523996
752.000000 0.496399
753.000000 0.469893
754.000000 0.444385
755.000000 0.419859
756.000000 0.396257
757.000000 0.373630
758.000000 0.351953
759.000000 0.331062
760.000000 0.311032
761.000000 0.291932
762.000000 0.273755
763.000000 0.256390
764.000000 0.239775
765.000000 0.223910
766.000000 0.208795
767.000000 0.194576
768.000000 0.181301
769.000000 0.168822
770.000000 0.157013
771.000000 0.145909
772.000000 0.135456
773.000000 0.125644
774.000000 0.116421
775.000000 0.107724
776.000000 0.099128
777.000000 0.090902
778.000000 0.083677
779.000000 0.077173
780.000000 0.071143
781.000000 0.065544
782.000000 0.060378
783.000000 0.055604
784.000000 0.051164
785.000000 0.047079
786.000000 0.043288
787.000000 0.039810
788.000000 0.036577
789.000000 0.033593
790.000000 0.030974
791.000000 0.028572
792.000000 0.026319
793.000000 0.024207
794.000000 0.022252
795.000000 0.020519
796.000000 0.018935
797.000000 0.017507
798.000000 0.016211
799.000000 0.015023
800.000000 0.013994
801.000000 0.013004
802.000000 0.012074
803.000000 0.011265
804.000000 0.010519
805.000000 0.009844
806.000000 0.009263
807.000000 0.008753
808.000000 0.008265
809.000000 0.007792
810.000000 0.007289
811.000000 0.006805
812.000000 0.006411
813.000000 0.006071
814.000000 0.005776
815.000000 0.005487
816.000000 0.005200
817.000000 0.004881
818.000000 0.004597
819.000000 0.004408
820.000000 0.004234
821.000000 0.004050
822.000000 0.003877
823.000000 0.003742
824.000000 0.003612
825.000000 0.003469
826.000000 0.003333
827.000000 0.003240
828.000000 0.003146
829.000000 0.003040
830.000000 0.002906
831.000000 0.002714
832.000000 0.002608
833.000000 0.002560
834.000000 0.002480
835.000000 0.002346
836.000000 0.002186
837.000000 0.002063
838.000000 0.001998
839.000000 0.001962
840.000000 0.001803
841.000000 0.001652
842.000000 0.001556
843.000000 0.001461
844.000000 0.001375
845.000000 0.001284
846.000000 0.001239
847.000000 0.001204
848.000000 0.001150
849.000000 0.001089
850.000000 0.001049
851.000000 0.001000
852.000000 0.000899
853.000000 0.000786
854.000000 0.000720
855.000000 0.000671
856.000000 0.000625
857.000000 0.000583
858.000000 0.000586
859.000000 0.000596
860.000000 0.000542
861.000000 0.000481
862.000000 0.000438
863.000000 0.000429
864.000000 0.000420
865.000000 0.000348
866.000000 0.000256
867.000000 0.000196
868.000000 0.000163
869.000000 0.000126
870.000000 0.000086
871.000000 0.000083
872.000000 0.000087
873.000000 0.000044
874.000000 0.000004
875.000000 -0.000004
876.000000 -0.000045
877.000000 -0.000062
878.000000 -0.000059
879.000000 -0.000102
880.000000 -0.000137
881.000000 -0.000139
882.000000 -0.000134
883.000000 -0.000166
884.000000 -0.000185
885.000000 -0.000212
886.000000 -0.000275
887.000000 -0.000324
888.000000 -0.000364
889.000000 -0.000394
890.000000 -0.000410
891.000000 -0.000423
892.000000 -0.000455
893.000000 -0.000496
894.000000 -0.000522
895.000000 -0.000544
896.000000 -0.000547
897.000000 -0.000535
898.000000 -0.000547
899.000000 -0.000557
900.000000 -0.000556
