315.000000 0.128432
316.000000 0.129457
317.000000 0.129559
318.000000 0.130159
319.000000 0.132219
320.000000 0.134592
321.000000 0.136517
322.000000 0.137637
323.000000 0.139074
324.000000 0.141299
325.000000 0.143218
326.000000 0.144843
327.000000 0.146554
328.000000 0.148636
329.000000 0.150607
330.000000 0.151904
331.000000 0.153552
332.000000 0.155892
333.000000 0.158622
334.000000 0.161262
335.000000 0.163820
336.000000 0.166885
337.000000 0.169877
338.000000 0.172510
339.000000 0.174873
340.000000 0.177423
341.000000 0.180121
342.000000 0.182697
343.000000 0.185406
344.000000 0.188010
345.000000 0.190577
346.000000 0.192932
347.000000 0.194872
348.000000 0.196730
349.000000 0.198291
350.000000 0.199652
351.000000 0.200800
352.000000 0.201683
353.000000 0.202352
354.000000 0.202802
355.000000 0.203020
356.000000 0.202852
357.000000 0.202560
358.000000 0.201867
359.000000 0.200903
360.000000 0.199992
361.000000 0.199161
362.000000 0.198317
363.000000 0.197195
364.000000 0.195908
365.000000 0.194733
366.000000 0.193742
367.000000 0.192542
368.000000 0.191097
369.000000 0.189596
370.000000 0.188150
371.000000 0.186474
372.000000 0.184660
373.000000 0.182981
374.000000 0.180771
375.000000 0.177817
376.000000 0.175081
377.000000 0.172539
378.000000 0.170178
379.000000 0.167959
380.000000 0.165680
381.000000 0.163444
382.000000 0.160964
383.000000 0.158541
384.000000 0.156271
385.000000 0.154329
386.000000 0.152739
387.000000 0.151177
388.000000 0.149669
389.000000 0.148477
390.000000 0.147614
391.000000 0.147082
392.000000 0.146710
393.000000 0.146354
394.000000 0.146139
395.000000 0.146077
396.000000 0.146216
397.000000 0.146560
398.000000 0.147095
399.000000 0.147954
400.000000 0.148996
401.000000 0.150001
402.000000 0.150875
403.000000 0.151641
404.000000 0.152281
405.000000 0.152993
406.000000 0.154067
407.000000 0.155114
408.000000 0.155969
409.000000 0.156774
410.000000 0.157776
411.000000 0.158828
412.000000 0.159833
413.000000 0.160599
414.000000 0.161280
415.000000 0.162144
416.000000 0.163118
417.000000 0.164513
418.000000 0.166167
419.000000 0.168077
420.000000 0.170450
421.000000 0.173130
422.000000 0.176185
423.000000 0.179716
424.000000 0.183571
425.000000 0.187593
426.000000 0.191878
427.000000 0.196148
428.000000 0.200097
429.000000 0.203908
430.000000 0.207305
431.000000 0.210025
432.000000 0.211987
433.000000 0.213083
434.000000 0.213233
435.000000 0.212213
436.000000 0.210039
437.000000 0.206894
438.000000 0.203019
439.000000 0.198709
440.000000 0.193811
441.000000 0.188488
442.000000 0.183115
443.000000 0.177427
444.000000 0.171595
445.000000 0.165975
446.000000 0.160254
447.000000 0.154691
448.000000 0.149352
449.000000 0.144285
450.000000 0.139682
451.000000 0.135128
452.000000 0.130690
453.000000 0.126688
454.000000 0.122850
455.000000 0.119154
456.000000 0.115719
457.000000 0.112392
458.000000 0.109304
459.000000 0.106308
460.000000 0.103464
461.000000 0.100908
462.000000 0.098278
463.000000 0.095618
464.000000 0.093082
465.000000 0.090688
466.000000 0.088444
467.000000 0.086198
468.000000 0.084003
469.000000 0.081880
470.000000 0.079842
471.000000 0.077974
472.000000 0.076075
473.000000 0.074152
474.000000 0.072320
475.000000 0.070533
476.000000 0.068852
477.000000 0.067208
478.000000 0.065626
479.000000 0.064197
480.000000 0.062885
481.000000 0.061538
482.000000 0.060213
483.000000 0.059066
484.000000 0.057960
485.000000 0.056871
486.000000 0.055875
487.000000 0.054943
488.000000 0.054097
489.000000 0.053470
490.000000 0.053078
491.000000 0.052745
492.000000 0.052143
493.000000 0.051257
494.000000 0.050437
495.000000 0.049771
496.000000 0.049411
497.000000 0.049275
498.000000 0.049223
499.000000 0.049075
500.000000 0.048967
501.000000 0.049272
502.000000 0.049731
503.000000 0.050271
504.000000 0.050963
505.000000 0.051483
506.000000 0.051815
507.000000 0.052430
508.000000 0.053038
509.000000 0.053670
510.000000 0.054423
511.000000 0.055317
512.000000 0.056367
513.000000 0.057340
514.000000 0.058195
515.000000 0.058886
516.000000 0.059723
517.000000 0.060573
518.000000 0.061506
519.000000 0.062440
520.000000 0.063200
521.000000 0.063996
522.000000 0.064804
523.000000 0.065365
524.000000 0.065932
525.000000 0.066534
526.000000 0.066878
527.000000 0.067241
528.000000 0.067522
529.000000 0.068200
530.000000 0.068945
531.000000 0.069179
532.000000 0.069347
533.000000 0.069644
534.000000 0.070014
535.000000 0.070497
536.000000 0.071267
537.000000 0.072191
538.000000 0.073216
539.000000 0.074302
540.000000 0.075487
541.000000 0.076715
542.000000 0.078357
543.000000 0.080429
544.000000 0.082501
545.000000 0.084673
546.000000 0.086944
547.000000 0.089581
548.000000 0.092520
549.000000 0.095536
550.000000 0.098622
551.000000 0.101613
552.000000 0.104677
553.000000 0.107684
554.000000 0.110493
555.000000 0.113193
556.000000 0.115531
557.000000 0.117589
558.000000 0.119616
559.000000 0.121269
560.000000 0.122516
561.000000 0.123327
562.000000 0.123824
563.000000 0.124082
564.000000 0.123926
565.000000 0.123396
566.000000 0.122475
567.000000 0.121102
568.000000 0.119484
569.000000 0.117682
570.000000 0.115804
571.000000 0.114015
572.000000 0.112253
573.000000 0.110437
574.000000 0.108537
575.000000 0.106819
576.000000 0.105331
577.000000 0.104132
578.000000 0.103149
579.000000 0.102324
580.000000 0.101776
581.000000 0.101488
582.000000 0.101380
583.000000 0.101581
584.000000 0.102102
585.000000 0.102898
586.000000 0.103927
587.000000 0.105048
588.000000 0.106506
589.000000 0.108227
590.000000 0.110070
591.000000 0.112177
592.000000 0.114438
593.000000 0.116595
594.000000 0.118651
595.000000 0.120969
596.000000 0.123625
597.000000 0.126237
598.000000 0.128864
599.000000 0.131630
600.000000 0.134419
601.000000 0.137216
602.000000 0.139975
603.000000 0.142808
604.000000 0.145742
605.000000 0.148696
606.000000 0.151765
607.000000 0.155012
608.000000 0.158196
609.000000 0.161394
610.000000 0.164895
611.000000 0.168421
612.000000 0.172091
613.000000 0.175944
614.000000 0.179932
615.000000 0.184335
616.000000 0.188765
617.000000 0.193474
618.000000 0.198754
619.000000 0.204109
620.000000 0.209744
621.000000 0.215958
622.000000 0.222360
623.000000 0.229006
624.000000 0.236265
625.000000 0.243786
626.000000 0.251729
627.000000 0.260477
628.000000 0.269406
629.000000 0.278665
630.000000 0.288822
631.000000 0.299549
632.000000 0.310285
633.000000 0.321292
634.000000 0.333094
635.000000 0.345039
636.000000 0.357265
637.000000 0.370198
638.000000 0.383066
639.000000 0.395988
640.000000 0.409362
641.000000 0.423027
642.000000 0.436120
643.000000 0.448841
644.000000 0.462079
645.000000 0.474792
646.000000 0.487076
647.000000 0.499582
648.000000 0.511905
649.000000 0.523431
650.000000 0.534331
651.000000 0.545057
652.000000 0.555359
653.000000 0.564680
654.000000 0.573113
655.000000 0.581185
656.000000 0.588837
657.000000 0.595786
658.000000 0.602140
659.000000 0.608165
660.000000 0.613815
661.000000 0.619019
662.000000 0.623816
663.000000 0.628537
664.000000 0.633241
665.000000 0.637752
666.000000 0.642236
667.000000 0.647009
668.000000 0.652114
669.000000 0.657352
670.000000 0.662921
671.000000 0.669321
672.000000 0.676474
673.000000 0.684304
674.000000 0.692420
675.000000 0.701473
676.000000 0.712267
677.000000 0.724431
678.000000 0.737857
679.000000 0.751959
680.000000 0.767179
681.000000 0.784219
682.000000 0.802861
683.000000 0.823206
684.000000 0.844407
685.000000 0.866759
686.000000 0.891568
687.000000 0.918453
688.000000 0.946931
689.000000 0.976864
690.000000 1.007172
691.000000 1.038436
692.000000 1.071993
693.000000 1.107187
694.000000 1.143582
695.000000 1.181091
696.000000 1.217775
697.000000 1.254110
698.000000 1.292062
699.000000 1.330263
700.000000 1.368067
701.000000 1.405066
702.000000 1.440001
703.000000 1.473560
704.000000 1.507192
705.000000 1.539307
706.000000 1.568994
707.000000 1.596078
708.000000 1.620509
709.000000 1.641826
710.000000 1.658796
711.000000 1.671877
712.000000 1.681798
713.000000 1.688148
714.000000 1.690787
715.000000 1.688907
716.000000 1.682403
717.000000 1.671719
718.000000 1.656707
719.000000 1.638735
720.000000 1.617663
721.000000 1.592620
722.000000 1.564053
723.000000 1.532568
724.000000 1.498891
725.000000 1.463116
726.000000 1.425530
727.000000 1.386581
728.000000 1.346020
729.000000 1.303929
730.000000 1.260858
731.000000 1.220135
732.000000 1.180201
733.000000 1.138376
734.000000 1.095873
735.000000 1.053296
736.000000 1.011221
737.000000 0.969793
738.000000 0.929075
739.000000 0.889027
740.000000 0.849806
741.000000 0.811773
742.000000 0.775037
743.000000 0.739365
744.000000 0.704804
745.000000 0.671100
746.000000 0.638309
747.000000 0.606608
748.000000 0.576142
749.000000 0.546917
750.000000 0.518888
751.000000 0.491997
752.000000 0.466138
753.000000 0.441212
754.000000 0.417134
755.000000 0.393918
756.000000 0.371609
757.000000 0.350321
758.000000 0.329994
759.000000 0.310330
760.000000 0.291437
761.000000 0.273497
762.000000 0.256442
763.000000 0.240189
764.000000 0.224750
765.000000 0.209907
766.000000 0.195649
767.000000 0.182289
768.000000 0.169833
769.000000 0.158165
770.000000 0.147138
771.000000 0.136756
772.000000 0.126953
773.000000 0.117705
774.000000 0.109003
775.000000 0.100892
776.000000 0.092890
777.000000 0.085189
778.000000 0.078478
779.000000 0.072448
780.000000 0.066848
781.000000 0.061684
782.000000 0.056913
783.000000 0.052446
784.000000 0.048305
785.000000 0.044501
786.000000 0.040964
787.000000 0.037752
788.000000 0.034776
789.000000 0.031979
790.000000 0.029531
791.000000 0.027293
792.000000 0.025186
793.000000 0.023285
794.000000 0.021520
795.000000 0.019905
796.000000 0.018427
797.000000 0.017056
798.000000 0.015827
799.000000 0.014750
800.000000 0.013819
801.000000 0.012924
802.000000 0.012102
803.000000 0.011364
804.000000 0.010623
805.000000 0.010022
806.000000 0.009550
807.000000 0.009058
808.000000 0.008583
809.000000 0.008158
810.000000 0.007735
811.000000 0.007317
812.000000 0.006948
813.000000 0.006661
814.000000 0.006403
815.000000 0.006152
816.000000 0.005924
817.000000 0.005664
818.000000 0.005407
819.000000 0.005184
820.000000 0.005000
821.000000 0.004797
822.000000 0.004617
823.000000 0.004463
824.000000 0.004278
825.000000 0.004156
826.000000 0.004077
827.000000 0.003942
828.000000 0.003791
829.000000 0.003664
830.000000 0.003496
831.000000 0.003308
832.000000 0.003187
833.000000 0.003095
834.000000 0.003005
835.000000 0.002878
836.000000 0.002712
837.000000 0.002559
838.000000 0.002454
839.000000 0.002405
840.000000 0.002303
841.000000 0.002206
842.000000 0.002108
843.000000 0.002002
844.000000 0.001906
845.000000 0.001817
846.000000 0.001767
847.000000 0.001721
848.000000 0.001661
849.000000 0.001580
850.000000 0.001512
851.000000 0.001431
852.000000 0.001326
853.000000 0.001206
854.000000 0.001141
855.000000 0.001138
856.000000 0.001116
857.000000 0.001092
858.000000 0.001058
859.000000 0.000981
860.000000 0.000883
861.000000 0.000785
862.000000 0.000707
863.000000 0.000666
864.000000 0.000658
865.000000 0.000593
866.000000 0.000469
867.000000 0.000411
868.000000 0.000366
869.000000 0.000299
870.000000 0.000253
871.000000 0.000277
872.000000 0.000338
873.000000 0.000307
874.000000 0.000244
875.000000 0.000216
876.000000 0.000174
877.000000 0.000150
878.000000 0.000133
879.000000 0.000085
880.000000 0.000025
881.000000 -0.000018
882.000000 -0.000014
883.000000 -0.000048
884.000000 -0.000099
885.000000 -0.000139
886.000000 -0.000178
887.000000 -0.000197
888.000000 -0.000214
889.000000 -0.000219
890.000000 -0.000204
891.000000 -0.000174
892.000000 -0.000187
893.000000 -0.000249
894.000000 -0.000295
895.000000 -0.000326
896.000000 -0.000358
897.000000 -0.000368
898.000000 -0.000356
899.000000 -0.000343
900.000000 -0.000342
