315.000000 0.132050
316.000000 0.133014
317.000000 0.133980
318.000000 0.135439
319.000000 0.137204
320.000000 0.138579
321.000000 0.139735
322.000000 0.140953
323.000000 0.143089
324.000000 0.145610
325.000000 0.147254
326.000000 0.148574
327.000000 0.150340
328.000000 0.152190
329.000000 0.154139
330.000000 0.155865
331.000000 0.157608
332.000000 0.159742
333.000000 0.162322
334.000000 0.164677
335.000000 0.166883
336.000000 0.170076
337.000000 0.173347
338.000000 0.175521
339.000000 0.177408
340.000000 0.180256
341.000000 0.183368
342.000000 0.185920
343.000000 0.188484
344.000000 0.191146
345.000000 0.193559
346.000000 0.195851
347.000000 0.197695
348.000000 0.199154
349.000000 0.200443
350.000000 0.201460
351.000000 0.202276
352.000000 0.202948
353.000000 0.203345
354.000000 0.203572
355.000000 0.203844
356.000000 0.203709
357.000000 0.203218
358.000000 0.202560
359.000000 0.201657
360.000000 0.200662
361.000000 0.199713
362.000000 0.198797
363.000000 0.197658
364.000000 0.196575
365.000000 0.195686
366.000000 0.194622
367.000000 0.193254
368.000000 0.191805
369.000000 0.190402
370.000000 0.188517
371.000000 0.186713
372.000000 0.185128
373.000000 0.183386
374.000000 0.181182
375.000000 0.178486
376.000000 0.176309
377.000000 0.174233
378.000000 0.172134
379.000000 0.170165
380.000000 0.167863
381.000000 0.165824
382.000000 0.163903
383.000000 0.161571
384.000000 0.159154
385.000000 0.157335
386.000000 0.155615
387.000000 0.153832
388.000000 0.152666
389.000000 0.151864
390.000000 0.151194
391.000000 0.150657
392.000000 0.150481
393.000000 0.150491
394.000000 0.150667
395.000000 0.150807
396.000000 0.151031
397.000000 0.151544
398.000000 0.152087
399.000000 0.152890
400.000000 0.153923
401.000000 0.154980
402.000000 0.156066
403.000000 0.157027
404.000000 0.157901
405.000000 0.158861
406.000000 0.159956
407.000000 0.161066
408.000000 0.162064
409.000000 0.162954
410.000000 0.163767
411.000000 0.164435
412.000000 0.165218
413.000000 0.166290
414.000000 0.167283
415.000000 0.168307
416.000000 0.169531
417.000000 0.170912
418.000000 0.172562
419.000000 0.174500
420.000000 0.176788
421.000000 0.179346
422.000000 0.182038
423.000000 0.185399
424.000000 0.189416
425.000000 0.193302
426.000000 0.197267
427.000000 0.201391
428.000000 0.205215
429.000000 0.208861
430.000000 0.212233
431.000000 0.214938
432.000000 0.216729
433.000000 0.217529
434.000000 0.217434
435.000000 0.216260
436.000000 0.213908
437.000000 0.210608
438.000000 0.206712
439.000000 0.202414
440.000000 0.197596
441.000000 0.192491
442.000000 0.187372
443.000000 0.181904
444.000000 0.176322
445.000000 0.170926
446.000000 0.165387
447.000000 0.160012
448.000000 0.154846
449.000000 0.149815
450.000000 0.145165
451.000000 0.140681
452.000000 0.136346
453.000000 0.132417
454.000000 0.128529
455.000000 0.124725
456.000000 0.121240
457.000000 0.117938
458.000000 0.114944
459.000000 0.111966
460.000000 0.109087
461.000000 0.106479
462.000000 0.103852
463.000000 0.101236
464.000000 0.098633
465.000000 0.096081
466.000000 0.093789
467.000000 0.091598
468.000000 0.089445
469.000000 0.087339
470.000000 0.085289
471.000000 0.083425
472.000000 0.081567
473.000000 0.079728
474.000000 0.077940
475.000000 0.076225
476.000000 0.074620
477.000000 0.073092
478.000000 0.071673
479.000000 0.070333
480.000000 0.069066
481.000000 0.067723
482.000000 0.066429
483.000000 0.065371
484.000000 0.064379
485.000000 0.063401
486.000000 0.062499
487.000000 0.061684
488.000000 0.060935
489.000000 0.060262
490.000000 0.059618
491.000000 0.058940
492.000000 0.058232
493.000000 0.057673
494.000000 0.057192
495.000000 0.056838
496.000000 0.056883
497.000000 0.056819
498.000000 0.056605
499.000000 0.056654
500.000000 0.057174
501.000000 0.057766
502.000000 0.058175
503.000000 0.058858
504.000000 0.059576
505.000000 0.060055
506.000000 0.060498
507.000000 0.061160
508.000000 0.061931
509.000000 0.062898
510.000000 0.063826
511.000000 0.064755
512.000000 0.066081
513.000000 0.067282
514.000000 0.068440
515.000000 0.069633
516.000000 0.070820
517.000000 0.071971
518.000000 0.073243
519.000000 0.074590
520.000000 0.075737
521.000000 0.076855
522.000000 0.077884
523.000000 0.078644
524.000000 0.079115
525.000000 0.079534
526.000000 0.079997
527.000000 0.080484
528.000000 0.080907
529.000000 0.081574
530.000000 0.082431
531.000000 0.082917
532.000000 0.083125
533.000000 0.083326
534.000000 0.083691
535.000000 0.084328
536.000000 0.085132
537.000000 0.085955
538.000000 0.087243
539.000000 0.088832
540.000000 0.090340
541.000000 0.091796
542.000000 0.093708
543.000000 0.096388
544.000000 0.099054
545.000000 0.101734
546.000000 0.104670
547.000000 0.108053
548.000000 0.111735
549.000000 0.115253
550.000000 0.118924
551.000000 0.122743
552.000000 0.126483
553.000000 0.130113
554.000000 0.133408
555.000000 0.136518
556.000000 0.139515
557.000000 0.142161
558.000000 0.144443
559.000000 0.146277
560.000000 0.147667
561.000000 0.148525
562.000000 0.148892
563.000000 0.148790
564.000000 0.148021
565.000000 0.146919
566.000000 0.145390
567.000000 0.143101
568.000000 0.140551
569.000000 0.137867
570.000000 0.134918
571.000000 0.131810
572.000000 0.128776
573.000000 0.125794
574.000000 0.122705
575.000000 0.119964
576.000000 0.117523
577.000000 0.115234
578.000000 0.113237
579.000000 0.111379
580.000000 0.109776
581.000000 0.108522
582.000000 0.107503
583.000000 0.106876
584.000000 0.106695
585.000000 0.106648
586.000000 0.106791
587.000000 0.107327
588.000000 0.108218
589.000000 0.109341
590.000000 0.110657
591.000000 0.112189
592.000000 0.113815
593.000000 0.115421
594.000000 0.117148
595.000000 0.119167
596.000000 0.121431
597.000000 0.123633
598.000000 0.125803
599.000000 0.128179
600.000000 0.130611
601.000000 0.133036
602.000000 0.135445
603.000000 0.137898
604.000000 0.140443
605.000000 0.142979
606.000000 0.145624
607.000000 0.148535
608.000000 0.151434
609.000000 0.154364
610.000000 0.157563
611.000000 0.160798
612.000000 0.164158
613.000000 0.167715
614.000000 0.171442
615.000000 0.175498
616.000000 0.179611
617.000000 0.183934
618.000000 0.188704
619.000000 0.193602
620.000000 0.198806
621.000000 0.204526
622.000000 0.210420
623.000000 0.216599
624.000000 0.223401
625.000000 0.230431
626.000000 0.237842
627.000000 0.246100
628.000000 0.254570
629.000000 0.263308
630.000000 0.272822
631.000000 0.282769
632.000000 0.292696
633.000000 0.302925
634.000000 0.313869
635.000000 0.324869
636.000000 0.336149
637.000000 0.348144
638.000000 0.360020
639.000000 0.371973
640.000000 0.384412
641.000000 0.397065
642.000000 0.409120
643.000000 0.420856
644.000000 0.433040
645.000000 0.444701
646.000000 0.456044
647.000000 0.467509
648.000000 0.478705
649.000000 0.489121
650.000000 0.498942
651.000000 0.508665
652.000000 0.518008
653.000000 0.526515
654.000000 0.534324
655.000000 0.541811
656.000000 0.548867
657.000000 0.555213
658.000000 0.560999
659.000000 0.566503
660.000000 0.571692
661.000000 0.576430
662.000000 0.580786
663.000000 0.585135
664.000000 0.589549
665.000000 0.593803
666.000000 0.597935
667.000000 0.602329
668.000000 0.607186
669.000000 0.612315
670.000000 0.617818
671.000000 0.624103
672.000000 0.631127
673.000000 0.638892
674.000000 0.646950
675.000000 0.655793
676.000000 0.666163
677.000000 0.677738
678.000000 0.690420
679.000000 0.703761
680.000000 0.718260
681.000000 0.734580
682.000000 0.752420
683.000000 0.771845
684.000000 0.792164
685.000000 0.813605
686.000000 0.837263
687.000000 0.862788
688.000000 0.889789
689.000000 0.918128
690.000000 0.946650
691.000000 0.975818
692.000000 1.007198
693.000000 1.040259
694.000000 1.074315
695.000000 1.109201
696.000000 1.143374
697.000000 1.177241
698.000000 1.212572
699.000000 1.248456
700.000000 1.284190
701.000000 1.319224
702.000000 1.352221
703.000000 1.383650
704.000000 1.414726
705.000000 1.444277
706.000000 1.471694
707.000000 1.496852
708.000000 1.519319
709.000000 1.538718
710.000000 1.554492
711.000000 1.566466
712.000000 1.575522
713.000000 1.581296
714.000000 1.583229
715.000000 1.581259
716.000000 1.575314
717.000000 1.565337
718.000000 1.551353
719.000000 1.534506
720.000000 1.514681
721.000000 1.491190
722.000000 1.464039
723.000000 1.433875
724.000000 1.401794
725.000000 1.368244
726.000000 1.333440
727.000000 1.297218
728.000000 1.259396
729.000000 1.220292
730.000000 1.180393
731.000000 1.142493
732.000000 1.105071
733.000000 1.065863
734.000000 1.026063
735.000000 0.986353
736.000000 0.947067
737.000000 0.908118
738.000000 0.869821
739.000000 0.832161
740.000000 0.795215
741.000000 0.759290
742.000000 0.724658
743.000000 0.691347
744.000000 0.659193
745.000000 0.627897
746.000000 0.597525
747.000000 0.568111
748.000000 0.539638
749.000000 0.512131
750.000000 0.485723
751.000000 0.460362
752.000000 0.435917
753.000000 0.412293
754.000000 0.389515
755.000000 0.367731
756.000000 0.346909
757.000000 0.327053
758.000000 0.308078
759.000000 0.289776
760.000000 0.272231
761.000000 0.255497
762.000000 0.239560
763.000000 0.224402
764.000000 0.209959
765.000000 0.196093
766.000000 0.182785
767.000000 0.170190
768.000000 0.158439
769.000000 0.147467
770.000000 0.137103
771.000000 0.127421
772.000000 0.118331
773.000000 0.109765
774.000000 0.101729
775.000000 0.094208
776.000000 0.086767
777.000000 0.079624
778.000000 0.073343
779.000000 0.067714
780.000000 0.062572
781.000000 0.057768
782.000000 0.053311
783.000000 0.049194
784.000000 0.045331
785.000000 0.041768
786.000000 0.038506
787.000000 0.035557
788.000000 0.032780
789.000000 0.030198
790.000000 0.027949
791.000000 0.025869
792.000000 0.023955
793.000000 0.022253
794.000000 0.020642
795.000000 0.019140
796.000000 0.017761
797.000000 0.016489
798.000000 0.015333
799.000000 0.014318
800.000000 0.013426
801.000000 0.012609
802.000000 0.011887
803.000000 0.011224
804.000000 0.010606
805.000000 0.010062
806.000000 0.009599
807.000000 0.009188
808.000000 0.008776
809.000000 0.008358
810.000000 0.007948
811.000000 0.007592
812.000000 0.007273
813.000000 0.006981
814.000000 0.006730
815.000000 0.006532
816.000000 0.006350
817.000000 0.006102
818.000000 0.005862
819.000000 0.005671
820.000000 0.005503
821.000000 0.005340
822.000000 0.005153
823.000000 0.004955
824.000000 0.004780
825.000000 0.004640
826.000000 0.004517
827.000000 0.004384
828.000000 0.004246
829.000000 0.004127
830.000000 0.003983
831.000000 0.003841
832.000000 0.003743
833.000000 0.003632
834.000000 0.003512
835.000000 0.003373
836.000000 0.003212
837.000000 0.003028
838.000000 0.002878
839.000000 0.002806
840.000000 0.002702
841.000000 0.002609
842.000000 0.002526
843.000000 0.002427
844.000000 0.002309
845.000000 0.002173
846.000000 0.002084
847.000000 0.002009
848.000000 0.001930
849.000000 0.001820
850.000000 0.001703
851.000000 0.001602
852.000000 0.001516
853.000000 0.001433
854.000000 0.001372
855.000000 0.001325
856.000000 0.001245
857.000000 0.001177
858.000000 0.001137
859.000000 0.001079
860.000000 0.001011
861.000000 0.000998
862.000000 0.000963
863.000000 0.000858
864.000000 0.000772
865.000000 0.000683
866.000000 0.000591
867.000000 0.000533
868.000000 0.000490
869.000000 0.000450
870.000000 0.000395
871.000000 0.000389
872.000000 0.000400
873.000000 0.000334
874.000000 0.000251
875.000000 0.000208
876.000000 0.000146
877.000000 0.000106
878.000000 0.000116
879.000000 0.000111
880.000000 0.000087
881.000000 0.000066
882.000000 0.000062
883.000000 0.000016
884.000000 -0.000019
885.000000 -0.000057
886.000000 -0.000130
887.000000 -0.000182
888.000000 -0.000204
889.000000 -0.000211
890.000000 -0.000223
891.000000 -0.000244
892.000000 -0.000273
893.000000 -0.000306
894.000000 -0.000332
895.000000 -0.000358
896.000000 -0.000380
897.000000 -0.000384
898.000000 -0.000400
899.000000 -0.000405
900.000000 -0.000396
