315.000000 0.139978
316.000000 0.140811
317.000000 0.142353
318.000000 0.144085
319.000000 0.145431
320.000000 0.146951
321.000000 0.148985
322.000000 0.150557
323.000000 0.152428
324.000000 0.154700
325.000000 0.156434
326.000000 0.158056
327.000000 0.159977
328.000000 0.162176
329.000000 0.163844
330.000000 0.164900
331.000000 0.166492
332.000000 0.168422
333.000000 0.170657
334.000000 0.173161
335.000000 0.175797
336.000000 0.178783
337.000000 0.181703
338.000000 0.183995
339.000000 0.185825
340.000000 0.187967
341.000000 0.190064
342.000000 0.192171
343.000000 0.194354
344.000000 0.196435
345.000000 0.198568
346.000000 0.200335
347.000000 0.201722
348.000000 0.202964
349.000000 0.203889
350.000000 0.204550
351.000000 0.204933
352.000000 0.205156
353.000000 0.205195
354.000000 0.205084
355.000000 0.204905
356.000000 0.204247
357.000000 0.203255
358.000000 0.202072
359.000000 0.201036
360.000000 0.200236
361.000000 0.199424
362.000000 0.198424
363.000000 0.197137
364.000000 0.195835
365.000000 0.194932
366.000000 0.194146
367.000000 0.192983
368.000000 0.191672
369.000000 0.190389
370.000000 0.188264
371.000000 0.185990
372.000000 0.184250
373.000000 0.183123
374.000000 0.182439
375.000000 0.180680
376.000000 0.178334
377.000000 0.176172
378.000000 0.174601
379.000000 0.173362
380.000000 0.171653
381.000000 0.170145
382.000000 0.168716
383.000000 0.166792
384.000000 0.165038
385.000000 0.163739
386.000000 0.162455
387.000000 0.161230
388.000000 0.160419
389.000000 0.159991
390.000000 0.159687
391.000000 0.159401
392.000000 0.159364
393.000000 0.159401
394.000000 0.159380
395.000000 0.159799
396.000000 0.160534
397.000000 0.161429
398.000000 0.162404
399.000000 0.163436
400.000000 0.164626
401.000000 0.165913
402.000000 0.167142
403.000000 0.168281
404.000000 0.169354
405.000000 0.170468
406.000000 0.171848
407.000000 0.173257
408.000000 0.174531
409.000000 0.175620
410.000000 0.176689
411.000000 0.177778
412.000000 0.178883
413.000000 0.180037
414.000000 0.181227
415.000000 0.182500
416.000000 0.183724
417.000000 0.185128
418.000000 0.186774
419.000000 0.188700
420.000000 0.190994
421.000000 0.193572
422.000000 0.196511
423.000000 0.199901
424.000000 0.203580
425.000000 0.207221
426.000000 0.210920
427.000000 0.214531
428.000000 0.217837
429.000000 0.221001
430.000000 0.223689
431.000000 0.225730
432.000000 0.227024
433.000000 0.227367
434.000000 0.226849
435.000000 0.225309
436.000000 0.222773
437.000000 0.219350
438.000000 0.215240
439.000000 0.210749
440.000000 0.205916
441.000000 0.200887
442.000000 0.195939
443.000000 0.190783
444.000000 0.185432
445.000000 0.180304
446.000000 0.175004
447.000000 0.169829
448.000000 0.164884
449.000000 0.160032
450.000000 0.155595
451.000000 0.151262
452.000000 0.147027
453.000000 0.143193
454.000000 0.139460
455.000000 0.135834
456.000000 0.132458
457.000000 0.129203
458.000000 0.126158
459.000000 0.123242
460.000000 0.120503
461.000000 0.117968
462.000000 0.115428
463.000000 0.112932
464.000000 0.110545
465.000000 0.108253
466.000000 0.106183
467.000000 0.104203
468.000000 0.102239
469.000000 0.100427
470.000000 0.098737
471.000000 0.097105
472.000000 0.095424
473.000000 0.093742
474.000000 0.092180
475.000000 0.090722
476.000000 0.089394
477.000000 0.088152
478.000000 0.086946
479.000000 0.085816
480.000000 0.084759
481.000000 0.083696
482.000000 0.082685
483.000000 0.081906
484.000000 0.081203
485.000000 0.080477
486.000000 0.079866
487.000000 0.079346
488.000000 0.078871
489.000000 0.078273
490.000000 0.077928
491.000000 0.078196
492.000000 0.078093
493.000000 0.077591
494.000000 0.077251
495.000000 0.077036
496.000000 0.077349
497.000000 0.077954
498.000000 0.078498
499.000000 0.079266
500.000000 0.080081
501.000000 0.080926
502.000000 0.081930
503.000000 0.082648
504.000000 0.083738
505.000000 0.085267
506.000000 0.086667
507.000000 0.088123
508.000000 0.089498
509.000000 0.090968
510.000000 0.092624
511.000000 0.094803
512.000000 0.097166
513.000000 0.099274
514.000000 0.101194
515.000000 0.102966
516.000000 0.105061
517.000000 0.107155
518.000000 0.109257
519.000000 0.111294
520.000000 0.112837
521.000000 0.114431
522.000000 0.116282
523.000000 0.117898
524.000000 0.118921
525.000000 0.119738
526.000000 0.120572
527.000000 0.121261
528.000000 0.121914
529.000000 0.122754
530.000000 0.123587
531.000000 0.123952
532.000000 0.124238
533.000000 0.124831
534.000000 0.125512
535.000000 0.125964
536.000000 0.126597
537.000000 0.127725
538.000000 0.128922
539.000000 0.130441
540.000000 0.132531
541.000000 0.134807
542.000000 0.137687
543.000000 0.141367
544.000000 0.145313
545.000000 0.149612
546.000000 0.154176
547.000000 0.158981
548.000000 0.164067
549.000000 0.169405
550.000000 0.174832
551.000000 0.180245
552.000000 0.185700
553.000000 0.190947
554.000000 0.195854
555.000000 0.200526
556.000000 0.204737
557.000000 0.208438
558.000000 0.211696
559.000000 0.214158
560.000000 0.215739
561.000000 0.216401
562.000000 0.216243
563.000000 0.215120
564.000000 0.213085
565.000000 0.210510
566.000000 0.207251
567.000000 0.202999
568.000000 0.198145
569.000000 0.192847
570.000000 0.187367
571.000000 0.181675
572.000000 0.175841
573.000000 0.169941
574.000000 0.163873
575.000000 0.158097
576.000000 0.152609
577.000000 0.147527
578.000000 0.142791
579.000000 0.138417
580.000000 0.134587
581.000000 0.130965
582.000000 0.127634
583.000000 0.124861
584.000000 0.122677
585.000000 0.120891
586.000000 0.119326
587.000000 0.118272
588.000000 0.117735
589.000000 0.117413
590.000000 0.117241
591.000000 0.117322
592.000000 0.117699
593.000000 0.118303
594.000000 0.119039
595.000000 0.119944
596.000000 0.121131
597.000000 0.122377
598.000000 0.123591
599.000000 0.124904
600.000000 0.126377
601.000000 0.127981
602.000000 0.129545
603.000000 0.131155
604.000000 0.132908
605.000000 0.134724
606.000000 0.136624
607.000000 0.138687
608.000000 0.140844
609.000000 0.143121
610.000000 0.145553
611.000000 0.148037
612.000000 0.150689
613.000000 0.153446
614.000000 0.156366
615.000000 0.159610
616.000000 0.162842
617.000000 0.166295
618.000000 0.170234
619.000000 0.174313
620.000000 0.178683
621.000000 0.183477
622.000000 0.188412
623.000000 0.193556
624.000000 0.199211
625.000000 0.205171
626.000000 0.211486
627.000000 0.218397
628.000000 0.225404
629.000000 0.232650
630.000000 0.240586
631.000000 0.248964
632.000000 0.257361
633.000000 0.266014
634.000000 0.275317
635.000000 0.284691
636.000000 0.294273
637.000000 0.304421
638.000000 0.314442
639.000000 0.324511
640.000000 0.334960
641.000000 0.345567
642.000000 0.355683
643.000000 0.365453
644.000000 0.375542
645.000000 0.385206
646.000000 0.394625
647.000000 0.404174
648.000000 0.413437
649.000000 0.422037
650.000000 0.430241
651.000000 0.438396
652.000000 0.446212
653.000000 0.453292
654.000000 0.459773
655.000000 0.466012
656.000000 0.471882
657.000000 0.477120
658.000000 0.481851
659.000000 0.486309
660.000000 0.490518
661.000000 0.494482
662.000000 0.498252
663.000000 0.502046
664.000000 0.505846
665.000000 0.509560
666.000000 0.513310
667.000000 0.517328
668.000000 0.521638
669.000000 0.526142
670.000000 0.531005
671.000000 0.536539
672.000000 0.542715
673.000000 0.549482
674.000000 0.556431
675.000000 0.564076
676.000000 0.573129
677.000000 0.583293
678.000000 0.594438
679.000000 0.606141
680.000000 0.618825
681.000000 0.633065
682.000000 0.648624
683.000000 0.665546
684.000000 0.683179
685.000000 0.701731
686.000000 0.722142
687.000000 0.744082
688.000000 0.767144
689.000000 0.791347
690.000000 0.815792
691.000000 0.840866
692.000000 0.867779
693.000000 0.895770
694.000000 0.924572
695.000000 0.954254
696.000000 0.983248
697.000000 1.012004
698.000000 1.041956
699.000000 1.072164
700.000000 1.102180
701.000000 1.131647
702.000000 1.159294
703.000000 1.185336
704.000000 1.210931
705.000000 1.235318
706.000000 1.257968
707.000000 1.278692
708.000000 1.297290
709.000000 1.313337
710.000000 1.326270
711.000000 1.336246
712.000000 1.343559
713.000000 1.347801
714.000000 1.348754
715.000000 1.346389
716.000000 1.340825
717.000000 1.331998
718.000000 1.319846
719.000000 1.305286
720.000000 1.288140
721.000000 1.267639
722.000000 1.244347
723.000000 1.219103
724.000000 1.192214
725.000000 1.163924
726.000000 1.134466
727.000000 1.103812
728.000000 1.071938
729.000000 1.038908
730.000000 1.005102
731.000000 0.972985
732.000000 0.941332
733.000000 0.908003
734.000000 0.874213
735.000000 0.840500
736.000000 0.807111
737.000000 0.774252
738.000000 0.741846
739.000000 0.709855
740.000000 0.678624
741.000000 0.648320
742.000000 0.618979
743.000000 0.590656
744.000000 0.563238
745.000000 0.536472
746.000000 0.510380
747.000000 0.485071
748.000000 0.460730
749.000000 0.437305
750.000000 0.414750
751.000000 0.393156
752.000000 0.372348
753.000000 0.352231
754.000000 0.332953
755.000000 0.314464
756.000000 0.296684
757.000000 0.279712
758.000000 0.263530
759.000000 0.247915
760.000000 0.232983
761.000000 0.218788
762.000000 0.205211
763.000000 0.192280
764.000000 0.179933
765.000000 0.168131
766.000000 0.156847
767.000000 0.146194
768.000000 0.136280
769.000000 0.127029
770.000000 0.118286
771.000000 0.110051
772.000000 0.102308
773.000000 0.095065
774.000000 0.088271
775.000000 0.081876
776.000000 0.075595
777.000000 0.069605
778.000000 0.064306
779.000000 0.059518
780.000000 0.055130
781.000000 0.051075
782.000000 0.047286
783.000000 0.043719
784.000000 0.040436
785.000000 0.037469
786.000000 0.034771
787.000000 0.032332
788.000000 0.030084
789.000000 0.027944
790.000000 0.026021
791.000000 0.024298
792.000000 0.022689
793.000000 0.021250
794.000000 0.019921
795.000000 0.018671
796.000000 0.017534
797.000000 0.016489
798.000000 0.015564
799.000000 0.014805
800.000000 0.014130
801.000000 0.013451
802.000000 0.012815
803.000000 0.012253
804.000000 0.011720
805.000000 0.011259
806.000000 0.010931
807.000000 0.010624
808.000000 0.010308
809.000000 0.009989
810.000000 0.009636
811.000000 0.009304
812.000000 0.009019
813.000000 0.008774
814.000000 0.008561
815.000000 0.008376
816.000000 0.008222
817.000000 0.008055
818.000000 0.007872
819.000000 0.007702
820.000000 0.007521
821.000000 0.007304
822.000000 0.007107
823.000000 0.006948
824.000000 0.006780
825.000000 0.006641
826.000000 0.006515
827.000000 0.006374
828.000000 0.006227
829.000000 0.006074
830.000000 0.005875
831.000000 0.005660
832.000000 0.005500
833.000000 0.005378
834.000000 0.005261
835.000000 0.005095
836.000000 0.004899
837.000000 0.004715
838.000000 0.004561
839.000000 0.004410
840.000000 0.004213
841.000000 0.004030
842.000000 0.003869
843.000000 0.003719
844.000000 0.003552
845.000000 0.003389
846.000000 0.003280
847.000000 0.003161
848.000000 0.003012
849.000000 0.002879
850.000000 0.002751
851.000000 0.002624
852.000000 0.002513
853.000000 0.002387
854.000000 0.002290
855.000000 0.002233
856.000000 0.002174
857.000000 0.002196
858.000000 0.002121
859.000000 0.001906
860.000000 0.001742
861.000000 0.001605
862.000000 0.001516
863.000000 0.001463
864.000000 0.001430
865.000000 0.001367
866.000000 0.001261
867.000000 0.001160
868.000000 0.001064
869.000000 0.000988
870.000000 0.000918
871.000000 0.000873
872.000000 0.000856
873.000000 0.000777
874.000000 0.000715
875.000000 0.000684
876.000000 0.000606
877.000000 0.000549
878.000000 0.000530
879.000000 0.000504
880.000000 0.000475
881.000000 0.000455
882.000000 0.000444
883.000000 0.000398
884.000000 0.000334
885.000000 0.000254
886.000000 0.000164
887.000000 0.000119
888.000000 0.000089
889.000000 0.000075
890.000000 0.000085
891.000000 0.000091
892.000000 0.000056
893.000000 0.000004
894.000000 -0.000015
895.000000 -0.000036
896.000000 -0.000070
897.000000 -0.000083
898.000000 -0.000068
899.000000 -0.000046
900.000000 -0.000037
