315.000000 0.144487
316.000000 0.144957
317.000000 0.146299
318.000000 0.147931
319.000000 0.149667
320.000000 0.151332
321.000000 0.153313
322.000000 0.154702
323.000000 0.155903
324.000000 0.157760
325.000000 0.159141
326.000000 0.160161
327.000000 0.161847
328.000000 0.163869
329.000000 0.165666
330.000000 0.167123
331.000000 0.168677
332.000000 0.170376
333.000000 0.172583
334.000000 0.175065
335.000000 0.177256
336.000000 0.179919
337.000000 0.182767
338.000000 0.185201
339.000000 0.187274
340.000000 0.189549
341.000000 0.191782
342.000000 0.193673
343.000000 0.195703
344.000000 0.197690
345.000000 0.199593
346.000000 0.201366
347.000000 0.202499
348.000000 0.203330
349.000000 0.204269
350.000000 0.205033
351.000000 0.205344
352.000000 0.205215
353.000000 0.204787
354.000000 0.204353
355.000000 0.204004
356.000000 0.203324
357.000000 0.202408
358.000000 0.201411
359.000000 0.200327
360.000000 0.199260
361.000000 0.198212
362.000000 0.197210
363.000000 0.196070
364.000000 0.194748
365.000000 0.193557
366.000000 0.192525
367.000000 0.191383
368.000000 0.190107
369.000000 0.188936
370.000000 0.187174
371.000000 0.185251
372.000000 0.183904
373.000000 0.183232
374.000000 0.182628
375.000000 0.180956
376.000000 0.179044
377.000000 0.177293
378.000000 0.175728
379.000000 0.174323
380.000000 0.172710
381.000000 0.171081
382.000000 0.169375
383.000000 0.167664
384.000000 0.166174
385.000000 0.164861
386.000000 0.163803
387.000000 0.163120
388.000000 0.162640
389.000000 0.162385
390.000000 0.162413
391.000000 0.162401
392.000000 0.162554
393.000000 0.162943
394.000000 0.163395
395.000000 0.163973
396.000000 0.164722
397.000000 0.165689
398.000000 0.166694
399.000000 0.167757
400.000000 0.169056
401.000000 0.170456
402.000000 0.171877
403.000000 0.173283
404.000000 0.174425
405.000000 0.175687
406.000000 0.177259
407.000000 0.178791
408.000000 0.180303
409.000000 0.181569
410.000000 0.182713
411.000000 0.183837
412.000000 0.184931
413.000000 0.186159
414.000000 0.187507
415.000000 0.188890
416.000000 0.190176
417.000000 0.191888
418.000000 0.193841
419.000000 0.195743
420.000000 0.198082
421.000000 0.200776
422.000000 0.203622
423.000000 0.206843
424.000000 0.210280
425.000000 0.213711
426.000000 0.217340
427.000000 0.220920
428.000000 0.224113
429.000000 0.226904
430.000000 0.229174
431.000000 0.230853
432.000000 0.231850
433.000000 0.231963
434.000000 0.231215
435.000000 0.229546
436.000000 0.226935
437.000000 0.223358
438.000000 0.219196
439.000000 0.214734
440.000000 0.209847
441.000000 0.204835
442.000000 0.199919
443.000000 0.194822
444.000000 0.189580
445.000000 0.184480
446.000000 0.179243
447.000000 0.174164
448.000000 0.169228
449.000000 0.164429
450.000000 0.160064
451.000000 0.155816
452.000000 0.151639
453.000000 0.147826
454.000000 0.144094
455.000000 0.140500
456.000000 0.137202
457.000000 0.134006
458.000000 0.131125
459.000000 0.128305
460.000000 0.125582
461.000000 0.123136
462.000000 0.120705
463.000000 0.118321
464.000000 0.116048
465.000000 0.113912
466.000000 0.112014
467.000000 0.110159
468.000000 0.108350
469.000000 0.106646
470.000000 0.105055
471.000000 0.103607
472.000000 0.102128
473.000000 0.100641
474.000000 0.099243
475.000000 0.097956
476.000000 0.096776
477.000000 0.095617
478.000000 0.094562
479.000000 0.093595
480.000000 0.092706
481.000000 0.091802
482.000000 0.090947
483.000000 0.090318
484.000000 0.089774
485.000000 0.089248
486.000000 0.088792
487.000000 0.088421
488.000000 0.088123
489.000000 0.087735
490.000000 0.087364
491.000000 0.087305
492.000000 0.087382
493.000000 0.087588
494.000000 0.087593
495.000000 0.087391
496.000000 0.087656
497.000000 0.088057
498.000000 0.088556
499.000000 0.089440
500.000000 0.090712
501.000000 0.092170
502.000000 0.093530
503.000000 0.094951
504.000000 0.096453
505.000000 0.097827
506.000000 0.099537
507.000000 0.101558
508.000000 0.103395
509.000000 0.105390
510.000000 0.107378
511.000000 0.109624
512.000000 0.112231
513.000000 0.114755
514.000000 0.117129
515.000000 0.119492
516.000000 0.121924
517.000000 0.124340
518.000000 0.126853
519.000000 0.129307
520.000000 0.131413
521.000000 0.133451
522.000000 0.135425
523.000000 0.137094
524.000000 0.138565
525.000000 0.139646
526.000000 0.140570
527.000000 0.141437
528.000000 0.142111
529.000000 0.142830
530.000000 0.143538
531.000000 0.143963
532.000000 0.144474
533.000000 0.145343
534.000000 0.146189
535.000000 0.147051
536.000000 0.148055
537.000000 0.149192
538.000000 0.150554
539.000000 0.152493
540.000000 0.155075
541.000000 0.157877
542.000000 0.161037
543.000000 0.164902
544.000000 0.169177
545.000000 0.173962
546.000000 0.179090
547.000000 0.184613
548.000000 0.190787
549.000000 0.197105
550.000000 0.203453
551.000000 0.209862
552.000000 0.216422
553.000000 0.222798
554.000000 0.228638
555.000000 0.233894
556.000000 0.238556
557.000000 0.242647
558.000000 0.246048
559.000000 0.248598
560.000000 0.250397
561.000000 0.251137
562.000000 0.250730
563.000000 0.249429
564.000000 0.247106
565.000000 0.243823
566.000000 0.239560
567.000000 0.234204
568.000000 0.228257
569.000000 0.221774
570.000000 0.214855
571.000000 0.207571
572.000000 0.200074
573.000000 0.192475
574.000000 0.184680
575.000000 0.177450
576.000000 0.170575
577.000000 0.164103
578.000000 0.158188
579.000000 0.152527
580.000000 0.147344
581.000000 0.142519
582.000000 0.137996
583.000000 0.134002
584.000000 0.130861
585.000000 0.128214
586.000000 0.125832
587.000000 0.123962
588.000000 0.122524
589.000000 0.121454
590.000000 0.120681
591.000000 0.120174
592.000000 0.119941
593.000000 0.119878
594.000000 0.119988
595.000000 0.120361
596.000000 0.121011
597.000000 0.121858
598.000000 0.122807
599.000000 0.123760
600.000000 0.124802
601.000000 0.125973
602.000000 0.127159
603.000000 0.128406
604.000000 0.129806
605.000000 0.131327
606.000000 0.132892
607.000000 0.134620
608.000000 0.136378
609.000000 0.138186
610.000000 0.140244
611.000000 0.142364
612.000000 0.144613
613.000000 0.147020
614.000000 0.149634
615.000000 0.152562
616.000000 0.155505
617.000000 0.158624
618.000000 0.162121
619.000000 0.165745
620.000000 0.169670
621.000000 0.174036
622.000000 0.178519
623.000000 0.183178
624.000000 0.188356
625.000000 0.193733
626.000000 0.199339
627.000000 0.205621
628.000000 0.212127
629.000000 0.218852
630.000000 0.226193
631.000000 0.233927
632.000000 0.241668
633.000000 0.249589
634.000000 0.258073
635.000000 0.266659
636.000000 0.275395
637.000000 0.284667
638.000000 0.293829
639.000000 0.302989
640.000000 0.312546
641.000000 0.322268
642.000000 0.331515
643.000000 0.340455
644.000000 0.349714
645.000000 0.358533
646.000000 0.367116
647.000000 0.375916
648.000000 0.384559
649.000000 0.392551
650.000000 0.400048
651.000000 0.407484
652.000000 0.414640
653.000000 0.421094
654.000000 0.426930
655.000000 0.432525
656.000000 0.437824
657.000000 0.442609
658.000000 0.446997
659.000000 0.451231
660.000000 0.455273
661.000000 0.459003
662.000000 0.462483
663.000000 0.466002
664.000000 0.469551
665.000000 0.472971
666.000000 0.476445
667.000000 0.480197
668.000000 0.484230
669.000000 0.488456
670.000000 0.492968
671.000000 0.497972
672.000000 0.503578
673.000000 0.509904
674.000000 0.516532
675.000000 0.523891
676.000000 0.532521
677.000000 0.542166
678.000000 0.552661
679.000000 0.563612
680.000000 0.575488
681.000000 0.588766
682.000000 0.603243
683.000000 0.618911
684.000000 0.635138
685.000000 0.652244
686.000000 0.671174
687.000000 0.691575
688.000000 0.713084
689.000000 0.735548
690.000000 0.758110
691.000000 0.781273
692.000000 0.806108
693.000000 0.832119
694.000000 0.858945
695.000000 0.886459
696.000000 0.913220
697.000000 0.939518
698.000000 0.966787
699.000000 0.994348
700.000000 1.021904
701.000000 1.048983
702.000000 1.074339
703.000000 1.098397
704.000000 1.122136
705.000000 1.144670
706.000000 1.165567
707.000000 1.184545
708.000000 1.201239
709.000000 1.215499
710.000000 1.227031
711.000000 1.235959
712.000000 1.242477
713.000000 1.246136
714.000000 1.246876
715.000000 1.244625
716.000000 1.239157
717.000000 1.230534
718.000000 1.219029
719.000000 1.205577
720.000000 1.189844
721.000000 1.171247
722.000000 1.150261
723.000000 1.127290
724.000000 1.102575
725.000000 1.076332
726.000000 1.048936
727.000000 1.020436
728.000000 0.990660
729.000000 0.959842
730.000000 0.928554
731.000000 0.899014
732.000000 0.870032
733.000000 0.839673
734.000000 0.808804
735.000000 0.777782
736.000000 0.746967
737.000000 0.716624
738.000000 0.686781
739.000000 0.657360
740.000000 0.628521
741.000000 0.600416
742.000000 0.573195
743.000000 0.546898
744.000000 0.521314
745.000000 0.496313
746.000000 0.472152
747.000000 0.448856
748.000000 0.426453
749.000000 0.404923
750.000000 0.384250
751.000000 0.364344
752.000000 0.345120
753.000000 0.326562
754.000000 0.308654
755.000000 0.291430
756.000000 0.274932
757.000000 0.259217
758.000000 0.244230
759.000000 0.229827
760.000000 0.216009
761.000000 0.202736
762.000000 0.190045
763.000000 0.178032
764.000000 0.166648
765.000000 0.155798
766.000000 0.145391
767.000000 0.135596
768.000000 0.126523
769.000000 0.118058
770.000000 0.109991
771.000000 0.102322
772.000000 0.095154
773.000000 0.088405
774.000000 0.082072
775.000000 0.076198
776.000000 0.070426
777.000000 0.064915
778.000000 0.060069
779.000000 0.055679
780.000000 0.051681
781.000000 0.048007
782.000000 0.044575
783.000000 0.041382
784.000000 0.038418
785.000000 0.035757
786.000000 0.033334
787.000000 0.031049
788.000000 0.028888
789.000000 0.026854
790.000000 0.025093
791.000000 0.023549
792.000000 0.022123
793.000000 0.020838
794.000000 0.019616
795.000000 0.018511
796.000000 0.017506
797.000000 0.016579
798.000000 0.015748
799.000000 0.015036
800.000000 0.014431
801.000000 0.013802
802.000000 0.013208
803.000000 0.012700
804.000000 0.012234
805.000000 0.011858
806.000000 0.011527
807.000000 0.011193
808.000000 0.010878
809.000000 0.010591
810.000000 0.010305
811.000000 0.010058
812.000000 0.009850
813.000000 0.009648
814.000000 0.009464
815.000000 0.009273
816.000000 0.009108
817.000000 0.008892
818.000000 0.008660
819.000000 0.008468
820.000000 0.008276
821.000000 0.008089
822.000000 0.007931
823.000000 0.007804
824.000000 0.007641
825.000000 0.007539
826.000000 0.007440
827.000000 0.007250
828.000000 0.007052
829.000000 0.006893
830.000000 0.006722
831.000000 0.006510
832.000000 0.006312
833.000000 0.006115
834.000000 0.005923
835.000000 0.005728
836.000000 0.005522
837.000000 0.005302
838.000000 0.005118
839.000000 0.004991
840.000000 0.004837
841.000000 0.004675
842.000000 0.004506
843.000000 0.004331
844.000000 0.004148
845.000000 0.003972
846.000000 0.003839
847.000000 0.003708
848.000000 0.003563
849.000000 0.003402
850.000000 0.003232
851.000000 0.003059
852.000000 0.002919
853.000000 0.002818
854.000000 0.002720
855.000000 0.002617
856.000000 0.002519
857.000000 0.002408
858.000000 0.002309
859.000000 0.002214
860.000000 0.002105
861.000000 0.001988
862.000000 0.001867
863.000000 0.001767
864.000000 0.001694
865.000000 0.001603
866.000000 0.001453
867.000000 0.001317
868.000000 0.001213
869.000000 0.001099
870.000000 0.001029
871.000000 0.001039
872.000000 0.001048
873.000000 0.000983
874.000000 0.000919
875.000000 0.000889
876.000000 0.000806
877.000000 0.000754
878.000000 0.000725
879.000000 0.000657
880.000000 0.000588
881.000000 0.000546
882.000000 0.000509
883.000000 0.000443
884.000000 0.000396
885.000000 0.000343
886.000000 0.000288
887.000000 0.000265
888.000000 0.000232
889.000000 0.000196
890.000000 0.000179
891.000000 0.000183
892.000000 0.000163
893.000000 0.000084
894.000000 0.000013
895.000000 -0.000039
896.000000 -0.000084
897.000000 -0.000100
898.000000 -0.000093
899.000000 -0.000055
900.000000 -0.000021
