315.000000 0.151659
316.000000 0.152652
317.000000 0.153798
318.000000 0.155184
319.000000 0.156775
320.000000 0.158667
321.000000 0.160422
322.000000 0.161698
323.000000 0.163429
324.000000 0.165682
325.000000 0.167684
326.000000 0.169308
327.000000 0.170703
328.000000 0.172496
329.000000 0.174343
330.000000 0.176004
331.000000 0.177559
332.000000 0.178945
333.000000 0.180759
334.000000 0.182958
335.000000 0.184960
336.000000 0.187264
337.000000 0.189741
338.000000 0.191484
339.000000 0.193013
340.000000 0.194865
341.000000 0.196556
342.000000 0.198142
343.000000 0.199988
344.000000 0.201835
345.000000 0.203614
346.000000 0.205150
347.000000 0.206075
348.000000 0.206465
349.000000 0.206529
350.000000 0.206724
351.000000 0.206865
352.000000 0.206498
353.000000 0.205780
354.000000 0.204961
355.000000 0.204121
356.000000 0.203052
357.000000 0.201837
358.000000 0.200601
359.000000 0.199360
360.000000 0.198132
361.000000 0.196984
362.000000 0.195990
363.000000 0.194826
364.000000 0.193584
365.000000 0.192553
366.000000 0.191533
367.000000 0.190438
368.000000 0.189216
369.000000 0.188040
370.000000 0.186685
371.000000 0.185412
372.000000 0.184364
373.000000 0.183296
374.000000 0.182197
375.000000 0.180586
376.000000 0.179479
377.000000 0.178494
378.000000 0.177123
379.000000 0.175812
380.000000 0.174300
381.000000 0.173045
382.000000 0.171900
383.000000 0.170626
384.000000 0.169496
385.000000 0.168807
386.000000 0.168285
387.000000 0.167693
388.000000 0.167518
389.000000 0.167663
390.000000 0.167806
391.000000 0.168145
392.000000 0.168801
393.000000 0.169393
394.000000 0.169926
395.000000 0.170710
396.000000 0.171656
397.000000 0.172781
398.000000 0.174151
399.000000 0.175782
400.000000 0.177537
401.000000 0.179282
402.000000 0.180869
403.000000 0.182228
404.000000 0.183429
405.000000 0.184809
406.000000 0.186485
407.000000 0.188195
408.000000 0.189869
409.000000 0.191304
410.000000 0.192574
411.000000 0.193996
412.000000 0.195585
413.000000 0.196919
414.000000 0.198183
415.000000 0.199692
416.000000 0.201063
417.000000 0.202743
418.000000 0.204603
419.000000 0.206584
420.000000 0.209171
421.000000 0.211907
422.000000 0.214852
423.000000 0.218280
424.000000 0.221647
425.000000 0.224860
426.000000 0.228387
427.000000 0.231717
428.000000 0.234503
429.000000 0.236969
430.000000 0.238978
431.000000 0.240299
432.000000 0.240741
433.000000 0.240384
434.000000 0.239298
435.000000 0.237176
436.000000 0.234063
437.000000 0.230287
438.000000 0.226088
439.000000 0.221575
440.000000 0.216672
441.000000 0.211706
442.000000 0.206903
443.000000 0.201867
444.000000 0.196729
445.000000 0.191871
446.000000 0.186844
447.000000 0.181932
448.000000 0.177249
449.000000 0.172651
450.000000 0.168459
451.000000 0.164350
452.000000 0.160328
453.000000 0.156664
454.000000 0.153106
455.000000 0.149637
456.000000 0.146339
457.000000 0.143212
458.000000 0.140362
459.000000 0.137620
460.000000 0.135032
461.000000 0.132664
462.000000 0.130333
463.000000 0.128098
464.000000 0.125929
465.000000 0.123918
466.000000 0.122227
467.000000 0.120576
468.000000 0.118978
469.000000 0.117480
470.000000 0.116086
471.000000 0.114817
472.000000 0.113509
473.000000 0.112270
474.000000 0.111141
475.000000 0.110104
476.000000 0.109148
477.000000 0.108262
478.000000 0.107483
479.000000 0.106771
480.000000 0.106143
481.000000 0.105507
482.000000 0.104912
483.000000 0.104450
484.000000 0.104063
485.000000 0.103753
486.000000 0.103571
487.000000 0.103481
488.000000 0.103406
489.000000 0.103409
490.000000 0.103649
491.000000 0.104287
492.000000 0.104664
493.000000 0.104797
494.000000 0.105152
495.000000 0.105606
496.000000 0.106289
497.000000 0.107062
498.000000 0.107921
499.000000 0.109218
500.000000 0.110695
501.000000 0.112115
502.000000 0.113832
503.000000 0.115766
504.000000 0.117786
505.000000 0.119645
506.000000 0.121764
507.000000 0.124438
508.000000 0.126891
509.000000 0.129265
510.000000 0.132065
511.000000 0.135342
512.000000 0.138677
513.000000 0.141836
514.000000 0.144929
515.000000 0.147954
516.000000 0.151216
517.000000 0.154460
518.000000 0.157341
519.000000 0.159930
520.000000 0.162441
521.000000 0.165019
522.000000 0.167543
523.000000 0.169756
524.000000 0.171508
525.000000 0.172920
526.000000 0.174108
527.000000 0.175174
528.000000 0.176181
529.000000 0.177243
530.000000 0.178147
531.000000 0.178609
532.000000 0.179084
533.000000 0.179830
534.000000 0.180324
535.000000 0.180966
536.000000 0.182121
537.000000 0.183501
538.000000 0.185208
539.000000 0.187354
540.000000 0.190206
541.000000 0.193665
542.000000 0.197786
543.000000 0.202720
544.000000 0.207995
545.000000 0.213745
546.000000 0.220078
547.000000 0.226970
548.000000 0.234472
549.000000 0.242260
550.000000 0.250079
551.000000 0.257795
552.000000 0.265529
553.000000 0.273126
554.000000 0.280295
555.000000 0.286998
556.000000 0.292838
557.000000 0.297801
558.000000 0.302098
559.000000 0.305206
560.000000 0.307029
561.000000 0.307440
562.000000 0.306572
563.000000 0.304472
564.000000 0.300896
565.000000 0.296385
566.000000 0.290860
567.000000 0.283700
568.000000 0.275823
569.000000 0.267345
570.000000 0.258269
571.000000 0.248728
572.000000 0.238868
573.000000 0.229004
574.000000 0.218886
575.000000 0.209327
576.000000 0.200243
577.000000 0.191528
578.000000 0.183372
579.000000 0.175554
580.000000 0.168153
581.000000 0.161221
582.000000 0.155055
583.000000 0.149635
584.000000 0.144901
585.000000 0.140636
586.000000 0.136617
587.000000 0.133332
588.000000 0.130705
589.000000 0.128438
590.000000 0.126538
591.000000 0.124974
592.000000 0.123768
593.000000 0.122766
594.000000 0.122016
595.000000 0.121503
596.000000 0.121284
597.000000 0.121260
598.000000 0.121321
599.000000 0.121583
600.000000 0.122051
601.000000 0.122578
602.000000 0.123107
603.000000 0.123740
604.000000 0.124454
605.000000 0.125355
606.000000 0.126367
607.000000 0.127459
608.000000 0.128600
609.000000 0.129846
610.000000 0.131336
611.000000 0.132909
612.000000 0.134581
613.000000 0.136413
614.000000 0.138464
615.000000 0.140793
616.000000 0.143165
617.000000 0.145646
618.000000 0.148382
619.000000 0.151283
620.000000 0.154504
621.000000 0.158087
622.000000 0.161847
623.000000 0.165808
624.000000 0.170224
625.000000 0.174865
626.000000 0.179652
627.000000 0.184928
628.000000 0.190310
629.000000 0.195919
630.000000 0.202156
631.000000 0.208696
632.000000 0.215215
633.000000 0.221950
634.000000 0.229178
635.000000 0.236404
636.000000 0.243814
637.000000 0.251712
638.000000 0.259497
639.000000 0.267265
640.000000 0.275375
641.000000 0.283694
642.000000 0.291574
643.000000 0.299162
644.000000 0.307023
645.000000 0.314550
646.000000 0.321861
647.000000 0.329283
648.000000 0.336559
649.000000 0.343311
650.000000 0.349671
651.000000 0.355963
652.000000 0.361964
653.000000 0.367381
654.000000 0.372337
655.000000 0.377120
656.000000 0.381637
657.000000 0.385693
658.000000 0.389442
659.000000 0.393035
660.000000 0.396459
661.000000 0.399709
662.000000 0.402831
663.000000 0.405945
664.000000 0.409043
665.000000 0.412090
666.000000 0.415149
667.000000 0.418466
668.000000 0.422097
669.000000 0.425847
670.000000 0.429840
671.000000 0.434355
672.000000 0.439467
673.000000 0.445070
674.000000 0.450735
675.000000 0.457080
676.000000 0.464642
677.000000 0.473076
678.000000 0.482240
679.000000 0.491793
680.000000 0.502124
681.000000 0.513679
682.000000 0.526281
683.000000 0.539917
684.000000 0.554018
685.000000 0.568883
686.000000 0.585249
687.000000 0.602755
688.000000 0.621223
689.000000 0.640584
690.000000 0.659979
691.000000 0.679809
692.000000 0.701099
693.000000 0.723352
694.000000 0.746327
695.000000 0.769864
696.000000 0.792671
697.000000 0.815153
698.000000 0.838347
699.000000 0.861597
700.000000 0.884713
701.000000 0.907371
702.000000 0.928521
703.000000 0.948489
704.000000 0.968150
705.000000 0.986686
706.000000 1.003810
707.000000 1.019477
708.000000 1.033352
709.000000 1.045232
710.000000 1.054687
711.000000 1.061729
712.000000 1.066683
713.000000 1.069229
714.000000 1.069312
715.000000 1.066928
716.000000 1.062042
717.000000 1.054555
718.000000 1.044449
719.000000 1.032517
720.000000 1.018736
721.000000 1.002685
722.000000 0.984648
723.000000 0.965029
724.000000 0.944091
725.000000 0.921969
726.000000 0.898795
727.000000 0.874656
728.000000 0.849558
729.000000 0.823529
730.000000 0.796915
731.000000 0.771713
732.000000 0.746983
733.000000 0.721069
734.000000 0.694874
735.000000 0.668615
736.000000 0.642444
737.000000 0.616632
738.000000 0.591326
739.000000 0.566291
740.000000 0.541660
741.000000 0.517730
742.000000 0.494505
743.000000 0.472028
744.000000 0.450286
745.000000 0.429003
746.000000 0.408164
747.000000 0.387945
748.000000 0.368513
749.000000 0.349847
750.000000 0.331930
751.000000 0.314778
752.000000 0.298279
753.000000 0.282378
754.000000 0.267070
755.000000 0.252296
756.000000 0.238058
757.000000 0.224504
758.000000 0.211650
759.000000 0.199275
760.000000 0.187339
761.000000 0.175900
762.000000 0.165070
763.000000 0.154866
764.000000 0.145099
765.000000 0.135690
766.000000 0.126709
767.000000 0.118304
768.000000 0.110545
769.000000 0.103254
770.000000 0.096272
771.000000 0.089734
772.000000 0.083608
773.000000 0.077850
774.000000 0.072472
775.000000 0.067437
776.000000 0.062481
777.000000 0.057745
778.000000 0.053570
779.000000 0.049816
780.000000 0.046374
781.000000 0.043194
782.000000 0.040259
783.000000 0.037536
784.000000 0.034998
785.000000 0.032714
786.000000 0.030661
787.000000 0.028771
788.000000 0.027004
789.000000 0.025351
790.000000 0.023907
791.000000 0.022595
792.000000 0.021370
793.000000 0.020263
794.000000 0.019187
795.000000 0.018203
796.000000 0.017335
797.000000 0.016579
798.000000 0.015921
799.000000 0.015344
800.000000 0.014833
801.000000 0.014358
802.000000 0.013918
803.000000 0.013486
804.000000 0.013108
805.000000 0.012833
806.000000 0.012603
807.000000 0.012370
808.000000 0.012142
809.000000 0.011885
810.000000 0.011618
811.000000 0.011400
812.000000 0.011208
813.000000 0.011048
814.000000 0.010894
815.000000 0.010713
816.000000 0.010532
817.000000 0.010318
818.000000 0.010150
819.000000 0.010041
820.000000 0.009908
821.000000 0.009736
822.000000 0.009550
823.000000 0.009377
824.000000 0.009196
825.000000 0.009038
826.000000 0.008904
827.000000 0.008734
828.000000 0.008561
829.000000 0.008373
830.000000 0.008126
831.000000 0.007883
832.000000 0.007710
833.000000 0.007538
834.000000 0.007305
835.000000 0.007075
836.000000 0.006863
837.000000 0.006630
838.000000 0.006419
839.000000 0.006235
840.000000 0.005985
841.000000 0.005765
842.000000 0.005566
843.000000 0.005352
844.000000 0.005143
845.000000 0.004936
846.000000 0.004783
847.000000 0.004647
848.000000 0.004496
849.000000 0.004337
850.000000 0.004136
851.000000 0.003895
852.000000 0.003701
853.000000 0.003538
854.000000 0.003391
855.000000 0.003251
856.000000 0.003104
857.000000 0.002996
858.000000 0.002904
859.000000 0.002779
860.000000 0.002637
861.000000 0.002506
862.000000 0.002389
863.000000 0.002297
864.000000 0.002229
865.000000 0.002109
866.000000 0.001937
867.000000 0.001810
868.000000 0.001697
869.000000 0.001586
870.000000 0.001499
871.000000 0.001467
872.000000 0.001446
873.000000 0.001354
874.000000 0.001273
875.000000 0.001218
876.000000 0.001136
877.000000 0.001073
878.000000 0.001030
879.000000 0.000967
880.000000 0.000911
881.000000 0.000880
882.000000 0.000867
883.000000 0.000811
884.000000 0.000737
885.000000 0.000670
886.000000 0.000599
887.000000 0.000555
888.000000 0.000514
889.000000 0.000476
890.000000 0.000478
891.000000 0.000496
892.000000 0.000476
893.000000 0.000424
894.000000 0.000372
895.000000 0.000323
896.000000 0.000251
897.000000 0.000201
898.000000 0.000184
899.000000 0.000200
900.000000 0.000228
