315.000000 0.156317
316.000000 0.156835
317.000000 0.158065
318.000000 0.159442
319.000000 0.160938
320.000000 0.162468
321.000000 0.163984
322.000000 0.165334
323.000000 0.167224
324.000000 0.169660
325.000000 0.171374
326.000000 0.172525
327.000000 0.173605
328.000000 0.175020
329.000000 0.176667
330.000000 0.178247
331.000000 0.180198
332.000000 0.181850
333.000000 0.183459
334.000000 0.185779
335.000000 0.188338
336.000000 0.191126
337.000000 0.193399
338.000000 0.194994
339.000000 0.196465
340.000000 0.198167
341.000000 0.199925
342.000000 0.201857
343.000000 0.203636
344.000000 0.205008
345.000000 0.206312
346.000000 0.207138
347.000000 0.207739
348.000000 0.208188
349.000000 0.208251
350.000000 0.208116
351.000000 0.207724
352.000000 0.207083
353.000000 0.206366
354.000000 0.205713
355.000000 0.204917
356.000000 0.203781
357.000000 0.202503
358.000000 0.201256
359.000000 0.200047
360.000000 0.198727
361.000000 0.197410
362.000000 0.196215
363.000000 0.194964
364.000000 0.193683
365.000000 0.192655
366.000000 0.191681
367.000000 0.190474
368.000000 0.189342
369.000000 0.188360
370.000000 0.187011
371.000000 0.185573
372.000000 0.184181
373.000000 0.183540
374.000000 0.182978
375.000000 0.181297
376.000000 0.179869
377.000000 0.178602
378.000000 0.177602
379.000000 0.176651
380.000000 0.175261
381.000000 0.174163
382.000000 0.173284
383.000000 0.172524
384.000000 0.171721
385.000000 0.171124
386.000000 0.170783
387.000000 0.170655
388.000000 0.170804
389.000000 0.171143
390.000000 0.171689
391.000000 0.172073
392.000000 0.172458
393.000000 0.173006
394.000000 0.173720
395.000000 0.174727
396.000000 0.175827
397.000000 0.177175
398.000000 0.178670
399.000000 0.180139
400.000000 0.181724
401.000000 0.183401
402.000000 0.185072
403.000000 0.186539
404.000000 0.187887
405.000000 0.189407
406.000000 0.191132
407.000000 0.192867
408.000000 0.194514
409.000000 0.196012
410.000000 0.197483
411.000000 0.198963
412.000000 0.200500
413.000000 0.202121
414.000000 0.203571
415.000000 0.205000
416.000000 0.206513
417.000000 0.208222
418.000000 0.210153
419.000000 0.212286
420.000000 0.214829
421.000000 0.217538
422.000000 0.220289
423.000000 0.223331
424.000000 0.226521
425.000000 0.229670
426.000000 0.232886
427.000000 0.236041
428.000000 0.238766
429.000000 0.241121
430.000000 0.242957
431.000000 0.244010
432.000000 0.244299
433.000000 0.243834
434.000000 0.242697
435.000000 0.240616
436.000000 0.237515
437.000000 0.233688
438.000000 0.229372
439.000000 0.224822
440.000000 0.220033
441.000000 0.215154
442.000000 0.210308
443.000000 0.205257
444.000000 0.200287
445.000000 0.195540
446.000000 0.190681
447.000000 0.185942
448.000000 0.181260
449.000000 0.176681
450.000000 0.172454
451.000000 0.168278
452.000000 0.164252
453.000000 0.160661
454.000000 0.157128
455.000000 0.153582
456.000000 0.150288
457.000000 0.147173
458.000000 0.144332
459.000000 0.141602
460.000000 0.139000
461.000000 0.136628
462.000000 0.134271
463.000000 0.132009
464.000000 0.129870
465.000000 0.127830
466.000000 0.126092
467.000000 0.124458
468.000000 0.122878
469.000000 0.121473
470.000000 0.120157
471.000000 0.118934
472.000000 0.117705
473.000000 0.116512
474.000000 0.115416
475.000000 0.114464
476.000000 0.113613
477.000000 0.112766
478.000000 0.112059
479.000000 0.111434
480.000000 0.110832
481.000000 0.110230
482.000000 0.109660
483.000000 0.109275
484.000000 0.108985
485.000000 0.108721
486.000000 0.108564
487.000000 0.108472
488.000000 0.108478
489.000000 0.108755
490.000000 0.108971
491.000000 0.109177
492.000000 0.109457
493.000000 0.109854
494.000000 0.110456
495.000000 0.111112
496.000000 0.112006
497.000000 0.113154
498.000000 0.114339
499.000000 0.115553
500.000000 0.117073
501.000000 0.118676
502.000000 0.120513
503.000000 0.122651
504.000000 0.124790
505.000000 0.127135
506.000000 0.129572
507.000000 0.132264
508.000000 0.135030
509.000000 0.137643
510.000000 0.140499
511.000000 0.143765
512.000000 0.147151
513.000000 0.150563
514.000000 0.154073
515.000000 0.157401
516.000000 0.160617
517.000000 0.163983
518.000000 0.167366
519.000000 0.170385
520.000000 0.173089
521.000000 0.175648
522.000000 0.178347
523.000000 0.180871
524.000000 0.182768
525.000000 0.184196
526.000000 0.185468
527.000000 0.186573
528.000000 0.187367
529.000000 0.188212
530.000000 0.189151
531.000000 0.189720
532.000000 0.190284
533.000000 0.191208
534.000000 0.192138
535.000000 0.193154
536.000000 0.194339
537.000000 0.195663
538.000000 0.197297
539.000000 0.199471
540.000000 0.202495
541.000000 0.206133
542.000000 0.210491
543.000000 0.215805
544.000000 0.221294
545.000000 0.227277
546.000000 0.233900
547.000000 0.241240
548.000000 0.249371
549.000000 0.257627
550.000000 0.265784
551.000000 0.273850
552.000000 0.282083
553.000000 0.290050
554.000000 0.297316
555.000000 0.303980
556.000000 0.309940
557.000000 0.315060
558.000000 0.319472
559.000000 0.322717
560.000000 0.324649
561.000000 0.325229
562.000000 0.324384
563.000000 0.322134
564.000000 0.318333
565.000000 0.313320
566.000000 0.307094
567.000000 0.299334
568.000000 0.290950
569.000000 0.281926
570.000000 0.272219
571.000000 0.261955
572.000000 0.251326
573.000000 0.240618
574.000000 0.229743
575.000000 0.219517
576.000000 0.209696
577.000000 0.200349
578.000000 0.191556
579.000000 0.183025
580.000000 0.175028
581.000000 0.167395
582.000000 0.160444
583.000000 0.154377
584.000000 0.149041
585.000000 0.144279
586.000000 0.139932
587.000000 0.136223
588.000000 0.133120
589.000000 0.130480
590.000000 0.128255
591.000000 0.126307
592.000000 0.124730
593.000000 0.123416
594.000000 0.122349
595.000000 0.121585
596.000000 0.121101
597.000000 0.120863
598.000000 0.120706
599.000000 0.120658
600.000000 0.120807
601.000000 0.121117
602.000000 0.121445
603.000000 0.121878
604.000000 0.122414
605.000000 0.123011
606.000000 0.123798
607.000000 0.124701
608.000000 0.125624
609.000000 0.126669
610.000000 0.127910
611.000000 0.129248
612.000000 0.130713
613.000000 0.132329
614.000000 0.134155
615.000000 0.136224
616.000000 0.138292
617.000000 0.140560
618.000000 0.143172
619.000000 0.145921
620.000000 0.148909
621.000000 0.152216
622.000000 0.155649
623.000000 0.159262
624.000000 0.163276
625.000000 0.167517
626.000000 0.172032
627.000000 0.177013
628.000000 0.182147
629.000000 0.187464
630.000000 0.193286
631.000000 0.199399
632.000000 0.205513
633.000000 0.211797
634.000000 0.218495
635.000000 0.225255
636.000000 0.232208
637.000000 0.239552
638.000000 0.246758
639.000000 0.254022
640.000000 0.261558
641.000000 0.269166
642.000000 0.276418
643.000000 0.283473
644.000000 0.290780
645.000000 0.297804
646.000000 0.304615
647.000000 0.311473
648.000000 0.318215
649.000000 0.324488
650.000000 0.330409
651.000000 0.336294
652.000000 0.341876
653.000000 0.346885
654.000000 0.351485
655.000000 0.355960
656.000000 0.360245
657.000000 0.364127
658.000000 0.367646
659.000000 0.371031
660.000000 0.374297
661.000000 0.377359
662.000000 0.380283
663.000000 0.383217
664.000000 0.386145
665.000000 0.389004
666.000000 0.391901
667.000000 0.395042
668.000000 0.398446
669.000000 0.401984
670.000000 0.405770
671.000000 0.410079
672.000000 0.414961
673.000000 0.420338
674.000000 0.425890
675.000000 0.432003
676.000000 0.439173
677.000000 0.447199
678.000000 0.455877
679.000000 0.464890
680.000000 0.474606
681.000000 0.485445
682.000000 0.497272
683.000000 0.510151
684.000000 0.523517
685.000000 0.537464
686.000000 0.552771
687.000000 0.569292
688.000000 0.586712
689.000000 0.604848
690.000000 0.623023
691.000000 0.641689
692.000000 0.661637
693.000000 0.682422
694.000000 0.703820
695.000000 0.725604
696.000000 0.746563
697.000000 0.767172
698.000000 0.788701
699.000000 0.810446
700.000000 0.831973
701.000000 0.852998
702.000000 0.872680
703.000000 0.891272
704.000000 0.909542
705.000000 0.926738
706.000000 0.942519
707.000000 0.956799
708.000000 0.969405
709.000000 0.980104
710.000000 0.988501
711.000000 0.994651
712.000000 0.998595
713.000000 1.000192
714.000000 0.999654
715.000000 0.997117
716.000000 0.992424
717.000000 0.985363
718.000000 0.976009
719.000000 0.965179
720.000000 0.952699
721.000000 0.937941
722.000000 0.921088
723.000000 0.902539
724.000000 0.882733
725.000000 0.862008
726.000000 0.840407
727.000000 0.817898
728.000000 0.794549
729.000000 0.770376
730.000000 0.745739
731.000000 0.722394
732.000000 0.699454
733.000000 0.675417
734.000000 0.651049
735.000000 0.626646
736.000000 0.602340
737.000000 0.578222
738.000000 0.554428
739.000000 0.530804
740.000000 0.507473
741.000000 0.484827
742.000000 0.463038
743.000000 0.442018
744.000000 0.421646
745.000000 0.401816
746.000000 0.382572
747.000000 0.363931
748.000000 0.345955
749.000000 0.328573
750.000000 0.311778
751.000000 0.295623
752.000000 0.280098
753.000000 0.265141
754.000000 0.250725
755.000000 0.236897
756.000000 0.223597
757.000000 0.210882
758.000000 0.198762
759.000000 0.187045
760.000000 0.175804
761.000000 0.165187
762.000000 0.155118
763.000000 0.145540
764.000000 0.136466
765.000000 0.127788
766.000000 0.119393
767.000000 0.111473
768.000000 0.104177
769.000000 0.097344
770.000000 0.090824
771.000000 0.084629
772.000000 0.078815
773.000000 0.073453
774.000000 0.068476
775.000000 0.063867
776.000000 0.059302
777.000000 0.054859
778.000000 0.050963
779.000000 0.047481
780.000000 0.044300
781.000000 0.041358
782.000000 0.038599
783.000000 0.036028
784.000000 0.033649
785.000000 0.031512
786.000000 0.029548
787.000000 0.027712
788.000000 0.026040
789.000000 0.024524
790.000000 0.023218
791.000000 0.022047
792.000000 0.020963
793.000000 0.019958
794.000000 0.018972
795.000000 0.018077
796.000000 0.017295
797.000000 0.016584
798.000000 0.015893
799.000000 0.015320
800.000000 0.014881
801.000000 0.014430
802.000000 0.013996
803.000000 0.013621
804.000000 0.013297
805.000000 0.013043
806.000000 0.012861
807.000000 0.012647
808.000000 0.012402
809.000000 0.012183
810.000000 0.011984
811.000000 0.011824
812.000000 0.011673
813.000000 0.011520
814.000000 0.011350
815.000000 0.011179
816.000000 0.011037
817.000000 0.010866
818.000000 0.010646
819.000000 0.010454
820.000000 0.010315
821.000000 0.010149
822.000000 0.009973
823.000000 0.009799
824.000000 0.009602
825.000000 0.009439
826.000000 0.009309
827.000000 0.009148
828.000000 0.008961
829.000000 0.008777
830.000000 0.008570
831.000000 0.008358
832.000000 0.008172
833.000000 0.007970
834.000000 0.007760
835.000000 0.007533
836.000000 0.007280
837.000000 0.007023
838.000000 0.006798
839.000000 0.006625
840.000000 0.006397
841.000000 0.006184
842.000000 0.005975
843.000000 0.005732
844.000000 0.005500
845.000000 0.005279
846.000000 0.005104
847.000000 0.004931
848.000000 0.004727
849.000000 0.004516
850.000000 0.004324
851.000000 0.004117
852.000000 0.003929
853.000000 0.003784
854.000000 0.003635
855.000000 0.003480
856.000000 0.003337
857.000000 0.003195
858.000000 0.003079
859.000000 0.002964
860.000000 0.002822
861.000000 0.002688
862.000000 0.002582
863.000000 0.002473
864.000000 0.002373
865.000000 0.002274
866.000000 0.002117
867.000000 0.001978
868.000000 0.001885
869.000000 0.001791
870.000000 0.001697
871.000000 0.001625
872.000000 0.001582
873.000000 0.001490
874.000000 0.001373
875.000000 0.001299
876.000000 0.001220
877.000000 0.001177
878.000000 0.001155
879.000000 0.001121
880.000000 0.001074
881.000000 0.001014
882.000000 0.000983
883.000000 0.000935
884.000000 0.000859
885.000000 0.000792
886.000000 0.000729
887.000000 0.000669
888.000000 0.000632
889.000000 0.000594
890.000000 0.000595
891.000000 0.000629
892.000000 0.000586
893.000000 0.000476
894.000000 0.000398
895.000000 0.000351
896.000000 0.000315
897.000000 0.000321
898.000000 0.000335
899.000000 0.000336
900.000000 0.000330
