315.000000 0.156874
316.000000 0.158076
317.000000 0.159573
318.000000 0.161678
319.000000 0.164184
320.000000 0.166377
321.000000 0.167942
322.000000 0.168986
323.000000 0.170568
324.000000 0.172595
325.000000 0.174318
326.000000 0.176168
327.000000 0.177932
328.000000 0.179624
329.000000 0.181419
330.000000 0.182604
331.000000 0.183994
332.000000 0.185569
333.000000 0.187095
334.000000 0.188629
335.000000 0.190274
336.000000 0.192680
337.000000 0.195511
338.000000 0.197762
339.000000 0.199167
340.000000 0.200560
341.000000 0.201840
342.000000 0.203009
343.000000 0.204637
344.000000 0.206539
345.000000 0.207981
346.000000 0.208774
347.000000 0.209174
348.000000 0.209410
349.000000 0.209588
350.000000 0.209621
351.000000 0.209150
352.000000 0.208442
353.000000 0.207511
354.000000 0.206608
355.000000 0.205870
356.000000 0.204676
357.000000 0.203168
358.000000 0.201659
359.000000 0.200391
360.000000 0.199184
361.000000 0.197845
362.000000 0.196559
363.000000 0.195187
364.000000 0.193834
365.000000 0.192849
366.000000 0.192038
367.000000 0.191070
368.000000 0.189987
369.000000 0.188950
370.000000 0.187146
371.000000 0.185761
372.000000 0.185070
373.000000 0.184220
374.000000 0.183277
375.000000 0.181751
376.000000 0.180391
377.000000 0.179353
378.000000 0.178782
379.000000 0.178436
380.000000 0.177626
381.000000 0.176786
382.000000 0.176147
383.000000 0.175434
384.000000 0.174560
385.000000 0.174149
386.000000 0.173942
387.000000 0.173581
388.000000 0.173583
389.000000 0.173736
390.000000 0.174271
391.000000 0.175152
392.000000 0.176088
393.000000 0.177073
394.000000 0.177983
395.000000 0.179101
396.000000 0.180515
397.000000 0.182109
398.000000 0.183738
399.000000 0.185415
400.000000 0.187213
401.000000 0.189083
402.000000 0.190832
403.000000 0.192336
404.000000 0.193740
405.000000 0.195299
406.000000 0.197160
407.000000 0.198902
408.000000 0.200503
409.000000 0.202048
410.000000 0.203501
411.000000 0.205175
412.000000 0.207005
413.000000 0.208640
414.000000 0.210163
415.000000 0.211738
416.000000 0.213379
417.000000 0.215242
418.000000 0.217232
419.000000 0.219314
420.000000 0.221604
421.000000 0.224107
422.000000 0.226780
423.000000 0.229721
424.000000 0.232791
425.000000 0.235817
426.000000 0.238847
427.000000 0.241781
428.000000 0.244441
429.000000 0.246509
430.000000 0.247859
431.000000 0.248723
432.000000 0.248969
433.000000 0.248360
434.000000 0.246974
435.000000 0.244679
436.000000 0.241518
437.000000 0.237713
438.000000 0.233530
439.000000 0.229210
440.000000 0.224623
441.000000 0.219917
442.000000 0.215276
443.000000 0.210454
444.000000 0.205618
445.000000 0.200997
446.000000 0.196278
447.000000 0.191644
448.000000 0.187066
449.000000 0.182571
450.000000 0.178457
451.000000 0.174429
452.000000 0.170498
453.000000 0.166898
454.000000 0.163336
455.000000 0.159824
456.000000 0.156577
457.000000 0.153438
458.000000 0.150482
459.000000 0.147655
460.000000 0.145011
461.000000 0.142580
462.000000 0.140205
463.000000 0.137966
464.000000 0.135830
465.000000 0.133812
466.000000 0.132073
467.000000 0.130473
468.000000 0.128967
469.000000 0.127540
470.000000 0.126219
471.000000 0.125081
472.000000 0.123921
473.000000 0.122752
474.000000 0.121685
475.000000 0.120720
476.000000 0.119805
477.000000 0.118939
478.000000 0.118199
479.000000 0.117588
480.000000 0.117130
481.000000 0.116676
482.000000 0.116225
483.000000 0.115954
484.000000 0.115805
485.000000 0.115656
486.000000 0.115569
487.000000 0.115589
488.000000 0.115664
489.000000 0.115547
490.000000 0.115314
491.000000 0.115577
492.000000 0.115947
493.000000 0.116133
494.000000 0.116647
495.000000 0.117435
496.000000 0.118507
497.000000 0.119654
498.000000 0.120904
499.000000 0.122436
500.000000 0.124158
501.000000 0.125941
502.000000 0.127931
503.000000 0.130351
504.000000 0.132902
505.000000 0.135213
506.000000 0.137761
507.000000 0.140924
508.000000 0.143758
509.000000 0.146577
510.000000 0.149751
511.000000 0.153261
512.000000 0.157114
513.000000 0.160910
514.000000 0.164626
515.000000 0.168465
516.000000 0.172409
517.000000 0.176174
518.000000 0.179673
519.000000 0.182944
520.000000 0.185834
521.000000 0.188625
522.000000 0.191350
523.000000 0.193658
524.000000 0.195579
525.000000 0.197357
526.000000 0.199010
527.000000 0.200258
528.000000 0.201288
529.000000 0.202263
530.000000 0.203164
531.000000 0.203721
532.000000 0.204260
533.000000 0.204920
534.000000 0.205600
535.000000 0.206529
536.000000 0.207791
537.000000 0.209308
538.000000 0.211078
539.000000 0.213656
540.000000 0.217110
541.000000 0.221008
542.000000 0.225489
543.000000 0.231011
544.000000 0.237176
545.000000 0.243988
546.000000 0.251321
547.000000 0.259131
548.000000 0.267579
549.000000 0.276177
550.000000 0.284883
551.000000 0.293803
552.000000 0.302622
553.000000 0.310948
554.000000 0.318683
555.000000 0.325975
556.000000 0.332589
557.000000 0.338119
558.000000 0.342976
559.000000 0.346547
560.000000 0.348594
561.000000 0.349192
562.000000 0.348219
563.000000 0.345739
564.000000 0.341543
565.000000 0.335932
566.000000 0.329028
567.000000 0.320588
568.000000 0.311295
569.000000 0.301137
570.000000 0.290356
571.000000 0.279111
572.000000 0.267614
573.000000 0.255995
574.000000 0.243987
575.000000 0.232644
576.000000 0.221731
577.000000 0.211296
578.000000 0.201551
579.000000 0.192138
580.000000 0.183158
581.000000 0.174698
582.000000 0.166979
583.000000 0.159947
584.000000 0.153893
585.000000 0.148412
586.000000 0.143287
587.000000 0.138967
588.000000 0.135273
589.000000 0.132054
590.000000 0.129202
591.000000 0.126682
592.000000 0.124611
593.000000 0.122777
594.000000 0.121219
595.000000 0.120095
596.000000 0.119241
597.000000 0.118526
598.000000 0.117992
599.000000 0.117549
600.000000 0.117266
601.000000 0.117181
602.000000 0.117177
603.000000 0.117289
604.000000 0.117457
605.000000 0.117762
606.000000 0.118198
607.000000 0.118739
608.000000 0.119366
609.000000 0.120124
610.000000 0.121087
611.000000 0.122131
612.000000 0.123256
613.000000 0.124520
614.000000 0.125990
615.000000 0.127689
616.000000 0.129453
617.000000 0.131353
618.000000 0.133495
619.000000 0.135826
620.000000 0.138407
621.000000 0.141269
622.000000 0.144234
623.000000 0.147389
624.000000 0.150918
625.000000 0.154590
626.000000 0.158528
627.000000 0.162964
628.000000 0.167510
629.000000 0.172179
630.000000 0.177283
631.000000 0.182679
632.000000 0.188098
633.000000 0.193538
634.000000 0.199338
635.000000 0.205270
636.000000 0.211346
637.000000 0.217815
638.000000 0.224211
639.000000 0.230568
640.000000 0.237179
641.000000 0.243998
642.000000 0.250488
643.000000 0.256664
644.000000 0.263023
645.000000 0.269125
646.000000 0.275020
647.000000 0.280940
648.000000 0.286737
649.000000 0.292228
650.000000 0.297492
651.000000 0.302620
652.000000 0.307492
653.000000 0.311957
654.000000 0.316059
655.000000 0.320049
656.000000 0.323834
657.000000 0.327276
658.000000 0.330419
659.000000 0.333395
660.000000 0.336245
661.000000 0.338890
662.000000 0.341424
663.000000 0.344063
664.000000 0.346790
665.000000 0.349471
666.000000 0.352222
667.000000 0.355175
668.000000 0.358316
669.000000 0.361603
670.000000 0.365130
671.000000 0.369167
672.000000 0.373673
673.000000 0.378607
674.000000 0.383683
675.000000 0.389217
676.000000 0.395697
677.000000 0.402873
678.000000 0.410592
679.000000 0.418621
680.000000 0.427365
681.000000 0.437190
682.000000 0.447876
683.000000 0.459436
684.000000 0.471468
685.000000 0.484067
686.000000 0.497925
687.000000 0.512813
688.000000 0.528317
689.000000 0.544422
690.000000 0.560557
691.000000 0.577034
692.000000 0.594614
693.000000 0.612917
694.000000 0.631712
695.000000 0.650917
696.000000 0.669498
697.000000 0.687766
698.000000 0.706674
699.000000 0.725618
700.000000 0.744337
701.000000 0.762602
702.000000 0.779612
703.000000 0.795568
704.000000 0.811026
705.000000 0.825427
706.000000 0.838536
707.000000 0.850246
708.000000 0.860602
709.000000 0.869513
710.000000 0.876536
711.000000 0.881657
712.000000 0.885066
713.000000 0.886611
714.000000 0.886138
715.000000 0.883577
716.000000 0.878990
717.000000 0.872430
718.000000 0.864039
719.000000 0.854341
720.000000 0.843054
721.000000 0.829787
722.000000 0.814907
723.000000 0.798652
724.000000 0.781216
725.000000 0.762968
726.000000 0.744063
727.000000 0.724464
728.000000 0.704173
729.000000 0.683190
730.000000 0.661775
731.000000 0.641400
732.000000 0.621259
733.000000 0.600124
734.000000 0.578709
735.000000 0.557116
736.000000 0.535458
737.000000 0.514070
738.000000 0.493095
739.000000 0.472450
740.000000 0.452269
741.000000 0.432564
742.000000 0.413363
743.000000 0.394723
744.000000 0.376616
745.000000 0.358972
746.000000 0.341853
747.000000 0.325254
748.000000 0.309238
749.000000 0.293700
750.000000 0.278607
751.000000 0.264101
752.000000 0.250197
753.000000 0.236834
754.000000 0.223938
755.000000 0.211486
756.000000 0.199589
757.000000 0.188332
758.000000 0.177646
759.000000 0.167344
760.000000 0.157440
761.000000 0.148021
762.000000 0.139017
763.000000 0.130423
764.000000 0.122228
765.000000 0.114373
766.000000 0.106875
767.000000 0.099852
768.000000 0.093372
769.000000 0.087283
770.000000 0.081451
771.000000 0.075976
772.000000 0.070897
773.000000 0.066190
774.000000 0.061778
775.000000 0.057632
776.000000 0.053568
777.000000 0.049698
778.000000 0.046271
779.000000 0.043216
780.000000 0.040414
781.000000 0.037820
782.000000 0.035464
783.000000 0.033249
784.000000 0.031135
785.000000 0.029230
786.000000 0.027473
787.000000 0.025892
788.000000 0.024464
789.000000 0.023105
790.000000 0.021932
791.000000 0.020853
792.000000 0.019850
793.000000 0.018975
794.000000 0.018129
795.000000 0.017324
796.000000 0.016622
797.000000 0.016020
798.000000 0.015491
799.000000 0.015061
800.000000 0.014706
801.000000 0.014319
802.000000 0.014012
803.000000 0.013771
804.000000 0.013531
805.000000 0.013331
806.000000 0.013094
807.000000 0.012845
808.000000 0.012642
809.000000 0.012439
810.000000 0.012225
811.000000 0.012064
812.000000 0.011934
813.000000 0.011796
814.000000 0.011658
815.000000 0.011527
816.000000 0.011395
817.000000 0.011198
818.000000 0.010990
819.000000 0.010813
820.000000 0.010653
821.000000 0.010553
822.000000 0.010470
823.000000 0.010323
824.000000 0.010149
825.000000 0.009984
826.000000 0.009829
827.000000 0.009649
828.000000 0.009432
829.000000 0.009253
830.000000 0.009037
831.000000 0.008779
832.000000 0.008592
833.000000 0.008427
834.000000 0.008216
835.000000 0.007941
836.000000 0.007647
837.000000 0.007352
838.000000 0.007111
839.000000 0.006954
840.000000 0.006727
841.000000 0.006496
842.000000 0.006294
843.000000 0.006086
844.000000 0.005869
845.000000 0.005631
846.000000 0.005462
847.000000 0.005301
848.000000 0.005096
849.000000 0.004891
850.000000 0.004696
851.000000 0.004479
852.000000 0.004277
853.000000 0.004111
854.000000 0.003954
855.000000 0.003793
856.000000 0.003623
857.000000 0.003464
858.000000 0.003333
859.000000 0.003191
860.000000 0.003042
861.000000 0.002890
862.000000 0.002732
863.000000 0.002607
864.000000 0.002515
865.000000 0.002375
866.000000 0.002201
867.000000 0.002083
868.000000 0.001968
869.000000 0.001822
870.000000 0.001712
871.000000 0.001668
872.000000 0.001663
873.000000 0.001630
874.000000 0.001549
875.000000 0.001462
876.000000 0.001356
877.000000 0.001285
878.000000 0.001255
879.000000 0.001218
880.000000 0.001162
881.000000 0.001092
882.000000 0.001038
883.000000 0.000956
884.000000 0.000873
885.000000 0.000815
886.000000 0.000752
887.000000 0.000696
888.000000 0.000665
889.000000 0.000647
890.000000 0.000634
891.000000 0.000630
892.000000 0.000595
893.000000 0.000551
894.000000 0.000506
895.000000 0.000424
896.000000 0.000372
897.000000 0.000366
898.000000 0.000342
899.000000 0.000328
900.000000 0.000334
