315.000000 0.159483
316.000000 0.160366
317.000000 0.162320
318.000000 0.164517
319.000000 0.166197
320.000000 0.167790
321.000000 0.169510
322.000000 0.171104
323.000000 0.173019
324.000000 0.175305
325.000000 0.176989
326.000000 0.178147
327.000000 0.179602
328.000000 0.181466
329.000000 0.183363
330.000000 0.184911
331.000000 0.186686
332.000000 0.188318
333.000000 0.189789
334.000000 0.191717
335.000000 0.193675
336.000000 0.195877
337.000000 0.198209
338.000000 0.199787
339.000000 0.200967
340.000000 0.202457
341.000000 0.204081
342.000000 0.205495
343.000000 0.206882
344.000000 0.208195
345.000000 0.209300
346.000000 0.210140
347.000000 0.210418
348.000000 0.210526
349.000000 0.210637
350.000000 0.210529
351.000000 0.210121
352.000000 0.209417
353.000000 0.208497
354.000000 0.207607
355.000000 0.206750
356.000000 0.205548
357.000000 0.204107
358.000000 0.202663
359.000000 0.201212
360.000000 0.199810
361.000000 0.198681
362.000000 0.197645
363.000000 0.196425
364.000000 0.195229
365.000000 0.194306
366.000000 0.193434
367.000000 0.192220
368.000000 0.191040
369.000000 0.190137
370.000000 0.188884
371.000000 0.187699
372.000000 0.186945
373.000000 0.186431
374.000000 0.185426
375.000000 0.183545
376.000000 0.182145
377.000000 0.181086
378.000000 0.180250
379.000000 0.179828
380.000000 0.179056
381.000000 0.178278
382.000000 0.177736
383.000000 0.176893
384.000000 0.176013
385.000000 0.175691
386.000000 0.175647
387.000000 0.175768
388.000000 0.176195
389.000000 0.176673
390.000000 0.177344
391.000000 0.178105
392.000000 0.178907
393.000000 0.179798
394.000000 0.180660
395.000000 0.181733
396.000000 0.183058
397.000000 0.184563
398.000000 0.186084
399.000000 0.187729
400.000000 0.189450
401.000000 0.191109
402.000000 0.192819
403.000000 0.194543
404.000000 0.196183
405.000000 0.197918
406.000000 0.199874
407.000000 0.201753
408.000000 0.203538
409.000000 0.205141
410.000000 0.206657
411.000000 0.208322
412.000000 0.209871
413.000000 0.211310
414.000000 0.212825
415.000000 0.214424
416.000000 0.216129
417.000000 0.218170
418.000000 0.220512
419.000000 0.222742
420.000000 0.224954
421.000000 0.227372
422.000000 0.229983
423.000000 0.232842
424.000000 0.235802
425.000000 0.238560
426.000000 0.241319
427.000000 0.244039
428.000000 0.246386
429.000000 0.248462
430.000000 0.250026
431.000000 0.250907
432.000000 0.251075
433.000000 0.250351
434.000000 0.248889
435.000000 0.246587
436.000000 0.243449
437.000000 0.239672
438.000000 0.235440
439.000000 0.231057
440.000000 0.226513
441.000000 0.221942
442.000000 0.217457
443.000000 0.212846
444.000000 0.208200
445.000000 0.203679
446.000000 0.199033
447.000000 0.194470
448.000000 0.189972
449.000000 0.185594
450.000000 0.181531
451.000000 0.177508
452.000000 0.173562
453.000000 0.169893
454.000000 0.166175
455.000000 0.162505
456.000000 0.159134
457.000000 0.155951
458.000000 0.153009
459.000000 0.150149
460.000000 0.147494
461.000000 0.145092
462.000000 0.142686
463.000000 0.140382
464.000000 0.138212
465.000000 0.136135
466.000000 0.134352
467.000000 0.132725
468.000000 0.131155
469.000000 0.129645
470.000000 0.128251
471.000000 0.127018
472.000000 0.125820
473.000000 0.124696
474.000000 0.123689
475.000000 0.122731
476.000000 0.121829
477.000000 0.121030
478.000000 0.120380
479.000000 0.119820
480.000000 0.119309
481.000000 0.118758
482.000000 0.118269
483.000000 0.118022
484.000000 0.117836
485.000000 0.117683
486.000000 0.117675
487.000000 0.117809
488.000000 0.118007
489.000000 0.118081
490.000000 0.118297
491.000000 0.118774
492.000000 0.119171
493.000000 0.119510
494.000000 0.119970
495.000000 0.120536
496.000000 0.121491
497.000000 0.122491
498.000000 0.123512
499.000000 0.124948
500.000000 0.126679
501.000000 0.128659
502.000000 0.130825
503.000000 0.133174
504.000000 0.135545
505.000000 0.138044
506.000000 0.140956
507.000000 0.144148
508.000000 0.147097
509.000000 0.150001
510.000000 0.153078
511.000000 0.156672
512.000000 0.160630
513.000000 0.164572
514.000000 0.168510
515.000000 0.172174
516.000000 0.175702
517.000000 0.179207
518.000000 0.182685
519.000000 0.186048
520.000000 0.189180
521.000000 0.192130
522.000000 0.195045
523.000000 0.197665
524.000000 0.199649
525.000000 0.201140
526.000000 0.202428
527.000000 0.203600
528.000000 0.204688
529.000000 0.205805
530.000000 0.206814
531.000000 0.207569
532.000000 0.208189
533.000000 0.208909
534.000000 0.209786
535.000000 0.210747
536.000000 0.211893
537.000000 0.213317
538.000000 0.215273
539.000000 0.217800
540.000000 0.221058
541.000000 0.225038
542.000000 0.229555
543.000000 0.234840
544.000000 0.240704
545.000000 0.247194
546.000000 0.254515
547.000000 0.262766
548.000000 0.271591
549.000000 0.280420
550.000000 0.289155
551.000000 0.297952
552.000000 0.306788
553.000000 0.315296
554.000000 0.323232
555.000000 0.330773
556.000000 0.337639
557.000000 0.343445
558.000000 0.348334
559.000000 0.351983
560.000000 0.354147
561.000000 0.354603
562.000000 0.353486
563.000000 0.350840
564.000000 0.346510
565.000000 0.340849
566.000000 0.333887
567.000000 0.325289
568.000000 0.315901
569.000000 0.305729
570.000000 0.294824
571.000000 0.283305
572.000000 0.271509
573.000000 0.259684
574.000000 0.247385
575.000000 0.235765
576.000000 0.224830
577.000000 0.214416
578.000000 0.204412
579.000000 0.194690
580.000000 0.185524
581.000000 0.176690
582.000000 0.168610
583.000000 0.161424
584.000000 0.155103
585.000000 0.149395
586.000000 0.144102
587.000000 0.139562
588.000000 0.135590
589.000000 0.132085
590.000000 0.129157
591.000000 0.126549
592.000000 0.124301
593.000000 0.122423
594.000000 0.120853
595.000000 0.119498
596.000000 0.118403
597.000000 0.117650
598.000000 0.116989
599.000000 0.116321
600.000000 0.115931
601.000000 0.115784
602.000000 0.115699
603.000000 0.115655
604.000000 0.115659
605.000000 0.115831
606.000000 0.116118
607.000000 0.116559
608.000000 0.117057
609.000000 0.117655
610.000000 0.118418
611.000000 0.119311
612.000000 0.120429
613.000000 0.121611
614.000000 0.122900
615.000000 0.124436
616.000000 0.126022
617.000000 0.127760
618.000000 0.129811
619.000000 0.131968
620.000000 0.134310
621.000000 0.137024
622.000000 0.139887
623.000000 0.142863
624.000000 0.146198
625.000000 0.149693
626.000000 0.153368
627.000000 0.157533
628.000000 0.161858
629.000000 0.166290
630.000000 0.171127
631.000000 0.176209
632.000000 0.181249
633.000000 0.186423
634.000000 0.192012
635.000000 0.197692
636.000000 0.203472
637.000000 0.209580
638.000000 0.215615
639.000000 0.221628
640.000000 0.227829
641.000000 0.234185
642.000000 0.240271
643.000000 0.246108
644.000000 0.252052
645.000000 0.257732
646.000000 0.263292
647.000000 0.268909
648.000000 0.274446
649.000000 0.279574
650.000000 0.284340
651.000000 0.289046
652.000000 0.293616
653.000000 0.297852
654.000000 0.301712
655.000000 0.305434
656.000000 0.309018
657.000000 0.312265
658.000000 0.315292
659.000000 0.318210
660.000000 0.320984
661.000000 0.323587
662.000000 0.326050
663.000000 0.328559
664.000000 0.331149
665.000000 0.333685
666.000000 0.336253
667.000000 0.339084
668.000000 0.342170
669.000000 0.345372
670.000000 0.348820
671.000000 0.352757
672.000000 0.357078
673.000000 0.361779
674.000000 0.366638
675.000000 0.371965
676.000000 0.378138
677.000000 0.384937
678.000000 0.392321
679.000000 0.400040
680.000000 0.408383
681.000000 0.417715
682.000000 0.427920
683.000000 0.438930
684.000000 0.450329
685.000000 0.462387
686.000000 0.475586
687.000000 0.489655
688.000000 0.504378
689.000000 0.519684
690.000000 0.535000
691.000000 0.550644
692.000000 0.567308
693.000000 0.584505
694.000000 0.601986
695.000000 0.619770
696.000000 0.637101
697.000000 0.654275
698.000000 0.672055
699.000000 0.689877
700.000000 0.707393
701.000000 0.724435
702.000000 0.740371
703.000000 0.755267
704.000000 0.769712
705.000000 0.783246
706.000000 0.795481
707.000000 0.806366
708.000000 0.815824
709.000000 0.823809
710.000000 0.830150
711.000000 0.834771
712.000000 0.837734
713.000000 0.838837
714.000000 0.838047
715.000000 0.835431
716.000000 0.831047
717.000000 0.824839
718.000000 0.816790
719.000000 0.807420
720.000000 0.796616
721.000000 0.784103
722.000000 0.770030
723.000000 0.754639
724.000000 0.738323
725.000000 0.721242
726.000000 0.703466
727.000000 0.685026
728.000000 0.665930
729.000000 0.646196
730.000000 0.626044
731.000000 0.606869
732.000000 0.587985
733.000000 0.568174
734.000000 0.548088
735.000000 0.527982
736.000000 0.507817
737.000000 0.487728
738.000000 0.467931
739.000000 0.448334
740.000000 0.429059
741.000000 0.410338
742.000000 0.392250
743.000000 0.374713
744.000000 0.357659
745.000000 0.340991
746.000000 0.324743
747.000000 0.308940
748.000000 0.293661
749.000000 0.278905
750.000000 0.264661
751.000000 0.250925
752.000000 0.237710
753.000000 0.224986
754.000000 0.212717
755.000000 0.200959
756.000000 0.189720
757.000000 0.179067
758.000000 0.168916
759.000000 0.159075
760.000000 0.149628
761.000000 0.140642
762.000000 0.132108
763.000000 0.124005
764.000000 0.116254
765.000000 0.108873
766.000000 0.101814
767.000000 0.095154
768.000000 0.088939
769.000000 0.083137
770.000000 0.077730
771.000000 0.072662
772.000000 0.067855
773.000000 0.063333
774.000000 0.059154
775.000000 0.055286
776.000000 0.051438
777.000000 0.047726
778.000000 0.044503
779.000000 0.041588
780.000000 0.038916
781.000000 0.036478
782.000000 0.034213
783.000000 0.032088
784.000000 0.030102
785.000000 0.028316
786.000000 0.026658
787.000000 0.025143
788.000000 0.023800
789.000000 0.022560
790.000000 0.021455
791.000000 0.020445
792.000000 0.019551
793.000000 0.018733
794.000000 0.017938
795.000000 0.017237
796.000000 0.016571
797.000000 0.015966
798.000000 0.015440
799.000000 0.014992
800.000000 0.014620
801.000000 0.014260
802.000000 0.013943
803.000000 0.013671
804.000000 0.013430
805.000000 0.013252
806.000000 0.013082
807.000000 0.012873
808.000000 0.012688
809.000000 0.012529
810.000000 0.012357
811.000000 0.012199
812.000000 0.012071
813.000000 0.011961
814.000000 0.011828
815.000000 0.011708
816.000000 0.011637
817.000000 0.011494
818.000000 0.011322
819.000000 0.011183
820.000000 0.011036
821.000000 0.010898
822.000000 0.010752
823.000000 0.010562
824.000000 0.010363
825.000000 0.010227
826.000000 0.010124
827.000000 0.009950
828.000000 0.009740
829.000000 0.009535
830.000000 0.009282
831.000000 0.008999
832.000000 0.008796
833.000000 0.008632
834.000000 0.008418
835.000000 0.008187
836.000000 0.007950
837.000000 0.007666
838.000000 0.007400
839.000000 0.007211
840.000000 0.006987
841.000000 0.006763
842.000000 0.006540
843.000000 0.006315
844.000000 0.006081
845.000000 0.005808
846.000000 0.005586
847.000000 0.005399
848.000000 0.005202
849.000000 0.004995
850.000000 0.004795
851.000000 0.004597
852.000000 0.004399
853.000000 0.004218
854.000000 0.004065
855.000000 0.003897
856.000000 0.003715
857.000000 0.003578
858.000000 0.003466
859.000000 0.003322
860.000000 0.003140
861.000000 0.002964
862.000000 0.002807
863.000000 0.002679
864.000000 0.002591
865.000000 0.002493
866.000000 0.002337
867.000000 0.002202
868.000000 0.002078
869.000000 0.001928
870.000000 0.001817
871.000000 0.001769
872.000000 0.001738
873.000000 0.001646
874.000000 0.001549
875.000000 0.001500
876.000000 0.001422
877.000000 0.001327
878.000000 0.001242
879.000000 0.001153
880.000000 0.001085
881.000000 0.001013
882.000000 0.000957
883.000000 0.000899
884.000000 0.000846
885.000000 0.000805
886.000000 0.000740
887.000000 0.000685
888.000000 0.000628
889.000000 0.000577
890.000000 0.000546
891.000000 0.000514
892.000000 0.000471
893.000000 0.000421
894.000000 0.000393
895.000000 0.000353
896.000000 0.000311
897.000000 0.000299
898.000000 0.000262
899.000000 0.000251
900.000000 0.000270
