315.000000 0.168801
316.000000 0.170158
317.000000 0.172282
318.000000 0.173722
319.000000 0.174363
320.000000 0.175781
321.000000 0.177772
322.000000 0.179359
323.000000 0.180614
324.000000 0.182229
325.000000 0.184331
326.000000 0.186459
327.000000 0.188856
328.000000 0.191256
329.000000 0.192990
330.000000 0.194664
331.000000 0.196355
332.000000 0.198126
333.000000 0.200126
334.000000 0.201839
335.000000 0.203241
336.000000 0.204680
337.000000 0.206379
338.000000 0.208108
339.000000 0.209824
340.000000 0.211218
341.000000 0.212537
342.000000 0.214098
343.000000 0.215507
344.000000 0.217064
345.000000 0.217945
346.000000 0.218150
347.000000 0.218791
348.000000 0.219251
349.000000 0.219162
350.000000 0.218758
351.000000 0.218092
352.000000 0.217266
353.000000 0.216136
354.000000 0.214787
355.000000 0.213282
356.000000 0.211873
357.000000 0.210496
358.000000 0.208971
359.000000 0.207519
360.000000 0.206125
361.000000 0.204883
362.000000 0.203787
363.000000 0.202495
364.000000 0.201286
365.000000 0.200238
366.000000 0.199201
367.000000 0.198317
368.000000 0.197340
369.000000 0.196273
370.000000 0.195321
371.000000 0.194256
372.000000 0.193245
373.000000 0.192833
374.000000 0.192633
375.000000 0.191957
376.000000 0.190985
377.000000 0.190136
378.000000 0.189202
379.000000 0.188303
380.000000 0.187460
381.000000 0.186765
382.000000 0.186341
383.000000 0.185676
384.000000 0.185321
385.000000 0.185323
386.000000 0.185346
387.000000 0.185567
388.000000 0.185964
389.000000 0.186647
390.000000 0.187302
391.000000 0.188014
392.000000 0.188910
393.000000 0.189741
394.000000 0.190710
395.000000 0.192104
396.000000 0.193661
397.000000 0.195212
398.000000 0.196833
399.000000 0.198604
400.000000 0.200383
401.000000 0.202243
402.000000 0.204099
403.000000 0.205711
404.000000 0.207345
405.000000 0.209273
406.000000 0.211229
407.000000 0.212957
408.000000 0.214718
409.000000 0.216470
410.000000 0.218279
411.000000 0.219972
412.000000 0.221359
413.000000 0.222755
414.000000 0.224320
415.000000 0.225869
416.000000 0.227371
417.000000 0.229269
418.000000 0.231421
419.000000 0.233363
420.000000 0.235499
421.000000 0.237942
422.000000 0.240279
423.000000 0.242788
424.000000 0.245563
425.000000 0.248122
426.000000 0.250582
427.000000 0.252997
428.000000 0.254879
429.000000 0.256296
430.000000 0.257370
431.000000 0.258027
432.000000 0.257921
433.000000 0.256883
434.000000 0.255279
435.000000 0.252989
436.000000 0.250136
437.000000 0.246907
438.000000 0.243116
439.000000 0.239033
440.000000 0.234798
441.000000 0.230541
442.000000 0.226479
443.000000 0.222212
444.000000 0.217839
445.000000 0.213604
446.000000 0.209212
447.000000 0.204835
448.000000 0.200514
449.000000 0.196203
450.000000 0.192096
451.000000 0.188050
452.000000 0.184055
453.000000 0.180306
454.000000 0.176601
455.000000 0.172972
456.000000 0.169465
457.000000 0.166026
458.000000 0.162862
459.000000 0.159733
460.000000 0.156724
461.000000 0.154008
462.000000 0.151348
463.000000 0.148796
464.000000 0.146325
465.000000 0.143989
466.000000 0.142039
467.000000 0.140264
468.000000 0.138460
469.000000 0.136685
470.000000 0.135004
471.000000 0.133544
472.000000 0.132249
473.000000 0.131065
474.000000 0.129924
475.000000 0.128763
476.000000 0.127759
477.000000 0.126864
478.000000 0.126005
479.000000 0.125279
480.000000 0.124697
481.000000 0.124157
482.000000 0.123704
483.000000 0.123376
484.000000 0.123081
485.000000 0.122902
486.000000 0.122905
487.000000 0.122976
488.000000 0.123048
489.000000 0.123372
490.000000 0.123584
491.000000 0.123677
492.000000 0.124117
493.000000 0.124786
494.000000 0.125677
495.000000 0.126524
496.000000 0.127310
497.000000 0.128338
498.000000 0.129788
499.000000 0.131480
500.000000 0.133285
501.000000 0.135103
502.000000 0.137074
503.000000 0.139290
504.000000 0.141627
505.000000 0.144227
506.000000 0.147256
507.000000 0.150537
508.000000 0.153580
509.000000 0.156756
510.000000 0.160084
511.000000 0.163614
512.000000 0.167495
513.000000 0.171430
514.000000 0.175371
515.000000 0.179366
516.000000 0.183294
517.000000 0.186750
518.000000 0.189968
519.000000 0.193245
520.000000 0.196487
521.000000 0.199617
522.000000 0.202418
523.000000 0.204847
524.000000 0.206966
525.000000 0.208764
526.000000 0.210149
527.000000 0.211460
528.000000 0.212997
529.000000 0.214177
530.000000 0.214967
531.000000 0.215601
532.000000 0.216187
533.000000 0.216850
534.000000 0.217475
535.000000 0.218212
536.000000 0.219469
537.000000 0.221126
538.000000 0.223104
539.000000 0.225361
540.000000 0.228224
541.000000 0.231974
542.000000 0.236463
543.000000 0.241751
544.000000 0.247646
545.000000 0.254511
546.000000 0.262029
547.000000 0.270134
548.000000 0.278627
549.000000 0.287354
550.000000 0.296280
551.000000 0.305101
552.000000 0.313930
553.000000 0.322525
554.000000 0.331032
555.000000 0.338855
556.000000 0.345535
557.000000 0.351277
558.000000 0.356211
559.000000 0.359901
560.000000 0.362216
561.000000 0.362978
562.000000 0.361956
563.000000 0.359458
564.000000 0.355287
565.000000 0.349611
566.000000 0.342567
567.000000 0.333880
568.000000 0.324425
569.000000 0.314077
570.000000 0.302977
571.000000 0.291280
572.000000 0.279289
573.000000 0.267096
574.000000 0.254291
575.000000 0.242202
576.000000 0.230701
577.000000 0.219547
578.000000 0.208811
579.000000 0.198528
580.000000 0.188882
581.000000 0.179630
582.000000 0.171148
583.000000 0.163519
584.000000 0.156810
585.000000 0.150660
586.000000 0.144861
587.000000 0.139954
588.000000 0.135752
589.000000 0.131931
590.000000 0.128485
591.000000 0.125367
592.000000 0.122697
593.000000 0.120311
594.000000 0.118285
595.000000 0.116559
596.000000 0.114973
597.000000 0.113677
598.000000 0.112680
599.000000 0.111834
600.000000 0.111059
601.000000 0.110393
602.000000 0.109891
603.000000 0.109569
604.000000 0.109302
605.000000 0.109097
606.000000 0.109089
607.000000 0.109289
608.000000 0.109592
609.000000 0.109914
610.000000 0.110358
611.000000 0.110953
612.000000 0.111702
613.000000 0.112564
614.000000 0.113538
615.000000 0.114719
616.000000 0.115890
617.000000 0.117225
618.000000 0.118900
619.000000 0.120625
620.000000 0.122492
621.000000 0.124662
622.000000 0.126996
623.000000 0.129495
624.000000 0.132289
625.000000 0.135168
626.000000 0.138185
627.000000 0.141617
628.000000 0.145128
629.000000 0.148839
630.000000 0.152955
631.000000 0.157243
632.000000 0.161523
633.000000 0.165969
634.000000 0.170747
635.000000 0.175422
636.000000 0.180124
637.000000 0.185173
638.000000 0.190187
639.000000 0.195196
640.000000 0.200416
641.000000 0.205691
642.000000 0.210651
643.000000 0.215455
644.000000 0.220461
645.000000 0.225306
646.000000 0.229955
647.000000 0.234547
648.000000 0.239013
649.000000 0.243215
650.000000 0.247193
651.000000 0.251122
652.000000 0.254890
653.000000 0.258336
654.000000 0.261549
655.000000 0.264626
656.000000 0.267519
657.000000 0.270122
658.000000 0.272595
659.000000 0.275064
660.000000 0.277469
661.000000 0.279741
662.000000 0.281876
663.000000 0.284076
664.000000 0.286348
665.000000 0.288570
666.000000 0.290874
667.000000 0.293480
668.000000 0.296311
669.000000 0.299225
670.000000 0.302314
671.000000 0.305816
672.000000 0.309741
673.000000 0.314045
674.000000 0.318401
675.000000 0.323090
676.000000 0.328538
677.000000 0.334589
678.000000 0.341228
679.000000 0.348115
680.000000 0.355417
681.000000 0.363500
682.000000 0.372210
683.000000 0.381619
684.000000 0.391398
685.000000 0.401671
686.000000 0.412959
687.000000 0.424903
688.000000 0.437339
689.000000 0.450352
690.000000 0.463352
691.000000 0.476531
692.000000 0.490459
693.000000 0.504826
694.000000 0.519520
695.000000 0.534454
696.000000 0.548850
697.000000 0.562914
698.000000 0.577360
699.000000 0.591763
700.000000 0.605869
701.000000 0.619513
702.000000 0.632067
703.000000 0.643719
704.000000 0.655024
705.000000 0.665602
706.000000 0.675104
707.000000 0.683385
708.000000 0.690260
709.000000 0.695693
710.000000 0.699928
711.000000 0.702975
712.000000 0.704680
713.000000 0.704822
714.000000 0.703495
715.000000 0.700822
716.000000 0.696649
717.000000 0.690973
718.000000 0.683887
719.000000 0.675837
720.000000 0.666715
721.000000 0.656129
722.000000 0.644299
723.000000 0.631546
724.000000 0.618082
725.000000 0.604052
726.000000 0.589554
727.000000 0.574518
728.000000 0.558890
729.000000 0.542767
730.000000 0.526280
731.000000 0.510578
732.000000 0.495137
733.000000 0.478885
734.000000 0.462193
735.000000 0.445352
736.000000 0.428650
737.000000 0.412036
738.000000 0.395623
739.000000 0.379407
740.000000 0.363492
741.000000 0.348054
742.000000 0.333021
743.000000 0.318353
744.000000 0.304047
745.000000 0.290057
746.000000 0.276357
747.000000 0.262994
748.000000 0.250134
749.000000 0.237724
750.000000 0.225750
751.000000 0.214181
752.000000 0.202939
753.000000 0.192131
754.000000 0.181738
755.000000 0.171706
756.000000 0.162139
757.000000 0.153090
758.000000 0.144486
759.000000 0.136198
760.000000 0.128218
761.000000 0.120622
762.000000 0.113459
763.000000 0.106700
764.000000 0.100231
765.000000 0.093976
766.000000 0.087980
767.000000 0.082369
768.000000 0.077159
769.000000 0.072316
770.000000 0.067810
771.000000 0.063613
772.000000 0.059653
773.000000 0.055906
774.000000 0.052452
775.000000 0.049260
776.000000 0.046082
777.000000 0.043039
778.000000 0.040331
779.000000 0.037875
780.000000 0.035662
781.000000 0.033597
782.000000 0.031669
783.000000 0.029921
784.000000 0.028328
785.000000 0.026862
786.000000 0.025517
787.000000 0.024291
788.000000 0.023186
789.000000 0.022208
790.000000 0.021316
791.000000 0.020515
792.000000 0.019794
793.000000 0.019120
794.000000 0.018500
795.000000 0.017976
796.000000 0.017475
797.000000 0.016988
798.000000 0.016535
799.000000 0.016197
800.000000 0.015952
801.000000 0.015702
802.000000 0.015480
803.000000 0.015241
804.000000 0.015069
805.000000 0.014910
806.000000 0.014714
807.000000 0.014562
808.000000 0.014431
809.000000 0.014295
810.000000 0.014188
811.000000 0.014129
812.000000 0.014013
813.000000 0.013860
814.000000 0.013747
815.000000 0.013650
816.000000 0.013511
817.000000 0.013353
818.000000 0.013259
819.000000 0.013209
820.000000 0.013158
821.000000 0.013063
822.000000 0.012917
823.000000 0.012744
824.000000 0.012597
825.000000 0.012436
826.000000 0.012292
827.000000 0.012137
828.000000 0.011987
829.000000 0.011821
830.000000 0.011563
831.000000 0.011356
832.000000 0.011184
833.000000 0.010952
834.000000 0.010688
835.000000 0.010456
836.000000 0.010272
837.000000 0.010082
838.000000 0.009851
839.000000 0.009629
840.000000 0.009395
841.000000 0.009137
842.000000 0.008929
843.000000 0.008717
844.000000 0.008446
845.000000 0.008222
846.000000 0.008047
847.000000 0.007838
848.000000 0.007600
849.000000 0.007361
850.000000 0.007131
851.000000 0.006909
852.000000 0.006705
853.000000 0.006552
854.000000 0.006456
855.000000 0.006355
856.000000 0.006219
857.000000 0.006017
858.000000 0.005826
859.000000 0.005703
860.000000 0.005567
861.000000 0.005390
862.000000 0.005182
863.000000 0.005005
864.000000 0.004883
865.000000 0.004746
866.000000 0.004582
867.000000 0.004489
868.000000 0.004421
869.000000 0.004311
870.000000 0.004231
871.000000 0.004154
872.000000 0.004089
873.000000 0.004047
874.000000 0.003970
875.000000 0.003876
876.000000 0.003803
877.000000 0.003759
878.000000 0.003671
879.000000 0.003537
880.000000 0.003443
881.000000 0.003404
882.000000 0.003360
883.000000 0.003300
884.000000 0.003247
885.000000 0.003201
886.000000 0.003162
887.000000 0.003128
888.000000 0.003090
889.000000 0.003054
890.000000 0.003018
891.000000 0.002968
892.000000 0.002926
893.000000 0.002903
894.000000 0.002878
895.000000 0.002857
896.000000 0.002871
897.000000 0.002947
898.000000 0.002953
899.000000 0.002864
900.000000 0.002818
