315.000000 0.169565
316.000000 0.171326
317.000000 0.173264
318.000000 0.174490
319.000000 0.175399
320.000000 0.177251
321.000000 0.179743
322.000000 0.182062
323.000000 0.183929
324.000000 0.185613
325.000000 0.187648
326.000000 0.190030
327.000000 0.192684
328.000000 0.194927
329.000000 0.196425
330.000000 0.198066
331.000000 0.199977
332.000000 0.201454
333.000000 0.202973
334.000000 0.204792
335.000000 0.206421
336.000000 0.208097
337.000000 0.209751
338.000000 0.210972
339.000000 0.211845
340.000000 0.213088
341.000000 0.214913
342.000000 0.216579
343.000000 0.218009
344.000000 0.219238
345.000000 0.219805
346.000000 0.220397
347.000000 0.221267
348.000000 0.221907
349.000000 0.221992
350.000000 0.221605
351.000000 0.220952
352.000000 0.219980
353.000000 0.218838
354.000000 0.217674
355.000000 0.216313
356.000000 0.214815
357.000000 0.213362
358.000000 0.211872
359.000000 0.210548
360.000000 0.209220
361.000000 0.207935
362.000000 0.206778
363.000000 0.205531
364.000000 0.204347
365.000000 0.203303
366.000000 0.202379
367.000000 0.201501
368.000000 0.200484
369.000000 0.199369
370.000000 0.198368
371.000000 0.197322
372.000000 0.196725
373.000000 0.196322
374.000000 0.195769
375.000000 0.195191
376.000000 0.194206
377.000000 0.192950
378.000000 0.191919
379.000000 0.191301
380.000000 0.190649
381.000000 0.190094
382.000000 0.189606
383.000000 0.189062
384.000000 0.188781
385.000000 0.188557
386.000000 0.188580
387.000000 0.188873
388.000000 0.189225
389.000000 0.189819
390.000000 0.190357
391.000000 0.191298
392.000000 0.192594
393.000000 0.193511
394.000000 0.194385
395.000000 0.195889
396.000000 0.197632
397.000000 0.199132
398.000000 0.200743
399.000000 0.202547
400.000000 0.204396
401.000000 0.206323
402.000000 0.208087
403.000000 0.209554
404.000000 0.211081
405.000000 0.212979
406.000000 0.214985
407.000000 0.216791
408.000000 0.218614
409.000000 0.220469
410.000000 0.222281
411.000000 0.223832
412.000000 0.225086
413.000000 0.226550
414.000000 0.228236
415.000000 0.229814
416.000000 0.231473
417.000000 0.233350
418.000000 0.235319
419.000000 0.237219
420.000000 0.239133
421.000000 0.241260
422.000000 0.243478
423.000000 0.245805
424.000000 0.248363
425.000000 0.250714
426.000000 0.252995
427.000000 0.255196
428.000000 0.256837
429.000000 0.258144
430.000000 0.259158
431.000000 0.259706
432.000000 0.259487
433.000000 0.258599
434.000000 0.257150
435.000000 0.254946
436.000000 0.252306
437.000000 0.249240
438.000000 0.245737
439.000000 0.242007
440.000000 0.238044
441.000000 0.234006
442.000000 0.230072
443.000000 0.226052
444.000000 0.221904
445.000000 0.217823
446.000000 0.213591
447.000000 0.209330
448.000000 0.205089
449.000000 0.200822
450.000000 0.196748
451.000000 0.192624
452.000000 0.188543
453.000000 0.184765
454.000000 0.180983
455.000000 0.177241
456.000000 0.173594
457.000000 0.169976
458.000000 0.166628
459.000000 0.163365
460.000000 0.160269
461.000000 0.157462
462.000000 0.154629
463.000000 0.151880
464.000000 0.149250
465.000000 0.146755
466.000000 0.144607
467.000000 0.142589
468.000000 0.140575
469.000000 0.138704
470.000000 0.136963
471.000000 0.135388
472.000000 0.133938
473.000000 0.132610
474.000000 0.131359
475.000000 0.130068
476.000000 0.128919
477.000000 0.127945
478.000000 0.127004
479.000000 0.126109
480.000000 0.125372
481.000000 0.124735
482.000000 0.124199
483.000000 0.123824
484.000000 0.123514
485.000000 0.123277
486.000000 0.123181
487.000000 0.123164
488.000000 0.123222
489.000000 0.123103
490.000000 0.123078
491.000000 0.123486
492.000000 0.124103
493.000000 0.124674
494.000000 0.125515
495.000000 0.126605
496.000000 0.127595
497.000000 0.128547
498.000000 0.129734
499.000000 0.131177
500.000000 0.132852
501.000000 0.134785
502.000000 0.136639
503.000000 0.138751
504.000000 0.141030
505.000000 0.143532
506.000000 0.146449
507.000000 0.149351
508.000000 0.152248
509.000000 0.155354
510.000000 0.158742
511.000000 0.162494
512.000000 0.166357
513.000000 0.170077
514.000000 0.173865
515.000000 0.177771
516.000000 0.181501
517.000000 0.184817
518.000000 0.187907
519.000000 0.191192
520.000000 0.194534
521.000000 0.197666
522.000000 0.200466
523.000000 0.202912
524.000000 0.205168
525.000000 0.207044
526.000000 0.208524
527.000000 0.209925
528.000000 0.211128
529.000000 0.212005
530.000000 0.212843
531.000000 0.213653
532.000000 0.214363
533.000000 0.215035
534.000000 0.215456
535.000000 0.216098
536.000000 0.217453
537.000000 0.219152
538.000000 0.221215
539.000000 0.223373
540.000000 0.226096
541.000000 0.229928
542.000000 0.234195
543.000000 0.238968
544.000000 0.244540
545.000000 0.251251
546.000000 0.258697
547.000000 0.266621
548.000000 0.274881
549.000000 0.283399
550.000000 0.292052
551.000000 0.300605
552.000000 0.309187
553.000000 0.317654
554.000000 0.326013
555.000000 0.333782
556.000000 0.340422
557.000000 0.346017
558.000000 0.350891
559.000000 0.354492
560.000000 0.356695
561.000000 0.357443
562.000000 0.356508
563.000000 0.354143
564.000000 0.350175
565.000000 0.344780
566.000000 0.337949
567.000000 0.329464
568.000000 0.320228
569.000000 0.310250
570.000000 0.299628
571.000000 0.288288
572.000000 0.276429
573.000000 0.264319
574.000000 0.251657
575.000000 0.239613
576.000000 0.228259
577.000000 0.217364
578.000000 0.206836
579.000000 0.196777
580.000000 0.187304
581.000000 0.178125
582.000000 0.169672
583.000000 0.161971
584.000000 0.155211
585.000000 0.149177
586.000000 0.143382
587.000000 0.138280
588.000000 0.133881
589.000000 0.129857
590.000000 0.126230
591.000000 0.122868
592.000000 0.119861
593.000000 0.117303
594.000000 0.115227
595.000000 0.113455
596.000000 0.111819
597.000000 0.110381
598.000000 0.109206
599.000000 0.108297
600.000000 0.107459
601.000000 0.106707
602.000000 0.106073
603.000000 0.105558
604.000000 0.105160
605.000000 0.104855
606.000000 0.104783
607.000000 0.104887
608.000000 0.105057
609.000000 0.105232
610.000000 0.105496
611.000000 0.105950
612.000000 0.106582
613.000000 0.107286
614.000000 0.108106
615.000000 0.109131
616.000000 0.110156
617.000000 0.111351
618.000000 0.112903
619.000000 0.114489
620.000000 0.116137
621.000000 0.118125
622.000000 0.120284
623.000000 0.122540
624.000000 0.125065
625.000000 0.127725
626.000000 0.130549
627.000000 0.133677
628.000000 0.136882
629.000000 0.140263
630.000000 0.143961
631.000000 0.147835
632.000000 0.151721
633.000000 0.155757
634.000000 0.160076
635.000000 0.164354
636.000000 0.168676
637.000000 0.173264
638.000000 0.177810
639.000000 0.182361
640.000000 0.187113
641.000000 0.191897
642.000000 0.196402
643.000000 0.200760
644.000000 0.205205
645.000000 0.209470
646.000000 0.213648
647.000000 0.217864
648.000000 0.221985
649.000000 0.225796
650.000000 0.229377
651.000000 0.232912
652.000000 0.236367
653.000000 0.239540
654.000000 0.242446
655.000000 0.245247
656.000000 0.247872
657.000000 0.250255
658.000000 0.252566
659.000000 0.254842
660.000000 0.256985
661.000000 0.259022
662.000000 0.261012
663.000000 0.263123
664.000000 0.265390
665.000000 0.267616
666.000000 0.269845
667.000000 0.272335
668.000000 0.275046
669.000000 0.277818
670.000000 0.280764
671.000000 0.284100
672.000000 0.287758
673.000000 0.291729
674.000000 0.295768
675.000000 0.300176
676.000000 0.305349
677.000000 0.311099
678.000000 0.317379
679.000000 0.323825
680.000000 0.330637
681.000000 0.338202
682.000000 0.346402
683.000000 0.355253
684.000000 0.364366
685.000000 0.373888
686.000000 0.384320
687.000000 0.395303
688.000000 0.406599
689.000000 0.418225
690.000000 0.429887
691.000000 0.441941
692.000000 0.454721
693.000000 0.467867
694.000000 0.481248
695.000000 0.494813
696.000000 0.507842
697.000000 0.520513
698.000000 0.533489
699.000000 0.546349
700.000000 0.558896
701.000000 0.570934
702.000000 0.582021
703.000000 0.592307
704.000000 0.602175
705.000000 0.611289
706.000000 0.619360
707.000000 0.626406
708.000000 0.632430
709.000000 0.637285
710.000000 0.640839
711.000000 0.643144
712.000000 0.644234
713.000000 0.643972
714.000000 0.642437
715.000000 0.639687
716.000000 0.635604
717.000000 0.630152
718.000000 0.623436
719.000000 0.615923
720.000000 0.607513
721.000000 0.597872
722.000000 0.587201
723.000000 0.575757
724.000000 0.563681
725.000000 0.550997
726.000000 0.537845
727.000000 0.524236
728.000000 0.510136
729.000000 0.495640
730.000000 0.480797
731.000000 0.466569
732.000000 0.452550
733.000000 0.437818
734.000000 0.422835
735.000000 0.407770
736.000000 0.392663
737.000000 0.377676
738.000000 0.362946
739.000000 0.348329
740.000000 0.333914
741.000000 0.319891
742.000000 0.306243
743.000000 0.292862
744.000000 0.279737
745.000000 0.266887
746.000000 0.254315
747.000000 0.242054
748.000000 0.230215
749.000000 0.218813
750.000000 0.207841
751.000000 0.197230
752.000000 0.186991
753.000000 0.177075
754.000000 0.167461
755.000000 0.158299
756.000000 0.149582
757.000000 0.141261
758.000000 0.133337
759.000000 0.125700
760.000000 0.118320
761.000000 0.111299
762.000000 0.104638
763.000000 0.098335
764.000000 0.092311
765.000000 0.086550
766.000000 0.081149
767.000000 0.076067
768.000000 0.071299
769.000000 0.066907
770.000000 0.062800
771.000000 0.058961
772.000000 0.055363
773.000000 0.051965
774.000000 0.048800
775.000000 0.045839
776.000000 0.042926
777.000000 0.040159
778.000000 0.037682
779.000000 0.035444
780.000000 0.033441
781.000000 0.031594
782.000000 0.029859
783.000000 0.028280
784.000000 0.026849
785.000000 0.025551
786.000000 0.024356
787.000000 0.023256
788.000000 0.022255
789.000000 0.021356
790.000000 0.020513
791.000000 0.019718
792.000000 0.019063
793.000000 0.018468
794.000000 0.017883
795.000000 0.017389
796.000000 0.016929
797.000000 0.016525
798.000000 0.016183
799.000000 0.015929
800.000000 0.015746
801.000000 0.015520
802.000000 0.015326
803.000000 0.015097
804.000000 0.014876
805.000000 0.014720
806.000000 0.014588
807.000000 0.014504
808.000000 0.014397
809.000000 0.014263
810.000000 0.014179
811.000000 0.014113
812.000000 0.014009
813.000000 0.013897
814.000000 0.013786
815.000000 0.013687
816.000000 0.013601
817.000000 0.013493
818.000000 0.013383
819.000000 0.013311
820.000000 0.013226
821.000000 0.013071
822.000000 0.012874
823.000000 0.012718
824.000000 0.012604
825.000000 0.012474
826.000000 0.012343
827.000000 0.012198
828.000000 0.012051
829.000000 0.011850
830.000000 0.011609
831.000000 0.011405
832.000000 0.011212
833.000000 0.011023
834.000000 0.010789
835.000000 0.010560
836.000000 0.010385
837.000000 0.010216
838.000000 0.010042
839.000000 0.009825
840.000000 0.009542
841.000000 0.009270
842.000000 0.009036
843.000000 0.008812
844.000000 0.008600
845.000000 0.008415
846.000000 0.008220
847.000000 0.008005
848.000000 0.007790
849.000000 0.007569
850.000000 0.007355
851.000000 0.007146
852.000000 0.006903
853.000000 0.006693
854.000000 0.006557
855.000000 0.006436
856.000000 0.006298
857.000000 0.006103
858.000000 0.005926
859.000000 0.005789
860.000000 0.005667
861.000000 0.005536
862.000000 0.005384
863.000000 0.005246
864.000000 0.005121
865.000000 0.004976
866.000000 0.004811
867.000000 0.004721
868.000000 0.004672
869.000000 0.004574
870.000000 0.004485
871.000000 0.004390
872.000000 0.004296
873.000000 0.004248
874.000000 0.004202
875.000000 0.004108
876.000000 0.004001
877.000000 0.003921
878.000000 0.003817
879.000000 0.003716
880.000000 0.003659
881.000000 0.003624
882.000000 0.003579
883.000000 0.003506
884.000000 0.003428
885.000000 0.003359
886.000000 0.003319
887.000000 0.003300
888.000000 0.003268
889.000000 0.003203
890.000000 0.003164
891.000000 0.003126
892.000000 0.003075
893.000000 0.003058
894.000000 0.003012
895.000000 0.002956
896.000000 0.002959
897.000000 0.002982
898.000000 0.002964
899.000000 0.002922
900.000000 0.002895
