315.000000 0.175447
316.000000 0.177423
317.000000 0.179242
318.000000 0.180470
319.000000 0.181158
320.000000 0.182562
321.000000 0.184494
322.000000 0.186440
323.000000 0.188293
324.000000 0.190081
325.000000 0.192134
326.000000 0.194207
327.000000 0.196474
328.000000 0.198767
329.000000 0.200551
330.000000 0.202477
331.000000 0.204472
332.000000 0.206083
333.000000 0.208076
334.000000 0.210063
335.000000 0.211304
336.000000 0.212579
337.000000 0.214300
338.000000 0.215615
339.000000 0.216456
340.000000 0.217742
341.000000 0.219298
342.000000 0.220699
343.000000 0.222062
344.000000 0.223291
345.000000 0.224033
346.000000 0.224491
347.000000 0.224981
348.000000 0.225357
349.000000 0.225457
350.000000 0.225273
351.000000 0.224706
352.000000 0.223726
353.000000 0.222504
354.000000 0.221384
355.000000 0.220161
356.000000 0.218754
357.000000 0.217292
358.000000 0.215710
359.000000 0.214295
360.000000 0.212889
361.000000 0.211629
362.000000 0.210465
363.000000 0.209034
364.000000 0.207823
365.000000 0.206873
366.000000 0.205885
367.000000 0.204966
368.000000 0.204103
369.000000 0.203094
370.000000 0.202036
371.000000 0.200764
372.000000 0.200147
373.000000 0.200206
374.000000 0.200180
375.000000 0.199787
376.000000 0.198827
377.000000 0.197870
378.000000 0.196776
379.000000 0.195765
380.000000 0.195057
381.000000 0.194783
382.000000 0.194534
383.000000 0.193920
384.000000 0.193441
385.000000 0.193152
386.000000 0.192965
387.000000 0.193144
388.000000 0.193636
389.000000 0.194331
390.000000 0.195210
391.000000 0.196165
392.000000 0.197041
393.000000 0.197726
394.000000 0.198630
395.000000 0.200107
396.000000 0.201604
397.000000 0.203006
398.000000 0.204709
399.000000 0.206411
400.000000 0.208087
401.000000 0.210061
402.000000 0.212024
403.000000 0.213680
404.000000 0.215296
405.000000 0.217160
406.000000 0.219071
407.000000 0.220793
408.000000 0.222653
409.000000 0.224599
410.000000 0.226349
411.000000 0.227787
412.000000 0.229059
413.000000 0.230591
414.000000 0.232304
415.000000 0.233818
416.000000 0.235236
417.000000 0.236919
418.000000 0.238880
419.000000 0.240581
420.000000 0.242477
421.000000 0.244703
422.000000 0.246788
423.000000 0.248943
424.000000 0.251300
425.000000 0.253464
426.000000 0.255428
427.000000 0.257289
428.000000 0.258771
429.000000 0.259989
430.000000 0.260929
431.000000 0.261349
432.000000 0.261004
433.000000 0.260105
434.000000 0.258723
435.000000 0.256639
436.000000 0.254070
437.000000 0.251248
438.000000 0.248047
439.000000 0.244491
440.000000 0.240750
441.000000 0.236934
442.000000 0.233181
443.000000 0.229254
444.000000 0.225174
445.000000 0.221146
446.000000 0.216930
447.000000 0.212773
448.000000 0.208638
449.000000 0.204399
450.000000 0.200406
451.000000 0.196320
452.000000 0.192161
453.000000 0.188277
454.000000 0.184386
455.000000 0.180539
456.000000 0.176798
457.000000 0.173117
458.000000 0.169686
459.000000 0.166230
460.000000 0.162906
461.000000 0.159918
462.000000 0.156955
463.000000 0.154113
464.000000 0.151356
465.000000 0.148715
466.000000 0.146445
467.000000 0.144277
468.000000 0.142114
469.000000 0.140040
470.000000 0.138057
471.000000 0.136350
472.000000 0.134814
473.000000 0.133374
474.000000 0.132009
475.000000 0.130618
476.000000 0.129351
477.000000 0.128218
478.000000 0.127143
479.000000 0.126155
480.000000 0.125320
481.000000 0.124605
482.000000 0.123986
483.000000 0.123491
484.000000 0.123081
485.000000 0.122736
486.000000 0.122519
487.000000 0.122396
488.000000 0.122374
489.000000 0.122318
490.000000 0.122188
491.000000 0.122389
492.000000 0.123106
493.000000 0.123950
494.000000 0.124925
495.000000 0.125868
496.000000 0.126689
497.000000 0.127738
498.000000 0.128820
499.000000 0.129998
500.000000 0.131636
501.000000 0.133208
502.000000 0.134710
503.000000 0.136650
504.000000 0.138788
505.000000 0.141116
506.000000 0.144174
507.000000 0.147635
508.000000 0.150676
509.000000 0.153586
510.000000 0.156830
511.000000 0.160251
512.000000 0.163695
513.000000 0.167359
514.000000 0.171208
515.000000 0.175118
516.000000 0.178576
517.000000 0.181656
518.000000 0.184655
519.000000 0.187575
520.000000 0.190819
521.000000 0.194082
522.000000 0.196989
523.000000 0.199595
524.000000 0.201822
525.000000 0.203786
526.000000 0.205245
527.000000 0.206290
528.000000 0.207426
529.000000 0.208367
530.000000 0.209018
531.000000 0.209705
532.000000 0.210571
533.000000 0.211451
534.000000 0.212062
535.000000 0.212785
536.000000 0.214164
537.000000 0.215888
538.000000 0.217808
539.000000 0.219891
540.000000 0.222440
541.000000 0.225979
542.000000 0.230063
543.000000 0.234590
544.000000 0.240036
545.000000 0.246402
546.000000 0.253398
547.000000 0.261111
548.000000 0.269179
549.000000 0.277382
550.000000 0.285821
551.000000 0.294423
552.000000 0.302899
553.000000 0.311146
554.000000 0.319294
555.000000 0.326862
556.000000 0.333262
557.000000 0.338738
558.000000 0.343537
559.000000 0.346988
560.000000 0.349110
561.000000 0.349907
562.000000 0.349058
563.000000 0.346739
564.000000 0.343002
565.000000 0.337986
566.000000 0.331541
567.000000 0.323528
568.000000 0.314625
569.000000 0.304794
570.000000 0.294341
571.000000 0.283278
572.000000 0.271834
573.000000 0.260074
574.000000 0.247709
575.000000 0.236098
576.000000 0.225122
577.000000 0.214334
578.000000 0.203907
579.000000 0.194007
580.000000 0.184650
581.000000 0.175550
582.000000 0.167126
583.000000 0.159591
584.000000 0.153017
585.000000 0.146975
586.000000 0.141160
587.000000 0.136144
588.000000 0.131819
589.000000 0.127840
590.000000 0.124140
591.000000 0.120618
592.000000 0.117598
593.000000 0.115016
594.000000 0.112837
595.000000 0.111006
596.000000 0.109322
597.000000 0.107828
598.000000 0.106558
599.000000 0.105462
600.000000 0.104436
601.000000 0.103548
602.000000 0.102849
603.000000 0.102287
604.000000 0.101758
605.000000 0.101349
606.000000 0.101186
607.000000 0.101178
608.000000 0.101223
609.000000 0.101339
610.000000 0.101569
611.000000 0.101897
612.000000 0.102392
613.000000 0.103000
614.000000 0.103696
615.000000 0.104579
616.000000 0.105565
617.000000 0.106739
618.000000 0.108153
619.000000 0.109620
620.000000 0.111173
621.000000 0.112967
622.000000 0.114896
623.000000 0.116992
624.000000 0.119388
625.000000 0.121831
626.000000 0.124414
627.000000 0.127333
628.000000 0.130291
629.000000 0.133404
630.000000 0.136842
631.000000 0.140440
632.000000 0.144072
633.000000 0.147851
634.000000 0.151863
635.000000 0.155796
636.000000 0.159789
637.000000 0.164069
638.000000 0.168277
639.000000 0.172483
640.000000 0.176892
641.000000 0.181292
642.000000 0.185362
643.000000 0.189292
644.000000 0.193398
645.000000 0.197374
646.000000 0.201224
647.000000 0.205104
648.000000 0.208884
649.000000 0.212349
650.000000 0.215630
651.000000 0.218882
652.000000 0.222010
653.000000 0.224917
654.000000 0.227658
655.000000 0.230245
656.000000 0.232608
657.000000 0.234747
658.000000 0.236839
659.000000 0.238978
660.000000 0.241032
661.000000 0.243019
662.000000 0.244984
663.000000 0.247021
664.000000 0.249179
665.000000 0.251324
666.000000 0.253497
667.000000 0.255873
668.000000 0.258442
669.000000 0.261067
670.000000 0.263847
671.000000 0.266984
672.000000 0.270459
673.000000 0.274266
674.000000 0.278140
675.000000 0.282319
676.000000 0.287131
677.000000 0.292555
678.000000 0.298500
679.000000 0.304585
680.000000 0.311030
681.000000 0.318172
682.000000 0.325906
683.000000 0.334157
684.000000 0.342595
685.000000 0.351451
686.000000 0.361047
687.000000 0.371188
688.000000 0.381830
689.000000 0.392901
690.000000 0.403913
691.000000 0.415062
692.000000 0.426878
693.000000 0.439027
694.000000 0.451320
695.000000 0.463743
696.000000 0.475664
697.000000 0.487254
698.000000 0.499105
699.000000 0.510851
700.000000 0.522172
701.000000 0.532951
702.000000 0.542829
703.000000 0.551859
704.000000 0.560494
705.000000 0.568535
706.000000 0.575751
707.000000 0.582009
708.000000 0.587225
709.000000 0.591324
710.000000 0.594281
711.000000 0.596147
712.000000 0.596907
713.000000 0.596372
714.000000 0.594671
715.000000 0.591890
716.000000 0.587918
717.000000 0.582597
718.000000 0.576102
719.000000 0.569117
720.000000 0.561371
721.000000 0.552396
722.000000 0.542478
723.000000 0.531861
724.000000 0.520681
725.000000 0.509122
726.000000 0.497211
727.000000 0.484811
728.000000 0.471927
729.000000 0.458667
730.000000 0.445095
731.000000 0.432067
732.000000 0.419170
733.000000 0.405592
734.000000 0.391820
735.000000 0.378083
736.000000 0.364431
737.000000 0.350861
738.000000 0.337360
739.000000 0.323887
740.000000 0.310613
741.000000 0.297650
742.000000 0.285034
743.000000 0.272725
744.000000 0.260644
745.000000 0.248789
746.000000 0.237152
747.000000 0.225729
748.000000 0.214642
749.000000 0.203951
750.000000 0.193698
751.000000 0.183857
752.000000 0.174367
753.000000 0.165218
754.000000 0.156376
755.000000 0.147830
756.000000 0.139643
757.000000 0.131850
758.000000 0.124413
759.000000 0.117264
760.000000 0.110413
761.000000 0.103893
762.000000 0.097732
763.000000 0.091935
764.000000 0.086377
765.000000 0.081057
766.000000 0.076038
767.000000 0.071319
768.000000 0.066913
769.000000 0.062790
770.000000 0.058917
771.000000 0.055340
772.000000 0.052020
773.000000 0.048855
774.000000 0.045881
775.000000 0.043114
776.000000 0.040420
777.000000 0.037866
778.000000 0.035538
779.000000 0.033472
780.000000 0.031647
781.000000 0.029900
782.000000 0.028297
783.000000 0.026842
784.000000 0.025455
785.000000 0.024233
786.000000 0.023133
787.000000 0.022101
788.000000 0.021187
789.000000 0.020373
790.000000 0.019631
791.000000 0.018931
792.000000 0.018302
793.000000 0.017736
794.000000 0.017212
795.000000 0.016790
796.000000 0.016392
797.000000 0.016017
798.000000 0.015736
799.000000 0.015504
800.000000 0.015272
801.000000 0.015064
802.000000 0.014860
803.000000 0.014621
804.000000 0.014445
805.000000 0.014354
806.000000 0.014290
807.000000 0.014229
808.000000 0.014149
809.000000 0.014010
810.000000 0.013910
811.000000 0.013884
812.000000 0.013804
813.000000 0.013673
814.000000 0.013566
815.000000 0.013490
816.000000 0.013393
817.000000 0.013288
818.000000 0.013200
819.000000 0.013105
820.000000 0.012998
821.000000 0.012894
822.000000 0.012781
823.000000 0.012669
824.000000 0.012557
825.000000 0.012397
826.000000 0.012233
827.000000 0.012090
828.000000 0.011968
829.000000 0.011801
830.000000 0.011614
831.000000 0.011485
832.000000 0.011312
833.000000 0.011111
834.000000 0.010892
835.000000 0.010675
836.000000 0.010500
837.000000 0.010293
838.000000 0.010074
839.000000 0.009851
840.000000 0.009573
841.000000 0.009292
842.000000 0.009083
843.000000 0.008874
844.000000 0.008628
845.000000 0.008461
846.000000 0.008285
847.000000 0.008034
848.000000 0.007807
849.000000 0.007608
850.000000 0.007426
851.000000 0.007257
852.000000 0.007052
853.000000 0.006846
854.000000 0.006724
855.000000 0.006596
856.000000 0.006411
857.000000 0.006206
858.000000 0.006012
859.000000 0.005860
860.000000 0.005755
861.000000 0.005651
862.000000 0.005501
863.000000 0.005355
864.000000 0.005225
865.000000 0.005067
866.000000 0.004874
867.000000 0.004772
868.000000 0.004736
869.000000 0.004666
870.000000 0.004577
871.000000 0.004450
872.000000 0.004350
873.000000 0.004303
874.000000 0.004237
875.000000 0.004172
876.000000 0.004101
877.000000 0.004038
878.000000 0.003957
879.000000 0.003846
880.000000 0.003785
881.000000 0.003742
882.000000 0.003666
883.000000 0.003590
884.000000 0.003536
885.000000 0.003462
886.000000 0.003401
887.000000 0.003353
888.000000 0.003316
889.000000 0.003285
890.000000 0.003258
891.000000 0.003218
892.000000 0.003143
893.000000 0.003097
894.000000 0.003088
895.000000 0.003074
896.000000 0.003072
897.000000 0.003061
898.000000 0.003041
899.000000 0.003032
900.000000 0.003013
