315.000000 0.176309
316.000000 0.178360
317.000000 0.180738
318.000000 0.181966
319.000000 0.182785
320.000000 0.184398
321.000000 0.186212
322.000000 0.188032
323.000000 0.189857
324.000000 0.191904
325.000000 0.194083
326.000000 0.196415
327.000000 0.199222
328.000000 0.201667
329.000000 0.203351
330.000000 0.204999
331.000000 0.206943
332.000000 0.208801
333.000000 0.210470
334.000000 0.212084
335.000000 0.213413
336.000000 0.214778
337.000000 0.216288
338.000000 0.217729
339.000000 0.218954
340.000000 0.220169
341.000000 0.221659
342.000000 0.223062
343.000000 0.224404
344.000000 0.225818
345.000000 0.226498
346.000000 0.226851
347.000000 0.227454
348.000000 0.227878
349.000000 0.228026
350.000000 0.227823
351.000000 0.227254
352.000000 0.226485
353.000000 0.225506
354.000000 0.224374
355.000000 0.223202
356.000000 0.221905
357.000000 0.220367
358.000000 0.218820
359.000000 0.217371
360.000000 0.215881
361.000000 0.214527
362.000000 0.213322
363.000000 0.212033
364.000000 0.210787
365.000000 0.209795
366.000000 0.208830
367.000000 0.207816
368.000000 0.206874
369.000000 0.205972
370.000000 0.204575
371.000000 0.203277
372.000000 0.202701
373.000000 0.202489
374.000000 0.202165
375.000000 0.201394
376.000000 0.200584
377.000000 0.199632
378.000000 0.198651
379.000000 0.197930
380.000000 0.197470
381.000000 0.197147
382.000000 0.196765
383.000000 0.196172
384.000000 0.195674
385.000000 0.195577
386.000000 0.195658
387.000000 0.196113
388.000000 0.196546
389.000000 0.196966
390.000000 0.197826
391.000000 0.198910
392.000000 0.200240
393.000000 0.201469
394.000000 0.202566
395.000000 0.203996
396.000000 0.205386
397.000000 0.206508
398.000000 0.207815
399.000000 0.209446
400.000000 0.211227
401.000000 0.213164
402.000000 0.215017
403.000000 0.216558
404.000000 0.218154
405.000000 0.220092
406.000000 0.222015
407.000000 0.223708
408.000000 0.225533
409.000000 0.227484
410.000000 0.229249
411.000000 0.230868
412.000000 0.232229
413.000000 0.233567
414.000000 0.235242
415.000000 0.236828
416.000000 0.238332
417.000000 0.240052
418.000000 0.241803
419.000000 0.243391
420.000000 0.244960
421.000000 0.246764
422.000000 0.248904
423.000000 0.251188
424.000000 0.253404
425.000000 0.255436
426.000000 0.257314
427.000000 0.259048
428.000000 0.260450
429.000000 0.261533
430.000000 0.262276
431.000000 0.262610
432.000000 0.262294
433.000000 0.261331
434.000000 0.259983
435.000000 0.258061
436.000000 0.255717
437.000000 0.253056
438.000000 0.249929
439.000000 0.246499
440.000000 0.242837
441.000000 0.239063
442.000000 0.235428
443.000000 0.231737
444.000000 0.227886
445.000000 0.224003
446.000000 0.219978
447.000000 0.215904
448.000000 0.211711
449.000000 0.207425
450.000000 0.203314
451.000000 0.199220
452.000000 0.195078
453.000000 0.191130
454.000000 0.187213
455.000000 0.183337
456.000000 0.179517
457.000000 0.175720
458.000000 0.172169
459.000000 0.168601
460.000000 0.165136
461.000000 0.161980
462.000000 0.158888
463.000000 0.155893
464.000000 0.152923
465.000000 0.150060
466.000000 0.147589
467.000000 0.145297
468.000000 0.143049
469.000000 0.140860
470.000000 0.138731
471.000000 0.136881
472.000000 0.135176
473.000000 0.133513
474.000000 0.131971
475.000000 0.130463
476.000000 0.129085
477.000000 0.127845
478.000000 0.126728
479.000000 0.125720
480.000000 0.124814
481.000000 0.123965
482.000000 0.123216
483.000000 0.122653
484.000000 0.122168
485.000000 0.121745
486.000000 0.121457
487.000000 0.121234
488.000000 0.121138
489.000000 0.120830
490.000000 0.120537
491.000000 0.120929
492.000000 0.121586
493.000000 0.121993
494.000000 0.122592
495.000000 0.123198
496.000000 0.123821
497.000000 0.124723
498.000000 0.125919
499.000000 0.127475
500.000000 0.129066
501.000000 0.130599
502.000000 0.132361
503.000000 0.134187
504.000000 0.135986
505.000000 0.138326
506.000000 0.141066
507.000000 0.144004
508.000000 0.146904
509.000000 0.149907
510.000000 0.153250
511.000000 0.157053
512.000000 0.160895
513.000000 0.164516
514.000000 0.168113
515.000000 0.171751
516.000000 0.175293
517.000000 0.178415
518.000000 0.181199
519.000000 0.184065
520.000000 0.187112
521.000000 0.190072
522.000000 0.192669
523.000000 0.195059
524.000000 0.197373
525.000000 0.199167
526.000000 0.200467
527.000000 0.201658
528.000000 0.202841
529.000000 0.203769
530.000000 0.204782
531.000000 0.205638
532.000000 0.206109
533.000000 0.206716
534.000000 0.207535
535.000000 0.208334
536.000000 0.209421
537.000000 0.210925
538.000000 0.212695
539.000000 0.214541
540.000000 0.216854
541.000000 0.220087
542.000000 0.224023
543.000000 0.228944
544.000000 0.234637
545.000000 0.240862
546.000000 0.247568
547.000000 0.255059
548.000000 0.262914
549.000000 0.270805
550.000000 0.278770
551.000000 0.286693
552.000000 0.294665
553.000000 0.302541
554.000000 0.310459
555.000000 0.317902
556.000000 0.324183
557.000000 0.329468
558.000000 0.334115
559.000000 0.337539
560.000000 0.339687
561.000000 0.340511
562.000000 0.339685
563.000000 0.337484
564.000000 0.333932
565.000000 0.329049
566.000000 0.322873
567.000000 0.315226
568.000000 0.306704
569.000000 0.297391
570.000000 0.287526
571.000000 0.277048
572.000000 0.265991
573.000000 0.254478
574.000000 0.242497
575.000000 0.231308
576.000000 0.220791
577.000000 0.210514
578.000000 0.200369
579.000000 0.190675
580.000000 0.181520
581.000000 0.172549
582.000000 0.164251
583.000000 0.156788
584.000000 0.150182
585.000000 0.144200
586.000000 0.138592
587.000000 0.133615
588.000000 0.129142
589.000000 0.125057
590.000000 0.121374
591.000000 0.117922
592.000000 0.114871
593.000000 0.112230
594.000000 0.110127
595.000000 0.108403
596.000000 0.106700
597.000000 0.105133
598.000000 0.103816
599.000000 0.102669
600.000000 0.101586
601.000000 0.100661
602.000000 0.099883
603.000000 0.099217
604.000000 0.098623
605.000000 0.098178
606.000000 0.097947
607.000000 0.097805
608.000000 0.097772
609.000000 0.097841
610.000000 0.098017
611.000000 0.098298
612.000000 0.098699
613.000000 0.099172
614.000000 0.099786
615.000000 0.100631
616.000000 0.101468
617.000000 0.102506
618.000000 0.103885
619.000000 0.105245
620.000000 0.106641
621.000000 0.108306
622.000000 0.110115
623.000000 0.112054
624.000000 0.114253
625.000000 0.116486
626.000000 0.118856
627.000000 0.121563
628.000000 0.124289
629.000000 0.127158
630.000000 0.130404
631.000000 0.133852
632.000000 0.137275
633.000000 0.140779
634.000000 0.144583
635.000000 0.148342
636.000000 0.152112
637.000000 0.156108
638.000000 0.160014
639.000000 0.163909
640.000000 0.167965
641.000000 0.172065
642.000000 0.175890
643.000000 0.179522
644.000000 0.183260
645.000000 0.186876
646.000000 0.190443
647.000000 0.194059
648.000000 0.197556
649.000000 0.200795
650.000000 0.203850
651.000000 0.206881
652.000000 0.209806
653.000000 0.212481
654.000000 0.214974
655.000000 0.217356
656.000000 0.219596
657.000000 0.221653
658.000000 0.223646
659.000000 0.225678
660.000000 0.227654
661.000000 0.229511
662.000000 0.231293
663.000000 0.233152
664.000000 0.235162
665.000000 0.237197
666.000000 0.239274
667.000000 0.241567
668.000000 0.244021
669.000000 0.246563
670.000000 0.249274
671.000000 0.252250
672.000000 0.255548
673.000000 0.259241
674.000000 0.263020
675.000000 0.267083
676.000000 0.271766
677.000000 0.276936
678.000000 0.282539
679.000000 0.288307
680.000000 0.294401
681.000000 0.301096
682.000000 0.308327
683.000000 0.316131
684.000000 0.324160
685.000000 0.332522
686.000000 0.341635
687.000000 0.351246
688.000000 0.361230
689.000000 0.371644
690.000000 0.381972
691.000000 0.392387
692.000000 0.403384
693.000000 0.414647
694.000000 0.426070
695.000000 0.437580
696.000000 0.448569
697.000000 0.459254
698.000000 0.470177
699.000000 0.480947
700.000000 0.491338
701.000000 0.501274
702.000000 0.510299
703.000000 0.518497
704.000000 0.526400
705.000000 0.533731
706.000000 0.540186
707.000000 0.545767
708.000000 0.550391
709.000000 0.553940
710.000000 0.556394
711.000000 0.557785
712.000000 0.558139
713.000000 0.557347
714.000000 0.555531
715.000000 0.552706
716.000000 0.548731
717.000000 0.543613
718.000000 0.537501
719.000000 0.530835
720.000000 0.523468
721.000000 0.515109
722.000000 0.505918
723.000000 0.496087
724.000000 0.485774
725.000000 0.475081
726.000000 0.464056
727.000000 0.452624
728.000000 0.440754
729.000000 0.428519
730.000000 0.416040
731.000000 0.404140
732.000000 0.392383
733.000000 0.379962
734.000000 0.367216
735.000000 0.354348
736.000000 0.341552
737.000000 0.328885
738.000000 0.316397
739.000000 0.303988
740.000000 0.291702
741.000000 0.279664
742.000000 0.267894
743.000000 0.256366
744.000000 0.245026
745.000000 0.233894
746.000000 0.222998
747.000000 0.212348
748.000000 0.201992
749.000000 0.191970
750.000000 0.182335
751.000000 0.173095
752.000000 0.164174
753.000000 0.155506
754.000000 0.147167
755.000000 0.139164
756.000000 0.131484
757.000000 0.124182
758.000000 0.117190
759.000000 0.110506
760.000000 0.104109
761.000000 0.097956
762.000000 0.092123
763.000000 0.086638
764.000000 0.081371
765.000000 0.076312
766.000000 0.071598
767.000000 0.067176
768.000000 0.063059
769.000000 0.059278
770.000000 0.055700
771.000000 0.052349
772.000000 0.049216
773.000000 0.046244
774.000000 0.043514
775.000000 0.040972
776.000000 0.038435
777.000000 0.036036
778.000000 0.033882
779.000000 0.031942
780.000000 0.030186
781.000000 0.028536
782.000000 0.027018
783.000000 0.025659
784.000000 0.024424
785.000000 0.023313
786.000000 0.022309
787.000000 0.021351
788.000000 0.020484
789.000000 0.019708
790.000000 0.019039
791.000000 0.018465
792.000000 0.017905
793.000000 0.017345
794.000000 0.016859
795.000000 0.016492
796.000000 0.016159
797.000000 0.015838
798.000000 0.015543
799.000000 0.015317
800.000000 0.015111
801.000000 0.014891
802.000000 0.014700
803.000000 0.014494
804.000000 0.014308
805.000000 0.014185
806.000000 0.014114
807.000000 0.014053
808.000000 0.013997
809.000000 0.013891
810.000000 0.013797
811.000000 0.013783
812.000000 0.013757
813.000000 0.013702
814.000000 0.013611
815.000000 0.013496
816.000000 0.013352
817.000000 0.013201
818.000000 0.013097
819.000000 0.013045
820.000000 0.012991
821.000000 0.012897
822.000000 0.012783
823.000000 0.012670
824.000000 0.012548
825.000000 0.012384
826.000000 0.012204
827.000000 0.012052
828.000000 0.011948
829.000000 0.011800
830.000000 0.011600
831.000000 0.011455
832.000000 0.011329
833.000000 0.011172
834.000000 0.010990
835.000000 0.010784
836.000000 0.010592
837.000000 0.010410
838.000000 0.010233
839.000000 0.010054
840.000000 0.009834
841.000000 0.009586
842.000000 0.009335
843.000000 0.009085
844.000000 0.008829
845.000000 0.008617
846.000000 0.008427
847.000000 0.008227
848.000000 0.008032
849.000000 0.007799
850.000000 0.007591
851.000000 0.007404
852.000000 0.007195
853.000000 0.007012
854.000000 0.006909
855.000000 0.006779
856.000000 0.006582
857.000000 0.006389
858.000000 0.006210
859.000000 0.006073
860.000000 0.005964
861.000000 0.005837
862.000000 0.005696
863.000000 0.005571
864.000000 0.005448
865.000000 0.005291
866.000000 0.005093
867.000000 0.004970
868.000000 0.004892
869.000000 0.004804
870.000000 0.004730
871.000000 0.004634
872.000000 0.004546
873.000000 0.004489
874.000000 0.004426
875.000000 0.004320
876.000000 0.004234
877.000000 0.004187
878.000000 0.004111
879.000000 0.004026
880.000000 0.003956
881.000000 0.003868
882.000000 0.003737
883.000000 0.003621
884.000000 0.003553
885.000000 0.003500
886.000000 0.003458
887.000000 0.003443
888.000000 0.003408
889.000000 0.003355
890.000000 0.003345
891.000000 0.003323
892.000000 0.003267
893.000000 0.003227
894.000000 0.003196
895.000000 0.003164
896.000000 0.003155
897.000000 0.003128
898.000000 0.003106
899.000000 0.003101
900.000000 0.003088
