315.000000 0.179860
316.000000 0.181112
317.000000 0.183082
318.000000 0.184247
319.000000 0.185018
320.000000 0.186967
321.000000 0.189410
322.000000 0.191613
323.000000 0.193280
324.000000 0.195050
325.000000 0.197051
326.000000 0.199213
327.000000 0.201953
328.000000 0.204349
329.000000 0.205774
330.000000 0.207384
331.000000 0.209368
332.000000 0.211058
333.000000 0.212950
334.000000 0.214882
335.000000 0.216339
336.000000 0.217715
337.000000 0.219269
338.000000 0.220565
339.000000 0.221791
340.000000 0.223025
341.000000 0.223801
342.000000 0.224808
343.000000 0.226317
344.000000 0.227681
345.000000 0.228424
346.000000 0.228899
347.000000 0.229662
348.000000 0.230284
349.000000 0.230481
350.000000 0.230376
351.000000 0.229914
352.000000 0.228978
353.000000 0.227841
354.000000 0.226706
355.000000 0.225471
356.000000 0.224193
357.000000 0.222846
358.000000 0.221362
359.000000 0.219940
360.000000 0.218626
361.000000 0.217505
362.000000 0.216434
363.000000 0.215111
364.000000 0.213751
365.000000 0.212588
366.000000 0.211659
367.000000 0.210782
368.000000 0.209785
369.000000 0.208825
370.000000 0.207358
371.000000 0.205572
372.000000 0.204715
373.000000 0.204511
374.000000 0.204304
375.000000 0.203935
376.000000 0.203096
377.000000 0.202247
378.000000 0.201250
379.000000 0.200242
380.000000 0.199764
381.000000 0.199518
382.000000 0.199137
383.000000 0.198658
384.000000 0.198342
385.000000 0.198138
386.000000 0.198270
387.000000 0.198857
388.000000 0.199362
389.000000 0.199792
390.000000 0.200556
391.000000 0.201474
392.000000 0.202378
393.000000 0.203382
394.000000 0.204621
395.000000 0.206123
396.000000 0.207511
397.000000 0.208833
398.000000 0.210561
399.000000 0.212377
400.000000 0.214133
401.000000 0.216137
402.000000 0.218113
403.000000 0.219679
404.000000 0.221154
405.000000 0.223053
406.000000 0.225053
407.000000 0.226881
408.000000 0.228728
409.000000 0.230383
410.000000 0.231897
411.000000 0.233306
412.000000 0.234509
413.000000 0.235730
414.000000 0.237219
415.000000 0.238835
416.000000 0.240456
417.000000 0.242375
418.000000 0.244304
419.000000 0.245713
420.000000 0.247317
421.000000 0.249196
422.000000 0.250756
423.000000 0.252541
424.000000 0.254713
425.000000 0.256579
426.000000 0.258228
427.000000 0.259896
428.000000 0.261194
429.000000 0.262156
430.000000 0.262822
431.000000 0.263083
432.000000 0.262791
433.000000 0.261955
434.000000 0.260741
435.000000 0.258887
436.000000 0.256548
437.000000 0.253978
438.000000 0.251040
439.000000 0.247779
440.000000 0.244415
441.000000 0.241017
442.000000 0.237613
443.000000 0.234005
444.000000 0.230171
445.000000 0.226267
446.000000 0.222177
447.000000 0.218156
448.000000 0.214112
449.000000 0.209863
450.000000 0.205796
451.000000 0.201725
452.000000 0.197523
453.000000 0.193487
454.000000 0.189448
455.000000 0.185410
456.000000 0.181427
457.000000 0.177540
458.000000 0.173915
459.000000 0.170239
460.000000 0.166720
461.000000 0.163488
462.000000 0.160215
463.000000 0.157064
464.000000 0.153976
465.000000 0.151029
466.000000 0.148500
467.000000 0.146080
468.000000 0.143661
469.000000 0.141295
470.000000 0.139081
471.000000 0.137142
472.000000 0.135260
473.000000 0.133490
474.000000 0.131874
475.000000 0.130304
476.000000 0.128863
477.000000 0.127516
478.000000 0.126259
479.000000 0.125150
480.000000 0.124156
481.000000 0.123210
482.000000 0.122399
483.000000 0.121742
484.000000 0.121165
485.000000 0.120689
486.000000 0.120337
487.000000 0.120118
488.000000 0.119990
489.000000 0.119855
490.000000 0.119609
491.000000 0.119574
492.000000 0.119993
493.000000 0.120613
494.000000 0.121374
495.000000 0.122124
496.000000 0.122846
497.000000 0.123634
498.000000 0.124721
499.000000 0.126143
500.000000 0.127776
501.000000 0.129331
502.000000 0.130677
503.000000 0.132139
504.000000 0.133856
505.000000 0.136129
506.000000 0.139114
507.000000 0.142310
508.000000 0.145152
509.000000 0.147977
510.000000 0.150911
511.000000 0.153878
512.000000 0.157010
513.000000 0.160260
514.000000 0.163592
515.000000 0.167209
516.000000 0.170767
517.000000 0.173835
518.000000 0.176691
519.000000 0.179685
520.000000 0.182715
521.000000 0.185647
522.000000 0.188304
523.000000 0.190551
524.000000 0.192646
525.000000 0.194434
526.000000 0.195843
527.000000 0.197028
528.000000 0.198164
529.000000 0.199277
530.000000 0.200320
531.000000 0.201208
532.000000 0.201862
533.000000 0.202318
534.000000 0.202716
535.000000 0.203367
536.000000 0.204494
537.000000 0.206016
538.000000 0.207821
539.000000 0.209639
540.000000 0.212094
541.000000 0.215712
542.000000 0.219720
543.000000 0.224019
544.000000 0.228955
545.000000 0.234643
546.000000 0.241045
547.000000 0.248140
548.000000 0.255520
549.000000 0.263116
550.000000 0.271069
551.000000 0.279048
552.000000 0.286873
553.000000 0.294520
554.000000 0.301870
555.000000 0.308741
556.000000 0.314778
557.000000 0.319875
558.000000 0.324292
559.000000 0.327562
560.000000 0.329698
561.000000 0.330621
562.000000 0.330129
563.000000 0.328362
564.000000 0.325175
565.000000 0.320773
566.000000 0.315065
567.000000 0.307800
568.000000 0.299663
569.000000 0.290664
570.000000 0.281088
571.000000 0.270802
572.000000 0.260002
573.000000 0.249068
574.000000 0.237566
575.000000 0.226644
576.000000 0.216302
577.000000 0.206242
578.000000 0.196535
579.000000 0.187169
580.000000 0.178234
581.000000 0.169568
582.000000 0.161595
583.000000 0.154341
584.000000 0.147831
585.000000 0.141904
586.000000 0.136280
587.000000 0.131299
588.000000 0.126954
589.000000 0.122980
590.000000 0.119279
591.000000 0.115852
592.000000 0.112837
593.000000 0.110079
594.000000 0.107870
595.000000 0.106041
596.000000 0.104235
597.000000 0.102615
598.000000 0.101185
599.000000 0.099982
600.000000 0.098916
601.000000 0.097977
602.000000 0.097210
603.000000 0.096556
604.000000 0.095896
605.000000 0.095366
606.000000 0.095113
607.000000 0.095021
608.000000 0.094975
609.000000 0.094949
610.000000 0.095041
611.000000 0.095291
612.000000 0.095684
613.000000 0.096124
614.000000 0.096642
615.000000 0.097350
616.000000 0.098086
617.000000 0.098957
618.000000 0.100146
619.000000 0.101379
620.000000 0.102666
621.000000 0.104224
622.000000 0.105940
623.000000 0.107740
624.000000 0.109780
625.000000 0.111922
626.000000 0.114208
627.000000 0.116776
628.000000 0.119353
629.000000 0.122098
630.000000 0.125132
631.000000 0.128349
632.000000 0.131601
633.000000 0.134906
634.000000 0.138415
635.000000 0.141864
636.000000 0.145342
637.000000 0.149056
638.000000 0.152722
639.000000 0.156354
640.000000 0.160140
641.000000 0.163997
642.000000 0.167608
643.000000 0.171061
644.000000 0.174624
645.000000 0.178090
646.000000 0.181465
647.000000 0.184789
648.000000 0.188002
649.000000 0.190987
650.000000 0.193819
651.000000 0.196613
652.000000 0.199329
653.000000 0.201854
654.000000 0.204152
655.000000 0.206353
656.000000 0.208437
657.000000 0.210344
658.000000 0.212204
659.000000 0.214103
660.000000 0.215970
661.000000 0.217765
662.000000 0.219538
663.000000 0.221432
664.000000 0.223415
665.000000 0.225385
666.000000 0.227406
667.000000 0.229604
668.000000 0.231922
669.000000 0.234276
670.000000 0.236812
671.000000 0.239706
672.000000 0.242922
673.000000 0.246464
674.000000 0.250107
675.000000 0.254027
676.000000 0.258489
677.000000 0.263399
678.000000 0.268722
679.000000 0.274226
680.000000 0.280056
681.000000 0.286448
682.000000 0.293278
683.000000 0.300579
684.000000 0.308129
685.000000 0.316023
686.000000 0.324603
687.000000 0.333659
688.000000 0.343058
689.000000 0.352847
690.000000 0.362607
691.000000 0.372481
692.000000 0.382863
693.000000 0.393469
694.000000 0.404185
695.000000 0.414946
696.000000 0.425236
697.000000 0.435205
698.000000 0.445347
699.000000 0.455325
700.000000 0.464957
701.000000 0.474113
702.000000 0.482395
703.000000 0.489955
704.000000 0.497188
705.000000 0.503842
706.000000 0.509645
707.000000 0.514565
708.000000 0.518625
709.000000 0.521702
710.000000 0.523787
711.000000 0.524883
712.000000 0.525014
713.000000 0.524089
714.000000 0.522099
715.000000 0.519144
716.000000 0.515255
717.000000 0.510412
718.000000 0.504638
719.000000 0.498373
720.000000 0.491560
721.000000 0.483801
722.000000 0.475221
723.000000 0.466038
724.000000 0.456374
725.000000 0.446375
726.000000 0.436080
727.000000 0.425388
728.000000 0.414178
729.000000 0.402544
730.000000 0.390752
731.000000 0.379606
732.000000 0.368675
733.000000 0.357167
734.000000 0.345436
735.000000 0.333653
736.000000 0.321892
737.000000 0.310126
738.000000 0.298441
739.000000 0.286834
740.000000 0.275313
741.000000 0.264060
742.000000 0.253056
743.000000 0.242204
744.000000 0.231511
745.000000 0.221017
746.000000 0.210741
747.000000 0.200670
748.000000 0.190855
749.000000 0.181335
750.000000 0.172248
751.000000 0.163538
752.000000 0.155093
753.000000 0.146958
754.000000 0.139119
755.000000 0.131569
756.000000 0.124312
757.000000 0.117332
758.000000 0.110642
759.000000 0.104269
760.000000 0.098197
761.000000 0.092411
762.000000 0.086955
763.000000 0.081832
764.000000 0.076994
765.000000 0.072338
766.000000 0.067890
767.000000 0.063727
768.000000 0.059827
769.000000 0.056203
770.000000 0.052824
771.000000 0.049703
772.000000 0.046755
773.000000 0.043945
774.000000 0.041353
775.000000 0.038900
776.000000 0.036509
777.000000 0.034244
778.000000 0.032199
779.000000 0.030376
780.000000 0.028754
781.000000 0.027226
782.000000 0.025804
783.000000 0.024567
784.000000 0.023416
785.000000 0.022368
786.000000 0.021416
787.000000 0.020488
788.000000 0.019640
789.000000 0.018914
790.000000 0.018275
791.000000 0.017715
792.000000 0.017223
793.000000 0.016733
794.000000 0.016263
795.000000 0.015896
796.000000 0.015572
797.000000 0.015237
798.000000 0.014969
799.000000 0.014773
800.000000 0.014559
801.000000 0.014354
802.000000 0.014200
803.000000 0.014060
804.000000 0.013962
805.000000 0.013857
806.000000 0.013758
807.000000 0.013727
808.000000 0.013695
809.000000 0.013605
810.000000 0.013548
811.000000 0.013548
812.000000 0.013502
813.000000 0.013392
814.000000 0.013293
815.000000 0.013229
816.000000 0.013132
817.000000 0.013026
818.000000 0.012935
819.000000 0.012846
820.000000 0.012741
821.000000 0.012609
822.000000 0.012480
823.000000 0.012389
824.000000 0.012349
825.000000 0.012253
826.000000 0.012101
827.000000 0.011944
828.000000 0.011819
829.000000 0.011686
830.000000 0.011489
831.000000 0.011297
832.000000 0.011128
833.000000 0.010988
834.000000 0.010801
835.000000 0.010606
836.000000 0.010436
837.000000 0.010238
838.000000 0.010037
839.000000 0.009831
840.000000 0.009634
841.000000 0.009439
842.000000 0.009240
843.000000 0.009012
844.000000 0.008745
845.000000 0.008527
846.000000 0.008360
847.000000 0.008188
848.000000 0.007990
849.000000 0.007752
850.000000 0.007532
851.000000 0.007330
852.000000 0.007134
853.000000 0.006997
854.000000 0.006884
855.000000 0.006722
856.000000 0.006523
857.000000 0.006303
858.000000 0.006141
859.000000 0.006059
860.000000 0.005971
861.000000 0.005837
862.000000 0.005683
863.000000 0.005531
864.000000 0.005380
865.000000 0.005243
866.000000 0.005094
867.000000 0.005002
868.000000 0.004943
869.000000 0.004862
870.000000 0.004783
871.000000 0.004663
872.000000 0.004549
873.000000 0.004498
874.000000 0.004431
875.000000 0.004322
876.000000 0.004207
877.000000 0.004104
878.000000 0.004013
879.000000 0.003932
880.000000 0.003881
881.000000 0.003848
882.000000 0.003805
883.000000 0.003731
884.000000 0.003663
885.000000 0.003606
886.000000 0.003561
887.000000 0.003526
888.000000 0.003479
889.000000 0.003425
890.000000 0.003380
891.000000 0.003329
892.000000 0.003265
893.000000 0.003227
894.000000 0.003179
895.000000 0.003105
896.000000 0.003077
897.000000 0.003098
898.000000 0.003096
899.000000 0.003065
900.000000 0.003047
