315.000000 0.101452
316.000000 0.102395
317.000000 0.103181
318.000000 0.104263
319.000000 0.105500
320.000000 0.107147
321.000000 0.109035
322.000000 0.110307
323.000000 0.111938
324.000000 0.114313
325.000000 0.116029
326.000000 0.117230
327.000000 0.118999
328.000000 0.121319
329.000000 0.123329
330.000000 0.125429
331.000000 0.127603
332.000000 0.129720
333.000000 0.132288
334.000000 0.135115
335.000000 0.137825
336.000000 0.140996
337.000000 0.144607
338.000000 0.147863
339.000000 0.150799
340.000000 0.153789
341.000000 0.156948
342.000000 0.160317
343.000000 0.163993
344.000000 0.167647
345.000000 0.171088
346.000000 0.174474
347.000000 0.177323
348.000000 0.179527
349.000000 0.181483
350.000000 0.183247
351.000000 0.184759
352.000000 0.185978
353.000000 0.186879
354.000000 0.187650
355.000000 0.188279
356.000000 0.188379
357.000000 0.188135
358.000000 0.187586
359.000000 0.186902
360.000000 0.186255
361.000000 0.185508
362.000000 0.184664
363.000000 0.183619
364.000000 0.182393
365.000000 0.181246
366.000000 0.179997
367.000000 0.178389
368.000000 0.176692
369.000000 0.175107
370.000000 0.173034
371.000000 0.170675
372.000000 0.168349
373.000000 0.166048
374.000000 0.163311
375.000000 0.160051
376.000000 0.157341
377.000000 0.154149
378.000000 0.150739
379.000000 0.147854
380.000000 0.144722
381.000000 0.141379
382.000000 0.137948
383.000000 0.134610
384.000000 0.131624
385.000000 0.129339
386.000000 0.127038
387.000000 0.124874
388.000000 0.123042
389.000000 0.121253
390.000000 0.119910
391.000000 0.118917
392.000000 0.118225
393.000000 0.117477
394.000000 0.116776
395.000000 0.116433
396.000000 0.116366
397.000000 0.116689
398.000000 0.117183
399.000000 0.117595
400.000000 0.118286
401.000000 0.119103
402.000000 0.119826
403.000000 0.120521
404.000000 0.121051
405.000000 0.121693
406.000000 0.122596
407.000000 0.123473
408.000000 0.124192
409.000000 0.124692
410.000000 0.125075
411.000000 0.125657
412.000000 0.126311
413.000000 0.126844
414.000000 0.127515
415.000000 0.128316
416.000000 0.129257
417.000000 0.130613
418.000000 0.132315
419.000000 0.134467
420.000000 0.137164
421.000000 0.140307
422.000000 0.143904
423.000000 0.148209
424.000000 0.153053
425.000000 0.158065
426.000000 0.163549
427.000000 0.169155
428.000000 0.174429
429.000000 0.179582
430.000000 0.184322
431.000000 0.188317
432.000000 0.191483
433.000000 0.193599
434.000000 0.194330
435.000000 0.193609
436.000000 0.191571
437.000000 0.188244
438.000000 0.183919
439.000000 0.178964
440.000000 0.173322
441.000000 0.167242
442.000000 0.161144
443.000000 0.154693
444.000000 0.148099
445.000000 0.141735
446.000000 0.135273
447.000000 0.129022
448.000000 0.123119
449.000000 0.117611
450.000000 0.112708
451.000000 0.108034
452.000000 0.103549
453.000000 0.099574
454.000000 0.095843
455.000000 0.092319
456.000000 0.089117
457.000000 0.086112
458.000000 0.083449
459.000000 0.080919
460.000000 0.078513
461.000000 0.076310
462.000000 0.074042
463.000000 0.071782
464.000000 0.069613
465.000000 0.067462
466.000000 0.065497
467.000000 0.063605
468.000000 0.061704
469.000000 0.059906
470.000000 0.058204
471.000000 0.056557
472.000000 0.054784
473.000000 0.053047
474.000000 0.051419
475.000000 0.049810
476.000000 0.048321
477.000000 0.046857
478.000000 0.045450
479.000000 0.044095
480.000000 0.042795
481.000000 0.041497
482.000000 0.040215
483.000000 0.039157
484.000000 0.038128
485.000000 0.037032
486.000000 0.036026
487.000000 0.035077
488.000000 0.034198
489.000000 0.033311
490.000000 0.032363
491.000000 0.031522
492.000000 0.030751
493.000000 0.029890
494.000000 0.029140
495.000000 0.028424
496.000000 0.027978
497.000000 0.027693
498.000000 0.027282
499.000000 0.026993
500.000000 0.026670
501.000000 0.026292
502.000000 0.025957
503.000000 0.025837
504.000000 0.025860
505.000000 0.025628
506.000000 0.025354
507.000000 0.025346
508.000000 0.025189
509.000000 0.024815
510.000000 0.024605
511.000000 0.024741
512.000000 0.024964
513.000000 0.025085
514.000000 0.025134
515.000000 0.025095
516.000000 0.025252
517.000000 0.025578
518.000000 0.026136
519.000000 0.026635
520.000000 0.026757
521.000000 0.026907
522.000000 0.027090
523.000000 0.027282
524.000000 0.027396
525.000000 0.027488
526.000000 0.027666
527.000000 0.028062
528.000000 0.028354
529.000000 0.028532
530.000000 0.029022
531.000000 0.029316
532.000000 0.029472
533.000000 0.029867
534.000000 0.030243
535.000000 0.030583
536.000000 0.031121
537.000000 0.031692
538.000000 0.032148
539.000000 0.032926
540.000000 0.033858
541.000000 0.034667
542.000000 0.035904
543.000000 0.037259
544.000000 0.038270
545.000000 0.039229
546.000000 0.040308
547.000000 0.041662
548.000000 0.043289
549.000000 0.044749
550.000000 0.046118
551.000000 0.047571
552.000000 0.049124
553.000000 0.050676
554.000000 0.051992
555.000000 0.053426
556.000000 0.054778
557.000000 0.056048
558.000000 0.057434
559.000000 0.058764
560.000000 0.060094
561.000000 0.061240
562.000000 0.062335
563.000000 0.063410
564.000000 0.064431
565.000000 0.065498
566.000000 0.066482
567.000000 0.067347
568.000000 0.068147
569.000000 0.069130
570.000000 0.070243
571.000000 0.071378
572.000000 0.072642
573.000000 0.073917
574.000000 0.075359
575.000000 0.076922
576.000000 0.078448
577.000000 0.080066
578.000000 0.081902
579.000000 0.084024
580.000000 0.086341
581.000000 0.088869
582.000000 0.091384
583.000000 0.094046
584.000000 0.097015
585.000000 0.100031
586.000000 0.103260
587.000000 0.106676
588.000000 0.110250
589.000000 0.114003
590.000000 0.117849
591.000000 0.121825
592.000000 0.125821
593.000000 0.129792
594.000000 0.133652
595.000000 0.137638
596.000000 0.141971
597.000000 0.146234
598.000000 0.150424
599.000000 0.154775
600.000000 0.159132
601.000000 0.163473
602.000000 0.167772
603.000000 0.172036
604.000000 0.176405
605.000000 0.180751
606.000000 0.185167
607.000000 0.189811
608.000000 0.194399
609.000000 0.199030
610.000000 0.203967
611.000000 0.208949
612.000000 0.214095
613.000000 0.219422
614.000000 0.224941
615.000000 0.230898
616.000000 0.236837
617.000000 0.243028
618.000000 0.249851
619.000000 0.256816
620.000000 0.264134
621.000000 0.272170
622.000000 0.280508
623.000000 0.289205
624.000000 0.298769
625.000000 0.308687
626.000000 0.319088
627.000000 0.330627
628.000000 0.342536
629.000000 0.354824
630.000000 0.368122
631.000000 0.382151
632.000000 0.396310
633.000000 0.410976
634.000000 0.426809
635.000000 0.442849
636.000000 0.459284
637.000000 0.476747
638.000000 0.494093
639.000000 0.511558
640.000000 0.529815
641.000000 0.548554
642.000000 0.566611
643.000000 0.584821
644.000000 0.603469
645.000000 0.620682
646.000000 0.637728
647.000000 0.655247
648.000000 0.672602
649.000000 0.688922
650.000000 0.704438
651.000000 0.719856
652.000000 0.734772
653.000000 0.748449
654.000000 0.761078
655.000000 0.773244
656.000000 0.784626
657.000000 0.794851
658.000000 0.804144
659.000000 0.812947
660.000000 0.821102
661.000000 0.828400
662.000000 0.835069
663.000000 0.841457
664.000000 0.847513
665.000000 0.853009
666.000000 0.858117
667.000000 0.863397
668.000000 0.869019
669.000000 0.874851
670.000000 0.881070
671.000000 0.888089
672.000000 0.895907
673.000000 0.904663
674.000000 0.913857
675.000000 0.924008
676.000000 0.936070
677.000000 0.949718
678.000000 0.964804
679.000000 0.980710
680.000000 0.998163
681.000000 1.018147
682.000000 1.040282
683.000000 1.064630
684.000000 1.090240
685.000000 1.117598
686.000000 1.148138
687.000000 1.181211
688.000000 1.216349
689.000000 1.253494
690.000000 1.291088
691.000000 1.329610
692.000000 1.371365
693.000000 1.415591
694.000000 1.461272
695.000000 1.508314
696.000000 1.554777
697.000000 1.601126
698.000000 1.649520
699.000000 1.698886
700.000000 1.748485
701.000000 1.797020
702.000000 1.843011
703.000000 1.887005
704.000000 1.930512
705.000000 1.972025
706.000000 2.010396
707.000000 2.045951
708.000000 2.078329
709.000000 2.106326
710.000000 2.129188
711.000000 2.147227
712.000000 2.160924
713.000000 2.170275
714.000000 2.173826
715.000000 2.171317
716.000000 2.164072
717.000000 2.151966
718.000000 2.134455
719.000000 2.112533
720.000000 2.085990
721.000000 2.054320
722.000000 2.018089
723.000000 1.977335
724.000000 1.932994
725.000000 1.887018
726.000000 1.839009
727.000000 1.788634
728.000000 1.736648
729.000000 1.682747
730.000000 1.627523
731.000000 1.575436
732.000000 1.523857
733.000000 1.469655
734.000000 1.414746
735.000000 1.359820
736.000000 1.305313
737.000000 1.251536
738.000000 1.198760
739.000000 1.146764
740.000000 1.095846
741.000000 1.046518
742.000000 0.999010
743.000000 0.953373
744.000000 0.909354
745.000000 0.866548
746.000000 0.825136
747.000000 0.785056
748.000000 0.746290
749.000000 0.708879
750.000000 0.672966
751.000000 0.638404
752.000000 0.605013
753.000000 0.572899
754.000000 0.541980
755.000000 0.512117
756.000000 0.483430
757.000000 0.455927
758.000000 0.429606
759.000000 0.404355
760.000000 0.380176
761.000000 0.357115
762.000000 0.335201
763.000000 0.314384
764.000000 0.294403
765.000000 0.275109
766.000000 0.256597
767.000000 0.239161
768.000000 0.222898
769.000000 0.207553
770.000000 0.192978
771.000000 0.179336
772.000000 0.166502
773.000000 0.154406
774.000000 0.143058
775.000000 0.132472
776.000000 0.122031
777.000000 0.111973
778.000000 0.103027
779.000000 0.094937
780.000000 0.087504
781.000000 0.080630
782.000000 0.074247
783.000000 0.068289
784.000000 0.062758
785.000000 0.057636
786.000000 0.052893
787.000000 0.048577
788.000000 0.044562
789.000000 0.040816
790.000000 0.037516
791.000000 0.034497
792.000000 0.031696
793.000000 0.029142
794.000000 0.026735
795.000000 0.024527
796.000000 0.022499
797.000000 0.020584
798.000000 0.018856
799.000000 0.017351
800.000000 0.015973
801.000000 0.014668
802.000000 0.013483
803.000000 0.012467
804.000000 0.011505
805.000000 0.010592
806.000000 0.009805
807.000000 0.009112
808.000000 0.008457
809.000000 0.007826
810.000000 0.007221
811.000000 0.006661
812.000000 0.006231
813.000000 0.005849
814.000000 0.005456
815.000000 0.005088
816.000000 0.004723
817.000000 0.004352
818.000000 0.004028
819.000000 0.003740
820.000000 0.003509
821.000000 0.003293
822.000000 0.003084
823.000000 0.002912
824.000000 0.002723
825.000000 0.002538
826.000000 0.002421
827.000000 0.002330
828.000000 0.002221
829.000000 0.002121
830.000000 0.001979
831.000000 0.001831
832.000000 0.001748
833.000000 0.001660
834.000000 0.001557
835.000000 0.001449
836.000000 0.001312
837.000000 0.001185
838.000000 0.001134
839.000000 0.001111
840.000000 0.001029
841.000000 0.000976
842.000000 0.000921
843.000000 0.000823
844.000000 0.000734
845.000000 0.000657
846.000000 0.000613
847.000000 0.000576
848.000000 0.000534
849.000000 0.000491
850.000000 0.000467
851.000000 0.000448
852.000000 0.000401
853.000000 0.000343
854.000000 0.000310
855.000000 0.000322
856.000000 0.000314
857.000000 0.000275
858.000000 0.000262
859.000000 0.000239
860.000000 0.000194
861.000000 0.000143
862.000000 0.000058
863.000000 0.000005
864.000000 0.000021
865.000000 0.000004
866.000000 -0.000057
867.000000 -0.000089
868.000000 -0.000119
869.000000 -0.000170
870.000000 -0.000197
871.000000 -0.000165
872.000000 -0.000124
873.000000 -0.000166
874.000000 -0.000217
875.000000 -0.000220
876.000000 -0.000273
877.000000 -0.000315
878.000000 -0.000322
879.000000 -0.000360
880.000000 -0.000397
881.000000 -0.000398
882.000000 -0.000367
883.000000 -0.000371
884.000000 -0.000407
885.000000 -0.000457
886.000000 -0.000479
887.000000 -0.000488
888.000000 -0.000523
889.000000 -0.000548
890.000000 -0.000553
891.000000 -0.000539
892.000000 -0.000531
893.000000 -0.000537
894.000000 -0.000567
895.000000 -0.000618
896.000000 -0.000677
897.000000 -0.000689
898.000000 -0.000652
899.000000 -0.000615
900.000000 -0.000595
